,p_vid,aa_ref,aa_pos,aa_alt,annotation,funsum_fitness_mean,mean_3_bs,mean_error_3_bs,mean_distance_3_bs,quality_score,num_replicates,pseudo_count,fitness_input,fitness_input_sd,fitness_prob,fitness_org,fitness_sd_org,fitness,fitness_sd,fitness_sd_prior,fitness_sd_reg,fitness_se_reg,fitness_imputed,fitness_imputed_se,fitness_imputed_se_prior,fitness_refine,fitness_se_refine,polyphen_score,sift_score,provean_score,gnomad_af,asa_mean,aa_psipred,ss_end_pos,hmm_id,pfam_end_pos
21,P35557,L,2,S,NONSYN,0.3696688568840947,0.9399095600751407,0.031991183169117136,-1.8501333333333332,100.0,2.0,6.0,0.952201277924678,0.18316749436012,0.06924964861395659,0.9522,0.18316749436012,0.952201277924678,0.18316749436012,,0.18316749436012,0.12951897735498955,0.8953,0.05691024751772611,0.39752453565597534,0.9467,0.1231,0.6729999999999999,,,,,,,,
22,P35557,L,2,A,NONSYN,0.2800117097075371,0.8578772866698202,0.06931087670632728,-1.3620666666666665,100.0,2.0,6.0,0.473708815725595,0.24008717585328002,0.5747422880425734,0.4737,0.24008717585328002,0.473708815725595,0.24008717585328002,,0.24008717585328002,0.16976727012178142,0.8891,0.4154058621804414,0.40548861026763916,0.5357,0.1566,0.45899999999999996,,,,,,,,
23,P35557,L,2,V,NONSYN,0.45006845647116095,0.6988794380144506,0.0275468541969172,0.4434,100.0,2.0,6.0,1.68704650537888,0.08505516518107402,0.0005199068261833058,1.687,0.08505516518107402,1.68704650537888,0.08505516518107402,,0.08505516518107402,0.06014308407447936,0.8371,0.849988318847813,0.38240742683410645,1.6665,0.0594,0.565,,,,,,,,
24,P35557,L,2,R,NONSYN,0.2792328090176149,1.0833016048107693,0.04878092922373833,-1.8351333333333333,100.0,2.0,6.0,0.5220251437177921,0.0956020522451273,0.5050844376357748,0.522,0.0956020522451273,0.5220251437177921,0.0956020522451273,,0.0956020522451273,0.0676008594378801,0.9199,0.3978365305909848,0.3889274299144745,0.5337,0.0666,0.917,,,,,,,,
25,P35557,L,2,D,NONSYN,0.15709418040401155,1.4361012249395557,0.06046443149248249,-2.512333333333333,100.0,2.0,6.0,1.17439485660281,0.0892569184319682,0.017399347118203252,1.1744,0.0892569184319682,1.17439485660281,0.0892569184319682,,0.0892569184319682,0.06311417229105926,1.0758,0.09856344333376699,0.4849104583263397,1.1728,0.0626,0.9359999999999999,,,,,,,,
26,P35557,L,2,F,NONSYN,0.463424518412456,0.9249449899334973,0.030598225711699036,0.48950000000000005,100.0,2.0,6.0,1.00884984962174,0.0635671361155921,0.04931805714716876,1.0088,0.0635671361155921,1.00884984962174,0.0635671361155921,,0.0635671361155921,0.044948753007943466,0.8406,0.16824447147080002,0.38240742683410645,1.0066,0.0446,0.978,,,,,,,,
27,P35557,L,2,T,NONSYN,0.3205067496312658,0.7448137574233188,0.058400654337814877,-1.3817666666666666,100.0,2.0,6.0,0.8128994034650999,0.28761493990763,0.1509567799376893,0.8129,0.28761493990763,0.8128994034650999,0.28761493990763,,0.28761493990763,0.20337447437924652,0.8631,0.050177819835833914,0.4093344211578369,0.8228,0.1821,0.6729999999999999,,,,,,,,
28,P35557,L,2,I,NONSYN,0.3599458773266949,1.090470606914356,0.030373674741179402,0.27723333333333333,100.0,2.0,6.0,0.512272998679164,0.0654768980902301,0.519302383633946,0.5123,0.0654768980902301,0.512272998679164,0.0654768980902301,,0.0654768980902301,0.04629915865066221,0.9199,0.4075886756296129,0.3509480059146881,0.5192,0.0459,0.807,,,,,,,,
29,P35557,L,2,L,SYN,,,,,100.0,2.0,6.0,1.12914142302282,0.05,0.023274992139098918,1.1291,0.05,1.12914142302282,0.05,,0.05,0.035355339059327376,,,,1.1291,0.0354,,,,,,,,,
30,P35557,L,2,K,NONSYN,0.16637828819819184,0.83285203770312,0.04970582888369434,-1.8327,100.0,2.0,6.0,1.27337384504074,0.0866032663932073,0.009090261495384893,1.2734,0.0866032663932073,1.27337384504074,0.0866032663932073,,0.0866032663932073,0.061237756939541914,0.887,0.3863351969122304,0.4017566442489624,1.2646,0.0605,0.6729999999999999,,,,,,,,
31,P35557,L,2,G,NONSYN,0.3375782897720982,1.4296093190150456,0.050942867509212425,-2.5354666666666663,100.0,2.0,6.0,1.19387057437634,0.16450133297221,0.015333132444103469,1.1939,0.16450133297221,1.19387057437634,0.16450133297221,,0.16450133297221,0.11632000805887589,1.0838,0.11003664149975312,0.4818902313709259,1.1878,0.1131,0.6729999999999999,,,,,,,,
32,P35557,L,2,Y,NONSYN,0.3932294491632085,0.6822898555258287,0.08886854585749482,-1.3710666666666667,100.0,2.0,6.0,1.00047110915757,0.0442343460982141,0.051891198777781034,1.0005,0.0442343460982141,1.00047110915757,0.0442343460982141,,0.0442343460982141,0.03127840608739989,0.7266,0.27390622497177897,0.44879186153411865,0.9991,0.0312,0.978,,,,,,,,
33,P35557,L,2,N,NONSYN,0.1790631080953343,0.7513013062918367,0.07846151433413906,-2.4369,100.0,2.0,6.0,2.40982629461748,0.0742761376303016,2.1592892741460218e-06,2.4098,0.0742761376303016,2.40982629461748,0.0742761376303016,,0.0742761376303016,0.052521160598731555,0.838,1.5718487064407527,0.4088679850101471,2.3843,0.0521,0.9359999999999999,,,,,,,,
34,P35557,L,2,C,NONSYN,0.3444819501115762,0.8438339815473883,0.12151200431166022,-1.3948999999999998,100.0,2.0,6.0,0.760261347386791,0.0423429604962674,0.19722755464051203,0.7603,0.0423429604962674,0.760261347386791,0.0423429604962674,,0.0423429604962674,0.029940994502424777,0.8286,0.06831485977415874,0.47680267691612244,0.7605,0.0299,0.9940000000000001,,,,,,,,
35,P35557,L,2,P,NONSYN,0.3101239067988947,1.148045374307863,0.05101422319825718,-2.2839666666666667,100.0,2.0,6.0,0.35542653867432294,0.22477022985134198,0.7266292949804097,0.3554,0.22477022985134198,0.35542653867432294,0.22477022985134198,,0.22477022985134198,0.15893655373674287,0.94,0.5845395438986141,0.37562090158462524,0.4442,0.1464,0.002,,,,,,,,
36,P35557,L,2,E,NONSYN,0.22335052551716408,1.3197078025560476,0.06794576652593126,-2.4328000000000003,100.0,2.0,6.0,0.704606805824847,0.18228938913676396,0.25631217749064644,0.7046,0.18228938913676396,0.704606805824847,0.18228938913676396,,0.18228938913676396,0.12889806319695915,1.0838,0.3792271270517399,0.4638839066028595,0.7318,0.1242,0.878,,,,,,,,
37,P35557,L,2,M,NONSYN,0.4855550162170784,1.069389784559928,0.02940369034042078,0.15566666666666665,100.0,2.0,6.0,0.5755154657424479,0.0730131508235008,0.4270874085712497,0.5755,0.0730131508235008,0.5755154657424479,0.0730131508235008,,0.0730131508235008,0.051628094063093564,0.8672,0.29165439128269854,0.3860543668270111,0.5806,0.0512,0.971,,,,,,,,
38,P35557,L,2,W,NONSYN,0.28885364138641745,0.91586675556107,0.052804781524665334,-1.8677333333333335,100.0,2.0,6.0,1.02432969146689,0.0422133422821173,0.04487032442986796,1.0243,0.0422133422821173,1.02432969146689,0.0422133422821173,,0.0422133422821173,0.02984934058423395,0.8368,0.1875011616321427,0.41371193528175354,1.0234,0.0298,0.9940000000000001,,,,,,,,
39,P35557,L,2,H,NONSYN,0.29725486605293433,0.7169418424776183,0.06108351949534069,-1.9786333333333335,100.0,2.0,6.0,0.329703022481262,0.0899875070232461,0.7544633099367143,0.3297,0.0899875070232461,0.329703022481262,0.0899875070232461,,0.0899875070232461,0.06363077643820939,0.7378,0.40811045026654075,0.41198140382766724,0.3392,0.0629,0.9940000000000001,,,,,,,,
40,P35557,L,2,Q,NONSYN,0.3225298006389851,0.752766618193092,0.05831749526867724,-1.5422,100.0,2.0,6.0,1.0573220197589999,0.45406440079478205,0.036601734330277885,1.0573,0.45406440079478205,1.0573220197589999,0.45406440079478205,,0.45406440079478205,0.32107201689739673,0.8549,0.2023850623996859,0.4093344211578369,0.9802,0.2526,0.917,,,,,,,,
41,P35557,L,2,*,STOP,,,,,100.0,2.0,6.0,-0.0968504414809969,0.05,0.9682053546133694,-0.0969,0.05,-0.0968504414809969,0.05,,0.05,0.035355339059327376,,,,-0.0969,0.0354,,,,,,,,,
42,P35557,D,3,S,NONSYN,0.3690767940714815,1.0146248880727413,0.03806564165862959,-0.9239999999999999,100.0,2.0,6.0,1.09818469348039,0.14019794272467903,0.028331419482218095,1.0982,0.14019794272467903,1.09818469348039,0.14019794272467903,,0.14019794272467903,0.09913491600902373,0.8628,0.2354279643544135,0.40590882301330566,1.0849,0.0963,0.995,,,,,,,,
43,P35557,D,3,A,NONSYN,0.4216252277516441,1.0878393846108092,0.07583632804257362,-1.4927333333333335,100.0,2.0,6.0,1.05050523608529,0.14000740164520498,0.038184088708321386,1.0505,0.14000740164520498,1.05050523608529,0.14000740164520498,,0.14000740164520498,0.09900018311963302,0.8723,0.17822797625862985,0.41893845796585083,1.0411,0.0963,0.993,,,,,,,,
44,P35557,D,3,V,NONSYN,0.4506084315132353,0.9560768798414099,0.04968520531802197,-2.6115333333333335,100.0,2.0,6.0,0.524791766389602,0.12723016854161,0.5010434415474792,0.5248,0.12723016854161,0.524791766389602,0.12723016854161,,0.12723016854161,0.08996531494727979,0.8225,0.29771472097993534,0.4028931260108948,0.5389,0.0878,0.998,,,,,,,,
45,P35557,D,3,R,NONSYN,0.35823216117602164,0.958648161917696,0.05823131418094756,-1.472133333333333,100.0,2.0,6.0,1.4380789041646298,0.24917223182123002,0.0029866103297521073,1.4381,0.24917223182123002,1.4380789041646298,0.24917223182123002,,0.24917223182123002,0.17619137480417818,0.8149,0.6232068777211484,0.4223988354206085,1.3457,0.1626,0.9990000000000001,,,,,,,,
46,P35557,D,3,D,SYN,,,,,,,,,,,,,,,,,,,,,,,,,,,,,,,
47,P35557,D,3,F,NONSYN,0.29646296686588297,0.7669058926821574,0.05571466754033056,-2.6194333333333333,100.0,2.0,6.0,1.0923047278673599,0.0689088808332156,0.029402262619493306,1.0923,0.0689088808332156,1.0923047278673599,0.0689088808332156,,0.0689088808332156,0.04872593692114246,0.7439,0.3483568642885635,0.40805715322494507,1.0874,0.0484,0.9990000000000001,,,,,,,,
48,P35557,D,3,T,NONSYN,0.33041122774515563,0.9572442879355206,0.042190307332786135,-1.1000666666666665,100.0,2.0,6.0,0.394629817888815,0.46295048466690897,0.680308400876752,0.3946,0.46295048466690897,0.394629817888815,0.46295048466690897,,0.46295048466690897,0.3273554270615701,0.8149,0.42024220855466643,0.41897323727607727,0.5539,0.258,0.9990000000000001,,,,,,,,
49,P35557,D,3,I,NONSYN,0.3169485018080975,0.9034663419135448,0.060746844318958694,-2.7128666666666668,100.0,2.0,6.0,0.775415705573218,0.34721054884168395,0.1829488491442244,0.7754,0.34721054884168395,0.775415705573218,0.34721054884168395,,0.34721054884168395,0.24551493358545767,0.7981,0.022648287880761453,0.4048457145690918,0.7815,0.2099,0.9990000000000001,,,,,,,,
50,P35557,D,3,L,NONSYN,0.37713817620354506,0.755946494776914,0.09560078227668563,-2.7055000000000002,100.0,2.0,6.0,1.2179752469831102,0.149890682289792,0.013100064866568485,1.218,0.149890682289792,1.2179752469831102,0.149890682289792,,0.149890682289792,0.10598871788379026,0.7439,0.47402738340431383,0.45233896374702454,1.1933,0.1032,0.9990000000000001,,,,,,,,
51,P35557,D,3,K,NONSYN,0.3517044245741117,1.1747483899383366,0.04273300628538632,-0.8664,100.0,2.0,6.0,0.617814187883604,0.11343439346497301,0.3671573811591624,0.6178,0.11343439346497301,0.617814187883604,0.11343439346497301,,0.11343439346497301,0.0802102288388654,0.9118,0.29399966728759963,0.4015513062477112,0.6291,0.0787,0.9990000000000001,,,,,,,,
52,P35557,D,3,G,NONSYN,0.41616550742326497,0.9062410306936352,0.11627257122791117,-1.2674333333333332,100.0,2.0,6.0,0.9803306378161579,0.0987454504265196,0.05858632952515641,0.9803,0.0987454504265196,0.9803306378161579,0.0987454504265196,,0.0987454504265196,0.06982357760791207,0.8385,0.1418737686907917,0.4753296673297882,0.9773,0.0691,0.993,,,,,,,,
53,P35557,D,3,Y,NONSYN,0.4224113195979475,0.8084634645153033,0.04272273516630996,-2.560966666666667,100.0,2.0,6.0,0.964955253698643,0.30689945177088895,0.06421538081332585,0.965,0.30689945177088895,0.964955253698643,0.30689945177088895,,0.30689945177088895,0.21701068348962935,0.7439,0.2210073901198466,0.40610456466674805,0.9159,0.1914,0.9990000000000001,,,,,,,,
54,P35557,D,3,N,NONSYN,0.4295009636980524,0.9457004257960735,0.04509108562509226,-0.2961,,,,,,,,,,,,,,0.852,,0.41752082109451294,0.852,0.4175,0.993,,,,,,,,
55,P35557,D,3,C,NONSYN,0.3461355508488411,0.8393942396486435,0.0940478299269311,-2.7265333333333337,100.0,2.0,6.0,0.9676320123679221,0.16663880484565,0.06320157963527641,0.9676,0.16663880484565,0.9676320123679221,0.16663880484565,,0.16663880484565,0.11783142891518082,0.7769,0.19070871353216767,0.45484739542007446,0.9556,0.1141,1.0,,,,,,,,
56,P35557,D,3,P,NONSYN,0.2905290433283012,1.156304926022026,0.07127393851508994,-1.4699,100.0,2.0,6.0,0.84510861185164,0.17799778264615,0.12713064693730297,0.8451,0.17799778264615,0.84510861185164,0.17799778264615,,0.17799778264615,0.12586343914526182,0.8967,0.051582591265730615,0.406961590051651,0.8496,0.1202,0.9990000000000001,,,,,,,,
57,P35557,D,3,E,NONSYN,0.4869275421620544,0.9561571065306046,0.04491656926507894,-0.7963666666666667,100.0,2.0,6.0,0.58644414568001,0.114673894894401,0.4113667948060538,0.5864,0.114673894894401,0.58644414568001,0.114673894894401,,0.114673894894401,0.08108668870490435,0.8553,0.26882075643485814,0.40773239731788635,0.5967,0.0795,0.993,,,,,,,,
58,P35557,D,3,M,NONSYN,0.2886817698329022,0.8606839159852017,0.07997333692553238,-2.5042666666666666,100.0,2.0,6.0,0.808293899288948,0.109170637796154,0.1546358931172516,0.8083,0.109170637796154,0.808293899288948,0.109170637796154,,0.109170637796154,0.0771952982921209,0.7769,0.03137060045319362,0.41552507877349854,0.8072,0.0759,1.0,,,,,,,,
59,P35557,D,3,W,NONSYN,0.2933207242208761,0.9870076549747502,0.09740832531856965,-2.7770999999999995,100.0,2.0,6.0,1.5413169233325401,0.0305636523313819,0.001459826929628584,1.5413,0.0305636523313819,1.5413169233325401,0.0305636523313819,,0.0305636523313819,0.021611765821348175,0.8086,0.7326776353839317,0.45377206802368164,1.5397,0.0216,1.0,,,,,,,,
60,P35557,D,3,H,NONSYN,0.4359397753198172,0.6642582145295256,0.1147318557076137,-1.1262,100.0,2.0,6.0,1.2735880381068,0.0970688981617001,0.009077341704672703,1.2736,0.0970688981617001,1.2735880381068,0.0970688981617001,,0.0970688981617001,0.06863807613244453,0.6769,0.5966387754877815,0.4797435402870178,1.2616,0.0679,0.9990000000000001,,,,,,,,
61,P35557,D,3,Q,NONSYN,0.3596090029508326,0.9965289731569315,0.04827306343162429,-0.9040333333333331,100.0,2.0,6.0,1.1524724382278202,0.0615803762314321,0.020043039779074935,1.1525,0.0615803762314321,1.1524724382278202,0.0615803762314321,,0.0615803762314321,0.04354390162126453,0.824,0.32848030508725623,0.4267043471336365,1.1491,0.0433,0.9990000000000001,,,,,,,,
62,P35557,D,3,*,STOP,,,,,100.0,2.0,6.0,-0.0923576142453202,0.05,0.9674873555367901,-0.0924,0.05,-0.0923576142453202,0.05,,0.05,0.035355339059327376,,,,-0.0924,0.0354,,,,,,,,,
63,P35557,D,4,S,NONSYN,0.3690767940714815,0.6931623956260373,0.09805854316504002,-0.9239999999999999,100.0,2.0,6.0,1.12673424995444,0.21429689977991,0.023635275422611648,1.1267,0.21429689977991,1.12673424995444,0.21429689977991,,0.21429689977991,0.1515307910216283,0.865,0.2617387703706997,0.4379642605781555,1.0988,0.1432,0.003,,,,,,,,
64,P35557,D,4,A,NONSYN,0.4216252277516441,0.9527771190503881,0.09536217621904919,-1.4927333333333335,100.0,2.0,6.0,0.12480506281071302,0.0981777582653347,0.9046752673677899,0.1248,0.0981777582653347,0.12480506281071302,0.0981777582653347,,0.0981777582653347,0.06942215863111177,0.912,0.7872157992917955,0.4321814179420471,0.1446,0.0685,0.004,,,,,,,,
65,P35557,D,4,V,NONSYN,0.4506084315132353,0.9812806589289713,0.06527655795985164,-2.6115333333333335,100.0,2.0,6.0,1.1338833770832,0.0757067638786539,0.022580448946722054,1.1339,0.0757067638786539,1.1338833770832,0.0757067638786539,,0.0757067638786539,0.05353276612028494,0.9178,0.21604748583640432,0.3808113634586334,1.1297,0.053,0.01,,,,,,,,
66,P35557,D,4,R,NONSYN,0.35823216117602164,0.6365787394362524,0.07528649967551136,-1.472133333333333,100.0,2.0,6.0,1.07340020165312,0.26702967882834,0.03310890974654118,1.0734,0.26702967882834,1.07340020165312,0.26702967882834,,0.26702967882834,0.18881849667758507,0.8595,0.2138541959272593,0.4124419093132019,1.0363,0.1717,0.013999999999999999,,,,,,,,
67,P35557,D,4,D,SYN,,,,,100.0,2.0,6.0,0.170253728191526,0.05,0.8812468467117758,0.1703,0.05,0.170253728191526,0.05,,0.05,0.035355339059327376,,,,0.1703,0.0354,,,,,,,,,
68,P35557,D,4,F,NONSYN,0.29646296686588297,0.995384954087208,0.06668038007393436,-2.6194333333333333,100.0,2.0,6.0,1.09157049160849,0.0489604011221903,0.029538626353584563,1.0916,0.0489604011221903,1.09157049160849,0.0489604011221903,,0.0489604011221903,0.03462023164311421,0.9167,0.17489516240011604,0.3808113634586334,1.0901,0.0345,0.006999999999999999,,,,,,,,
69,P35557,D,4,T,NONSYN,0.33041122774515563,0.737182518238742,0.05885915137386713,-1.1000666666666665,100.0,2.0,6.0,1.4856265526681798,0.35771765328336796,0.0021513720364283633,1.4856,0.35771765328336796,1.4856265526681798,0.35771765328336796,,0.35771765328336796,0.25294457838680773,0.8859,0.599687669840421,0.40548861026763916,1.3176,0.2146,0.006,,,,,,,,
70,P35557,D,4,I,NONSYN,0.3169485018080975,1.2316164569216301,0.05195128376770311,-2.7128666666666668,100.0,2.0,6.0,0.649085540037329,0.497562929687934,0.3249578449506373,0.6491,0.497562929687934,0.649085540037329,0.497562929687934,,0.497562929687934,0.35183012164938343,1.0821,0.43305609776479503,0.5016117691993713,0.7919,0.288,0.013999999999999999,,,,,,,,
71,P35557,D,4,L,NONSYN,0.37713817620354506,0.9846346960103697,0.1191189744958781,-2.7055000000000002,100.0,2.0,6.0,1.3900308227711102,0.201845915000947,0.004148211189533178,1.39,0.201845915000947,1.3900308227711102,0.201845915000947,,0.201845915000947,0.14272661525197308,0.9167,0.4733554935627362,0.4624905288219452,1.3489,0.1364,0.003,,,,,,,,
72,P35557,D,4,K,NONSYN,0.3517044245741117,0.746853948445866,0.10837150690582543,-0.8664,100.0,2.0,6.0,0.9656595914949541,0.0871943809558413,0.06394720696463684,0.9657,0.0871943809558413,0.9656595914949541,0.0871943809558413,,0.0871943809558413,0.06165573805523854,0.8859,0.07972070866719527,0.4615391194820404,0.9643,0.0611,0.006,,,,,,,,
73,P35557,D,4,G,NONSYN,0.41616550742326497,0.7145101564418669,0.09785029051308554,-1.2674333333333332,100.0,2.0,6.0,0.7127891093745642,0.14146694972152402,0.24698318757930823,0.7128,0.14146694972152402,0.7127891093745642,0.14146694972152402,,0.14146694972152402,0.100032239461866,0.8758,0.1629970758900232,0.4355913996696472,0.721,0.0975,0.002,,,,,,,,
74,P35557,D,4,Y,NONSYN,0.4224113195979475,0.9689300609865112,0.06680089736924208,-2.560966666666667,100.0,2.0,6.0,1.02283759301674,0.06268013979276099,0.045282342996541505,1.0228,0.06268013979276099,1.02283759301674,0.06268013979276099,,0.06268013979276099,0.04432155189318206,0.9153,0.10756738370430097,0.3808113634586334,1.0214,0.044,0.0,,,,,,,,
75,P35557,D,4,N,NONSYN,0.4295009636980524,0.5415751966052579,0.23545578207178122,-0.2961,100.0,2.0,6.0,1.73851375328395,0.35110716678993503,0.0003589025041527047,1.7385,0.35110716678993503,1.73851375328395,0.35110716678993503,,0.35110716678993503,0.24827025856035922,0.83,0.9085519765505516,0.6099727153778076,1.6094,0.23,0.0,,,,,,,,
76,P35557,D,4,C,NONSYN,0.3461355508488411,1.0576665799638798,0.1278110924805276,-2.7265333333333337,100.0,2.0,6.0,1.17093517091058,0.0459081521352763,0.017793199082758747,1.1709,0.0459081521352763,1.17093517091058,0.0459081521352763,,0.0459081521352763,0.03246196568659755,0.9145,0.25645102765343886,0.49267518520355225,1.1698,0.0324,0.534,,,,,,,,
77,P35557,D,4,P,NONSYN,0.2905290433283012,0.636998124612799,0.07489126171274557,-1.4699,100.0,2.0,6.0,1.07214204612348,0.269022780670179,0.0333705516949356,1.0721,0.269022780670179,1.07214204612348,0.269022780670179,,0.269022780670179,0.1902278325055448,0.8595,0.21259604039761948,0.4124419093132019,1.0349,0.1727,0.027999999999999997,,,,,,,,
78,P35557,D,4,E,NONSYN,0.4869275421620544,1.1486589149249467,0.12908475016644771,-0.3505,100.0,2.0,6.0,-0.0827374016751163,0.906230759304855,0.9658943281680168,-0.0827,0.906230759304855,-0.0827374016751163,0.906230759304855,,0.906230759304855,0.6408019152242969,0.964,1.0467852508534305,0.4970446825027466,0.5708,0.3927,0.001,,,,,,,,
79,P35557,D,4,M,NONSYN,0.2886817698329022,1.0827638205694765,0.02588160532916518,-2.5042666666666666,100.0,2.0,6.0,0.6813363142678439,0.268689119677415,0.28399181090039843,0.6813,0.268689119677415,0.6813363142678439,0.268689119677415,,0.268689119677415,0.18999189855494394,0.9211,0.23975226204898958,0.38527339696884155,0.7282,0.1704,0.091,,,,,,,,
80,P35557,D,4,W,NONSYN,0.2933207242208761,1.0700171779063397,0.12702103955965657,-2.7770999999999995,100.0,2.0,6.0,2.3310658394216697,0.0622443928788182,4.040736823212994e-06,2.3311,0.0622443928788182,2.3310658394216697,0.0622443928788182,,0.0622443928788182,0.044013432295451994,0.9211,1.4099772631048362,0.516063392162323,2.3209,0.0439,0.27399999999999997,,,,,,,,
81,P35557,D,4,H,NONSYN,0.4359397753198172,1.0546917511792326,0.09296883510209945,-1.1262,100.0,2.0,6.0,0.533098853846708,0.18639591378125198,0.4888980546000655,0.5331,0.18639591378125198,0.533098853846708,0.18639591378125198,,0.18639591378125198,0.1318018146201863,0.9167,0.38357647536166606,0.4275384545326233,0.5664,0.126,0.0,,,,,,,,
82,P35557,D,4,Q,NONSYN,0.3596090029508326,0.8751642317653673,0.07002755727406378,-0.9040333333333331,100.0,2.0,6.0,0.5807287415364499,0.361569226059243,0.4195719724846753,0.5807,0.361569226059243,0.5807287415364499,0.361569226059243,,0.361569226059243,0.2556680516148625,0.8994,0.318698076357532,0.40953919291496277,0.6701,0.2169,0.013999999999999999,,,,,,,,
83,P35557,D,4,*,STOP,,,,,100.0,2.0,6.0,0.320705207629752,0.05,0.7637033445723084,0.3207,0.05,0.320705207629752,0.05,,0.05,0.035355339059327376,,,,0.3207,0.0354,,,,,,H,7.0,,
84,P35557,R,5,S,NONSYN,0.4030125793742561,1.8044154278287516,0.031245969980700148,-0.8416666666666667,100.0,2.0,6.0,0.8412494173880699,0.110333653645269,0.1298133446454234,0.8412,0.110333653645269,0.8412494173880699,0.110333653645269,,0.110333653645269,0.07801767468565754,1.2212,0.37990944472588273,0.6610788702964783,0.8465,0.0775,0.231,,,,,,,,
85,P35557,R,5,A,NONSYN,0.3189859929557896,0.6489594511256539,0.05506671224998196,-1.0746,100.0,2.0,6.0,0.7423580896560942,0.0867850797944713,0.21510228228979808,0.7424,0.0867850797944713,0.7423580896560942,0.0867850797944713,,0.0867850797944713,0.06136631842848628,0.8377,0.09532022359921588,0.41972339153289795,0.7444,0.0607,0.166,,,,,,,,
86,P35557,R,5,V,NONSYN,0.398009908378716,1.0837940185228774,0.03378877418720486,-1.9711666666666667,100.0,2.0,6.0,0.7475464293710691,0.162913052730856,0.2098102935240113,0.7475,0.162913052730856,0.7475464293710691,0.162913052730856,,0.162913052730856,0.11519692432978985,0.9219,0.17438221480922877,0.3839244842529297,0.7619,0.1103,0.662,,,,,,,,
87,P35557,R,5,R,SYN,,,,,100.0,2.0,6.0,1.200102897641,0.05,0.014723097660215043,1.2001,0.05,1.200102897641,0.05,,0.05,0.035355339059327376,,,,1.2001,0.0354,,,,,,,,,
88,P35557,R,5,D,NONSYN,0.1122725979085614,0.7488609396915971,0.056298142858966095,-1.7069333333333334,100.0,2.0,6.0,0.0648019800029997,0.233259399761125,0.9290007185694902,0.0648,0.233259399761125,0.0648019800029997,0.233259399761125,,0.233259399761125,0.16493930334659523,0.8673,0.8025239219821687,0.4093344211578369,0.1769,0.153,0.491,,,,,,,,
89,P35557,R,5,F,NONSYN,0.3436253892885596,0.9697095938333801,0.043609181369260945,-2.1555666666666666,100.0,2.0,6.0,0.867536040849472,0.036618357500006,0.11243039799499942,0.8675,0.036618357500006,0.867536040849472,0.036618357500006,,0.036618357500006,0.025893088904167513,0.8553,0.012271138734603837,0.3854493498802185,0.8675,0.0258,0.9540000000000001,,,,,,,,
90,P35557,R,5,T,NONSYN,0.292232657128476,0.5993904140758637,0.05127828074686185,-1.0614333333333332,100.0,2.0,6.0,0.891065200805465,0.12158742971608,0.09857047036990194,0.8911,0.12158742971608,0.891065200805465,0.12158742971608,,0.12158742971608,0.0859752960592829,0.8105,0.08051594161967401,0.41897323727607727,0.8878,0.0842,0.596,,,,,,,,
91,P35557,R,5,I,NONSYN,0.35928103966798514,0.9666948037971271,0.04281847036076828,-2.1296999999999997,100.0,2.0,6.0,0.8765804109582309,0.0507051420262099,0.1069190647456244,0.8766,0.0507051420262099,0.8765804109582309,0.0507051420262099,,0.0507051420262099,0.03585394976776001,0.8859,0.009309596060812053,0.3830765187740326,0.8767,0.0357,0.94,,,,,,,,
92,P35557,R,5,L,NONSYN,0.3775202648814329,0.7522956777444642,0.06091068766908566,-1.8647666666666665,100.0,2.0,6.0,1.17585900095565,0.0589194177207725,0.017235188896700292,1.1759,0.0589194177207725,1.17585900095565,0.0589194177207725,,0.0589194177207725,0.041662319813921066,0.8631,0.31278177765471615,0.40184998512268066,1.1725,0.0414,0.662,,,,,,,,
93,P35557,R,5,K,NONSYN,0.4996982892545154,0.8129411722379793,0.07964221935356573,-0.31583333333333335,100.0,2.0,6.0,1.43891842892214,0.0664038290107678,0.0029694359961340328,1.4389,0.0664038290107678,1.43891842892214,0.0664038290107678,,0.0664038290107678,0.0469545977902659,0.8836,0.5552846961264246,0.4247923493385315,1.4322,0.0467,0.231,,,,,,,,
94,P35557,R,5,G,NONSYN,0.4710347881166008,0.741586340141844,0.055033146919507454,-1.865,100.0,2.0,6.0,1.20798701376351,0.125450630962054,0.01398465977131504,1.208,0.125450630962054,1.20798701376351,0.125450630962054,,0.125450630962054,0.08870699185739944,0.8859,0.32204813093575124,0.39947712421417236,1.1929,0.0866,0.0,,,,,,,,
95,P35557,R,5,Y,NONSYN,0.3907391645635834,0.6700104029929926,0.06950504116115215,-1.6721666666666666,100.0,2.0,6.0,0.30135359009881296,0.15653590688053698,0.7826973286699377,0.3014,0.15653590688053698,0.30135359009881296,0.15653590688053698,,0.15653590688053698,0.11068760125441364,0.7249,0.423592551144168,0.4256103038787842,0.3282,0.1071,0.9540000000000001,,,,,,,,
96,P35557,R,5,N,NONSYN,0.4070897773431755,1.5334876594129412,0.0724747932956669,-0.6592999999999999,100.0,2.0,6.0,1.19236848076625,0.0980360538601269,0.015483742033990427,1.1924,0.0980360538601269,1.19236848076625,0.0980360538601269,,0.0980360538601269,0.06932195848526533,1.0679,0.1244947644118799,0.496662437915802,1.19,0.0687,0.491,,,,,,,,
97,P35557,R,5,C,NONSYN,0.3945781846907973,1.0097061309928477,0.022400314916510677,-2.1973999999999996,100.0,2.0,6.0,0.303052804407038,0.110747839286167,0.7810775593935172,0.3031,0.110747839286167,0.303052804407038,0.110747839286167,,0.110747839286167,0.0783105481610066,0.8628,0.5597039247189386,0.38269904255867004,0.3255,0.0767,0.987,,,,,,,,
98,P35557,R,5,P,NONSYN,0.180066694070857,0.5247141946217743,0.07251486381295674,-1.7161666666666668,100.0,2.0,6.0,0.737242215212468,0.12965070403566803,0.22040940230409806,0.7372,0.12965070403566803,0.737242215212468,0.12965070403566803,,0.12965070403566803,0.09167689200923095,0.6794,0.05788808399069678,0.4256103038787842,0.7347,0.0896,0.9540000000000001,,,,,,,,
99,P35557,R,5,E,NONSYN,0.2774716424939038,0.9253253292701379,0.04035690293295052,-0.8858,100.0,2.0,6.0,3.47851971306391,0.0207574947724483,2.171730404870346e-10,3.4785,0.0207574947724483,3.47851971306391,0.0207574947724483,,0.0207574947724483,0.014677765314042504,0.8953,2.583228682656958,0.4124695658683777,3.4753,0.0147,0.662,,,,,,,,
100,P35557,R,5,M,NONSYN,0.37044865400284027,0.8248909026165431,0.04377256133610138,-1.0532666666666668,100.0,2.0,6.0,0.214563735183427,0.166208159164118,0.8534827625229321,0.2146,0.166208159164118,0.214563735183427,0.166208159164118,,0.166208159164118,0.11752691643348083,0.8129,0.5983549874461201,0.41897323727607727,0.2582,0.1132,0.9540000000000001,,,,,,,,
101,P35557,R,5,W,NONSYN,0.38841440406711497,0.8305542937262573,0.04113161684964163,-2.1376333333333335,100.0,2.0,6.0,1.2850019411708402,0.0715543039695234,0.008413933599811976,1.285,0.0715543039695234,1.2850019411708402,0.0715543039695234,,0.0715543039695234,0.050596533559933494,0.8307,0.4543173985148954,0.39731132984161377,1.2778,0.0502,0.987,,,,,,,,
102,P35557,R,5,H,NONSYN,0.3580838527509595,1.8788831273303348,0.04259658060793121,-0.45376666666666665,100.0,2.0,6.0,0.280693847786844,0.286255712995481,0.8016550208933098,0.2807,0.286255712995481,0.280693847786844,0.286255712995481,,0.286255712995481,0.20241335581249473,1.2191,0.9383889845495819,0.6543211936950684,0.3627,0.1934,0.9540000000000001,,,,,,,,
103,P35557,R,5,Q,NONSYN,0.3675437003413988,1.650527347205668,0.0714859250591973,-0.5823,100.0,2.0,6.0,0.9657611881608441,0.150394463944288,0.06390860784503714,0.9658,0.150394463944288,0.9657611881608441,0.150394463944288,,0.150394463944288,0.10634494530792175,1.1951,0.22936129223161195,0.5996239185333252,0.9728,0.1047,0.856,,,,,,,,
104,P35557,R,5,*,STOP,,,,,100.0,2.0,6.0,0.0878068805840311,0.05,0.9204735212404436,0.0878,0.05,0.0878068805840311,0.05,,0.05,0.035355339059327376,,,,0.0878,0.0354,,,,,,,,,
105,P35557,A,6,S,NONSYN,0.46929375853615796,0.9748404937192673,0.059877998064502835,-0.41050000000000003,100.0,2.0,6.0,0.275245357971623,0.196377669594319,0.8064294519078006,0.2752,0.196377669594319,0.275245357971623,0.196377669594319,,0.196377669594319,0.13885998184375423,0.9178,0.6425905332751727,0.3975171744823456,0.3451,0.1311,0.018000000000000002,,,,,,,,
106,P35557,A,6,A,SYN,,,,,100.0,2.0,6.0,0.809998813535167,0.05,0.15326581896416652,0.81,0.05,0.809998813535167,0.05,,0.05,0.035355339059327376,,,,0.81,0.0354,,,,,,,,,
107,P35557,A,6,V,NONSYN,0.41129671784225785,0.8000447385649089,0.044034590831770436,-0.6206999999999999,100.0,2.0,6.0,1.05627155900208,0.0724917826485614,0.036841519586965896,1.0563,0.0724917826485614,1.05627155900208,0.0724917826485614,,0.0724917826485614,0.05125943109109907,0.8827,0.1735312998315477,0.4088909924030304,1.0536,0.0509,0.040999999999999995,,,,,,,,
108,P35557,A,6,R,NONSYN,0.3190441200491768,0.5787401811117087,0.18768627911894312,-1.2165666666666668,100.0,2.0,6.0,1.3386153869797701,0.0823278173101831,0.00587570154610428,1.3386,0.0823278173101831,1.3386153869797701,0.0823278173101831,,0.0823278173101831,0.058214557900317696,0.8112,0.5274517231156344,0.5220492482185364,1.3321,0.0579,0.28600000000000003,,,,,,,,
109,P35557,A,6,D,NONSYN,0.4810824638550644,0.6852619850874543,0.1826140099055591,-1.3432333333333333,100.0,2.0,6.0,0.628300433323908,0.0593297448286051,0.3527677138903914,0.6283,0.0593297448286051,0.628300433323908,0.0593297448286051,,0.0593297448286051,0.04195246489437416,0.8634,0.23507630331702223,0.5148434638977051,0.6299,0.0418,0.0,,,,,,,,
110,P35557,A,6,F,NONSYN,0.3975861635372093,0.7116008267192105,0.028868355484143977,-1.7862,100.0,2.0,6.0,0.9677063960651651,0.036329949288247,0.06317361470743557,0.9677,0.036329949288247,0.9677063960651651,0.036329949288247,,0.036329949288247,0.02568915350188284,0.8555,0.11218966432612087,0.40643519163131714,0.9673,0.0256,0.449,,,,,,,,
111,P35557,A,6,T,NONSYN,0.4593194656393701,0.9468008570432979,0.04593043518824729,-0.5557333333333333,100.0,2.0,6.0,0.743168206029562,0.18413647928536397,0.21426998205416722,0.7432,0.18413647928536397,0.743168206029562,0.18413647928536397,,0.18413647928536397,0.13020415316649708,0.912,0.16885265607294653,0.39556455612182617,0.7597,0.1237,0.0,,,,,,,,
112,P35557,A,6,I,NONSYN,0.2533067127168299,0.46235985766584436,0.0686833914712504,-1.3021,100.0,2.0,6.0,0.650537830401163,0.737900756973206,0.3230533220369969,0.6505,0.737900756973206,0.650537830401163,0.737900756973206,,0.737900756973206,0.5217746290984405,0.7126,0.06201275010039342,0.42413729429244995,0.6879,0.3291,0.16699999999999998,,,,,,,,
113,P35557,A,6,L,NONSYN,0.33775241979079834,0.32052181726637546,0.1852139619160089,-1.2974666666666668,100.0,2.0,6.0,1.07605195159957,0.10924772536880901,0.03256374657207774,1.0761,0.10924772536880901,1.07605195159957,0.10924772536880901,,0.10924772536880901,0.07724980743749046,0.6841,0.3919611584667879,0.5252606868743896,1.0678,0.0764,0.054000000000000006,,,,,,,,
114,P35557,A,6,K,NONSYN,0.13783323133742972,0.6661035799332176,0.0340795775121103,-0.7036666666666666,100.0,2.0,6.0,-0.39714960915976794,0.545427144031136,0.9926521341447522,-0.3971,0.545427144031136,-0.39714960915976794,0.545427144031136,,0.545427144031136,0.385675232187628,0.8393,1.236446665357888,0.4195943772792816,0.1691,0.2839,0.10300000000000001,,,,,,,,
115,P35557,A,6,G,NONSYN,0.5077306515769983,0.8194963536777653,0.05082851813119068,-0.48503333333333326,100.0,2.0,6.0,1.12508171612616,0.159296711154535,0.02388566628637687,1.1251,0.159296711154535,1.12508171612616,0.159296711154535,,0.159296711154535,0.11263978467808644,0.8946,0.23046368176336696,0.4064828157424927,1.1086,0.1085,0.034,,,,,,,,
116,P35557,A,6,Y,NONSYN,0.2413102682766479,0.9144777181804008,0.01827049222060494,-1.7924666666666667,100.0,2.0,6.0,0.359075721681594,0.10154872888446001,0.7225127887536336,0.3591,0.10154872888446001,0.359075721681594,0.10154872888446001,,0.10154872888446001,0.0718057948150759,0.8974,0.5382913385028847,0.39900633692741394,0.376,0.0707,0.449,,,,,,,,
117,P35557,A,6,N,NONSYN,0.2596281291448914,1.031001494059521,0.18434558146604563,-1.1920666666666666,100.0,2.0,6.0,-0.0181685518636667,0.170731065847219,0.9529671163490244,-0.0182,0.170731065847219,-0.0181685518636667,0.170731065847219,,0.170731065847219,0.12072509441977551,0.9201,0.9382932018651926,0.5136377215385437,0.031,0.1175,0.054000000000000006,,,,,,,,
118,P35557,A,6,C,NONSYN,0.4521425054357098,0.3283859756909906,0.13254167104037554,-0.7297666666666668,100.0,2.0,6.0,0.616003203566913,0.0467438144365656,0.369664522906577,0.616,0.0467438144365656,0.616003203566913,0.0467438144365656,,0.0467438144365656,0.03305286816662117,0.6738,0.057845008198376346,0.4977492392063141,0.6163,0.033,0.754,,,,,,,,
119,P35557,A,6,P,NONSYN,0.3737321559264451,0.29263429680293296,0.13060077859992006,-0.7215666666666666,100.0,2.0,6.0,0.7232582402310859,0.10666839096441001,0.2353638769489504,0.7233,0.10666839096441001,0.7232582402310859,0.10666839096441001,,0.10666839096441001,0.07542594258919216,0.6133,0.10998652697424993,0.5075334906578064,0.7209,0.0746,0.38,,,,,,,,
120,P35557,A,6,E,NONSYN,0.3924454343376217,0.31403727821274363,0.13145635085984875,-0.73,100.0,2.0,6.0,-0.0496589953708866,0.23295054463616396,0.9597916074613524,-0.0497,0.23295054463616396,-0.0496589953708866,0.23295054463616396,,0.23295054463616396,0.16472090979333107,0.6762,0.7258188540744999,0.4959694445133209,0.0224,0.1563,0.054000000000000006,,,,,,,,
121,P35557,A,6,M,NONSYN,0.19919007049311416,0.6569948885057554,0.17957117027487965,-1.2075333333333333,100.0,2.0,6.0,1.10385126479763,0.24581270240630604,0.027334323571251443,1.1039,0.24581270240630604,1.10385126479763,0.24581270240630604,,0.24581270240630604,0.17381582877328974,0.8259,0.27791488774913753,0.5208468437194824,1.076,0.1649,0.754,,,,,,,,
122,P35557,A,6,W,NONSYN,0.17944660888741126,0.6516941836902224,0.02901343383749017,-1.6895,100.0,2.0,6.0,1.1474263251521297,0.0341864316795911,0.020703624080499684,1.1474,0.0341864316795911,1.1474263251521297,0.0341864316795911,,0.0341864316795911,0.02417345766520948,0.802,0.34539570219299276,0.4178451597690582,1.1463,0.0241,0.903,,,,,,,,
123,P35557,A,6,H,NONSYN,0.3663343704598138,0.7849634051082136,0.176375957554896,-1.3876666666666668,100.0,2.0,6.0,0.32919617326163003,0.209354212778937,0.7549906803709852,0.3292,0.209354212778937,0.32919617326163003,0.209354212778937,,0.209354212778937,0.14803578352595773,0.8549,0.525740784097684,0.5163164138793945,0.3691,0.1423,0.903,,,,,,,,
124,P35557,A,6,Q,NONSYN,0.3707092191809771,0.31403727821274363,0.13145635085984875,-0.73,100.0,2.0,6.0,0.6590492960016539,0.0856877298232046,0.31200010417489754,0.659,0.0856877298232046,0.6590492960016539,0.0856877298232046,,0.0856877298232046,0.060590374822468734,0.6778,0.018730557342309773,0.4959694445133209,0.6593,0.0601,0.28600000000000003,,,,,,,,
125,P35557,A,6,*,STOP,,,,,100.0,2.0,6.0,-0.0679644309296763,0.05,0.9632932870114456,-0.068,0.05,-0.0679644309296763,0.05,,0.05,0.035355339059327376,,,,-0.068,0.0354,,,,,,,,,
126,P35557,R,7,S,NONSYN,0.4030125793742561,0.8423956874450264,0.04984695744049064,-0.8416666666666667,100.0,2.0,6.0,0.684091880734041,0.12419443005239399,0.28062800718375236,0.6841,0.12419443005239399,0.684091880734041,0.12419443005239399,,0.12419443005239399,0.08781872367564612,0.8913,0.20721404272787303,0.40535956621170044,0.6934,0.0858,0.231,,,,,,,,
127,P35557,R,7,A,NONSYN,0.3189859929557896,0.9114173376752074,0.04199388440009216,-1.0746,100.0,2.0,6.0,1.08360922340628,0.163708625945303,0.03105592785438826,1.0836,0.163708625945303,1.08360922340628,0.163708625945303,,0.163708625945303,0.11575947954465572,0.8996,0.18405091766592352,0.39261773228645325,1.0689,0.111,0.166,,,,,,,,
128,P35557,R,7,V,NONSYN,0.398009908378716,1.0549314389377467,0.030901475445241706,-1.9711666666666667,100.0,2.0,6.0,1.32572925760744,0.137108651519015,0.006407740746135027,1.3257,0.137108651519015,1.32572925760744,0.137108651519015,,0.137108651519015,0.09695045724843873,0.9124,0.4133211441278257,0.3827829957008362,1.3008,0.094,0.662,,,,,,,,
129,P35557,R,7,R,SYN,,,,,100.0,2.0,6.0,0.834722380934405,0.05,0.1344555982589245,0.8347,0.05,0.834722380934405,0.05,,0.05,0.035355339059327376,,,,0.8347,0.0354,,,,,,,,,
130,P35557,R,7,D,NONSYN,0.1122725979085614,0.974920090258763,0.06461147229155267,-1.7069333333333334,100.0,2.0,6.0,1.2182452832861,0.118394200692854,0.013076911761745288,1.2182,0.118394200692854,1.2182452832861,0.118394200692854,,0.118394200692854,0.0837173421630781,0.9127,0.30549986712170174,0.3960433304309845,1.2052,0.0819,0.491,,,,,,,,
131,P35557,R,7,F,NONSYN,0.3436253892885596,0.9823801934057688,0.03608550363419993,-2.1555666666666666,100.0,2.0,6.0,0.7326893772540699,0.0324309233582944,0.22520648569814405,0.7327,0.0324309233582944,0.7326893772540699,0.0324309233582944,,0.0324309233582944,0.02293212582679117,0.8628,0.13006735187190666,0.3854493498802185,0.7331,0.0229,0.9540000000000001,,,,,,,,
132,P35557,R,7,T,NONSYN,0.292232657128476,1.1026325389017837,0.049489973809009276,-1.0614333333333332,100.0,2.0,6.0,0.509963619726551,0.120235739104282,0.5226616048973024,0.51,0.120235739104282,0.509963619726551,0.120235739104282,,0.120235739104282,0.08501950646161434,0.9296,0.41964496372376636,0.39375922083854675,0.5287,0.0831,0.596,,,,,,,,
133,P35557,R,7,I,NONSYN,0.35928103966798514,0.8649390715595254,0.03540084150753919,-2.1296999999999997,100.0,2.0,6.0,1.0850127427928,0.0439631284774709,0.030783222747282683,1.085,0.0439631284774709,1.0850127427928,0.0439631284774709,,0.0439631284774709,0.03108662626859509,0.8324,0.25265974692030246,0.39731132984161377,1.0835,0.031,0.9540000000000001,,,,,,,,
134,P35557,R,7,L,NONSYN,0.3775202648814329,1.1215758461523941,0.047791646833228764,-1.8647666666666665,100.0,2.0,6.0,1.0562038779548102,0.0576902564010728,0.03685701908206092,1.0562,0.0576902564010728,1.0562038779548102,0.0576902564010728,,0.0576902564010728,0.04079317150958921,0.9486,0.10757998230966859,0.390068918466568,1.055,0.0406,0.662,,,,,,,,
135,P35557,R,7,K,NONSYN,0.4996982892545154,1.0714939029617514,0.05940796915668228,-0.31583333333333335,100.0,2.0,6.0,1.13749137269097,0.0748498903039208,0.022065225024723342,1.1375,0.0748498903039208,1.13749137269097,0.0748498903039208,,0.0748498903039208,0.0529268650049716,0.9211,0.2164027963741364,0.4034172296524048,1.1338,0.0525,0.231,,,,,,,,
136,P35557,R,7,G,NONSYN,0.4710347881166008,1.015010118269211,0.04192097191887772,-1.865,100.0,2.0,6.0,1.37590106160436,0.11317371978944,0.004566341664579426,1.3759,0.11317371978944,1.37590106160436,0.11317371978944,,0.11317371978944,0.0800259047152192,0.9167,0.4592257323959861,0.3889274299144745,1.3572,0.0784,0.0,,,,,,,,
137,P35557,R,7,Y,NONSYN,0.3907391645635834,1.159969444939002,0.06652279272455812,-1.6721666666666666,100.0,2.0,6.0,0.6630972192453829,0.0974970458744048,0.30681034292654885,0.6631,0.0974970458744048,0.6630972192453829,0.0974970458744048,,0.0974970458744048,0.06894082228344754,0.9355,0.27235869906668986,0.397184818983078,0.6711,0.0679,0.9540000000000001,,,,,,,,
138,P35557,R,7,N,NONSYN,0.4070897773431755,0.508404246415758,0.05434525537866153,-0.6592999999999999,100.0,2.0,6.0,1.29231125135587,0.0557854145133613,0.008013960509988644,1.2923,0.0557854145133613,1.29231125135587,0.0557854145133613,,0.0557854145133613,0.03944624489370022,0.7543,0.5380286576287583,0.4247584342956543,1.2877,0.0393,0.491,,,,,,,,
139,P35557,R,7,C,NONSYN,0.3945781846907973,0.7847002332879787,0.0177825238399301,-2.1973999999999996,100.0,2.0,6.0,1.05962042806067,0.0425894784971306,0.03608215660620868,1.0596,0.0425894784971306,1.05962042806067,0.0425894784971306,,0.0425894784971306,0.030115309052519697,0.7841,0.27553467748083604,0.39576345682144165,1.058,0.03,0.987,,,,,,,,
140,P35557,R,7,P,NONSYN,0.180066694070857,1.0857478547119477,0.04492657686771598,-1.7161666666666668,100.0,2.0,6.0,0.8857619899265459,0.22984690018589102,0.10156004250552494,0.8858,0.22984690018589102,0.8857619899265459,0.22984690018589102,,0.22984690018589102,0.16252630175615107,0.8723,0.013484730099885711,0.4073818325996399,0.8839,0.151,0.9540000000000001,,,,,,,,
141,P35557,R,7,E,NONSYN,0.2774716424939038,1.0200041184987303,0.05018675297623957,-0.8858,100.0,2.0,6.0,0.15126658757292902,0.12170627883559199,0.8916153434093046,0.1513,0.12170627883559199,0.15126658757292902,0.12170627883559199,,0.12170627883559199,0.08605933507762788,0.9124,0.7611415259066853,0.4015513062477112,0.1847,0.0841,0.662,,,,,,,,
142,P35557,R,7,M,NONSYN,0.37044865400284027,0.7592215746222907,0.05611565617488931,-1.0532666666666668,100.0,2.0,6.0,1.54019651256503,0.0431493275979768,0.0014713157111990599,1.5402,0.0431493275979768,1.54019651256503,0.0431493275979768,,0.0431493275979768,0.030511182148169235,0.838,0.7022189243883028,0.41972339153289795,1.5365,0.0304,0.94,,,4.06141e-06,,,,,
143,P35557,R,7,W,NONSYN,0.38841440406711497,1.0478104592181035,0.0347876924091464,-2.1376333333333335,100.0,2.0,6.0,0.5363985798170661,0.0520327331467424,0.4840710495650129,0.5364,0.0520327331467424,0.5363985798170661,0.0520327331467424,,0.0520327331467424,0.036792698451731595,0.8628,0.3263581493089105,0.3854493498802185,0.5393,0.0366,0.983,,,,,,,,
144,P35557,R,7,H,NONSYN,0.3580838527509595,0.8919646751726265,0.05548538014685662,-0.45376666666666665,100.0,2.0,6.0,0.6898542709403039,0.15140887462447197,0.2736672295917829,0.6899,0.15140887462447197,0.6898542709403039,0.15140887462447197,,0.15140887462447197,0.1070622419787879,0.8406,0.150751107210636,0.42267024517059326,0.6989,0.1038,0.9540000000000001,,,,,,,,
145,P35557,R,7,Q,NONSYN,0.3675437003413988,0.7111440366230344,0.04763814886755005,-0.5823,100.0,2.0,6.0,1.2323161865890802,0.193625573208466,0.01192339028700991,1.2323,0.193625573208466,1.2323161865890802,0.193625573208466,,0.193625573208466,0.1369139558268386,0.824,0.40831010596163875,0.4231258034706116,1.1936,0.1303,0.856,,,,,,,,
146,P35557,R,7,*,STOP,,,,,100.0,2.0,6.0,-0.37996056879399503,0.05,0.9920253245456313,-0.38,0.05,-0.37996056879399503,0.05,,0.05,0.035355339059327376,,,,-0.38,0.0354,,,,,,,,,
147,P35557,M,8,S,NONSYN,0.31494457442558743,0.8311646870961846,0.022515660762224308,-1.5281333333333336,100.0,2.0,6.0,0.9465167694098591,0.15982147635550598,0.07160522261053127,0.9465,0.15982147635550598,0.9465167694098591,0.15982147635550598,,0.15982147635550598,0.11301084971022374,0.8818,0.06473244953223456,0.39965760707855225,0.9417,0.1087,0.7709999999999999,,,,,,,,
148,P35557,M,8,A,NONSYN,0.38040172866410704,1.1881390702094252,0.08210915092303454,-1.2302,100.0,2.0,6.0,0.5523687960067161,0.21633877409660898,0.4607234237667624,0.5524,0.21633877409660898,0.5523687960067161,0.21633877409660898,,0.21633877409660898,0.15297461419729683,1.0344,0.48207148300024194,0.5061547756195068,0.5927,0.1464,0.595,,,,,,,,
149,P35557,M,8,V,NONSYN,0.43335182923768345,0.8500506020884157,0.13946994448778524,-0.17053333333333334,100.0,2.0,6.0,0.5403379590147489,0.126767842083389,0.47830822184150984,0.5403,0.126767842083389,0.5403379590147489,0.126767842083389,,0.126767842083389,0.08963840077354976,0.8913,0.35096796444716516,0.5037441253662109,0.5511,0.0883,0.32299999999999995,,,,,,,,
150,P35557,M,8,R,NONSYN,0.4133638176812908,1.0885973145429053,0.09611908988343665,-1.2179,100.0,2.0,6.0,0.8509940630062759,0.0430936565249506,0.1231271651392421,0.851,0.0430936565249506,0.8509940630062759,0.0430936565249506,,0.0430936565249506,0.030471816754916475,0.9199,0.06886761130250096,0.4307084381580353,0.8513,0.0304,0.86,,,,,,,,
151,P35557,M,8,D,NONSYN,,0.7042764351412915,0.10324579089728088,-1.9705666666666666,100.0,2.0,6.0,0.209840436922816,0.132339125493726,0.8566938296854429,0.2098,0.132339125493726,0.209840436922816,0.132339125493726,,0.132339125493726,0.09357789305291116,0.8036,0.5938089885837758,0.46094590425491333,0.2333,0.0917,0.8909999999999999,,,,,,,,
152,P35557,M,8,F,NONSYN,0.3024433202519795,0.7585800536308324,0.05761438702855123,-0.4272,100.0,2.0,6.0,0.689574778649372,0.0462257876218505,0.2740025280776642,0.6896,0.0462257876218505,0.689574778649372,0.0462257876218505,,0.0462257876218505,0.032686567893099656,0.8578,0.16824811640067683,0.410808265209198,0.6906,0.0326,0.7709999999999999,,,,,,,,
153,P35557,M,8,T,NONSYN,0.4428972613017431,0.9316792833084174,0.05277550192018402,-0.9479666666666667,100.0,2.0,6.0,0.34372721096548803,0.20543708146122303,0.7395472321193735,0.3437,0.20543708146122303,0.34372721096548803,0.20543708146122303,,0.20543708146122303,0.14526595340840395,0.89,0.5463094911905788,0.40548861026763916,0.4059,0.1368,0.7170000000000001,,,,,,,,
154,P35557,M,8,I,NONSYN,0.5092966528428504,0.6726975783690788,0.03659194000729034,0.1806,100.0,2.0,6.0,0.46890203670361497,0.588660953006081,0.5815220229876077,0.4689,0.588660953006081,0.46890203670361497,0.588660953006081,,0.588660953006081,0.4162461516903354,0.8371,0.36815614982745193,0.40051740407943726,0.6601,0.2886,0.525,,,,,,,,
155,P35557,M,8,L,NONSYN,0.4802407566174219,0.5662715914559119,0.14234711619874202,0.0198,100.0,2.0,6.0,0.788179997443116,0.0767759864489474,0.1715263856672812,0.7882,0.0767759864489474,0.788179997443116,0.0767759864489474,,0.0767759864489474,0.05428882065033718,0.8132,0.02501356220349049,0.4917243719100952,0.7885,0.054,0.16699999999999998,,,,,,,,
156,P35557,M,8,K,NONSYN,0.4908604207297649,0.8251502547255907,0.05666046976100569,-1.2170333333333332,100.0,2.0,6.0,1.64133524245822,0.332219105635682,0.0007206848651895505,1.6413,0.332219105635682,1.64133524245822,0.332219105635682,,0.332219105635682,0.2349143824347207,0.8719,0.7693957621535019,0.4078614413738251,1.4497,0.2036,0.7170000000000001,,,,,,,,
157,P35557,M,8,G,NONSYN,0.2313069645088376,0.5767311073703997,0.10687068933744913,-2.044633333333333,100.0,2.0,6.0,0.592476420235491,0.0616759913599037,0.40275018271131957,0.5925,0.0616759913599037,0.592476420235491,0.0616759913599037,,0.0616759913599037,0.04361151172699081,0.7941,0.20161677138819678,0.45659011602401733,0.5943,0.0434,0.7709999999999999,,,,,,,,
158,P35557,M,8,Y,NONSYN,,0.8544773849786313,0.04212605425309351,-1.5137666666666665,100.0,2.0,6.0,0.8765786757625191,0.0522035812153092,0.10692009979423603,0.8766,0.0522035812153092,0.8765786757625191,0.0522035812153092,,0.0522035812153092,0.036913506279567805,0.8818,0.005205644115105379,0.4050089716911316,0.8766,0.0368,0.8909999999999999,,,,,,,,
159,P35557,M,8,N,NONSYN,0.3182579182514713,0.8564530131945284,0.11188134504527913,-1.7266666666666666,100.0,2.0,6.0,0.602315371285103,0.131875392570104,0.3888048976792659,0.6023,0.131875392570104,0.602315371285103,0.131875392570104,,0.131875392570104,0.09324998435795857,0.8818,0.27946894859252147,0.46551913022994995,0.6131,0.0914,0.8909999999999999,,,,,,,,
160,P35557,M,8,C,NONSYN,,0.8820474880385495,0.0430610575424531,-1.5218999999999998,100.0,2.0,6.0,0.7938683665827649,0.0359375813930979,0.16661282436960506,0.7939,0.0359375813930979,0.7938683665827649,0.0359375813930979,,0.0359375813930979,0.025411707502503014,0.8406,0.046737011568175,0.41924378275871277,0.794,0.0254,0.966,,,,,,,,
161,P35557,M,8,P,NONSYN,0.29396488881585514,0.7811333013772176,0.10359617596917349,-1.7313666666666665,100.0,2.0,6.0,0.8282745067370351,0.22254423751741198,0.1391727265230281,0.8283,0.22254423751741198,0.8282745067370351,0.22254423751741198,,0.22254423751741198,0.1573625394625517,0.8549,0.0266624506222789,0.45536598563194275,0.8311,0.1487,0.8909999999999999,,,,,,,,
162,P35557,M,8,E,NONSYN,0.3715633530173947,0.7512122989884693,0.06325676195813579,-1.7125666666666666,100.0,2.0,6.0,0.91803751390328,0.413133674502993,0.08451176029761495,0.918,0.413133674502993,0.91803751390328,0.413133674502993,,0.413133674502993,0.2921296227775822,0.8578,0.060214618853231205,0.4093344211578369,0.8977,0.2378,0.7709999999999999,,,,,,,,
163,P35557,M,8,M,SYN,,,,,,,,,,,,,,,,,,,,,,,,,,,,,,,
164,P35557,M,8,W,NONSYN,0.17309253470131644,1.1462820249581183,0.08748634867684481,-1.278,100.0,2.0,6.0,1.07208790516378,0.0955396807267383,0.03338185404834461,1.0721,0.0955396807267383,1.07208790516378,0.0955396807267383,,0.0955396807267383,0.06755675611427435,0.9101,0.16195871567250797,0.4237872362136841,1.0681,0.0667,0.966,,,,,,,,
165,P35557,M,8,H,NONSYN,,0.8723212705850477,0.04052408608369874,-1.4892,100.0,2.0,6.0,0.82304701894327,0.0714735334510845,0.1430939244136383,0.823,0.0714735334510845,0.82304701894327,0.0714735334510845,,0.0714735334510845,0.05053942017862539,0.8324,0.009305976929227522,0.41924378275871277,0.8232,0.0502,0.966,,,,,,,,
166,P35557,M,8,Q,NONSYN,0.13890249407095925,0.5245466495432031,0.0579325775109138,-0.3912,100.0,2.0,6.0,1.39167499091226,0.0384062031757662,0.004102042438523873,1.3917,0.0384062031757662,1.39167499091226,0.0384062031757662,,0.0384062031757662,0.027157286705212596,0.7807,0.6110011890133038,0.42267024517059326,1.3892,0.0271,0.7709999999999999,,,,,,,,
167,P35557,M,8,*,STOP,,,,,100.0,2.0,6.0,-0.21739157106306894,0.05,0.982477038574902,-0.2174,0.05,-0.21739157106306894,0.05,,0.05,0.035355339059327376,,,,-0.2174,0.0354,,,,,,C,9.0,,
168,P35557,E,9,S,NONSYN,0.4382670271083193,1.025561067649672,0.05159214281783738,-0.6747666666666666,100.0,2.0,6.0,1.63205499013575,0.0974575055453487,0.0007698516678848686,1.6321,0.0974575055453487,1.63205499013575,0.0974575055453487,,0.0974575055453487,0.06891286304864162,0.9167,0.7153796609273759,0.39444130659103394,1.6109,0.0679,0.109,,,,158.92896853999997,,,,
169,P35557,E,9,A,NONSYN,0.4725389201357859,0.9866838594966089,0.05730615157894956,-0.8022,100.0,2.0,6.0,1.42638909904037,0.28040076995464897,0.0032360291549332967,1.4264,0.28040076995464897,1.42638909904037,0.28040076995464897,,0.28040076995464897,0.1982732858848614,0.9167,0.509713769831996,0.39639392495155334,1.3244,0.1773,0.155,,,,158.92896853999997,,,,
170,P35557,E,9,V,NONSYN,0.5148579282991502,1.409477851882518,0.09421489352888107,-1.6669666666666665,100.0,2.0,6.0,1.02584851685444,0.0507549130648149,0.04445448526525045,1.0258,0.0507549130648149,1.02584851685444,0.0507549130648149,,0.0507549130648149,0.03588914320666431,1.0859,0.06006144579967376,0.4944925308227539,1.0262,0.0358,0.5670000000000001,,,,158.92896853999997,,,,
171,P35557,E,9,R,NONSYN,0.4513055748960305,1.0426881647408022,0.07455808813108479,-0.7211333333333333,100.0,2.0,6.0,1.3750078077669798,0.162713626648426,0.004594107446471809,1.375,0.162713626648426,1.3750078077669798,0.162713626648426,,0.162713626648426,0.11505590879455815,0.9145,0.4605236645098387,0.39950138330459595,1.3397,0.1106,0.461,,,,158.92896853999997,,,,
172,P35557,E,9,D,NONSYN,0.4800060668498122,1.4341368445498566,0.05401809800521407,-0.020166666666666666,100.0,2.0,6.0,1.44157134722635,0.243773271357915,0.002915793843674313,1.4416,0.243773271357915,1.44157134722635,0.243773271357915,,0.243773271357915,0.17237373324921004,1.0881,0.3534701986210034,0.44795554876327515,1.396,0.1609,0.0,,,,158.92896853999997,,,,
173,P35557,E,9,F,NONSYN,0.4134101209643438,1.0649680507140193,0.07707220082230808,-2.4431333333333334,100.0,2.0,6.0,1.6504439988687198,0.337734736625038,0.0006754146614984076,1.6504,0.337734736625038,1.6504439988687198,0.337734736625038,,0.337734736625038,0.238814522509817,0.9148,0.7356896081521671,0.38942450284957886,1.4494,0.2036,0.841,,,,158.92896853999997,,,,
174,P35557,E,9,T,NONSYN,0.4070866311137473,1.4417394587212133,0.11865290582469912,-0.9768666666666667,100.0,2.0,6.0,0.7829859068665831,0.15804001948048002,0.17610803135803516,0.783,0.15804001948048002,0.7829859068665831,0.15804001948048002,,0.15804001948048002,0.11175116947350149,1.0881,0.3051152417387636,0.5308709144592285,0.7959,0.1094,0.196,,,,158.92896853999997,,,,
175,P35557,E,9,I,NONSYN,0.377366298627538,1.2546619762883033,0.07022826629567834,-2.3962999999999997,100.0,2.0,6.0,0.807095782708938,0.16952550707927,0.15560441713643722,0.8071,0.16952550707927,0.807095782708938,0.16952550707927,,0.16952550707927,0.11987263563983988,1.0804,0.27335356001872313,0.4725196361541748,0.8236,0.1162,0.634,,,,158.92896853999997,,,,
176,P35557,E,9,L,NONSYN,0.4309220950052253,1.1688512175078094,0.0481759530529697,-2.375633333333333,100.0,2.0,6.0,1.06452805905042,0.2752062178957981,0.034995718301809524,1.0645,0.2752062178957981,1.06452805905042,0.2752062178957981,,0.2752062178957981,0.1946001828988214,0.9851,0.07942075638470958,0.43317562341690063,1.0512,0.1775,0.634,,,,158.92896853999997,,,,
177,P35557,E,9,K,NONSYN,0.4890082107053284,1.1112434617725953,0.04145528159601529,-0.6217666666666667,100.0,2.0,6.0,1.51622112307477,0.196407171115238,0.0017393971360641547,1.5162,0.196407171115238,1.51622112307477,0.196407171115238,,0.196407171115238,0.1388808425692514,0.9372,0.5790527633183002,0.3971199095249176,1.4531,0.1311,0.155,,,,158.92896853999997,,,,
178,P35557,E,9,G,NONSYN,0.4522640708552875,1.40934460184053,0.03233786755461246,-1.9225,100.0,2.0,6.0,0.8786043570559041,0.0762151226660307,0.1057175454669012,0.8786,0.0762151226660307,0.8786043570559041,0.0762151226660307,,0.0762151226660307,0.05389223006611484,1.0881,0.20949679154944256,0.4691871106624603,0.8813,0.0535,0.155,,,,158.92896853999997,,,,
179,P35557,E,9,Y,NONSYN,0.4671477233180428,0.9167427329384207,0.07827519290653372,-2.2137666666666664,100.0,2.0,6.0,1.3761775594317902,0.10292148464693401,0.004557780106621866,1.3762,0.10292148464693401,1.3761775594317902,0.10292148464693401,,0.10292148464693401,0.07277647972363417,0.89,0.4861408572757233,0.3946331739425659,1.3602,0.0716,0.841,,,,158.92896853999997,,,,
180,P35557,E,9,N,NONSYN,0.4945297857128286,1.3022267764095006,0.05257265496066376,-0.6558999999999999,100.0,2.0,6.0,0.8020578638562641,0.0875187871473201,0.15972873254836636,0.8021,0.0875187871473201,0.8020578638562641,0.0875187871473201,,0.0875187871473201,0.0618851278730921,1.0881,0.2860432847490826,0.4948273301124573,0.8065,0.0614,0.109,,,,158.92896853999997,,,,
181,P35557,E,9,C,NONSYN,0.4263241553322161,1.34608412276728,0.10334625975207905,-2.5622,100.0,2.0,6.0,1.5324399861845601,0.0623376480993854,0.0015533052994183734,1.5324,0.0623376480993854,1.5324399861845601,0.0623376480993854,,0.0623376480993854,0.044079373694296105,1.0535,0.4789669904265035,0.555372953414917,1.5294,0.0439,0.9520000000000001,,,,158.92896853999997,,,,
182,P35557,E,9,P,NONSYN,0.2784783599621833,1.0784078409204645,0.07680324817666943,-1.2109666666666667,100.0,2.0,6.0,1.5238214693562901,0.385114140227758,0.0016496342652459381,1.5238,0.385114140227758,1.5238214693562901,0.385114140227758,,0.385114140227758,0.2723168200858746,0.9168,0.6070001087682164,0.407562792301178,1.3365,0.2264,0.634,,,,158.92896853999997,,,,
183,P35557,E,9,E,SYN,,,,,100.0,2.0,6.0,1.3093601229615301,0.05,0.007151161090091612,1.3094,0.05,1.3093601229615301,0.05,,0.05,0.035355339059327376,,,,1.3094,0.0354,,,,,158.92896853999997,,,,
184,P35557,E,9,M,NONSYN,0.4318399535430367,1.0935434777807114,0.032470189854305935,-1.9440333333333335,100.0,2.0,6.0,1.82600772923536,0.0751956448305874,0.0001898005743981174,1.826,0.0751956448305874,1.82600772923536,0.0751956448305874,,0.0751956448305874,0.0531713503754035,0.8882,0.9377837831408471,0.3938407599925995,1.8092,0.0527,0.9520000000000001,,,,158.92896853999997,,,,
185,P35557,E,9,W,NONSYN,0.3886512979012191,1.1740226135426928,0.11018724271846862,-2.4843333333333333,100.0,2.0,6.0,1.3232803103827,0.049445673154505994,0.006513998098076865,1.3233,0.049445673154505994,1.3232803103827,0.049445673154505994,,0.049445673154505994,0.034963370787884814,0.9588,0.364434993018961,0.4553942084312439,1.3211,0.0349,0.9520000000000001,,,,158.92896853999997,,,,
186,P35557,E,9,H,NONSYN,0.3874690850586482,1.2697068872529977,0.049234827210433825,-0.6659666666666667,100.0,2.0,6.0,0.8996175313257719,0.117372156872186,0.0939085074372368,0.8996,0.117372156872186,0.8996175313257719,0.117372156872186,,0.117372156872186,0.08299464804681395,1.0804,0.1808318114018892,0.48229894042015076,0.9048,0.0818,0.634,,,,158.92896853999997,,,,
187,P35557,E,9,Q,NONSYN,0.4979236622050323,1.5299491534789567,0.07727984863150565,-0.02876666666666668,100.0,2.0,6.0,1.15413442043905,0.066704169024165,0.01982989989190866,1.1541,0.066704169024165,1.15413442043905,0.066704169024165,,0.066704169024165,0.04716697025040072,1.0881,0.06603327183370333,0.44525980949401855,1.1534,0.0469,0.155,,,,158.92896853999997,,,,
188,P35557,E,9,*,STOP,,,,,100.0,2.0,6.0,0.16385988852292402,0.05,0.8848355833100306,0.1639,0.05,0.16385988852292402,0.05,,0.05,0.035355339059327376,,,,0.1639,0.0354,,,,,158.92896853999997,,,,
189,P35557,A,10,S,NONSYN,0.46929375853615796,0.9583504849490719,0.031044278773106598,-0.41050000000000003,100.0,2.0,6.0,0.798696021131786,0.15675845400531502,0.16252767929560452,0.7987,0.15675845400531502,0.798696021131786,0.15675845400531502,,0.15675845400531502,0.11084496583547775,0.9153,0.11657418818065302,0.3929634988307953,0.8073,0.1067,0.0,,,,75.59832526499999,,,,
190,P35557,A,10,A,SYN,,,,,100.0,2.0,6.0,1.14550758150709,0.05,0.020960202399862467,1.1455,0.05,1.14550758150709,0.05,,0.05,0.035355339059327376,,,,1.1455,0.0354,,,,,75.59832526499999,,,,
191,P35557,A,10,V,NONSYN,0.41129671784225785,1.2251945132709732,0.035708396696925195,-0.6206999999999999,100.0,2.0,6.0,0.901047087119641,0.0504508635540085,0.09314810009104954,0.901,0.0504508635540085,0.901047087119641,0.0504508635540085,,0.0504508635540085,0.035674147735756646,1.0811,0.18003859479564222,0.484457790851593,0.902,0.0356,0.0,,,,75.59832526499999,,,,
192,P35557,A,10,R,NONSYN,0.3190441200491768,0.9598893827609937,0.04599508000846144,-1.2165666666666668,100.0,2.0,6.0,1.4843038316526003,0.17585059432053,0.0021711776916890696,1.4843,0.17585059432053,1.4843038316526003,0.17585059432053,,0.17585059432053,0.12434514771973133,0.9153,0.5690336223401613,0.39261773228645325,1.4324,0.1185,0.028999999999999998,,,,75.59832526499999,,,,
193,P35557,A,10,D,NONSYN,0.4810824638550644,0.8736105470405198,0.07531215408556353,-1.3432333333333333,100.0,2.0,6.0,0.5802219094597261,0.0813911627494256,0.4203013755099737,0.5802,0.0813911627494256,0.5802219094597261,0.0813911627494256,,0.0813911627494256,0.057552243108776754,0.8994,0.31920490843425586,0.4037131071090698,0.5866,0.057,0.005,,,,75.59832526499999,,,,
194,P35557,A,10,F,NONSYN,0.3975861635372093,0.8916705072009647,0.03332325296297469,-1.7862,100.0,2.0,6.0,2.04940654632103,0.0207886766816699,3.584862220607223e-05,2.0494,0.0207886766816699,2.04940654632103,0.0207886766816699,,0.0207886766816699,0.01469981425350344,0.9077,1.1417273461486057,0.3931441009044647,2.0478,0.0147,0.028999999999999998,,,,75.59832526499999,,,,
195,P35557,A,10,T,NONSYN,0.4593194656393701,0.9175780641556601,0.032598855816951995,-0.5557333333333333,100.0,2.0,6.0,0.947960178451515,0.0845981525112899,0.07100041447518003,0.948,0.0845981525112899,0.947960178451515,0.0845981525112899,,0.0845981525112899,0.059819927316586835,0.9077,0.04028097827909072,0.39556455612182617,0.9471,0.0591,0.0,,,,75.59832526499999,,,,
196,P35557,A,10,I,NONSYN,0.2533067127168299,0.9503499523633673,0.07624182757727217,-1.3021,100.0,2.0,6.0,0.912945187355587,0.09728137636994601,0.087023748494811,0.9129,0.09728137636994601,0.912945187355587,0.09728137636994601,,0.09728137636994601,0.06878832091434958,0.912,0.0009243252530785062,0.407562792301178,0.9129,0.0678,0.0,,,,75.59832526499999,,,,
197,P35557,A,10,L,NONSYN,0.33775241979079834,0.9184005203082396,0.0708789813115356,-1.2974666666666668,100.0,2.0,6.0,1.00879348352097,0.15383568909241402,0.049334968938483666,1.0088,0.15383568909241402,1.00879348352097,0.15383568909241402,,0.15383568909241402,0.10877825894575134,0.9077,0.10111428334854566,0.39457035064697266,1.0017,0.1049,0.001,,,,75.59832526499999,,,,
198,P35557,A,10,K,NONSYN,0.13783323133742972,1.1229895896081834,0.05670026893571328,-0.7036666666666666,100.0,2.0,6.0,0.7047981001452759,0.0865727734844851,0.2560916259864691,0.7048,0.0865727734844851,0.7047981001452759,0.0865727734844851,,0.0865727734844851,0.06121619519700634,0.9529,0.24809301122862548,0.39753541350364685,0.7105,0.0605,0.006,,,,75.59832526499999,,,,
199,P35557,A,10,G,NONSYN,0.5077306515769983,0.8915500605474783,0.03217993790009316,-0.48503333333333326,100.0,2.0,6.0,1.0260441892760601,0.0874374825809491,0.0444011718988179,1.026,0.0874374825809491,1.0260441892760601,0.0874374825809491,,0.0874374825809491,0.06182763686286973,0.9077,0.1183649891036358,0.3929634988307953,1.0232,0.0611,0.005,,,,75.59832526499999,,,,
200,P35557,A,10,Y,NONSYN,0.2413102682766479,1.139446489151698,0.02254944970771128,-1.7924666666666667,100.0,2.0,6.0,1.30607860046883,0.106148368732748,0.007309926130783311,1.3061,0.106148368732748,1.30607860046883,0.106148368732748,,0.106148368732748,0.0750582313428162,0.9572,0.34883253532905956,0.39261525869369507,1.2938,0.0737,0.177,,,,75.59832526499999,,,,
201,P35557,A,10,N,NONSYN,0.2596281291448914,1.0736028588704838,0.056274868733008125,-1.1920666666666666,100.0,2.0,6.0,1.1431634033241298,0.10954354903917501,0.021277777181005795,1.1432,0.10954354903917501,1.1431634033241298,0.10954354903917501,,0.10954354903917501,0.07745898636084177,0.9211,0.2220748270072963,0.39571183919906616,1.135,0.076,0.0,,,,75.59832526499999,,,,
202,P35557,A,10,C,NONSYN,0.4521425054357098,0.7499568115014154,0.05724938084803511,-0.7297666666666668,100.0,2.0,6.0,1.82389643446558,0.0798032902014393,0.0001927610457184877,1.8239,0.0798032902014393,1.82389643446558,0.0798032902014393,,0.0798032902014393,0.05642944766243568,0.8718,0.9521404768621253,0.40968501567840576,1.8062,0.0559,0.177,,,,75.59832526499999,,,,
203,P35557,A,10,P,NONSYN,0.3737321559264451,1.1181124835607117,0.03559115406067433,-0.7215666666666666,100.0,2.0,6.0,0.7194294182876909,0.20630625198719502,0.23957167136682586,0.7194,0.20630625198719502,0.7194294182876909,0.20630625198719502,,0.20630625198719502,0.14588054978132622,0.9372,0.2177389414687788,0.39558279514312744,0.7455,0.1369,0.022000000000000002,,,,75.59832526499999,,,,
204,P35557,A,10,E,NONSYN,0.3924454343376217,1.0827079842995155,0.05598892739976713,-0.73,100.0,2.0,6.0,0.828438651735242,0.0906853002480617,0.13905101001647793,0.8284,0.0906853002480617,0.828438651735242,0.0906853002480617,,0.0906853002480617,0.06412419075934253,0.9211,0.09264992458159149,0.39753541350364685,0.8308,0.0633,0.006,,,,75.59832526499999,,,,
205,P35557,A,10,M,NONSYN,0.19919007049311416,1.1801374741107724,0.053947961987771575,-1.2075333333333333,100.0,2.0,6.0,0.823559557603264,0.128904606609681,0.14270560002299001,0.8236,0.128904606609681,0.823559557603264,0.128904606609681,,0.128904606609681,0.09114932145988969,1.0256,0.2019917615190504,0.5100095272064209,0.8298,0.0897,0.096,,,,75.59832526499999,,,,
206,P35557,A,10,W,NONSYN,0.17944660888741126,1.3119023520831954,0.031906257342149046,-1.6895,100.0,2.0,6.0,0.788711011674338,0.045781085901191995,0.17106310343771505,0.7887,0.045781085901191995,0.788711011674338,0.045781085901191995,,0.045781085901191995,0.0323721162908167,1.0838,0.2951229212022489,0.474979966878891,0.7901,0.0323,0.7120000000000001,,,,75.59832526499999,,,,
207,P35557,A,10,H,NONSYN,0.3663343704598138,0.8339868601120943,0.046995039218501226,-1.3876666666666668,100.0,2.0,6.0,0.699092970245002,0.26261280343343696,0.26271914313822253,0.6991,0.26261280343343696,0.699092970245002,0.26261280343343696,,0.26261280343343696,0.1856952941341931,0.8913,0.192212953216912,0.4050089716911316,0.7325,0.1688,0.096,,,,75.59832526499999,,,,
208,P35557,A,10,Q,NONSYN,0.3707092191809771,1.0827079842995155,0.05598892739976713,-0.73,100.0,2.0,6.0,0.825642916071279,0.0945395907379585,0.14113580561649747,0.8256,0.0945395907379585,0.825642916071279,0.0945395907379585,,0.0945395907379585,0.06684958570141138,0.9211,0.09544566024555445,0.39753541350364685,0.8283,0.0659,0.028999999999999998,,,,75.59832526499999,,,,
209,P35557,A,10,*,STOP,,,,,100.0,2.0,6.0,0.21393077176524802,0.05,0.8539166915416005,0.2139,0.05,0.21393077176524802,0.05,,0.05,0.035355339059327376,,,,0.2139,0.0354,,,,,75.59832526499999,H,22.0,,
210,P35557,A,11,S,NONSYN,0.46929375853615796,1.1773195828893097,0.044158990292785784,-0.41050000000000003,100.0,2.0,6.0,1.2515973150326598,0.238755326311188,0.0105005949322125,1.2516,0.238755326311188,1.2515973150326598,0.238755326311188,,0.238755326311188,0.16882551027904796,1.0256,0.22604599591034535,0.5053627490997314,1.2289,0.1601,0.001,,,,56.786787604,,,,
211,P35557,A,11,A,SYN,,,,,100.0,2.0,6.0,0.664322821183407,0.05,0.30524776077928245,0.6643,0.05,0.664322821183407,0.05,,0.05,0.035355339059327376,,,,0.6643,0.0354,,,,,56.786787604,,,,
212,P35557,A,11,V,NONSYN,0.41129671784225785,1.4934353212849734,0.040297245338839736,-0.6206999999999999,100.0,2.0,6.0,1.36897207065,0.0467766275017556,0.0047860625653313085,1.369,0.0467766275017556,1.36897207065,0.0467766275017556,,0.0467766275017556,0.03307607050752853,1.0881,0.28087092204465325,0.4844784140586853,1.3677,0.033,0.052000000000000005,,,,56.786787604,,,,
213,P35557,A,11,R,NONSYN,0.3190441200491768,1.6138106945036796,0.03262996607522328,-1.2165666666666668,100.0,2.0,6.0,1.1525521449388,0.147595337039651,0.020032768217665396,1.1526,0.147595337039651,1.1525521449388,0.147595337039651,,0.147595337039651,0.10436566369225123,1.1774,0.02486823279252315,0.5783204436302185,1.1533,0.1027,0.33799999999999997,,,,56.786787604,,,,
214,P35557,A,11,D,NONSYN,0.4810824638550644,1.0217315292185998,0.06440270846870459,-1.3432333333333333,100.0,2.0,6.0,0.934916747926915,0.0644667881163626,0.07663480355891522,0.9349,0.0644667881163626,0.934916747926915,0.0644667881163626,,0.0644667881163626,0.045584903038396324,0.9167,0.018241418718541014,0.39457035064697266,0.9347,0.0453,0.052000000000000005,,,,56.786787604,,,,
215,P35557,A,11,F,NONSYN,0.3975861635372093,1.002196395673975,0.031638248927543286,-1.7862,100.0,2.0,6.0,1.020940782974,0.0995095196924587,0.045811159391740776,1.0209,0.0995095196924587,1.020940782974,0.0995095196924587,,0.0995095196924587,0.07036385616715383,0.9145,0.10645663971685893,0.3931441009044647,1.0176,0.0693,0.508,,,,56.786787604,,,,
216,P35557,A,11,T,NONSYN,0.4593194656393701,1.3904780832109835,0.03805556489327607,-0.5557333333333333,100.0,2.0,6.0,0.6579104190031589,0.12416909724059699,0.31346812851714856,0.6579,0.12416909724059699,0.6579104190031589,0.12416909724059699,,0.12416909724059699,0.08780081067263795,1.0881,0.43019072960218774,0.4820702373981476,0.6717,0.0864,0.002,,,,56.786787604,,,,
217,P35557,A,11,I,NONSYN,0.2533067127168299,1.0233389029898197,0.06290644854713758,-1.3021,100.0,2.0,6.0,1.6303527667473001,0.0709689614285864,0.0007792189402294812,1.6304,0.0709689614285864,1.6303527667473001,0.0709689614285864,,0.0709689614285864,0.05018263387991997,0.9167,0.7136774375389261,0.39457035064697266,1.619,0.0498,0.33799999999999997,,,,56.786787604,,,,
218,P35557,A,11,L,NONSYN,0.33775241979079834,1.2914512781963987,0.03673264890615065,-1.2974666666666668,100.0,2.0,6.0,0.826015641127563,0.22798991513435998,0.1408564233853485,0.826,0.22798991513435998,0.826015641127563,0.22798991513435998,,0.22798991513435998,0.1612132150336514,1.0881,0.2620855074777837,0.4791230857372284,0.8527,0.1528,0.068,,,,56.786787604,,,,
219,P35557,A,11,K,NONSYN,0.13783323133742972,0.919502041280031,0.07084056443739317,-0.7036666666666666,100.0,2.0,6.0,1.6049274906528401,0.113957188604179,0.0009331151188089957,1.6049,0.113957188604179,1.6049274906528401,0.113957188604179,,0.113957188604179,0.08057990082696932,0.89,0.714930127562325,0.40731218457221985,1.578,0.079,0.068,,,,56.786787604,,,,
220,P35557,A,11,G,NONSYN,0.5077306515769983,1.1080894698737795,0.03650856446061785,-0.48503333333333326,100.0,2.0,6.0,1.5050762590147702,0.132265936794881,0.001879687493928135,1.5051,0.132265936794881,1.5050762590147702,0.132265936794881,,0.132265936794881,0.09352614082765164,0.9339,0.5712004002310482,0.3947117328643799,1.4747,0.091,0.022000000000000002,,,,56.786787604,,,,
221,P35557,A,11,Y,NONSYN,0.2413102682766479,1.1579559446886982,0.03523162326937084,-1.7924666666666667,100.0,2.0,6.0,0.5536621359298299,0.0746789917951334,0.45883560161745196,0.5537,0.0746789917951334,0.5536621359298299,0.0746789917951334,,0.0746789917951334,0.05280602151051337,0.9872,0.43352119651340737,0.445573091506958,0.5597,0.0524,0.508,,,,56.786787604,,,,
222,P35557,A,11,N,NONSYN,0.2596281291448914,1.4529364467962935,0.04675077598054933,-1.1920666666666666,100.0,2.0,6.0,1.6351748880609598,0.0400975919352898,0.0007529676485268485,1.6352,0.0400975919352898,1.6351748880609598,0.0400975919352898,,0.0400975919352898,0.028353279166694435,1.0881,0.5470737394556131,0.4791230857372284,1.6333,0.0283,0.068,,,,56.786787604,,,,
223,P35557,A,11,C,NONSYN,0.4521425054357098,0.8951966098736545,0.07377427016271447,-0.7297666666666668,100.0,2.0,6.0,1.67784378487197,0.0731410158965495,0.0005553448557190423,1.6778,0.0731410158965495,1.67784378487197,0.0731410158965495,,0.0731410158965495,0.05171850832332322,0.8805,0.7973680253657445,0.41041964292526245,1.6654,0.0513,0.7959999999999999,,,,56.786787604,,,,
224,P35557,A,11,P,NONSYN,0.3737321559264451,1.52671906516433,0.03705970143829226,-0.7215666666666666,100.0,2.0,6.0,-0.216723581000057,0.28034905852990505,0.9824194986463038,-0.2167,0.28034905852990505,-0.216723581000057,0.28034905852990505,,0.28034905852990505,0.19823672038576015,1.0859,1.3026335436541707,0.49009639024734497,-0.0336,0.1838,0.494,,,,56.786787604,,,,
225,P35557,A,11,E,NONSYN,0.3924454343376217,1.022015898174918,0.07338310570770656,-0.73,100.0,2.0,6.0,0.510416927100601,0.125344759796372,0.5220024964704637,0.5104,0.125344759796372,0.510416927100601,0.125344759796372,,0.125344759796372,0.08863212963821357,0.8926,0.38217669510704055,0.41041964292526245,0.5274,0.0866,0.068,,,,56.786787604,,,,
226,P35557,A,11,M,NONSYN,0.19919007049311416,1.4726932665823533,0.03974138193167683,-1.2075333333333333,100.0,2.0,6.0,1.57590442870278,0.111894834483111,0.0011451932551376845,1.5759,0.111894834483111,1.57590442870278,0.111894834483111,,0.111894834483111,0.07912159624275411,1.0859,0.48999446604866614,0.48263150453567505,1.5631,0.0781,0.508,,,,56.786787604,,,,
227,P35557,A,11,W,NONSYN,0.17944660888741126,0.8365065556102483,0.03302781916220309,-1.6895,100.0,2.0,6.0,1.5180103031651797,0.0910203259060519,0.0017178471983617873,1.518,0.0910203259060519,1.5180103031651797,0.0910203259060519,,0.0910203259060519,0.06436108967397888,0.8818,0.6362259832875552,0.4050089716911316,1.5023,0.0636,0.922,,,,56.786787604,,,,
228,P35557,A,11,H,NONSYN,0.3663343704598138,1.1304283852672594,0.05829616037445006,-1.3876666666666668,100.0,2.0,6.0,0.608826179780936,0.132826068814312,0.37965996922009926,0.6088,0.132826068814312,0.608826179780936,0.132826068814312,,0.132826068814312,0.09392221397695101,0.9509,0.34208569975855374,0.397184818983078,0.6269,0.0914,0.7959999999999999,,,,56.786787604,,,,
229,P35557,A,11,Q,NONSYN,0.3707092191809771,1.022015898174918,0.07338310570770656,-0.73,100.0,2.0,6.0,1.2973859199681799,0.0799108092285942,0.007747142880695616,1.2974,0.0799108092285942,1.2973859199681799,0.0799108092285942,,0.0799108092285942,0.0565054750956435,0.8926,0.40479229776053827,0.41041964292526245,1.2899,0.056,0.33799999999999997,,,,56.786787604,,,,
230,P35557,A,11,*,STOP,,,,,100.0,2.0,6.0,-0.141203748987529,0.05,0.9744860367712681,-0.1412,0.05,-0.141203748987529,0.05,,0.05,0.035355339059327376,,,,-0.1412,0.0354,,,,,56.786787604,,,,
231,P35557,K,12,S,NONSYN,0.39799365034538775,0.9961714652587785,0.09554021585234661,-0.8266,100.0,2.0,6.0,1.0072850579887,0.158003914309477,0.04978953261225638,1.0073,0.158003914309477,1.0072850579887,0.158003914309477,,0.158003914309477,0.11172563926224935,0.824,0.18329292484813609,0.4516497850418091,0.9967,0.1085,0.9990000000000001,,,,78.11040485233336,,,,
232,P35557,K,12,A,NONSYN,0.4253782567817681,1.1314423387938735,0.08170988741675911,-0.8658,100.0,2.0,6.0,0.8189294017947859,0.220401999236958,0.14624428510082133,0.8189,0.220401999236958,0.8189294017947859,0.220401999236958,,0.220401999236958,0.15584774824752526,0.8722,0.05326786859858568,0.4154343008995056,0.8255,0.1459,0.998,,,,78.11040485233336,,,,
233,P35557,K,12,V,NONSYN,0.4018371367991864,1.0547837199092427,0.06847662353539131,-1.8981333333333332,100.0,2.0,6.0,0.8249087313714508,0.142887062785594,0.14168742375767301,0.8249,0.142887062785594,0.8249087313714508,0.142887062785594,,0.142887062785594,0.10103641103952148,0.8628,0.03784799775452574,0.3981662094593048,0.8272,0.0979,0.98,,,,78.11040485233336,,,,
234,P35557,K,12,R,NONSYN,0.4425642104838123,0.9892572746463434,0.26740229516781105,-0.1653333333333333,100.0,2.0,6.0,1.99865320786304,0.283663443554268,5.2614020889402866e-05,1.9987,0.283663443554268,1.99865320786304,0.283663443554268,,0.283663443554268,0.20058034451195034,0.8849,1.113745306575961,0.576388418674469,1.8783,0.1894,0.987,,,,78.11040485233336,,,,
235,P35557,K,12,D,NONSYN,0.3868073539125079,0.9961714652587785,0.09554021585234661,-0.8266,100.0,2.0,6.0,1.2247420224000702,0.0667184583566232,0.012531580196809894,1.2247,0.0667184583566232,1.2247420224000702,0.0667184583566232,,0.0667184583566232,0.04717707433428054,0.824,0.4007498892595063,0.4516497850418091,1.2204,0.0469,0.9990000000000001,,,,78.11040485233336,,,,
236,P35557,K,12,F,NONSYN,0.39391394066408775,0.9868280665319196,0.07202693975847986,-1.9194666666666667,100.0,2.0,6.0,1.07171263080806,0.0619639207869185,0.033460294205995764,1.0717,0.0619639207869185,1.07171263080806,0.0619639207869185,,0.0619639207869185,0.04381510857733614,0.824,0.24772049766749604,0.4112306237220764,1.0689,0.0436,0.9990000000000001,,,,78.11040485233336,,,,
237,P35557,K,12,T,NONSYN,0.4423640368257771,0.9440966314352887,0.08723693901455183,-0.8377,100.0,2.0,6.0,1.38096652387054,0.178238717405065,0.004411942046372704,1.381,0.178238717405065,1.38096652387054,0.178238717405065,,0.178238717405065,0.12603380574711417,0.8435,0.5374354517308,0.4447285830974579,1.341,0.1213,0.997,,,,78.11040485233336,,,,
238,P35557,K,12,I,NONSYN,0.4603939774498695,1.0243047196937902,0.062128518564895104,-1.9278666666666666,100.0,2.0,6.0,0.9592826713224479,0.16655995212999,0.06641238435548683,0.9593,0.16655995212999,0.9592826713224479,0.16655995212999,,0.16655995212999,0.11777567162522266,0.8628,0.09652594219647137,0.3981662094593048,0.9515,0.1129,0.993,,,,78.11040485233336,,,,
239,P35557,K,12,L,NONSYN,0.4356747906628182,0.937655698065773,0.05754064536075612,-1.8765,100.0,2.0,6.0,1.1762927969018602,0.21265679051573103,0.01718683708703134,1.1763,0.21265679051573103,1.1762927969018602,0.21265679051573103,,0.21265679051573103,0.1503710586390405,0.8406,0.33568741875092023,0.4117148518562317,1.1368,0.1412,0.9740000000000001,,,,78.11040485233336,,,,
240,P35557,K,12,K,SYN,,,,,,,,,,,,,,,,,,,,,,,,,,,78.11040485233336,,,,
241,P35557,K,12,G,NONSYN,0.3929842999811576,1.4331095310421904,0.06526182663897313,-1.5884666666666665,100.0,2.0,6.0,1.10751673529456,0.0398735349867254,0.02670708863024623,1.1075,0.0398735349867254,1.10751673529456,0.0398735349867254,,0.0398735349867254,0.02819484697899258,1.0064,0.10107514212439406,0.5158825516700745,1.1072,0.0282,0.9990000000000001,,,,78.11040485233336,,,,
242,P35557,K,12,Y,NONSYN,0.3944793974738757,1.0362394211892905,0.06111442912742702,-1.7455,100.0,2.0,6.0,1.02877569150342,0.106947348113652,0.04366308737093874,1.0288,0.106947348113652,1.02877569150342,0.106947348113652,,0.106947348113652,0.07562319508108165,0.8628,0.1660189623774435,0.410469114780426,1.0233,0.0744,0.995,,,,78.11040485233336,,,,
243,P35557,K,12,N,NONSYN,0.4560364383708069,0.8716109766314987,0.09354113407924035,-0.7538666666666667,100.0,2.0,6.0,0.67122446198003,1.04134376280119,0.29652595241176194,0.6712,1.04134376280119,0.67122446198003,1.04134376280119,,1.04134376280119,0.7363412362230369,0.7898,0.11858720880015183,0.4484798312187195,0.7577,0.383,0.9990000000000001,,,,78.11040485233336,,,,
244,P35557,K,12,C,NONSYN,0.4535515939759026,1.0013758365479526,0.04693450416571657,-2.2871333333333332,100.0,2.0,6.0,1.7119728658091,0.0378276430449948,0.00043465336487458754,1.712,0.0378276430449948,1.7119728658091,0.0378276430449948,,0.0378276430449948,0.026748182913419963,0.8086,0.9033335778604916,0.3985137939453125,1.7079,0.0267,1.0,,,,78.11040485233336,,,,
245,P35557,K,12,P,NONSYN,0.27870648767165224,1.6837842388407702,0.06709440007276939,-0.9779666666666667,100.0,2.0,6.0,1.28725585624112,0.0694138298834181,0.008288584311640902,1.2873,0.0694138298834181,1.28725585624112,0.0694138298834181,,0.0694138298834181,0.04908298981869435,1.1799,0.10736105128659124,0.6217347383499146,1.2866,0.0489,1.0,,,,78.11040485233336,,,,
246,P35557,K,12,E,NONSYN,0.4020218445230145,0.9892572746463434,0.26740229516781105,-0.16533333333333333,,,,,,,,,,,,,,0.8849,,0.576388418674469,0.8849,0.5764,0.992,,,,78.11040485233336,,,,
247,P35557,K,12,M,NONSYN,0.43998119930382734,1.2976548008372433,0.047748573478849254,-0.9419333333333334,100.0,2.0,6.0,2.4456441702517004,0.211682451593324,1.6200387842799849e-06,2.4456,0.211682451593324,2.4456441702517004,0.211682451593324,,0.211682451593324,0.14968209697983248,1.0064,1.4392025770815344,0.5124569535255432,2.3325,0.1437,0.9990000000000001,,,,78.11040485233336,,,,
248,P35557,K,12,W,NONSYN,0.4169292295856069,1.2476560559798693,0.04282566449583163,-2.216833333333333,100.0,2.0,6.0,0.97313220751335,0.089830468830113,0.06116363421872478,0.9731,0.089830468830113,0.97313220751335,0.089830468830113,,0.089830468830113,0.06351973366693969,0.9796,0.00648133504341275,0.43317562341690063,0.9733,0.0628,1.0,,,,78.11040485233336,,,,
249,P35557,K,12,H,NONSYN,0.4436698866414692,1.1415459826884653,0.06863649593463585,-0.8412999999999999,100.0,2.0,6.0,0.78861847011101,0.289752842198628,0.17114377290678126,0.7886,0.289752842198628,0.78861847011101,0.289752842198628,,0.289752842198628,0.20488619958672546,0.8646,0.07594427975166085,0.40968501567840576,0.8038,0.1832,0.9990000000000001,,,,78.11040485233336,,,,
250,P35557,K,12,Q,NONSYN,0.4867518824335938,1.2257209092772567,0.2571021217846587,0.015966666666666723,100.0,2.0,6.0,1.2892623039703002,0.4215562892855229,0.00817851703507452,1.2893,0.4215562892855229,1.2892623039703002,0.4215562892855229,,0.4215562892855229,0.29808531080563117,1.0528,0.2365031334380736,0.6675053834915161,1.2499,0.2722,0.992,,,,78.11040485233336,,,,
251,P35557,K,12,*,STOP,,,,,100.0,2.0,6.0,0.254764709441261,0.05,0.8235492360061982,0.2548,0.05,0.254764709441261,0.05,,0.05,0.035355339059327376,,,,0.2548,0.0354,,,,,78.11040485233336,,,,
252,P35557,K,13,S,NONSYN,0.39799365034538775,0.7249279396454633,0.07778013900646373,-0.8266,100.0,2.0,6.0,1.8065969143572802,0.23408881672669798,0.0002187820702597019,1.8066,0.23408881672669798,1.8065969143572802,0.23408881672669798,,0.23408881672669798,0.16552578970738305,0.7394,1.0671646986666674,0.4343624711036682,1.6713,0.1547,0.996,,,,79.52682911057866,,,,
253,P35557,K,13,A,NONSYN,0.4253782567817681,0.625559451191882,0.0677540616475683,-0.8658,100.0,2.0,6.0,0.741684430930626,0.21389139734837198,0.21579607676902293,0.7417,0.21389139734837198,0.741684430930626,0.21389139734837198,,0.21389139734837198,0.15124405750250014,0.7266,0.015119546744834955,0.4247584342956543,0.74,0.1425,0.9890000000000001,,,,79.52682911057866,,,,
254,P35557,K,13,V,NONSYN,0.4018371367991864,1.027981408884118,0.0368003478131206,-1.8981333333333332,100.0,2.0,6.0,1.01099164448892,0.122727333812289,0.048679377573703164,1.011,0.122727333812289,1.01099164448892,0.122727333812289,,0.122727333812289,0.08678132997561461,0.9103,0.10065050088082672,0.38524365425109863,1.0061,0.0847,0.897,,,,79.52682911057866,,,,
255,P35557,K,13,R,NONSYN,0.4425642104838123,1.0567219973189041,0.09700227445697533,0.014233333333333356,100.0,2.0,6.0,0.7042565807104809,0.145133024346476,0.2567162689265673,0.7043,0.145133024346476,0.7042565807104809,0.145133024346476,,0.145133024346476,0.10262454568950546,0.9072,0.2029362455605762,0.4093219041824341,0.7163,0.0995,0.9279999999999999,,,,79.52682911057866,,,,
256,P35557,K,13,D,NONSYN,0.3868073539125079,0.7249279396454633,0.07778013900646374,-0.8266,100.0,2.0,6.0,0.443578965569882,0.13958890029453302,0.6165746571166317,0.4436,0.13958890029453302,0.443578965569882,0.13958890029453302,,0.13958890029453302,0.09870425797663715,0.7394,0.29585325012073077,0.4343624711036682,0.4581,0.0963,0.996,,,,79.52682911057866,,,,
257,P35557,K,13,F,NONSYN,0.39391394066408775,1.0180439866546314,0.04285248176729927,-1.9194666666666667,100.0,2.0,6.0,2.09010407728657,0.04823089169533099,2.629851815819593e-05,2.0901,0.04823089169533099,2.09010407728657,0.04823089169533099,,0.04823089169533099,0.034104390580442484,0.8628,1.2273473481605937,0.3962135910987854,2.0811,0.034,0.997,,,,79.52682911057866,,,,
258,P35557,K,13,T,NONSYN,0.4423640368257771,0.5612160380074399,0.07471288634369808,-0.8377,100.0,2.0,6.0,0.9347146704839521,0.16704575591881898,0.07672513209737793,0.9347,0.16704575591881898,0.9347146704839521,0.16704575591881898,,0.16704575591881898,0.11811918677862976,0.6893,0.24537062198389104,0.4278659224510193,0.9173,0.1139,0.981,,,,79.52682911057866,,,,
259,P35557,K,13,I,NONSYN,0.4603939774498695,1.3173038675179614,0.04374676221501723,-1.9278666666666666,100.0,2.0,6.0,1.19232443469658,0.0305323880736009,0.015488179687824392,1.1923,0.0305323880736009,1.19232443469658,0.0305323880736009,,0.0305323880736009,0.021589658652662463,1.0452,0.14711836475029094,0.4981209337711334,1.192,0.0216,0.9590000000000001,,,,79.52682911057866,,,,
260,P35557,K,13,L,NONSYN,0.4356747906628182,1.08137333012096,0.03526012143950995,-1.8765,100.0,2.0,6.0,0.8508158807783941,0.130613201089901,0.12324682631178048,0.8508,0.130613201089901,0.8508158807783941,0.130613201089901,,0.130613201089901,0.09235748020315114,0.9148,0.06393850993815864,0.38693031668663025,0.8543,0.0898,0.868,,,,79.52682911057866,,,,
261,P35557,K,13,K,SYN,,,,,,,,,,,,,,,,,,,,,,,,,,,79.52682911057866,,,,
262,P35557,K,13,G,NONSYN,0.3929842999811576,1.30755370336355,0.036704230753574436,-1.5884666666666665,100.0,2.0,6.0,1.1140012724904198,0.0494478490829411,0.025630637386529556,1.114,0.0494478490829411,1.1140012724904198,0.0494478490829411,,0.0494478490829411,0.03496490940163666,1.0452,0.06879520254413074,0.5095299482345581,1.1137,0.0349,0.996,,,,79.52682911057866,,,,
263,P35557,K,13,Y,NONSYN,0.3944793974738757,0.9919362659192447,0.043822176363719746,-1.7455,100.0,2.0,6.0,1.04080391117738,0.0799046041512742,0.04054612774635272,1.0408,0.0799046041512742,1.04080391117738,0.0799046041512742,,0.0799046041512742,0.056501087443392745,0.8628,0.17804718205140335,0.408516526222229,1.0375,0.056,0.973,,,,79.52682911057866,,,,
264,P35557,K,13,N,NONSYN,0.4560364383708069,1.2177503309821687,0.08111938863494482,-0.5051666666666667,100.0,2.0,6.0,1.59344009140046,0.269309043028837,0.0010120257182699467,1.5934,0.269309043028837,1.59344009140046,0.269309043028837,,0.269309043028837,0.19043025056055035,1.0306,0.562832033424691,0.5034606456756592,1.523,0.1781,0.9940000000000001,,,,79.52682911057866,,,,
265,P35557,K,13,C,NONSYN,0.4535515939759026,1.4118513621836908,0.01654038426729222,-2.2871333333333332,100.0,2.0,6.0,1.58442091576294,0.0726894260517154,0.0010785111574983578,1.5844,0.0726894260517154,1.58442091576294,0.0726894260517154,,0.0726894260517154,0.05139918608172604,0.9911,0.5933322869940192,0.5143023729324341,1.5786,0.0511,1.0,,,,79.52682911057866,,,,
266,P35557,K,13,P,NONSYN,0.27870648767165224,1.083053063492728,0.052805834810438324,-0.9779666666666667,100.0,2.0,6.0,1.22530216582756,0.131438580834109,0.012485599332764483,1.2253,0.131438580834109,1.22530216582756,0.131438580834109,,0.131438580834109,0.09294111181733465,0.8335,0.39178950198631246,0.41972339153289795,1.207,0.0907,0.9990000000000001,,,,79.52682911057866,,,,
267,P35557,K,13,E,NONSYN,0.4020218445230145,1.290597752885131,0.10704833455666314,-0.16533333333333333,100.0,2.0,6.0,1.1049696476586,0.133788227617325,0.027141486277668717,1.105,0.133788227617325,1.1049696476586,0.133788227617325,,0.133788227617325,0.09460256299113984,1.0452,0.05976357771231089,0.524453341960907,1.1031,0.0931,0.9540000000000001,,,,79.52682911057866,,,,
268,P35557,K,13,M,NONSYN,0.43998119930382734,0.867865267293798,0.05993767419745805,-0.9419333333333334,100.0,2.0,6.0,1.87086555442435,0.0529420982259362,0.00013644432994263568,1.8709,0.0529420982259362,1.87086555442435,0.0529420982259362,,0.0529420982259362,0.037435716665803774,0.8286,1.0422893472634003,0.41972339153289795,1.8626,0.0373,0.996,,,,79.52682911057866,,,,
269,P35557,K,13,W,NONSYN,0.4169292295856069,1.62228314258203,0.02178454892671959,-2.216833333333333,100.0,2.0,6.0,0.953125574567922,0.0408175449478612,0.0688732545576604,0.9531,0.0408175449478612,0.953125574567922,0.0408175449478612,,0.0408175449478612,0.02886236282401936,1.1421,0.18896188499628697,0.5551967024803162,0.9536,0.0288,1.0,,,,79.52682911057866,,,,
270,P35557,K,13,H,NONSYN,0.4436698866414692,0.7066593556614866,0.07193317713744467,-0.8412999999999999,100.0,2.0,6.0,0.498384717521812,0.18772769108322304,0.5394444445427194,0.4984,0.18772769108322304,0.498384717521812,0.18772769108322304,,0.18772769108322304,0.13274352338144038,0.6974,0.19897490400299878,0.4247584342956543,0.5161,0.1267,0.997,,,,79.52682911057866,,,,
271,P35557,K,13,Q,NONSYN,0.4867518824335938,1.1342221065898468,0.078701350144443,0.19553333333333334,100.0,2.0,6.0,0.471756252897652,0.280968489320033,0.5775006064967325,0.4718,0.280968489320033,0.471756252897652,0.280968489320033,,0.280968489320033,0.19867472409793538,0.9033,0.4315710929504315,0.3861762583255768,0.5621,0.1767,0.953,,,,79.52682911057866,,,,
272,P35557,K,13,*,STOP,,,,,100.0,2.0,6.0,0.24537453836089,0.05,0.8309687619843154,0.2454,0.05,0.24537453836089,0.05,,0.05,0.035355339059327376,,,,0.2454,0.0354,,,,,79.52682911057866,,,,
273,P35557,E,14,S,NONSYN,0.4382670271083193,1.0475260994851396,0.052251395813261374,-0.6747666666666666,100.0,2.0,6.0,1.25365176620381,0.11234296943318901,0.010359012951846842,1.2537,0.11234296943318901,1.25365176620381,0.11234296943318901,,0.11234296943318901,0.07943847550484097,0.8628,0.39089503707783346,0.4407420754432678,1.2414,0.0782,0.958,,,,102.8158849359812,,,,
274,P35557,E,14,A,NONSYN,0.4725389201357859,0.8954564561149296,0.06434914845533111,-0.8022,100.0,2.0,6.0,0.870904441462309,0.18579502392837902,0.110350462090616,0.8709,0.18579502392837902,0.870904441462309,0.18579502392837902,,0.18579502392837902,0.13137692133047366,0.89,0.01913226069375784,0.40731218457221985,0.8727,0.125,0.877,,,,102.8158849359812,,,,
275,P35557,E,14,V,NONSYN,0.5148579282991502,1.481807881237673,0.0677741679619008,-1.6669666666666665,100.0,2.0,6.0,1.05776150941249,0.0394566859906428,0.03650184635748298,1.0578,0.0394566859906428,1.05776150941249,0.0394566859906428,,0.0394566859906428,0.027900090227131774,1.0803,0.022530477052964182,0.494692862033844,1.0578,0.0279,0.914,,,,102.8158849359812,,,,
276,P35557,E,14,R,NONSYN,0.4513055748960305,0.8934653046360027,0.054816559572988054,-0.7211333333333333,100.0,2.0,6.0,1.33308682600972,0.171977172365462,0.006098502857594027,1.3331,0.171977172365462,1.33308682600972,0.171977172365462,,0.171977172365462,0.1216062247889059,0.8406,0.49248144785878,0.421546995639801,1.2953,0.1168,0.977,,,,102.8158849359812,,,,
277,P35557,E,14,D,NONSYN,0.4800060668498122,1.1550693879239333,0.06590087344942687,-0.020166666666666666,100.0,2.0,6.0,1.22151202766656,0.0835607175640457,0.01279991422005093,1.2215,0.0835607175640457,1.22151202766656,0.0835607175640457,,0.0835607175640457,0.05908635003035056,0.9872,0.23432869522332278,0.4158626198768616,1.2169,0.0585,0.479,,,,102.8158849359812,,,,
278,P35557,E,14,F,NONSYN,0.4134101209643438,0.7977288654767589,0.10624086899057733,-2.4431333333333334,100.0,2.0,6.0,0.9295425085097421,0.0585266675600064,0.07906938683093616,0.9295,0.0585266675600064,0.9295425085097421,0.0585266675600064,,0.0585266675600064,0.04138460351193125,0.7773,0.15224167385398035,0.45360609889030457,0.9283,0.0412,0.993,,,,102.8158849359812,,,,
279,P35557,E,14,T,NONSYN,0.4070866311137473,1.1784735674299196,0.08332800215775281,-0.9768666666666667,100.0,2.0,6.0,0.6600736827549399,0.188482537315779,0.3106826033637956,0.6601,0.188482537315779,0.6600736827549399,0.188482537315779,,0.188482537315779,0.1332772802712338,0.9751,0.31500001242786035,0.46460285782814026,0.684,0.1281,0.9690000000000001,,,,102.8158849359812,,,,
280,P35557,E,14,I,NONSYN,0.377366298627538,1.0785571141369876,0.039359735540129774,-2.3962999999999997,100.0,2.0,6.0,0.663562953333984,0.43150910850731106,0.30621607260626643,0.6636,0.43150910850731106,0.663562953333984,0.43150910850731106,,0.43150910850731106,0.3051230167692814,0.8672,0.20360690369116252,0.3854493498802185,0.742,0.2392,0.986,,,,102.8158849359812,,,,
281,P35557,E,14,L,NONSYN,0.4309220950052253,0.9888476535674409,0.10733035264903512,-2.375633333333333,100.0,2.0,6.0,0.932691335042624,0.0820306406239962,0.077634773438218,0.9327,0.0820306406239962,0.932691335042624,0.0820306406239962,,0.0820306406239962,0.058004422250304395,0.8628,0.06993460591664746,0.44054171442985535,0.9315,0.0575,0.986,,,,102.8158849359812,,,,
282,P35557,E,14,K,NONSYN,0.4890082107053284,1.021047746216503,0.04228773497393289,-0.6217666666666667,100.0,2.0,6.0,1.18631868521317,0.23868792203461497,0.01610479890523977,1.1863,0.23868792203461497,1.18631868521317,0.23868792203461497,,0.23868792203461497,0.16877784825800218,0.8934,0.29293697039230815,0.4088909924030304,1.1437,0.156,0.93,,,,102.8158849359812,,,,
283,P35557,E,14,G,NONSYN,0.4522640708552875,1.7604226596369468,0.029401371008009488,-1.9225,100.0,2.0,6.0,0.396535438711609,0.13677068504303,0.6779428840787258,0.3965,0.13677068504303,0.396535438711609,0.13677068504303,,0.13677068504303,0.09671147886145602,1.2084,0.8118514593291625,0.7283653616905212,0.4106,0.0959,0.983,,,,102.8158849359812,,,,
284,P35557,E,14,Y,NONSYN,0.4671477233180428,0.6642632423627389,0.1084320978034685,-2.2137666666666664,100.0,2.0,6.0,1.5060476993146699,0.104485924445646,0.0018670329395503217,1.506,0.104485924445646,1.5060476993146699,0.104485924445646,,0.104485924445646,0.07388270571406154,0.6916,0.8144159053388398,0.45681753754615784,1.4853,0.0729,0.997,,,,102.8158849359812,,,,
285,P35557,E,14,N,NONSYN,0.4945297857128286,1.2343404016930333,0.05391962933849984,-0.6558999999999999,100.0,2.0,6.0,0.6932088595801291,0.0971226937273599,0.26966147103511057,0.6932,0.0971226937273599,0.6932088595801291,0.0971226937273599,,0.0971226937273599,0.06867611534172034,1.0779,0.38466556249323514,0.5013301968574524,0.7003,0.068,0.902,,,,102.8158849359812,,,,
286,P35557,E,14,C,NONSYN,0.4263241553322161,0.8863887172020117,0.033659620121164184,-2.5622,100.0,2.0,6.0,0.958929503169868,0.0755357309972106,0.0665513758789617,0.9589,0.0755357309972106,0.958929503169868,0.0755357309972106,,0.0755357309972106,0.05341182761001051,0.8368,0.12210097333512071,0.40169066190719604,0.9568,0.0529,0.997,,,,102.8158849359812,,,,
287,P35557,E,14,P,NONSYN,0.2784783599621833,0.862913211209913,0.06307063406253567,-1.2109666666666667,100.0,2.0,6.0,1.33142943481773,0.246755077462405,0.0061668755922919035,1.3314,0.246755077462405,1.33142943481773,0.246755077462405,,0.246755077462405,0.17448218856587838,0.8818,0.4496451149401055,0.40548861026763916,1.2612,0.1603,0.912,,,,102.8158849359812,,,,
288,P35557,E,14,E,SYN,,,,,100.0,2.0,6.0,0.631085306305598,0.05,0.34898460753429705,0.6311,0.05,0.631085306305598,0.05,,0.05,0.035355339059327376,,,,0.6311,0.0354,,,,,102.8158849359812,,,,
289,P35557,E,14,M,NONSYN,0.4318399535430367,0.9867815491462563,0.041620213280838765,-1.9440333333333335,100.0,2.0,6.0,2.71745877018368,0.0555499111798187,1.7449154168967127e-07,2.7175,0.0555499111798187,2.71745877018368,0.0555499111798187,,0.0555499111798187,0.03927971888956021,0.8628,1.8547020410577035,0.3962135910987854,2.6994,0.0391,0.9790000000000001,,,,102.8158849359812,,,,
290,P35557,E,14,W,NONSYN,0.3886512979012191,0.8419322656287833,0.10444416571696653,-2.4843333333333333,100.0,2.0,6.0,0.796932308053669,0.10118825852714698,0.1640111136815567,0.7969,0.10118825852714698,0.796932308053669,0.10118825852714698,,0.10118825852714698,0.07155090378100312,0.7898,0.007120637273487107,0.4547724723815918,0.7968,0.0707,0.9990000000000001,,,,102.8158849359812,,,,
291,P35557,E,14,H,NONSYN,0.3874690850586482,1.0933158172645532,0.053556775809905595,-0.6659666666666667,100.0,2.0,6.0,1.11628261286557,0.10067166983881601,0.025261785205378872,1.1163,0.10067166983881601,1.11628261286557,0.10067166983881601,,0.10067166983881601,0.07118562041640002,0.88,0.23632541376889038,0.40731218457221985,1.1093,0.0701,0.991,,,,102.8158849359812,,,,
292,P35557,E,14,Q,NONSYN,0.4979236622050323,1.2204941596945134,0.06522408400876638,-0.02876666666666668,100.0,2.0,6.0,1.02523771235482,0.0926271303608393,0.044621287376917694,1.0252,0.0926271303608393,1.02523771235482,0.0926271303608393,,0.0926271303608393,0.0654972719999998,1.0306,0.0053703456209490685,0.4685523211956024,1.0253,0.0649,0.958,,,,102.8158849359812,,,,
293,P35557,E,14,*,STOP,,,,,100.0,2.0,6.0,-0.0073234998109833,0.05,0.950358987259893,-0.0073,0.05,-0.0073234998109833,0.05,,0.05,0.035355339059327376,,,,-0.0073,0.0354,,,,,102.8158849359812,,,,
294,P35557,K,15,S,NONSYN,0.39799365034538775,1.2765651149686053,0.10549459077841146,-0.8266,100.0,2.0,6.0,1.49668164773609,0.25591653162661104,0.0019925793464858686,1.4967,0.25591653162661104,1.49668164773609,0.25591653162661104,,0.25591653162661104,0.18096031493091821,1.0804,0.4162323050084289,0.5218773484230042,1.452,0.171,0.8690000000000001,,,,99.0451159289498,,,,
295,P35557,K,15,A,NONSYN,0.4253782567817681,1.0788220676319253,0.060028401569643425,-0.8658,100.0,2.0,6.0,1.5973203278059798,0.375036397132753,0.0009846689407081463,1.5973,0.375036397132753,1.5973203278059798,0.375036397132753,,0.375036397132753,0.2651907796043407,0.9148,0.682565937089427,0.39639392495155334,1.3863,0.2204,0.732,,,,99.0451159289498,,,,
296,P35557,K,15,V,NONSYN,0.4018371367991864,1.2119991194656141,0.13656558165743377,-1.8981333333333332,100.0,2.0,6.0,0.900288259883328,0.0812678110302036,0.09355106866154368,0.9003,0.0812678110302036,0.900288259883328,0.0812678110302036,,0.0812678110302036,0.057465020271643866,1.0793,0.17902907143075897,0.5595684051513672,0.9022,0.0572,0.342,,,,99.0451159289498,,,,
297,P35557,K,15,R,NONSYN,0.4425642104838123,0.9898615193416859,0.17630908274831789,-0.07929999999999998,100.0,2.0,6.0,1.46186166737196,0.15803110649516902,0.0025355677937952572,1.4619,0.15803110649516902,1.46186166737196,0.15803110649516902,,0.15803110649516902,0.11174486704114746,0.9201,0.5417370173704341,0.503150224685669,1.4364,0.1091,0.16,,,,99.0451159289498,,,,
298,P35557,K,15,D,NONSYN,0.3868073539125079,1.2765651149686053,0.10549459077841146,-0.8266,100.0,2.0,6.0,1.00409118579594,0.0720396056440464,0.050764720511926556,1.0041,0.0720396056440464,1.00409118579594,0.0720396056440464,,0.0720396056440464,0.05093969366490989,1.0804,0.0763581569317211,0.5218773484230042,1.0048,0.0507,0.8690000000000001,,,,99.0451159289498,,,,
299,P35557,K,15,F,NONSYN,0.39391394066408775,1.2307092840425327,0.024012548219397706,-1.9194666666666667,100.0,2.0,6.0,1.62695754992513,0.23108554950317498,0.0007982362837674306,1.627,0.23108554950317498,1.62695754992513,0.23108554950317498,,0.23108554950317498,0.16340215908791464,1.0337,0.5932265661909992,0.49537062644958496,1.5687,0.1552,0.983,,,,99.0451159289498,,,,
300,P35557,K,15,T,NONSYN,0.4423640368257771,1.4020328097891597,0.09252320802485355,-0.8377,100.0,2.0,6.0,0.627688101334276,0.226768314953048,0.3536017643479663,0.6277,0.226768314953048,0.627688101334276,0.226768314953048,,0.226768314953048,0.160349413261547,1.0838,0.4561458315423109,0.5004844069480896,0.6702,0.1527,0.6,,,,99.0451159289498,,,,
301,P35557,K,15,I,NONSYN,0.4603939774498695,1.3391499570681826,0.058973256137354095,-1.9278666666666666,100.0,2.0,6.0,1.30163553084818,0.0343244340817008,0.0075303308538316295,1.3016,0.0343244340817008,1.30163553084818,0.0343244340817008,,0.0343244340817008,0.02427104009956128,1.0838,0.21780159797159304,0.4746481478214264,1.3011,0.0242,0.581,,,,99.0451159289498,,,,
302,P35557,K,15,L,NONSYN,0.4356747906628182,1.0153605189613604,0.13737844772345487,-1.8765,100.0,2.0,6.0,1.49020406139609,0.0509531217015238,0.002084180139342813,1.4902,0.0509531217015238,1.49020406139609,0.0509531217015238,,0.0509531217015238,0.03602929787777091,0.9167,0.573528732187716,0.4964063763618469,1.4872,0.0359,0.163,,,,99.0451159289498,,,,
303,P35557,K,15,K,SYN,,,,,,,,,,,,,,,,,,,,,,,,,,,99.0451159289498,,,,
304,P35557,K,15,G,NONSYN,0.3929842999811576,1.2102043722998037,0.13813877182826498,-1.5884666666666665,100.0,2.0,6.0,1.3739911336403603,0.21435355727194802,0.004625909027840004,1.374,0.21435355727194802,1.3739911336403603,0.21435355727194802,,0.21435355727194802,0.15157085391845343,1.073,0.3010081071358437,0.5656113028526306,1.3538,0.1464,0.8690000000000001,,,,99.0451159289498,,,,
305,P35557,K,15,Y,NONSYN,0.3944793974738757,1.2548278183065928,0.05535146552105286,-1.7455,100.0,2.0,6.0,0.8441577661525729,0.576132327070473,0.12778736811211716,0.8442,0.576132327070473,0.8441577661525729,0.576132327070473,,0.576132327070473,0.4073870753323174,1.0804,0.23629157657508826,0.5181171298027039,0.9344,0.3202,0.87,,,,99.0451159289498,,,,
306,P35557,K,15,N,NONSYN,0.4560364383708069,1.5173723159462267,0.12544837126106062,-0.5051666666666667,,,,,,,,,,,,,,1.0838,,0.5357781648635864,1.0838,0.5358,0.833,,,,99.0451159289498,,,,
307,P35557,K,15,C,NONSYN,0.4535515939759026,1.34155966445239,0.056356512191158746,-2.2871333333333332,100.0,2.0,6.0,0.737161998649076,0.0565019360842327,0.2204933197121215,0.7372,0.0565019360842327,0.737161998649076,0.0565019360842327,,0.0565019360842327,0.039952902155329824,1.0141,0.2769139958425012,0.49370935559272766,0.739,0.0398,0.998,,,,99.0451159289498,,,,
308,P35557,K,15,P,NONSYN,0.27870648767165224,1.1726487926645754,0.05848191701652613,-0.9779666666666667,100.0,2.0,6.0,1.1510931258728798,0.47155125579985796,0.020221583956873634,1.1511,0.47155125579985796,1.1510931258728798,0.47155125579985796,,0.47155125579985796,0.33343709065311183,0.9506,0.20051455550697406,0.39571183919906616,1.0678,0.255,0.9790000000000001,,,,99.0451159289498,,,,
309,P35557,K,15,E,NONSYN,0.4020218445230145,1.0362633045114757,0.1860487761677673,-0.3035,100.0,2.0,6.0,1.4581149722966102,0.27771517603984497,0.002601940863232149,1.4581,0.27771517603984497,1.4581149722966102,0.27771517603984497,,0.27771517603984497,0.19637428421619016,0.9201,0.5379903222950844,0.5213431119918823,1.3913,0.1838,0.23600000000000002,,,,99.0451159289498,,,,
310,P35557,K,15,M,NONSYN,0.43998119930382734,0.9276241376676987,0.12449323058223276,-0.9419333333333334,100.0,2.0,6.0,1.88616709086351,0.0703480609164657,0.00012185111687828495,1.8862,0.0703480609164657,1.88616709086351,0.0703480609164657,,0.0703480609164657,0.04974359091735722,0.8869,0.9992788252537688,0.480625718832016,1.8756,0.0495,0.9279999999999999,,,,99.0451159289498,,,,
311,P35557,K,15,W,NONSYN,0.4169292295856069,1.2219183598074619,0.05665253095526961,-2.216833333333333,100.0,2.0,6.0,1.09608591258386,0.0508951709902491,0.028709353531520605,1.0961,0.0508951709902491,1.09608591258386,0.0508951709902491,,0.0508951709902491,0.03598832053685399,0.9918,0.10424245059350357,0.49370935559272766,1.0955,0.0359,0.9990000000000001,,,,99.0451159289498,,,,
312,P35557,K,15,H,NONSYN,0.4436698866414692,1.0763665383120653,0.10468627009156413,-0.8412999999999999,100.0,2.0,6.0,1.6046869157655599,0.0908173356915966,0.0009347043883720686,1.6047,0.0908173356915966,1.6046869157655599,0.0908173356915966,,0.0908173356915966,0.06421755391682303,0.8754,0.7292502521379354,0.4568019509315491,1.5906,0.0636,0.951,,,,99.0451159289498,,,,
313,P35557,K,15,Q,NONSYN,0.4867518824335938,1.4722194291348867,0.09649203213585499,0.10200000000000002,100.0,2.0,6.0,0.0147879379923574,0.6456849678514449,0.9445894474348925,0.0148,0.6456849678514449,0.0147879379923574,0.6456849678514449,,0.6456849678514449,0.4565682192779746,1.0881,1.0733132106129892,0.45369523763656616,0.5548,0.3218,0.008,,,,99.0451159289498,,,,
314,P35557,K,15,*,STOP,,,,,,,,,,,,,,,,,,,,,,,,,,,99.0451159289498,,,,
315,P35557,V,16,S,NONSYN,0.33699392667600697,0.7421274437528883,0.16098140017106266,-1.4466,100.0,2.0,6.0,1.54127096179102,0.151210274343955,0.001460296497371701,1.5413,0.151210274343955,1.54127096179102,0.151210274343955,,0.151210274343955,0.10692181037368881,0.8578,0.6834480667409712,0.5071430802345276,1.5122,0.1046,0.737,,,,8.920520986863881,,,,
316,P35557,V,16,A,NONSYN,0.4716545268994549,0.8035108376626438,0.0593808479489508,-0.7901333333333334,100.0,2.0,6.0,1.14989008367511,0.118664045458415,0.0203785465701725,1.1499,0.118664045458415,1.14989008367511,0.118664045458415,,0.118664045458415,0.08390815122667397,0.8859,0.26395120084735124,0.40731218457221985,1.1391,0.0822,0.013000000000000001,,,,8.920520986863881,,,,
317,P35557,V,16,V,SYN,,,,,100.0,2.0,6.0,0.9873802732343431,0.05,0.05615824324397894,0.9874,0.05,0.9873802732343431,0.05,,0.05,0.035355339059327376,,,,0.9874,0.0354,,,,,8.920520986863881,,,,
318,P35557,V,16,R,NONSYN,0.17643841508486408,0.7878839442065421,0.08341713234533192,-1.9857333333333334,100.0,2.0,6.0,1.15262318779889,0.10938791610535199,0.02002361736630976,1.1526,0.10938791610535199,1.15262318779889,0.10938791610535199,,0.10938791610535199,0.07734893725795955,0.7439,0.40867532422009356,0.4177307188510895,1.1391,0.0761,0.9990000000000001,,,,8.920520986863881,,,,
319,P35557,V,16,D,NONSYN,0.27348180848279724,1.0015744226654764,0.053891453141767166,-2.3809,100.0,2.0,6.0,0.683029713193973,0.0649008408468647,0.28192195493287947,0.683,0.0649008408468647,0.683029713193973,0.0649008408468647,,0.0649008408468647,0.045891824667526906,0.824,0.14096241994659098,0.4004663825035095,0.6849,0.0456,0.9990000000000001,,,,8.920520986863881,,,,
320,P35557,V,16,F,NONSYN,0.4053248813429461,1.134888010114511,0.04728878305524597,-0.9184666666666667,100.0,2.0,6.0,0.662261430660008,0.0595963452911227,0.30787827477338514,0.6623,0.0595963452911227,0.662261430660008,0.0595963452911227,,0.0595963452911227,0.042140979889287826,0.9033,0.24106591518807552,0.4015513062477112,0.6649,0.0419,0.9890000000000001,,,,8.920520986863881,,,,
321,P35557,V,16,T,NONSYN,0.3185872156759129,1.8798304303284936,0.05919869825084093,-0.1374,100.0,2.0,6.0,1.03476809745052,0.237931477919374,0.042083479755977524,1.0348,0.237931477919374,1.03476809745052,0.237931477919374,,0.237931477919374,0.16824296149452664,1.2212,0.18639076466343263,0.6294413208961487,1.0472,0.1625,0.531,,,,8.920520986863881,,,,
322,P35557,V,16,I,NONSYN,0.4306262074024321,1.8414564349202969,0.07659814990623139,-0.1123,100.0,2.0,6.0,1.16933863308929,0.0718978720973924,0.017977807448100794,1.1693,0.0718978720973924,1.16933863308929,0.0718978720973924,,0.0718978720973924,0.05083947291294923,1.2212,0.051820229024662545,0.5505059957504272,1.1698,0.0506,0.0,,,,8.920520986863881,,,,
323,P35557,V,16,L,NONSYN,0.4667115524229356,1.58266070284106,0.06460497322926413,-0.29109999999999997,100.0,2.0,6.0,1.92627727991282,0.211101131546993,9.046892662184771e-05,1.9263,0.211101131546993,1.92627727991282,0.211101131546993,,0.211101131546993,0.14927104163303215,1.1298,0.7964568138712551,0.6430290341377258,1.8856,0.1454,0.107,,,,8.920520986863881,,,,
324,P35557,V,16,K,NONSYN,0.1909141340536438,0.7298357398988736,0.17460699450329584,-1.7571333333333332,100.0,2.0,6.0,1.05803365720146,0.180075738045941,0.0364401197862828,1.058,0.180075738045941,1.05803365720146,0.180075738045941,,0.180075738045941,0.12733277549945723,0.7331,0.3249636412941723,0.527868390083313,1.0402,0.1238,0.998,,,,8.920520986863881,,,,
325,P35557,V,16,G,NONSYN,0.3807983932718594,0.9475286648309956,0.04227608615076594,-2.365066666666667,100.0,2.0,6.0,0.8451669866974151,0.155943906099942,0.12709041950077907,0.8452,0.155943906099942,0.8451669866974151,0.155943906099942,,0.155943906099942,0.11026899348798719,0.8996,0.05443304229428414,0.3744794428348541,0.8495,0.1058,0.8759999999999999,,,,8.920520986863881,,,,
326,P35557,V,16,Y,NONSYN,0.33250944557826595,0.7298357398988736,0.17460699450329584,-1.7571333333333332,100.0,2.0,6.0,1.22638448043747,0.0528614484224211,0.012397213599576568,1.2264,0.0528614484224211,1.22638448043747,0.0528614484224211,,0.0528614484224211,0.03737868864283688,0.7767,0.44969107671661424,0.527868390083313,1.2241,0.0373,0.987,,,,8.920520986863881,,,,
327,P35557,V,16,N,NONSYN,0.2445312890805706,1.0623242249979807,0.07314768301914,-2.1033666666666666,100.0,2.0,6.0,0.715412484761064,0.13497807187880098,0.24403794138505497,0.7154,0.13497807187880098,0.715412484761064,0.13497807187880098,,0.13497807187880098,0.0954439099369854,0.8672,0.15175737226408248,0.3905094563961029,0.724,0.0927,0.9940000000000001,,,,8.920520986863881,,,,
328,P35557,V,16,C,NONSYN,0.4349501020449153,1.117807492042046,0.04743265818434338,-0.9503666666666666,100.0,2.0,6.0,0.7135029848774029,0.0575014721507129,0.24617950906726724,0.7135,0.0575014721507129,0.7135029848774029,0.0575014721507129,,0.0575014721507129,0.040659680885978496,0.8832,0.16974677479666933,0.40353599190711975,0.7152,0.0405,0.993,,,,8.920520986863881,,,,
329,P35557,V,16,P,NONSYN,0.17175025849116904,1.0814586005821434,0.08094755565034321,-1.883333333333333,100.0,2.0,6.0,0.590205690657102,0.27313947374194397,0.40598817802236514,0.5902,0.27313947374194397,0.590205690657102,0.27313947374194397,,0.27313947374194397,0.1931387740926535,0.8672,0.27696416636804444,0.4056021571159363,0.6414,0.1744,0.987,,,,8.920520986863881,,,,
330,P35557,V,16,E,NONSYN,0.32079411141973807,0.8098296780362423,0.17734203457837805,-1.7854,100.0,2.0,6.0,0.8180518427893541,0.12288436374147199,0.14692276998160497,0.8181,0.12288436374147199,0.8180518427893541,0.12288436374147199,,0.12288436374147199,0.08689236690338914,0.7773,0.0407835522696397,0.5225756168365479,0.817,0.0857,0.995,,,,8.920520986863881,,,,
331,P35557,V,16,M,NONSYN,0.4348220015603004,1.37031182034615,0.08001952248249422,-0.2969,100.0,2.0,6.0,2.56332392739755,0.06660256990324401,6.238116764146974e-07,2.5633,0.06660256990324401,2.56332392739755,0.06660256990324401,,0.06660256990324401,0.04709512882303489,1.0452,1.5181178574512608,0.5285727381706238,2.5514,0.0469,0.985,,,,8.920520986863881,,,,
332,P35557,V,16,W,NONSYN,0.20407639127029992,0.7379406400506671,0.1679371547140653,-1.7649666666666668,100.0,2.0,6.0,1.0337189567460798,0.271204967065715,0.04235615422882101,1.0337,0.271204967065715,1.0337189567460798,0.271204967065715,,0.271204967065715,0.19177087130364134,0.7326,0.30109460476777783,0.5315877199172974,0.999,0.1804,1.0,,,,8.920520986863881,,,,
333,P35557,V,16,H,NONSYN,0.2484595230317529,0.8503551285846424,0.043714296682880634,-2.2657666666666665,100.0,2.0,6.0,1.44414379653795,0.0986894890722253,0.0028646797084581396,1.4441,0.0986894890722253,1.44414379653795,0.0986894890722253,,0.0986894890722253,0.06978400695480619,0.7974,0.6466976648317122,0.3985137939453125,1.4249,0.0687,0.998,,,,8.920520986863881,,,,
334,P35557,V,16,Q,NONSYN,0.31633139311143543,0.9699348189122979,0.08201624921862614,-1.7866,100.0,2.0,6.0,0.337736420161187,0.678324512690843,0.7459953801345257,0.3377,0.678324512690843,0.337736420161187,0.678324512690843,,0.678324512690843,0.4796478627687554,0.8149,0.47713560628229446,0.427201509475708,0.6038,0.319,0.9990000000000001,,,,8.920520986863881,,,,
335,P35557,V,16,*,STOP,,,,,100.0,2.0,6.0,0.0047725057127105,0.05,0.9472805685553756,0.0048,0.05,0.0047725057127105,0.05,,0.05,0.035355339059327376,,,,0.0048,0.0354,,,,,8.920520986863881,,,PF00349,215.0
336,P35557,E,17,S,NONSYN,0.4382670271083193,0.7274405804459185,0.12884598280137496,-0.6747666666666666,100.0,2.0,6.0,1.23806023227373,0.21380884799137498,0.011481187283292905,1.2381,0.21380884799137498,1.23806023227373,0.21380884799137498,,0.21380884799137498,0.151185686292385,0.8778,0.3602504097143733,0.4843817949295044,1.2061,0.1443,0.001,,,,71.02008178868897,,,,
337,P35557,E,17,A,NONSYN,0.4725389201357859,0.5325504953728333,0.11382984301421828,-0.8022,100.0,2.0,6.0,1.18901687450496,0.0725229515180135,0.015824919238846675,1.189,0.0725229515180135,1.18901687450496,0.0725229515180135,,0.0725229515180135,0.05128147081005056,0.8109,0.3780686218270426,0.4771532416343689,1.1847,0.051,0.026000000000000002,,,,71.02008178868897,,,,
338,P35557,E,17,V,NONSYN,0.5148579282991502,1.2253586483217331,0.14416968589945947,-1.6669666666666665,100.0,2.0,6.0,0.8853516855218408,0.189803789867311,0.10179454120309725,0.8854,0.189803789867311,0.8853516855218408,0.189803789867311,,0.189803789867311,0.1342115469100821,1.0811,0.19573399639344236,0.5953632593154907,0.8948,0.1309,0.073,,,,71.02008178868897,,,,
339,P35557,E,17,R,NONSYN,0.4513055748960305,0.7571012337345587,0.12360769011875494,-0.7211333333333333,100.0,2.0,6.0,1.10003491463904,0.17047947264386198,0.028002139956901435,1.1,0.17047947264386198,1.10003491463904,0.17047947264386198,,0.17047947264386198,0.12054719115958132,0.8718,0.22827895703558543,0.47524285316467285,1.0862,0.1168,0.136,,,,71.02008178868897,,,,
340,P35557,E,17,D,NONSYN,0.4800060668498122,0.674903240230778,0.1431187243317956,-0.020166666666666666,100.0,2.0,6.0,1.20731768234815,0.168752078918892,0.014045944029427987,1.2073,0.168752078918892,1.20731768234815,0.168752078918892,,0.168752078918892,0.11932573934287595,0.8634,0.3439409457072198,0.4857209622859955,1.1877,0.1159,0.0,,,,71.02008178868897,,,,
341,P35557,E,17,F,NONSYN,0.4134101209643438,1.3520718557282567,0.16930096023203245,-2.4431333333333334,100.0,2.0,6.0,1.5300006596373998,0.0597188452478126,0.001579998648138705,1.53,0.0597188452478126,1.5300006596373998,0.0597188452478126,,0.0597188452478126,0.04222760043935832,1.0873,0.4427175251769506,0.6071264743804932,1.5279,0.0421,0.691,,,,71.02008178868897,,,,
342,P35557,E,17,T,NONSYN,0.4070866311137473,1.3189407052803432,0.14193738535907086,-0.9768666666666667,100.0,2.0,6.0,0.402639714163447,0.41173528195706205,0.6702980347168649,0.4026,0.41173528195706205,0.402639714163447,0.41173528195706205,,0.41173528195706205,0.2911408099255937,1.0881,0.6854614344418997,0.5873874425888062,0.5378,0.2609,0.105,,,,71.02008178868897,,,,
343,P35557,E,17,I,NONSYN,0.377366298627538,1.0860218060841769,0.08450146184855394,-2.3962999999999997,100.0,2.0,6.0,1.19315687165505,0.632068390286187,0.015404517087488322,1.1932,0.632068390286187,1.19315687165505,0.632068390286187,,0.632068390286187,0.44693984494502814,0.9262,0.26696095214134763,0.40391919016838074,1.0462,0.2997,0.34,,,,71.02008178868897,,,,
344,P35557,E,17,L,NONSYN,0.4309220950052253,0.9887500722224334,0.15291891115706682,-2.375633333333333,100.0,2.0,6.0,1.4849720732402802,0.32729790095631,0.002161149735164695,1.485,0.32729790095631,1.4849720732402802,0.32729790095631,,0.32729790095631,0.2314345652343298,0.9167,0.5682967440319062,0.4895714521408081,1.3812,0.2092,0.128,,,,71.02008178868897,,,,
345,P35557,E,17,K,NONSYN,0.4890082107053284,0.7734490196574818,0.13238708899775886,-0.6217666666666667,100.0,2.0,6.0,0.278066271775648,0.25085316400994,0.8039691792793285,0.2781,0.25085316400994,0.278066271775648,0.25085316400994,,0.25085316400994,0.17737997335352976,0.8859,0.6078726110521108,0.4896930158138275,0.3486,0.1668,0.001,,,,71.02008178868897,,,,
346,P35557,E,17,G,NONSYN,0.4522640708552875,0.8684102275297837,0.057317772686249734,-1.9225,100.0,2.0,6.0,0.683433343923469,0.18659402603770897,0.281429850198639,0.6834,0.18659402603770897,0.683433343923469,0.18659402603770897,,0.18659402603770897,0.13194190114016321,0.8913,0.20787257953844507,0.3957933783531189,0.7042,0.1252,0.17600000000000002,,,,71.02008178868897,,,,
347,P35557,E,17,Y,NONSYN,0.4671477233180428,1.1205207629395997,0.17343774043384164,-2.2137666666666664,100.0,2.0,6.0,0.39500672272281,0.11003964986290402,0.6798413373826395,0.395,0.11003964986290402,0.39500672272281,0.11003964986290402,,0.11003964986290402,0.07780978261745276,0.9404,0.5453435713903492,0.5085142254829407,0.4075,0.0769,0.856,,,,71.02008178868897,,,,
348,P35557,E,17,N,NONSYN,0.4945297857128286,1.108468372098491,0.13121153207744377,-0.6558999999999999,100.0,2.0,6.0,0.0949768573160129,0.18612093888210895,0.9176207434700411,0.095,0.18612093888210895,0.0949768573160129,0.18612093888210895,,0.18612093888210895,0.1316073780043462,0.9339,0.838899001467709,0.49548235535621643,0.1503,0.1272,0.033,,,,71.02008178868897,,,,
349,P35557,E,17,C,NONSYN,0.4263241553322161,1.4643531183890401,0.08164508657651139,-2.5622,100.0,2.0,6.0,1.06353637263347,0.137256597582901,0.035212758543965286,1.0635,0.137256597582901,1.06353637263347,0.137256597582901,,0.137256597582901,0.09705507091346238,1.0838,0.02029756024311702,0.4910739064216614,1.0643,0.0952,0.82,,,,71.02008178868897,,,,
350,P35557,E,17,P,NONSYN,0.2784783599621833,0.8256694247300826,0.108220710575179,-1.2109666666666667,100.0,2.0,6.0,1.66777032669703,0.572982683365244,0.0005968430478011505,1.6678,0.572982683365244,1.66777032669703,0.572982683365244,,0.572982683365244,0.40515994091002844,0.8865,0.7812733059755945,0.45260557532310486,1.3202,0.3019,0.071,,,,71.02008178868897,,,,
351,P35557,E,17,E,SYN,,,,,100.0,2.0,6.0,1.2709035880842399,0.05,0.00924055195413454,1.2709,0.05,1.2709035880842399,0.05,,0.05,0.035355339059327376,,,,1.2709,0.0354,,,,,71.02008178868897,,,,
352,P35557,E,17,M,NONSYN,0.4318399535430367,0.6545972507227066,0.06788533377153388,-1.9440333333333335,100.0,2.0,6.0,1.3248722743447,0.104888912630849,0.006444732066203822,1.3249,0.104888912630849,1.3248722743447,0.104888912630849,,0.104888912630849,0.07416766139255664,0.8328,0.4920627664978676,0.4100281894207001,1.3093,0.073,0.682,,,,71.02008178868897,,,,
353,P35557,E,17,W,NONSYN,0.3886512979012191,1.4027098681775767,0.1683582005472443,-2.4843333333333333,100.0,2.0,6.0,1.3780866222894401,0.0964173556441476,0.004499091092588968,1.3781,0.0964173556441476,1.3780866222894401,0.0964173556441476,,0.0964173556441476,0.06817736600005181,1.0487,0.3294312315499992,0.6348036527633667,1.3743,0.0678,0.986,,,,71.02008178868897,,,,
354,P35557,E,17,H,NONSYN,0.3874690850586482,0.8110240014095943,0.07796668731747121,-0.6659666666666667,100.0,2.0,6.0,0.987309969382703,0.48489062336742794,0.0561819988771842,0.9873,0.48489062336742794,0.987309969382703,0.48489062336742794,,0.48489062336742794,0.34286944791688045,0.8764,0.11095163913291661,0.41691622138023376,0.9425,0.2648,0.615,,,,71.02008178868897,,,,
355,P35557,E,17,Q,NONSYN,0.4979236622050323,0.9078147287991759,0.08727949915601434,-0.02876666666666668,100.0,2.0,6.0,0.508583216642956,0.509952853904449,0.5246678526588503,0.5086,0.509952853904449,0.508583216642956,0.509952853904449,,0.509952853904449,0.3605911210812686,0.8996,0.3909750890974004,0.4024006724357605,0.6827,0.2685,0.145,,,,71.02008178868897,,,,
356,P35557,E,17,*,STOP,,,,,100.0,2.0,6.0,0.197676470840852,0.05,0.8646801842275164,0.1977,0.05,0.197676470840852,0.05,,0.05,0.035355339059327376,,,,0.1977,0.0354,,,,,71.02008178868897,,,,
357,P35557,Q,18,S,NONSYN,0.4409447200841817,1.0582721239581336,0.10626337681174318,-0.6639,100.0,2.0,6.0,0.512660994543246,0.15424780040135502,0.5187376760204248,0.5127,0.15424780040135502,0.512660994543246,0.15424780040135502,,0.15424780040135502,0.10906966564690719,0.8628,0.3500957345827306,0.4568019509315491,0.5315,0.1061,0.995,,,,120.34810776904881,,,,
358,P35557,Q,18,A,NONSYN,0.4409062194732345,0.848056173502429,0.11007933030939789,-0.7354333333333333,100.0,2.0,6.0,1.3810468718911102,0.15392100252509303,0.0044095342791204166,1.381,0.15392100252509303,1.3810468718911102,0.15392100252509303,,0.15392100252509303,0.10883858465252498,0.8286,0.5524706647301605,0.47189971804618835,1.3531,0.1061,0.995,,,,120.34810776904881,,,,
359,P35557,Q,18,V,NONSYN,0.3518917047261823,0.6845537459688184,0.05027692041161707,-1.6304999999999998,100.0,2.0,6.0,1.2466758618441,0.16218212532613502,0.010847378061941061,1.2467,0.16218212532613502,1.2466758618441,0.16218212532613502,,0.16218212532613502,0.11468008060535657,0.7266,0.520110977658309,0.42365768551826477,1.2112,0.1107,0.988,,,,120.34810776904881,,,,
360,P35557,Q,18,R,NONSYN,0.4495753804079927,1.3289733090332791,0.24305013114710425,0.14876666666666669,100.0,2.0,6.0,0.842546702852084,0.11327231283756402,0.12890642502090718,0.8425,0.11327231283756402,0.842546702852084,0.11327231283756402,,0.11327231283756402,0.08009562052812554,1.0674,0.22481059885995214,0.6702024936676025,0.8457,0.0795,0.975,,,,120.34810776904881,,,,
361,P35557,Q,18,D,NONSYN,0.3761251669021567,1.2099120227582554,0.05992306432758518,-0.7075333333333332,100.0,2.0,6.0,0.29547932412363104,0.420918057146004,0.7882258529815206,0.2955,0.420918057146004,0.29547932412363104,0.420918057146004,,0.420918057146004,0.29763401253180616,1.0288,0.7333602640416521,0.511833131313324,0.4808,0.2573,0.983,,,,120.34810776904881,,,,
362,P35557,Q,18,F,NONSYN,0.46856681542106005,0.8287300059663014,0.05624337951327058,-2.0619666666666667,100.0,2.0,6.0,1.51145553283348,0.0665964570519832,0.0017980904271083728,1.5115,0.0665964570519832,1.51145553283348,0.0665964570519832,,0.0665964570519832,0.04709080638445599,0.8216,0.6898651688541404,0.4034503996372223,1.5022,0.0468,0.997,,,,120.34810776904881,,,,
363,P35557,Q,18,T,NONSYN,0.4922881604041325,0.7297290635193291,0.11171791604516773,-0.6848333333333333,100.0,2.0,6.0,1.7360282018404098,0.13095749900008197,0.0003654097581378558,1.736,0.13095749900008197,1.7360282018404098,0.13095749900008197,,0.13095749900008197,0.09260093559018846,0.7767,0.9593347981195541,0.48036468029022217,1.7017,0.0909,0.9640000000000001,,,,120.34810776904881,,,,
364,P35557,Q,18,I,NONSYN,0.4593577312581562,1.22025789679837,0.04647430241697507,-2.0460000000000003,100.0,2.0,6.0,0.336871860337274,0.149991043941312,0.7469165584180697,0.3369,0.149991043941312,0.336871860337274,0.149991043941312,,0.149991043941312,0.10605968428815113,1.0306,0.693736197638495,0.4903407096862793,0.3679,0.1037,0.996,,,,120.34810776904881,,,,
365,P35557,Q,18,L,NONSYN,0.47697605168164703,0.90260257894368,0.036068556487089995,-1.5785,100.0,2.0,6.0,0.791339698877265,0.156107599325358,0.16878366383859597,0.7913,0.156107599325358,0.791339698877265,0.156107599325358,,0.156107599325358,0.11038474207771315,0.8406,0.04926567927367498,0.41924378275871277,0.7945,0.1067,0.983,,,,120.34810776904881,,,,
366,P35557,Q,18,K,NONSYN,0.3813325671505154,1.0418195667927408,0.22571979615707818,0.2974666666666667,100.0,2.0,6.0,1.79172796828405,0.39467291650506503,0.00024386963571002313,1.7917,0.39467291650506503,1.79172796828405,0.39467291650506503,,0.39467291650506503,0.27907589561140356,0.8849,0.906820066996971,0.5682131052017212,1.6155,0.2505,0.983,,,,120.34810776904881,,,,
367,P35557,Q,18,G,NONSYN,0.4132083883745238,0.8856996753261882,0.05699161449419168,-1.6385666666666667,100.0,2.0,6.0,0.64323807377199,0.115490625753303,0.3326790298443651,0.6432,0.115490625753303,0.64323807377199,0.115490625753303,,0.115490625753303,0.08166420463363827,0.8368,0.19359045606275727,0.4211964011192322,0.6503,0.0802,0.995,,,,120.34810776904881,,,,
368,P35557,Q,18,Y,NONSYN,0.4840075968099441,0.6169593827028309,0.07620870864982757,-1.4618333333333335,100.0,2.0,6.0,1.44548619780185,0.0478192357203705,0.0028383536898826957,1.4455,0.0478192357203705,1.44548619780185,0.0478192357203705,,0.0478192357203705,0.03381330584903196,0.6898,0.7557316521132209,0.4352143406867981,1.441,0.0337,0.997,,,,120.34810776904881,,,,
369,P35557,Q,18,N,NONSYN,0.4518295354764143,0.9511659577516633,0.04655558771819155,-0.35083333333333333,100.0,2.0,6.0,0.7101800637708371,0.10402542284700698,0.24993447981997907,0.7102,0.10402542284700698,0.7101800637708371,0.10402542284700698,,0.10402542284700698,0.07355708191091664,0.8504,0.14020715184348176,0.41444435715675354,0.7145,0.0724,0.995,,,,120.34810776904881,,,,
370,P35557,Q,18,C,NONSYN,0.4511413301447636,1.031667751671618,0.05438312806672028,-1.9530666666666667,100.0,2.0,6.0,0.9026422957175301,0.0902184253100296,0.09230587388121778,0.9026,0.0902184253100296,0.9026422957175301,0.0902184253100296,,0.0902184253100296,0.06379406032469398,0.824,0.07865016257696611,0.4112306237220764,0.9008,0.063,0.9990000000000001,,,,120.34810776904881,,,,
371,P35557,Q,18,P,NONSYN,0.4853050517411639,1.3242846995065083,0.04933227950246242,-1.2671333333333334,100.0,2.0,6.0,0.44045498397402794,0.269031705382205,0.6208119952670811,0.4405,0.269031705382205,0.44045498397402794,0.269031705382205,,0.269031705382205,0.19023414322993853,1.0452,0.6047510859722611,0.5080569386482239,0.5148,0.1782,0.9940000000000001,,,,120.34810776904881,,,,
372,P35557,Q,18,E,NONSYN,0.4564313440073604,1.3730955220603613,0.24327966540226845,0.2536666666666667,100.0,2.0,6.0,0.797900102481188,0.0867552018254379,0.16319583242452607,0.7979,0.0867552018254379,0.797900102481188,0.0867552018254379,,0.0867552018254379,0.06134519151397468,1.0674,0.2694571992308481,0.6702024936676025,0.8001,0.0611,0.9620000000000001,,,,120.34810776904881,,,,
373,P35557,Q,18,M,NONSYN,0.4050622568485636,0.867962643401731,0.05691384695088834,-0.5147333333333333,100.0,2.0,6.0,1.4982901758596598,0.0488938511054804,0.0019704479536132406,1.4983,0.0488938511054804,1.4982901758596598,0.0488938511054804,,0.0488938511054804,0.03457317367501056,0.8286,0.6697139686987101,0.42267024517059326,1.4938,0.0345,0.996,,,,120.34810776904881,,,,
374,P35557,Q,18,W,NONSYN,0.4710687255935087,0.893751211497785,0.059633467942515374,-1.6665666666666665,100.0,2.0,6.0,0.6190834652571999,0.08827326812435,0.36540392936099175,0.6191,0.08827326812435,0.6190834652571999,0.08827326812435,,0.08827326812435,0.062418626488226193,0.7827,0.163627683004824,0.4223988354206085,0.6226,0.0617,1.0,,,,120.34810776904881,,,,
375,P35557,Q,18,H,NONSYN,0.4843682171858765,1.1440582578724408,0.09891741586965852,0.3949666666666667,100.0,2.0,6.0,1.48501189504495,0.946959657477619,0.002160553576333217,1.485,0.946959657477619,1.48501189504495,0.946959657477619,,0.946959657477619,0.6696015953125147,0.9101,0.574882705553678,0.4029275178909302,1.063,0.3452,0.995,,,,120.34810776904881,,,,
376,P35557,Q,18,Q,SYN,,,,,100.0,2.0,6.0,1.75244971124921,0.05,0.0003244631009790009,1.7524,0.05,1.75244971124921,0.05,,0.05,0.035355339059327376,,,,1.7524,0.0354,,,,,120.34810776904881,,,,
377,P35557,Q,18,*,STOP,,,,,100.0,2.0,6.0,0.21794362330056102,0.05,0.8511465972229338,0.2179,0.05,0.21794362330056102,0.05,,0.05,0.035355339059327376,,,,0.2179,0.0354,,,,,120.34810776904881,,,,
378,P35557,I,19,S,NONSYN,0.3569880228913576,0.6990248894545322,0.21769867304288992,-2.078,100.0,2.0,6.0,1.28453410470504,0.122800107232011,0.008440180389590903,1.2845,0.122800107232011,1.28453410470504,0.122800107232011,,0.122800107232011,0.08683278855419017,0.6881,0.5964214881660386,0.5701247453689575,1.271,0.0858,1.0,,,,15.26443399776266,,,,
379,P35557,I,19,A,NONSYN,0.28919971369701003,0.9272371437698567,0.08852177211576477,-1.0550333333333333,100.0,2.0,6.0,1.74282833951483,0.329769882136222,0.0003478748085599076,1.7428,0.329769882136222,1.74282833951483,0.329769882136222,,0.329769882136222,0.23318251988961108,0.7827,0.9601171912528061,0.44410744309425354,1.5353,0.2065,1.0,,,,15.26443399776266,,,,
380,P35557,I,19,V,NONSYN,0.5093217990682584,1.3124393933003657,0.17247130975999247,0.12380000000000002,100.0,2.0,6.0,1.5211440785847101,0.245480807890689,0.0016807276265646907,1.5211,0.245480807890689,1.5211440785847101,0.245480807890689,,0.245480807890689,0.17358114391065832,1.0487,0.4724886878452692,0.5978783369064331,1.4844,0.1667,0.98,,,,15.26443399776266,,,,
381,P35557,I,19,R,NONSYN,0.3272410050264404,0.9846517965481861,0.12994411824584712,-2.3346999999999998,100.0,2.0,6.0,1.16936070229284,0.136514302518877,0.017975243155924574,1.1694,0.136514302518877,1.16936070229284,0.136514302518877,,0.136514302518877,0.0965301890400497,0.8042,0.3651716163324519,0.48097285628318787,1.1552,0.0946,1.0,,,,15.26443399776266,,,,
382,P35557,I,19,D,NONSYN,0.16544784150713826,1.3382152096554485,0.09179294833288032,-2.5876333333333332,100.0,2.0,6.0,1.25324909865756,0.760012028323069,0.010386616956733957,1.2532,0.760012028323069,1.25324909865756,0.760012028323069,,0.760012028323069,0.5374096590105845,0.9911,0.26216046988863906,0.5473685264587402,1.1246,0.3835,1.0,,,,15.26443399776266,,,,
383,P35557,I,19,F,NONSYN,0.4538389948012209,0.9272371437698567,0.08852177211576477,-1.0550333333333333,100.0,2.0,6.0,1.67668509757025,0.110386507373289,0.0005599707315760775,1.6767,0.110386507373289,1.67668509757025,0.110386507373289,,0.110386507373289,0.07805504791515148,0.7827,0.8939739493082262,0.44410744309425354,1.6499,0.0769,1.0,,,,15.26443399776266,,,,
384,P35557,I,19,T,NONSYN,0.4688475184602092,1.3266125461767218,0.05055571894060778,-0.9611333333333333,100.0,2.0,6.0,0.478558890349654,0.32745870363531204,0.5678663060647068,0.4786,0.32745870363531204,0.478558890349654,0.32745870363531204,,0.32745870363531204,0.23154826989908509,0.9911,0.5125297384192669,0.5124569535255432,0.5655,0.211,1.0,,,,15.26443399776266,,,,
385,P35557,I,19,I,SYN,,,,,,,,,,,,,,,,,,,,,,,,,,,15.26443399776266,,,,
386,P35557,I,19,L,NONSYN,0.4687676623700352,1.3113958663963026,0.17622152508950065,0.3612333333333333,100.0,2.0,6.0,1.5242746592969,0.19163170192039003,0.0016444270216805035,1.5243,0.19163170192039003,1.5242746592969,0.19163170192039003,,0.19163170192039003,0.1355040759182269,1.0487,0.4756192685574592,0.5886174440383911,1.5003,0.1321,0.973,,,,15.26443399776266,,,,
387,P35557,I,19,K,NONSYN,0.25092304942959986,0.8044969730751464,0.18633965837647573,-2.1390333333333333,100.0,2.0,6.0,0.8529444514309971,0.49668958725358503,0.12182361495380588,0.8529,0.49668958725358503,0.8529444514309971,0.49668958725358503,,0.49668958725358503,0.3512125752917573,0.7455,0.10740085230227392,0.5122507810592651,0.8186,0.2897,0.9990000000000001,,,,15.26443399776266,,,,
388,P35557,I,19,G,NONSYN,0.2286457322751229,1.3822444142300416,0.19942086009452956,-2.4901666666666666,100.0,2.0,6.0,1.12116148493378,0.115970124627688,0.024489752948169033,1.1212,0.115970124627688,1.12116148493378,0.115970124627688,,0.115970124627688,0.08200326153928722,1.0085,0.11270549318878498,0.637525200843811,1.1193,0.0813,1.0,,,,15.26443399776266,,,,
389,P35557,I,19,Y,NONSYN,0.13155243779361564,1.0481333799712633,0.11593311212699604,-1.0679999999999998,100.0,2.0,6.0,1.38013963091061,0.0887090349586968,0.004436795603342695,1.3801,0.0887090349586968,1.38013963091061,0.0887090349586968,,0.0887090349586968,0.062726760171809,0.824,0.556147497770046,0.47653210163116455,1.3707,0.0622,0.9990000000000001,,,,15.26443399776266,,,,
390,P35557,I,19,N,NONSYN,0.35592577166482897,0.7292734426524662,0.13035375422122056,-2.2975999999999996,100.0,2.0,6.0,1.9354957639800001,0.129293704720892,8.446214671233476e-05,1.9355,0.129293704720892,1.9354957639800001,0.129293704720892,,0.129293704720892,0.09142445537287386,0.7223,1.2132234274969984,0.48418429493904114,1.8937,0.0898,1.0,,,,15.26443399776266,,,,
391,P35557,I,19,C,NONSYN,0.3956709195432079,1.200508953591698,0.11151648374267868,-1.1501666666666666,100.0,2.0,6.0,0.9230129100493059,0.161094317166853,0.08211903885151084,0.923,0.161094317166853,0.9230129100493059,0.161094317166853,,0.161094317166853,0.1139108840792982,0.9747,0.05170923693860918,0.5142263174057007,0.9254,0.1112,1.0,,,,15.26443399776266,,,,
392,P35557,I,19,P,NONSYN,0.14199266304317096,0.6755551060078488,0.14092367924258073,-2.2159,,,,,,,,,,,,,,0.6699,,0.5049233436584473,0.6699,0.5049,1.0,,,,15.26443399776266,,,,
393,P35557,I,19,E,NONSYN,0.17211454446743213,1.0551092372949447,0.10569179504938236,-2.2968999999999995,100.0,2.0,6.0,0.9579883800525649,0.34857005703151894,0.06692303734301656,0.958,0.34857005703151894,0.9579883800525649,0.34857005703151894,,0.34857005703151894,0.24647625104556864,0.7991,0.15891003475379784,0.45360609889030457,0.9218,0.2166,1.0,,,,15.26443399776266,,,,
394,P35557,I,19,M,NONSYN,0.42718435575891617,1.5740346118172868,0.07787765234778479,0.4004666666666667,100.0,2.0,6.0,0.736358423033947,0.6975144860394749,0.2213351629791898,0.7364,0.6975144860394749,0.736358423033947,0.6975144860394749,,0.6975144860394749,0.49321722305436205,1.0006,0.2642736246192512,0.46741077303886414,0.8756,0.3393,1.0,,,,15.26443399776266,,,,
395,P35557,I,19,W,NONSYN,0.174286826410949,0.8232006668459078,0.19700409078749007,-2.1218999999999997,100.0,2.0,6.0,0.7968333701187131,0.416069661270256,0.16409463604723515,0.7968,0.416069661270256,0.7968333701187131,0.416069661270256,,0.416069661270256,0.29420567893018784,0.7613,0.03554258146820044,0.5000594854354858,0.7877,0.2536,1.0,,,,15.26443399776266,,,,
396,P35557,I,19,H,NONSYN,0.28548817071874943,1.3542816154418016,0.09334943359098087,-2.3060999999999994,100.0,2.0,6.0,0.0604712456119936,0.407087930134293,0.9305041580769063,0.0605,0.407087930134293,0.0604712456119936,0.407087930134293,,0.407087930134293,0.28785463593715405,0.9911,0.9306173831569273,0.5081675052642822,0.2865,0.2505,1.0,,,,15.26443399776266,,,,
397,P35557,I,19,Q,NONSYN,0.19562317673292887,0.9397128412808501,0.15607168294442597,-2.1262666666666665,100.0,2.0,6.0,0.44729684681388604,0.65822056431545,0.6115051755096705,0.4473,0.65822056431545,0.44729684681388604,0.65822056431545,,0.65822056431545,0.46543222454389066,0.7827,0.3354143014481379,0.501711905002594,0.6024,0.3412,1.0,,,,15.26443399776266,,,,
398,P35557,I,19,*,STOP,,,,,100.0,2.0,6.0,0.12077423458201102,0.05,0.9065305384625816,0.1208,0.05,0.12077423458201102,0.05,,0.05,0.035355339059327376,,,,0.1208,0.0354,,,,,15.26443399776266,,,,
399,P35557,L,20,S,NONSYN,0.3696688568840947,0.5218647392283803,0.06640496366015985,-1.8501333333333332,100.0,2.0,6.0,0.546977471212729,0.133045094601027,0.4685992649020969,0.547,0.133045094601027,0.546977471212729,0.133045094601027,,0.133045094601027,0.09407708859599191,0.5659,0.018937576909677012,0.4225996136665344,0.5479,0.0918,1.0,,,,5.741745262829826,,,,
400,P35557,L,20,A,NONSYN,0.2800117097075371,0.7381012417061653,0.1595801657281298,-1.3620666666666665,100.0,2.0,6.0,1.03178187194944,0.37309386832412506,0.04286391482889497,1.0318,0.37309386832412506,1.03178187194944,0.37309386832412506,,0.37309386832412506,0.26381720431110967,0.7234,0.30836625877500157,0.5160873532295227,0.9679,0.2349,1.0,,,,5.741745262829826,,,,
401,P35557,L,20,V,NONSYN,0.45006845647116095,1.1516719472425603,0.058192700395679205,0.4434,100.0,2.0,6.0,1.8362525987739,0.0580756833387105,0.00017605529798255307,1.8363,0.0580756833387105,1.8362525987739,0.0580756833387105,,0.0580756833387105,0.04106570951084479,0.9043,0.9319268751258287,0.3761376738548279,1.8253,0.0408,0.998,,,,5.741745262829826,,,,
402,P35557,L,20,R,NONSYN,0.2792328090176149,0.4955789773117039,0.061591684563709344,-1.8351333333333333,100.0,2.0,6.0,0.6258347569627579,0.169677640957807,0.35613100318183943,0.6258,0.169677640957807,0.6258347569627579,0.169677640957807,,0.169677640957807,0.1199802105370016,0.424,0.20180600272844396,0.40556496381759644,0.6096,0.1151,1.0,,,,5.741745262829826,,,,
403,P35557,L,20,D,NONSYN,0.15709418040401155,0.6695616599001867,0.05160579490387687,-2.512333333333333,100.0,2.0,6.0,0.330956925460505,0.10642740964136399,0.7531551173008589,0.331,0.10642740964136399,0.330956925460505,0.10642740964136399,,0.10642740964136399,0.07525554306152701,0.6699,0.33894796221573403,0.40610456466674805,0.3422,0.074,1.0,,,,5.741745262829826,,,,
404,P35557,L,20,F,NONSYN,0.463424518412456,1.2222052084805803,0.05542534308822253,0.48950000000000005,100.0,2.0,6.0,1.62465281505984,0.0950388131625815,0.0008114030727890447,1.6247,0.0950388131625815,1.62465281505984,0.0950388131625815,,0.0950388131625815,0.06720258926318269,0.9765,0.6481621982614392,0.4364924430847168,1.6096,0.0664,1.0,,,,5.741745262829826,,,,
405,P35557,L,20,T,NONSYN,0.3205067496312658,0.8848874627829678,0.15647918197330105,-1.3817666666666666,100.0,2.0,6.0,0.591423208719033,0.39603123971622495,0.4042511731765663,0.5914,0.39603123971622495,0.591423208719033,0.39603123971622495,,0.39603123971622495,0.2800363751650578,0.7759,0.18446523427413108,0.5175603628158569,0.6332,0.2463,1.0,,,,5.741745262829826,,,,
406,P35557,L,20,I,NONSYN,0.3599458773266949,1.3461858682529504,0.04545863537212961,0.27723333333333333,100.0,2.0,6.0,1.2527108357427301,0.16471501536068,0.010423627127054129,1.2527,0.16471501536068,1.2527108357427301,0.16471501536068,,0.16471501536068,0.11647110432478316,1.0141,0.23863484125115297,0.47480645775794983,1.2392,0.1131,0.998,,,,5.741745262829826,,,,
407,P35557,L,20,L,SYN,,,,,100.0,2.0,6.0,1.1231749641897901,0.05,0.02417770073696503,1.1232,0.05,1.1231749641897901,0.05,,0.05,0.035355339059327376,,,,1.1232,0.0354,,,,,5.741745262829826,,,,
408,P35557,L,20,K,NONSYN,0.16637828819819184,0.6622763867514406,0.05311688919872546,-1.8327,100.0,2.0,6.0,0.125742528643548,0.21514848883371399,0.9042388521672562,0.1257,0.21514848883371399,0.125742528643548,0.21514848883371399,,0.21514848883371399,0.15213295541635735,0.6715,0.545781101975501,0.422357976436615,0.1884,0.1431,1.0,,,,5.741745262829826,,,,
409,P35557,L,20,G,NONSYN,0.3375782897720982,0.6209207503856873,0.05083037909067587,-2.5354666666666663,100.0,2.0,6.0,0.47687965400400295,0.112944875261501,0.5702508179377015,0.4769,0.112944875261501,0.47687965400400295,0.112944875261501,,0.112944875261501,0.07986408719767608,0.6699,0.19302523367223606,0.40610456466674805,0.4841,0.0784,1.0,,,,5.741745262829826,,,,
410,P35557,L,20,Y,NONSYN,0.3932294491632085,1.0860820331663277,0.12870630122165286,-1.3710666666666667,100.0,2.0,6.0,-0.012160502431047,0.547182187516108,0.951539525492353,-0.0122,0.547182187516108,-0.012160502431047,0.547182187516108,,0.547182187516108,0.386916235337129,0.8182,0.830320321080339,0.4928843677043915,0.3044,0.3043,1.0,,,,5.741745262829826,,,,
411,P35557,L,20,N,NONSYN,0.1790631080953343,0.39181901718896867,0.08428176717056317,-2.4369,100.0,2.0,6.0,1.1220333059449898,0.0824441682512028,0.02435417116526792,1.122,0.0824441682512028,1.1220333059449898,0.0824441682512028,,0.0824441682512028,0.058296830439710165,0.3726,0.7494740565438973,0.3829140067100525,1.1051,0.0576,1.0,,,,5.741745262829826,,,,
412,P35557,L,20,C,NONSYN,0.3444819501115762,0.5112655672316321,0.1647318510893692,-1.3948999999999998,100.0,2.0,6.0,1.63504101883051,0.0462151287202526,0.0007536846275386215,1.635,0.0462151287202526,1.63504101883051,0.0462151287202526,,0.0462151287202526,0.03267903091149978,0.5251,1.1099507416355332,0.5316104888916016,1.6309,0.0326,1.0,,,,5.741745262829826,,,,
413,P35557,L,20,P,NONSYN,0.3101239067988947,0.5749183696236603,0.06871036168533001,-2.2839666666666667,100.0,2.0,6.0,0.288805377811336,0.29448546424876193,0.7943734835307591,0.2888,0.29448546424876193,0.288805377811336,0.29448546424876193,,0.29448546424876193,0.20823266873116816,0.6093,0.32049881187067086,0.41524189710617065,0.3532,0.1861,1.0,,,,5.741745262829826,,,,
414,P35557,L,20,E,NONSYN,0.22335052551716408,0.6292394459201096,0.07683867457221927,-2.4328000000000003,100.0,2.0,6.0,0.409772019751567,0.168473319820764,0.6612383616686547,0.4098,0.168473319820764,0.409772019751567,0.168473319820764,,0.168473319820764,0.1191286268942722,0.6699,0.260132867924672,0.4132818877696991,0.4297,0.1145,1.0,,,,5.741745262829826,,,,
415,P35557,L,20,M,NONSYN,0.4855550162170784,1.5712054165254903,0.04686635685523447,0.15566666666666665,100.0,2.0,6.0,0.577652190925111,0.157453531352974,0.4240037544488501,0.5777,0.157453531352974,0.577652190925111,0.157453531352974,,0.157453531352974,0.11133645974145658,1.0006,0.42297985672808724,0.4736954867839813,0.5998,0.1084,1.0,,,,5.741745262829826,,,,
416,P35557,L,20,W,NONSYN,0.28885364138641745,0.432851585606345,0.07179460335871486,-1.8677333333333335,100.0,2.0,6.0,0.814016932078835,0.065526876076092,0.1500744966288238,0.814,0.065526876076092,0.814016932078835,0.065526876076092,,0.065526876076092,0.046334498423375205,0.4047,0.4093200503077473,0.40556496381759644,0.8087,0.046,1.0,,,,5.741745262829826,,,,
417,P35557,L,20,H,NONSYN,0.29725486605293433,0.34679422113921393,0.0948100623885713,-1.9786333333333335,100.0,2.0,6.0,0.192949783174424,0.223158571609198,0.8676755407815975,0.1929,0.223158571609198,0.192949783174424,0.223158571609198,,0.223158571609198,0.15779693926476765,0.3482,0.15526263776597518,0.39486899971961975,0.2143,0.1465,1.0,,,,5.741745262829826,,,,
418,P35557,L,20,Q,NONSYN,0.3225298006389851,1.1602799409529283,0.08994709685636225,-1.5422,100.0,2.0,6.0,0.514175332176503,0.223273618737121,0.5165327807227462,0.5142,0.223273618737121,0.514175332176503,0.223273618737121,,0.223273618737121,0.15787828986907806,0.8813,0.36716314495820157,0.43014317750930786,0.5578,0.1482,1.0,,,,5.741745262829826,,,,
419,P35557,L,20,*,STOP,,,,,100.0,2.0,6.0,0.0048765053957981,0.05,0.947253298285204,0.0049,0.05,0.0048765053957981,0.05,,0.05,0.035355339059327376,,,,0.0049,0.0354,,,,,5.741745262829826,,,,
420,P35557,A,21,S,NONSYN,0.46929375853615796,0.8452619549067206,0.0951162245484616,-0.41050000000000003,100.0,2.0,6.0,1.01067675826504,0.142813711231401,0.04877279691058478,1.0107,0.142813711231401,1.01067675826504,0.142813711231401,,0.142813711231401,0.10098454365814104,0.8994,0.11124994037105806,0.4336552619934082,1.005,0.0984,0.0,,,,42.076577974244216,,,,
421,P35557,A,21,A,SYN,,,,,100.0,2.0,6.0,1.0288571898971,0.05,0.043641240922105286,1.0289,0.05,1.0288571898971,0.05,,0.05,0.035355339059327376,,,,1.0289,0.0354,,,,,42.076577974244216,,,,
422,P35557,A,21,V,NONSYN,0.41129671784225785,0.9825813338887902,0.04601543470740796,-0.6206999999999999,100.0,2.0,6.0,1.1242543573936699,0.345215936918827,0.024011969910964843,1.1243,0.345215936918827,1.1242543573936699,0.345215936918827,,0.345215936918827,0.24410452996897,0.9103,0.2139132137855766,0.3979727327823639,1.0658,0.2081,0.7120000000000001,,,,42.076577974244216,,,,
423,P35557,A,21,R,NONSYN,0.3190441200491768,1.0525152357740357,0.04827820517102118,-1.2165666666666668,100.0,2.0,6.0,0.9168713304067551,0.19634093035733802,0.0850813544044973,0.9169,0.19634093035733802,0.9168713304067551,0.19634093035733802,,0.19634093035733802,0.13883400328014936,0.8583,0.05856480326899871,0.40590882301330566,0.9107,0.1314,0.968,,,,42.076577974244216,,,,
424,P35557,A,21,D,NONSYN,0.4810824638550644,0.6583145025933348,0.05982203690074376,-1.3432333333333333,100.0,2.0,6.0,0.791943611385782,0.108288916947269,0.1682632629220434,0.7919,0.108288916947269,0.791943611385782,0.108288916947269,,0.108288916947269,0.07657182750076075,0.8354,0.04349583220247488,0.41972339153289795,0.7933,0.0753,0.539,,,,42.076577974244216,,,,
425,P35557,A,21,F,NONSYN,0.3975861635372093,0.8080529613525037,0.036402613151080676,-1.7862,100.0,2.0,6.0,0.306031348856046,0.0642254249357882,0.7782159778895452,0.306,0.0642254249357882,0.306031348856046,0.0642254249357882,,0.0642254249357882,0.045414233496683415,0.7841,0.478054401723788,0.41949960589408875,0.3116,0.0452,0.9840000000000001,,,,42.076577974244216,,,,
426,P35557,A,21,T,NONSYN,0.4593194656393701,1.0831428022174538,0.0869106842688163,-0.5557333333333333,100.0,2.0,6.0,1.00078783970205,0.177867754085112,0.051791733595595184,1.0008,0.177867754085112,1.00078783970205,0.177867754085112,,0.177867754085112,0.12577149506800392,0.9262,0.0745919201883476,0.4258812367916107,0.9948,0.1206,0.193,,,,42.076577974244216,,,,
427,P35557,A,21,I,NONSYN,0.2533067127168299,1.0414562848949886,0.05938904201347647,-1.3021,100.0,2.0,6.0,0.890435094861148,0.0825899742651841,0.09892168334506993,0.8904,0.0825899742651841,0.890435094861148,0.0825899742651841,,0.0825899742651841,0.05839993086093412,0.8583,0.03212856772339168,0.4078614413738251,0.8898,0.0578,0.968,,,,42.076577974244216,,,,
428,P35557,A,21,L,NONSYN,0.33775241979079834,1.050607045875985,0.038214070748962665,-1.2974666666666668,100.0,2.0,6.0,0.8629828119181592,0.209815346899161,0.11529420174024142,0.863,0.209815346899161,0.8629828119181592,0.209815346899161,,0.209815346899161,0.1483618545894046,0.9059,0.04290812970171387,0.39261773228645325,0.8683,0.1388,0.897,,,,42.076577974244216,,,,
429,P35557,A,21,K,NONSYN,0.13783323133742972,0.932594707618254,0.103424009522817,-0.7036666666666666,100.0,2.0,6.0,-0.11236214264906601,0.5063185120369601,0.9705631599163669,-0.1124,0.5063185120369601,-0.11236214264906601,0.5063185120369601,,0.5063185120369601,0.35802125330161705,0.89,1.0023988448051329,0.4533437490463257,0.2727,0.281,0.8140000000000001,,,,42.076577974244216,,,,
430,P35557,A,21,G,NONSYN,0.5077306515769983,1.2798241929099898,0.09296432846595766,-0.48503333333333326,100.0,2.0,6.0,0.410743667624442,0.10971212356132401,0.6599937516807133,0.4107,0.10971212356132401,0.410743667624442,0.10971212356132401,,0.10971212356132401,0.0775781865485886,1.0847,0.6739730100412684,0.49596667289733887,0.4268,0.0766,0.034,,,,42.076577974244216,,,,
431,P35557,A,21,Y,NONSYN,0.2413102682766479,0.580378575678037,0.03378121043434874,-1.7924666666666667,100.0,2.0,6.0,0.989054505879446,0.0862354126382961,0.05559521724686355,0.9891,0.0862354126382961,0.989054505879446,0.0862354126382961,,0.0862354126382961,0.06097764505495927,0.6893,0.29971045737938495,0.4204053580760956,0.9829,0.0603,0.9840000000000001,,,,42.076577974244216,,,,
432,P35557,A,21,N,NONSYN,0.2596281291448914,0.6781855319875841,0.06438249803766277,-1.1920666666666666,100.0,2.0,6.0,2.03986044176611,0.0767592578844091,3.853997008226051e-05,2.0399,0.0767592578844091,2.03986044176611,0.0767592578844091,,0.0767592578844091,0.05427699176891263,0.8377,1.2021821285107999,0.41972339153289795,2.0201,0.0538,0.121,,,,42.076577974244216,,,,
433,P35557,A,21,C,NONSYN,0.4521425054357098,0.6209506759326723,0.15412309267275437,-0.7297666666666668,100.0,2.0,6.0,0.8225699524076792,0.14603150531657502,0.14345613077657485,0.8226,0.14603150531657502,0.8225699524076792,0.14603150531657502,,0.14603150531657502,0.10325986767622956,0.7118,0.11080728570540865,0.516708493232727,0.8183,0.1013,0.9840000000000001,,,,42.076577974244216,,,,
434,P35557,A,21,P,NONSYN,0.3737321559264451,0.8082127304642878,0.12526311191927111,-0.7215666666666666,100.0,2.0,6.0,0.26078378881283304,0.40799589374978706,0.8186522837829315,0.2608,0.40799589374978706,0.26078378881283304,0.40799589374978706,,0.40799589374978706,0.28849666316674055,0.8567,0.5959064987771938,0.4848221242427826,0.4166,0.2479,0.861,,,,42.076577974244216,,,,
435,P35557,A,21,E,NONSYN,0.3924454343376217,0.32366386619048204,0.15708177019435057,-0.73,100.0,2.0,6.0,0.9770989556292801,0.13930595223831302,0.05973096040366967,0.9771,0.13930595223831302,0.9770989556292801,0.13930595223831302,,0.13930595223831302,0.09850418348736044,0.6688,0.30827791881363675,0.5219248533248901,0.9665,0.0968,0.5529999999999999,,,,42.076577974244216,,,,
436,P35557,A,21,M,NONSYN,0.19919007049311416,1.2823889556780041,0.05336605686392909,-1.2075333333333333,100.0,2.0,6.0,0.227250170694849,0.171000129185755,0.8445461185483057,0.2273,0.171000129185755,0.227250170694849,0.171000129185755,,0.171000129185755,0.12091535093102301,1.001,0.7737524986395626,0.514409601688385,0.2678,0.1177,0.9990000000000001,,,,42.076577974244216,,,,
437,P35557,A,21,W,NONSYN,0.17944660888741126,0.6956764887070913,0.035969077100794576,-1.6895,100.0,2.0,6.0,0.643160766792283,0.0684811541198048,0.33278166623582195,0.6432,0.0684811541198048,0.643160766792283,0.0684811541198048,,0.0684811541198048,0.04842348846159504,0.6769,0.0337884958267356,0.42365768551826477,0.6436,0.0481,0.9990000000000001,,,,42.076577974244216,,,,
438,P35557,A,21,H,NONSYN,0.3663343704598138,0.848453839388363,0.058958588657704654,-1.3876666666666668,100.0,2.0,6.0,0.221525601000697,0.116501442641849,0.8486354582365965,0.2215,0.116501442641849,0.221525601000697,0.116501442641849,,0.116501442641849,0.08237896011006704,0.8286,0.6070506061602527,0.4211964011192322,0.2439,0.0808,0.996,,,,42.076577974244216,,,,
439,P35557,A,21,Q,NONSYN,0.3707092191809771,0.3236638661904821,0.15708177019435055,-0.73,100.0,2.0,6.0,1.7144303816342499,0.0689319487774062,0.00042702896025510403,1.7144,0.0689319487774062,1.7144303816342499,0.0689319487774062,,0.0689319487774062,0.048742248420907665,0.5794,1.1350017088437225,0.5282725691795349,1.7048,0.0485,0.968,,,,42.076577974244216,,,,
440,P35557,A,21,*,STOP,,,,,100.0,2.0,6.0,-0.0668696941643458,0.05,0.9630927658747037,-0.0669,0.05,-0.0668696941643458,0.05,,0.05,0.035355339059327376,,,,-0.0669,0.0354,,,,,42.076577974244216,,,,
441,P35557,E,22,S,NONSYN,0.4382670271083193,1.6192331597173144,0.12911157837197207,-0.6747666666666666,100.0,2.0,6.0,0.3986357538699629,0.368958755661629,0.6753240267890632,0.3986,0.368958755661629,0.3986357538699629,0.368958755661629,,0.368958755661629,0.26089323810648835,1.0839,0.6853097589016435,0.5314364433288574,0.5317,0.2342,0.971,,,,82.84114191859116,,,,
442,P35557,E,22,A,NONSYN,0.4725389201357859,2.1438161551366486,0.060365165990424935,-0.8022,100.0,2.0,6.0,0.389863804271546,0.216459043018908,0.686180064864534,0.3899,0.216459043018908,0.389863804271546,0.216459043018908,,0.216459043018908,0.15305965716782044,1.2444,0.8545053449365229,0.6981648206710815,0.4291,0.1495,0.7190000000000001,,,,82.84114191859116,,,,
443,P35557,E,22,V,NONSYN,0.5148579282991502,0.6191934894609417,0.09440053194823189,-1.9732333333333332,100.0,2.0,6.0,1.44764894075077,0.280940673365099,0.0027964342366219317,1.4476,0.280940673365099,1.44764894075077,0.280940673365099,,0.280940673365099,0.19865505524757635,0.8595,0.5881029350249094,0.4294920861721039,1.344,0.1803,0.023,,,,82.84114191859116,,,,
444,P35557,E,22,R,NONSYN,0.4513055748960305,1.6104487821273576,0.1292096156042846,-0.7211333333333333,100.0,2.0,6.0,0.41621693704141605,0.215403494856443,0.6529373686889092,0.4162,0.215403494856443,0.41621693704141605,0.215403494856443,,0.215403494856443,0.15231327190427243,1.0758,0.6595903959511377,0.545222818851471,0.464,0.1467,0.995,,,,82.84114191859116,,,,
445,P35557,E,22,D,NONSYN,0.4800060668498122,0.700248857037901,0.1428311830841474,-0.020166666666666666,100.0,2.0,6.0,0.9349447087844771,0.601966746895582,0.07662231248886876,0.9349,0.601966746895582,0.9349447087844771,0.601966746895582,,0.601966746895582,0.42565476877867214,0.802,0.13291408582534014,0.4917243719100952,0.878,0.3218,0.9079999999999999,,,,82.84114191859116,,,,
446,P35557,E,22,F,NONSYN,0.4134101209643438,0.630672729369084,0.19043216712673935,-2.4431333333333334,100.0,2.0,6.0,0.61173594254334,0.4500354674690829,0.375596349297821,0.6117,0.4500354674690829,0.61173594254334,0.4500354674690829,,0.4500354674690829,0.3182231308218464,0.7073,0.09558230382125354,0.5122507810592651,0.6384,0.2703,0.991,,,,82.84114191859116,,,,
447,P35557,E,22,T,NONSYN,0.4070866311137473,1.6449280126098504,0.07258901429020667,-0.7653333333333333,100.0,2.0,6.0,1.8865282318519399,0.132667653006905,0.00012152584453757454,1.8865,0.132667653006905,1.8865282318519399,0.132667653006905,,0.132667653006905,0.09381019708528639,1.1111,0.7754130146430775,0.5919201970100403,1.8675,0.0927,0.958,,,,82.84114191859116,,,,
448,P35557,E,22,I,NONSYN,0.377366298627538,0.6234323114512333,0.19171004344638778,-2.3962999999999997,100.0,2.0,6.0,0.37787465054088704,0.20218144608722602,0.7006627633301022,0.3779,0.20218144608722602,0.37787465054088704,0.20218144608722602,,0.20218144608722602,0.14296387155837986,0.802,0.4241559724182499,0.5090393424034119,0.4089,0.1376,0.877,,,,82.84114191859116,,,,
449,P35557,E,22,L,NONSYN,0.4309220950052253,0.597600355239464,0.1895290027519643,-2.375633333333333,100.0,2.0,6.0,0.45537051917619503,0.236313983663757,0.6004011970134037,0.4554,0.236313983663757,0.45537051917619503,0.236313983663757,,0.236313983663757,0.16709922033784957,0.7866,0.3312505149691602,0.5090393424034119,0.4876,0.1588,0.877,,,,82.84114191859116,,,,
450,P35557,E,22,K,NONSYN,0.4890082107053284,1.6133727653268297,0.14715605696705528,-0.6217666666666667,100.0,2.0,6.0,0.37470775147371,0.17358194153601597,0.7044180982629651,0.3747,0.17358194153601597,0.37470775147371,0.17358194153601597,,0.17358194153601597,0.12274096795164373,1.0758,0.7010995815188437,0.5936042666435242,0.4035,0.1202,0.9790000000000001,,,,82.84114191859116,,,,
451,P35557,E,22,G,NONSYN,0.4522640708552875,0.6584482282308284,0.09191324249023647,-1.9225,100.0,2.0,6.0,1.32988472444111,0.295413532387326,0.0062312680055705595,1.3299,0.295413532387326,1.32988472444111,0.295413532387326,,0.295413532387326,0.20888891200534998,0.7249,0.6049385831981291,0.4413074254989624,1.2192,0.1888,0.988,,,,82.84114191859116,,,,
452,P35557,E,22,Y,NONSYN,0.4671477233180428,0.7210432980527307,0.10110247582816213,-2.2137666666666664,100.0,2.0,6.0,0.35615339678733504,0.222861584422379,0.7258126399945639,0.3562,0.222861584422379,0.35615339678733504,0.222861584422379,,0.222861584422379,0.15758693761104242,0.7072,0.3510865290740236,0.44647732377052307,0.395,0.1486,0.998,,,,82.84114191859116,,,,
453,P35557,E,22,N,NONSYN,0.4945297857128286,0.37587731216843867,0.15538396356799747,-0.6558999999999999,100.0,2.0,6.0,4.12870329651659,0.0398972056690415,4.236895980545532e-13,4.1287,0.0398972056690415,4.12870329651659,0.0398972056690415,,0.0398972056690415,0.02821158467897361,0.516,3.612671375606708,0.5297937393188477,4.1185,0.0282,0.993,,,,82.84114191859116,,,,
454,P35557,E,22,C,NONSYN,0.4263241553322161,0.7086264933699017,0.2127092394452459,-2.5622,100.0,2.0,6.0,1.74756674826154,0.18150845765494802,0.00033614548587993984,1.7476,0.18150845765494802,1.74756674826154,0.18150845765494802,,0.18150845765494802,0.12834586125052505,0.7167,1.0308384186030317,0.6063470840454102,1.7034,0.1256,0.9990000000000001,,,,82.84114191859116,,,,
455,P35557,E,22,P,NONSYN,0.2784783599621833,1.2413469922914186,0.08925085913369786,-1.2109666666666667,,,,,,,,,,,,,,1.0337,,0.5184449553489685,1.0337,0.5184,0.9790000000000001,,,,82.84114191859116,,,,
456,P35557,E,22,E,SYN,,,,,100.0,2.0,6.0,0.36729401978299603,0.05,0.7130921694663163,0.3673,0.05,0.36729401978299603,0.05,,0.05,0.035355339059327376,,,,0.3673,0.0354,,,,,82.84114191859116,,,,
457,P35557,E,22,M,NONSYN,0.4318399535430367,1.0445623539930717,0.10951004593177897,-1.9440333333333335,100.0,2.0,6.0,0.17154234715438002,0.153198716865233,0.8805113599664418,0.1715,0.153198716865233,0.17154234715438002,0.153198716865233,,0.153198716865233,0.10832785156448416,0.8628,0.6912143819715966,0.452202707529068,0.2091,0.1053,0.986,,,,82.84114191859116,,,,
458,P35557,E,22,W,NONSYN,0.3886512979012191,0.48166037075347395,0.1289387360978229,-2.4843333333333333,100.0,2.0,6.0,1.05877301839017,0.74567938751289,0.03627291500519095,1.0588,0.74567938751289,1.05877301839017,0.74567938751289,,0.74567938751289,0.5272749515013958,0.4288,0.629952229529849,0.4779110848903656,0.7129,0.3541,1.0,,,,82.84114191859116,,,,
459,P35557,E,22,H,NONSYN,0.3874690850586482,1.647851995809323,0.10113824861598138,-0.6659666666666667,100.0,2.0,6.0,0.312779245593937,0.5020616908688279,0.7716279340765814,0.3128,0.5020616908688279,0.312779245593937,0.5020616908688279,,0.5020616908688279,0.35501122618733233,1.0934,0.7805914304467124,0.5539395213127136,0.54,0.2989,0.9990000000000001,,,,82.84114191859116,,,,
460,P35557,E,22,Q,NONSYN,0.4979236622050323,0.5694294047093834,0.17137114015020152,-0.02876666666666668,100.0,2.0,6.0,1.32740306577003,0.44827691184704105,0.006336083575540136,1.3274,0.44827691184704105,1.32740306577003,0.44827691184704105,,0.44827691184704105,0.3169796442164069,0.6713,0.6561400862625837,0.5078284740447998,1.1434,0.2689,0.99,,,,82.84114191859116,,,,
461,P35557,E,22,*,STOP,,,,,100.0,2.0,6.0,-0.035547720739517,0.05,0.9568651779504805,-0.0355,0.05,-0.035547720739517,0.05,,0.05,0.035355339059327376,,,,-0.0355,0.0354,,,,,82.84114191859116,,,,
462,P35557,F,23,S,NONSYN,0.3509668135339838,0.4731849997525594,0.08492704340950202,-1.8094999999999999,100.0,2.0,6.0,0.22662593337385104,0.170977465271646,0.8449966219741952,0.2266,0.170977465271646,0.22662593337385104,0.170977465271646,,0.170977465271646,0.12089932512366831,0.5149,0.2883175471177871,0.4388962388038635,0.247,0.1166,0.991,,,,6.6200930733560535,,,,
463,P35557,F,23,A,NONSYN,0.21205940102164186,0.47709239364402967,0.05202054882362533,-1.7977999999999998,100.0,2.0,6.0,0.21490375169943998,0.33218920402888696,0.8532491994817347,0.2149,0.33218920402888696,0.21490375169943998,0.33218920402888696,,0.33218920402888696,0.23489323880578755,0.5991,0.3841602408008652,0.43196940422058105,0.3026,0.2064,0.987,,,,6.6200930733560535,,,,
464,P35557,F,23,V,NONSYN,0.3686871445054262,0.5093579754942283,0.06318374239441356,-1.4162666666666668,100.0,2.0,6.0,0.9238149224524771,0.184360537980239,0.08173896423469297,0.9238,0.184360537980239,0.9238149224524771,0.184360537980239,,0.184360537980239,0.13036258658902702,0.6318,0.2920395432715689,0.43717435002326965,0.9,0.1249,0.972,,,,6.6200930733560535,,,,
465,P35557,F,23,R,NONSYN,0.12156869505678705,0.23199489839346002,0.17489779281149323,-2.1628666666666665,100.0,2.0,6.0,0.20583445815128099,0.14917774194549402,0.8593686999649272,0.2058,0.14917774194549402,0.20583445815128099,0.14917774194549402,,0.14917774194549402,0.10548459293175569,0.2654,0.05960397931057204,0.4015111029148102,0.2097,0.102,1.0,,,,6.6200930733560535,,,,
466,P35557,F,23,D,NONSYN,0.1992068019592559,0.16460603047992498,0.1693713320616745,-2.5039,100.0,2.0,6.0,1.50175634084913,0.07804083496912599,0.0019235687893854468,1.5018,0.07804083496912599,1.50175634084913,0.07804083496912599,,0.07804083496912599,0.05518320361612924,0.2473,1.2544530635950253,0.4220711290836334,1.4807,0.0547,1.0,,,,6.6200930733560535,,,,
467,P35557,F,23,F,SYN,,,,,100.0,2.0,6.0,1.5926720191261003,0.05,0.0010175281326041073,1.5927,0.05,1.5926720191261003,0.05,,0.05,0.035355339059327376,,,,1.5927,0.0354,,,,,6.6200930733560535,,,,
468,P35557,F,23,T,NONSYN,0.18720675519309532,0.5007110110164203,0.09851556911356478,-1.6453666666666666,100.0,2.0,6.0,0.64586795743752,0.0789724090494392,0.3291960769304031,0.6459,0.0789724090494392,0.64586795743752,0.0789724090494392,,0.0789724090494392,0.05584192596549632,0.4493,0.19658751663017748,0.4471881091594696,0.6428,0.0554,1.0,,,,6.6200930733560535,,,,
469,P35557,F,23,I,NONSYN,0.40023011164303374,1.0958892161980733,0.06664153209584082,-0.511,,,,,,,,,,,,,,0.88,,0.4084354341030121,0.88,0.4084,0.997,,,,6.6200930733560535,,,,
470,P35557,F,23,L,NONSYN,0.4640274525972558,1.2549280802824858,0.06618254260370514,-0.5025333333333334,100.0,2.0,6.0,0.845544008118213,0.129307034234946,0.12683085693647492,0.8455,0.129307034234946,0.845544008118213,0.129307034234946,,0.129307034234946,0.09143388076265135,1.0363,0.19076189627021478,0.5073153376579285,0.8515,0.09,0.9790000000000001,,,,6.6200930733560535,,,,
471,P35557,F,23,K,NONSYN,0.1539819943883161,0.32650716665714635,0.09001364277520331,-1.9918333333333333,100.0,2.0,6.0,0.272402835038288,0.47793994263196105,0.8088833392938817,0.2724,0.47793994263196105,0.272402835038288,0.47793994263196105,,0.47793994263196105,0.3379545744349691,0.3482,0.07580958590211118,0.38794779777526855,0.3051,0.2548,1.0,,,,6.6200930733560535,,,,
472,P35557,F,23,G,NONSYN,0.22544940105055214,0.48347376913341994,0.16256947036801617,-2.4761,100.0,2.0,6.0,0.5451531248886451,0.21617365620638299,0.4712662034594901,0.5452,0.21617365620638299,0.5451531248886451,0.21617365620638299,,0.21617365620638299,0.1528578582174228,0.42,0.12520067270587532,0.4834246337413788,0.5338,0.1457,1.0,,,,6.6200930733560535,,,,
473,P35557,F,23,Y,NONSYN,0.41795167961904656,1.2288377755043978,0.058487331086463486,-0.19666666666666666,,,,,,,,,,,,,,1.0337,,0.5115689039230347,1.0337,0.5116,0.992,,,,6.6200930733560535,,,,
474,P35557,F,23,N,NONSYN,0.06350654443895225,0.5971523985100556,0.10247867886890909,-2.4017,100.0,2.0,6.0,-0.135201429978626,0.555822952032679,0.9737159850571927,-0.1352,0.555822952032679,-0.135201429978626,0.555822952032679,,0.555822952032679,0.3930261785214324,0.6379,0.7731302734768559,0.46729618310928345,0.1851,0.3008,1.0,,,,6.6200930733560535,,,,
475,P35557,F,23,C,NONSYN,0.42192151878195305,0.2313655039601887,0.060543775507328514,-1.5309000000000001,100.0,2.0,6.0,1.06060334797597,0.18738396819309197,0.0358620677735925,1.0606,0.18738396819309197,1.06060334797597,0.18738396819309197,,0.18738396819309197,0.13250047459497966,0.2605,0.8001184141228206,0.36015820503234863,0.9652,0.1244,1.0,,,,6.6200930733560535,,,,
476,P35557,F,23,P,NONSYN,0.14474630447280185,0.6372360119197163,0.1417667441740198,-2.5313999999999997,100.0,2.0,6.0,0.0838663965297558,0.40086090180294603,0.9220008576191034,0.0839,0.40086090180294603,0.0838663965297558,0.40086090180294603,,0.40086090180294603,0.28345146197741783,0.6607,0.5768297523426197,0.560207188129425,0.2014,0.2529,1.0,,,,6.6200930733560535,,,,
477,P35557,F,23,E,NONSYN,0.14341137314980398,0.7102586207558436,0.10891150438023445,-2.5673,,,,,,,,,,,,,,0.6978,,0.4725888967514038,0.6978,0.4726,1.0,,,,6.6200930733560535,,,,
478,P35557,F,23,M,NONSYN,0.21680558431241104,1.0306731769807134,0.06070514292098179,-0.40009999999999996,100.0,2.0,6.0,1.51830871802353,0.170969504106601,0.0017142783283318845,1.5183,0.170969504106601,1.51830871802353,0.170969504106601,,0.170969504106601,0.12089369572987885,0.8628,0.6555519888975534,0.410808265209198,1.4661,0.116,0.992,,,,6.6200930733560535,,,,
479,P35557,F,23,W,NONSYN,0.32132997916102696,1.0958892161980733,0.06664153209584082,-0.511,100.0,2.0,6.0,1.3226606003714498,0.124991766608934,0.006541156001312835,1.3227,0.124991766608934,1.3226606003714498,0.124991766608934,,0.124991766608934,0.08838252576166351,0.8258,0.4968208424521383,0.42267024517059326,1.3018,0.0865,1.0,,,,6.6200930733560535,,,,
480,P35557,F,23,H,NONSYN,0.3132585296390889,0.8767620759553223,0.06469509722589527,-1.3437666666666666,100.0,2.0,6.0,-0.17839737893080498,0.17467095501680702,0.9787707660291559,-0.1784,0.17467095501680702,-0.17839737893080498,0.17467095501680702,,0.17467095501680702,0.12351101676871463,0.7769,0.9553206777665594,0.4220011830329895,-0.103,0.1185,1.0,,,,6.6200930733560535,,,,
481,P35557,F,23,Q,NONSYN,0.15363519183063878,0.23104701496300298,0.14162357280409535,-2.0034333333333336,100.0,2.0,6.0,0.558783290120718,0.115067545279338,0.45136797174551496,0.5588,0.115067545279338,0.558783290120718,0.115067545279338,,0.115067545279338,0.08136504156151,0.2607,0.29806986186182216,0.4039126932621002,0.5472,0.0798,1.0,,,,6.6200930733560535,,,,
482,P35557,F,23,*,STOP,,,,,100.0,2.0,6.0,-0.252588807909608,0.05,0.9852502097759586,-0.2526,0.05,-0.252588807909608,0.05,,0.05,0.035355339059327376,,,,-0.2526,0.0354,,,,,6.6200930733560535,C,26.0,,
483,P35557,Q,24,S,NONSYN,0.4409447200841817,1.1623940370198524,0.1258661793829878,-0.6639,100.0,2.0,6.0,1.1340502540242399,0.28858799985031897,0.022556368922713305,1.1341,0.28858799985031897,1.1340502540242399,0.28858799985031897,,0.28858799985031897,0.20406253166322288,0.9894,0.14467567602512488,0.5138295888900757,1.1143,0.1897,0.095,,,,116.53050772362484,,,,
484,P35557,Q,24,A,NONSYN,0.4409062194732345,1.1534693879743212,0.138751427575007,-0.7354333333333333,100.0,2.0,6.0,0.909980049506547,0.27752219826605795,0.08851625631145117,0.91,0.27752219826605795,0.909980049506547,0.27752219826605795,,0.27752219826605795,0.19623782832372708,0.9894,0.079394528492568,0.5520023107528687,0.9189,0.1849,0.022000000000000002,,,,116.53050772362484,,,,
485,P35557,Q,24,V,NONSYN,0.3518917047261823,0.9976859239613468,0.0889920797428516,-1.6304999999999998,100.0,2.0,6.0,1.18045834078068,0.0926052108297209,0.016729089790319104,1.1805,0.0926052108297209,1.18045834078068,0.0926052108297209,,0.0926052108297209,0.06548177255090555,0.9167,0.2637830115723059,0.4252602159976959,1.1743,0.0647,0.0,,,,116.53050772362484,,,,
486,P35557,Q,24,R,NONSYN,0.4495753804079927,1.1563380190865142,0.11057404937300785,-0.09426666666666667,100.0,2.0,6.0,0.77254297372868,0.245879250026022,0.1855956319793178,0.7725,0.245879250026022,0.77254297372868,0.245879250026022,,0.245879250026022,0.17386288504646275,0.9894,0.21683160427043502,0.4741400182247162,0.7982,0.1632,0.0,,,,116.53050772362484,,,,
487,P35557,Q,24,D,NONSYN,0.3761251669021567,0.9973421481755466,0.11237164314776167,-0.7075333333333332,100.0,2.0,6.0,1.3783617689028702,0.44301340272859296,0.0044906931679314175,1.3784,0.44301340272859296,1.3783617689028702,0.44301340272859296,,0.44301340272859296,0.313257781225915,0.9167,0.4616864396944962,0.4609867334365845,1.2325,0.2591,0.031,,,,116.53050772362484,,,,
488,P35557,Q,24,F,NONSYN,0.46856681542106005,0.8047914610948154,0.08732077211798528,-2.0619666666666667,100.0,2.0,6.0,0.9852284646149508,0.097638512544236,0.05688949679717324,0.9852,0.097638512544236,0.9852284646149508,0.097638512544236,,0.097638512544236,0.06904085432499706,0.8718,0.11347250701149625,0.4195903241634369,0.9822,0.0681,0.124,,,,116.53050772362484,,,,
489,P35557,Q,24,T,NONSYN,0.4922881604041325,1.1407973574778856,0.1407445438423812,-0.6848333333333333,100.0,2.0,6.0,0.947996140995853,0.258826867073473,0.07098540407399197,0.948,0.258826867073473,0.947996140995853,0.258826867073473,,0.258826867073473,0.1830182328609219,0.9572,0.009249924143917454,0.5096737146377563,0.9491,0.1722,0.004,,,,116.53050772362484,,,,
490,P35557,Q,24,I,NONSYN,0.4593577312581562,1.0193940940808703,0.0352304474306612,-2.0460000000000003,100.0,2.0,6.0,0.341420565656786,0.352761207957945,0.7420434108063754,0.3414,0.352761207957945,0.341420565656786,0.352761207957945,,0.352761207957945,0.2494398422866208,0.9167,0.575254763551588,0.3774634301662445,0.5163,0.2081,0.02,,,,116.53050772362484,,,,
491,P35557,Q,24,L,NONSYN,0.47697605168164703,1.2168610797676098,0.10102619253294538,-1.5785,100.0,2.0,6.0,0.657182327803411,0.29478418501888504,0.3144084419263359,0.6572,0.29478418501888504,0.657182327803411,0.29478418501888504,,0.29478418501888504,0.20844389621340348,1.0811,0.4239033541118722,0.5062779188156128,0.7186,0.1927,0.0,,,,116.53050772362484,,,,
492,P35557,Q,24,K,NONSYN,0.3813325671505154,0.6346150438752223,0.11042219347704035,0.13763333333333333,100.0,2.0,6.0,0.919677266719872,0.42068800035576703,0.08371651561807211,0.9197,0.42068800035576703,0.919677266719872,0.42068800035576703,,0.42068800035576703,0.29747133781537155,0.8634,0.05630053007894187,0.44121626019477844,0.9021,0.2466,0.0,,,,116.53050772362484,,,,
493,P35557,Q,24,G,NONSYN,0.4132083883745238,0.9940393561377237,0.07631900238856873,-1.6385666666666667,100.0,2.0,6.0,1.19139804425155,0.21514118024568804,0.015581796464135359,1.1914,0.21514118024568804,1.19139804425155,0.21514118024568804,,0.21514118024568804,0.1521277874642033,0.9167,0.2747227150431759,0.4090357720851898,1.158,0.1426,0.095,,,,116.53050772362484,,,,
494,P35557,Q,24,Y,NONSYN,0.4840075968099441,1.3140637138260003,0.1838689609770827,-1.4618333333333335,100.0,2.0,6.0,1.3147077952222,0.357852399056749,0.006899555211455337,1.3147,0.357852399056749,1.3147077952222,0.357852399056749,,0.357852399056749,0.25303985803690165,1.0916,0.2231573258237014,0.6275476813316345,1.2835,0.2347,0.066,,,,116.53050772362484,,,,
495,P35557,Q,24,N,NONSYN,0.4518295354764143,1.0351445068010199,0.0929819294713415,-0.35083333333333333,100.0,2.0,6.0,1.35049649788953,0.17668872902703303,0.005423263266683705,1.3505,0.17668872902703303,1.35049649788953,0.17668872902703303,,0.17668872902703303,0.12493779845424742,0.9167,0.43382116868115594,0.4304853081703186,1.3168,0.12,0.031,,,,116.53050772362484,,,,
496,P35557,Q,24,C,NONSYN,0.4511413301447636,0.8357024570174723,0.08899109632261487,-1.9530666666666667,100.0,2.0,6.0,0.89249547684698,0.06505624848002299,0.09777722330531675,0.8925,0.06505624848002299,0.89249547684698,0.06505624848002299,,0.06505624848002299,0.046001714458781276,0.887,0.00545682871847053,0.4226587116718292,0.8924,0.0457,0.623,,,,116.53050772362484,,,,
497,P35557,Q,24,P,NONSYN,0.4853050517411639,0.9732954213404881,0.12515488234960628,-1.2671333333333334,100.0,2.0,6.0,2.14053141384551,0.7157327779321819,1.7868214781789714e-05,2.1405,0.7157327779321819,2.14053141384551,0.7157327779321819,,0.7157327779321819,0.5060995007933311,0.9149,1.2255947521252342,0.47574275732040405,1.4899,0.3466,0.105,,,,116.53050772362484,,,,
498,P35557,Q,24,E,NONSYN,0.4564313440073604,1.0142389127793605,0.12216880539325747,0.09383333333333334,100.0,2.0,6.0,-0.219194339992543,0.35749067409166,0.9826313619812658,-0.2192,0.35749067409166,-0.219194339992543,0.35749067409166,,0.35749067409166,0.2527840798611628,0.9167,1.135869669200917,0.4399080276489258,0.0628,0.2192,0.006999999999999999,,,,116.53050772362484,,,,
499,P35557,Q,24,M,NONSYN,0.4050622568485636,1.1315089338067723,0.10315051331622725,-0.5147333333333333,100.0,2.0,6.0,1.19884029265014,0.10900397468384698,0.014844774625098851,1.1988,0.10900397468384698,1.19884029265014,0.10900397468384698,,0.10900397468384698,0.07707744967523494,0.9572,0.24159422751036952,0.4521169066429138,1.192,0.076,0.262,,,,116.53050772362484,,,,
500,P35557,Q,24,W,NONSYN,0.4710687255935087,1.0096795709452138,0.0887440665458113,-1.6665666666666665,100.0,2.0,6.0,1.14447739982908,0.0967945321311548,0.021099205704870477,1.1445,0.0967945321311548,1.14447739982908,0.0967945321311548,,0.0967945321311548,0.06844407005171871,0.8628,0.28172067070310347,0.4325160086154938,1.1376,0.0676,0.9690000000000001,,,,116.53050772362484,,,,
501,P35557,Q,24,H,NONSYN,0.4843682171858765,0.49100863348533635,0.14244581451266972,0.3949666666666667,,,,,,,,,,,,,,0.7592,,0.4885413944721222,0.7592,0.4885,0.0,,,,116.53050772362484,,,,
502,P35557,Q,24,Q,SYN,,,,,,,,,,,,,,,,,,,,,,,,,,,116.53050772362484,,,,
503,P35557,Q,24,*,STOP,,,,,100.0,2.0,6.0,-0.0419686717163553,0.05,0.9582223044896404,-0.042,0.05,-0.0419686717163553,0.05,,0.05,0.035355339059327376,,,,-0.042,0.0354,,,,,116.53050772362484,,,,
504,P35557,L,25,S,NONSYN,0.3696688568840947,0.3329260942968973,0.08297713735464386,-1.8501333333333332,100.0,2.0,6.0,0.897759025243362,0.167659509030292,0.09490509756828933,0.8978,0.167659509030292,0.897759025243362,0.167659509030292,,0.167659509030292,0.11855317576572667,0.3434,0.55433863892897,0.3674546480178833,0.8455,0.1128,1.0,,,,24.948569709771323,,,,
505,P35557,L,25,A,NONSYN,0.2800117097075371,0.7361310662474218,0.09556632205456263,-1.3620666666666665,100.0,2.0,6.0,0.606760091467333,0.215520134794248,0.38255428619291015,0.6068,0.215520134794248,0.606760091467333,0.215520134794248,,0.215520134794248,0.15239574879525153,0.7295,0.12274771244959815,0.454240083694458,0.6192,0.1445,1.0,,,,24.948569709771323,,,,
506,P35557,L,25,V,NONSYN,0.45006845647116095,0.902125032368481,0.10441320351974322,0.4434,100.0,2.0,6.0,0.6660228531992061,0.165572461152448,0.3030871106133578,0.666,0.165572461152448,0.6660228531992061,0.165572461152448,,0.165572461152448,0.11707741005864218,0.7989,0.1328528363073247,0.4394114017486572,0.6748,0.1131,0.998,,,,24.948569709771323,,,,
507,P35557,L,25,R,NONSYN,0.2792328090176149,0.7512685293880987,0.054667197093806415,-1.8351333333333333,100.0,2.0,6.0,-0.35726828003024197,0.313449139266467,0.9911113903876687,-0.3573,0.313449139266467,-0.35726828003024197,0.313449139266467,,0.313449139266467,0.22164201193240532,0.731,1.0882968964586173,0.41812583804130554,-0.1185,0.1958,1.0,,,,24.948569709771323,,,,
508,P35557,L,25,D,NONSYN,0.15709418040401155,0.5327993594320546,0.08779568751057043,-2.512333333333333,100.0,2.0,6.0,1.3392959985958799,0.13156247949768599,0.005848824286155558,1.3393,0.13156247949768599,1.3392959985958799,0.13156247949768599,,0.13156247949768599,0.09302872140252988,0.5753,0.7639798078762754,0.4569818079471588,1.3089,0.0912,1.0,,,,24.948569709771323,,,,
509,P35557,L,25,F,NONSYN,0.463424518412456,0.5349839421743762,0.1061073369554049,0.48950000000000005,100.0,2.0,6.0,1.7674461237815202,0.14489493412419102,0.00029101203607014063,1.7674,0.14489493412419102,1.7674461237815202,0.14489493412419102,,0.14489493412419102,0.10245619047879355,0.5753,1.1921299330619157,0.4552723169326782,1.71,0.1,1.0,,,,24.948569709771323,,,,
510,P35557,L,25,T,NONSYN,0.3205067496312658,0.6682434887823967,0.08498314300064273,-1.3817666666666666,100.0,2.0,6.0,0.8104228238624079,0.284329210957241,0.15292656356640794,0.8104,0.284329210957241,0.8104228238624079,0.284329210957241,,0.284329210957241,0.20105111315728552,0.6715,0.13889919324335886,0.4425447881221771,0.7867,0.183,1.0,,,,24.948569709771323,,,,
511,P35557,L,25,I,NONSYN,0.3599458773266949,0.8422734438448615,0.10119505610379093,0.27723333333333333,100.0,2.0,6.0,0.8455776187700641,0.19830390389850003,0.1268077386268208,0.8456,0.19830390389850003,0.8455776187700641,0.19830390389850003,,0.19830390389850003,0.1402220351823948,0.7906,0.05495419233268617,0.4301565885543823,0.8403,0.1333,0.998,,,,24.948569709771323,,,,
512,P35557,L,25,L,SYN,,,,,100.0,2.0,6.0,1.3066665928759,0.05,0.007281229628604314,1.3067,0.05,1.3066665928759,0.05,,0.05,0.035355339059327376,,,,1.3067,0.0354,,,,,24.948569709771323,,,,
513,P35557,L,25,K,NONSYN,0.16637828819819184,0.3164197110975173,0.0873317376542907,-1.8327,100.0,2.0,6.0,0.947278174841502,0.121492483560272,0.07128561277992823,0.9473,0.121492483560272,0.947278174841502,0.121492483560272,,0.121492483560272,0.08590815898866347,0.3835,0.5637457997442272,0.4240110516548157,0.925,0.0842,0.9990000000000001,,,,24.948569709771323,,,,
514,P35557,L,25,G,NONSYN,0.3375782897720982,0.8194448903044663,0.06511761882118493,-2.5354666666666663,100.0,2.0,6.0,0.479359405978645,0.282362707121188,0.5667281817599983,0.4794,0.282362707121188,0.479359405978645,0.282362707121188,,0.282362707121188,0.19966058495958308,0.7613,0.2819313826718677,0.40805715322494507,0.5338,0.1793,1.0,,,,24.948569709771323,,,,
515,P35557,L,25,Y,NONSYN,0.3932294491632085,0.7476442123885843,0.0998363510755172,-1.3710666666666667,100.0,2.0,6.0,0.572220653043845,0.17728558026826396,0.4318509110953293,0.5722,0.17728558026826396,0.572220653043845,0.17728558026826396,,0.17728558026826396,0.12535983601428144,0.731,0.1588079633845303,0.45571309328079224,0.5834,0.1209,1.0,,,,24.948569709771323,,,,
516,P35557,L,25,N,NONSYN,0.1790631080953343,0.4522390921953973,0.10360169421097089,-2.4369,100.0,2.0,6.0,0.9108661242026809,0.129760832711848,0.08806792853078932,0.9109,0.129760832711848,0.9108661242026809,0.129760832711848,,0.129760832711848,0.09175476474296089,0.4047,0.5061692424315932,0.43909752368927,0.8897,0.0898,1.0,,,,24.948569709771323,,,,
517,P35557,L,25,C,NONSYN,0.3444819501115762,0.9177223033669061,0.06960194527889067,-1.3948999999999998,100.0,2.0,6.0,0.8257497218360121,0.228296555436197,0.14105570225475605,0.8257,0.228296555436197,0.8257497218360121,0.228296555436197,,0.228296555436197,0.16143004247046547,0.7827,0.043038573573988215,0.4223988354206085,0.8203,0.1508,1.0,,,,24.948569709771323,,,,
518,P35557,L,25,P,NONSYN,0.3101239067988947,0.643997716156979,0.06161708984650372,-2.2839666666666667,100.0,2.0,6.0,0.669185322492709,0.26700558621273895,0.29908904476148096,0.6692,0.26700558621273895,0.669185322492709,0.26700558621273895,,0.26700558621273895,0.18880146062571704,0.6699,0.0007195651835300021,0.4036778211593628,0.6693,0.171,1.0,,,,24.948569709771323,,,,
519,P35557,L,25,E,NONSYN,0.22335052551716408,0.6864702842246784,0.09656850048531651,-2.4328000000000003,100.0,2.0,6.0,0.208172548114838,0.20537506503782102,0.8578128953471998,0.2082,0.20537506503782102,0.208172548114838,0.20537506503782102,,0.20537506503782102,0.14522210117487147,0.6715,0.4633510825042111,0.43980342149734497,0.2537,0.1379,1.0,,,,24.948569709771323,,,,
520,P35557,L,25,M,NONSYN,0.4855550162170784,1.0930155319169301,0.06981452416873268,0.15566666666666665,100.0,2.0,6.0,0.0933513545538584,0.368672113144399,0.9182759379672184,0.0934,0.368672113144399,0.0933513545538584,0.368672113144399,,0.368672113144399,0.26069055123877866,0.8223,0.7289712524865468,0.3997742831707001,0.3108,0.2184,1.0,,,,24.948569709771323,,,,
521,P35557,L,25,W,NONSYN,0.28885364138641745,0.4959229733515407,0.0885439305394693,-1.8677333333333335,100.0,2.0,6.0,0.408768388079432,0.10451272341563901,0.6625213496304494,0.4088,0.10451272341563901,0.408768388079432,0.10451272341563901,,0.10451272341563901,0.07390165544747242,0.4216,0.012874392224523079,0.42467281222343445,0.4091,0.0728,1.0,,,,24.948569709771323,,,,
522,P35557,L,25,H,NONSYN,0.29725486605293433,0.41973173910132305,0.10118815519651725,-1.9786333333333335,100.0,2.0,6.0,0.812954476153418,0.0965566810499233,0.15091320489156715,0.813,0.0965566810499233,0.812954476153418,0.0965566810499233,,0.0965566810499233,0.06827588393926738,0.3678,0.44518726137833253,0.4055711030960083,0.8007,0.0673,1.0,,,,24.948569709771323,,,,
523,P35557,L,25,Q,NONSYN,0.3225298006389851,0.6137594004609257,0.07799257624269877,-1.5422,100.0,2.0,6.0,1.57418616558954,0.0965435067009511,0.0011591264458866352,1.5742,0.0965435067009511,1.57418616558954,0.0965435067009511,,0.0965435067009511,0.06826656826777142,0.6608,0.9133894040767836,0.45912206172943115,1.5544,0.0675,1.0,,,,24.948569709771323,,,,
524,P35557,L,25,*,STOP,,,,,100.0,2.0,6.0,0.10032947079106698,0.05,0.9154276841961891,0.1003,0.05,0.10032947079106698,0.05,,0.05,0.035355339059327376,,,,0.1003,0.0354,,,,,24.948569709771323,,,,
525,P35557,Q,26,S,NONSYN,0.4409447200841817,1.1235355881225042,0.08516343341866918,-0.6639,100.0,2.0,6.0,2.08053432536641,0.0980345103009089,2.829058124809851e-05,2.0805,0.0980345103009089,2.08053432536641,0.0980345103009089,,0.0980345103009089,0.06932086702407513,0.9529,1.1276432139925086,0.44357830286026,2.0537,0.0685,0.001,,,,105.66892281161405,,,,
526,P35557,Q,26,A,NONSYN,0.4409062194732345,1.284103958577435,0.041499796989148435,-0.7354333333333333,100.0,2.0,6.0,0.895045062204033,0.33661505929678603,0.0963767984618392,0.895,0.33661505929678603,0.895045062204033,0.33661505929678603,,0.33661505929678603,0.23802279107826918,1.0881,0.19305608640131366,0.4865879714488983,0.9323,0.2138,0.013000000000000001,,,,105.66892281161405,,,,
527,P35557,Q,26,V,NONSYN,0.3518917047261823,1.5644362601716333,0.0651101692467569,-1.6304999999999998,100.0,2.0,6.0,0.837102997219021,0.36004309256954603,0.13274703995933604,0.8371,0.36004309256954603,0.837102997219021,0.36004309256954603,,0.36004309256954603,0.25458891227530184,1.0907,0.2536155105477026,0.48254871368408203,0.8923,0.2252,0.006999999999999999,,,,105.66892281161405,,,,
528,P35557,Q,26,R,NONSYN,0.4495753804079927,1.4341800070446966,0.07871072910621446,0.14876666666666669,100.0,2.0,6.0,1.93930281471578,0.27361355551558103,8.209704427123256e-05,1.9393,0.27361355551558103,1.93930281471578,0.27361355551558103,,0.27361355551558103,0.1934740005296292,1.0881,0.8512016661104334,0.44525980949401855,1.8041,0.1774,0.0,,,,105.66892281161405,,,,
529,P35557,Q,26,D,NONSYN,0.3761251669021567,1.1505299878970627,0.08494149003668323,-0.7075333333333332,100.0,2.0,6.0,1.2957669742451499,0.120161864641712,0.007831317594605468,1.2958,0.120161864641712,1.2957669742451499,0.120161864641712,,0.120161864641712,0.08496726932817458,0.9894,0.30639239624603487,0.4649825096130371,1.2859,0.0836,0.0,,,,105.66892281161405,,,,
530,P35557,Q,26,F,NONSYN,0.46856681542106005,0.8831470704188433,0.09331020454330781,-2.0619666666666667,100.0,2.0,6.0,1.07339934886395,0.0480990894443771,0.033109086436728226,1.0734,0.0480990894443771,1.07339934886395,0.0480990894443771,,0.0480990894443771,0.034011192315017334,0.8996,0.1738410431235935,0.4184069335460663,1.0723,0.0339,0.35700000000000004,,,,105.66892281161405,,,,
531,P35557,Q,26,T,NONSYN,0.4922881604041325,1.4237821206051977,0.08735602029418682,-0.6848333333333333,100.0,2.0,6.0,0.47601057612074504,0.0833700052681867,0.571483324572273,0.476,0.0833700052681867,0.47601057612074504,0.0833700052681867,,0.0833700052681867,0.05895149607269301,1.0881,0.6120905724846016,0.48618412017822266,0.4849,0.0585,0.001,,,,105.66892281161405,,,,
532,P35557,Q,26,I,NONSYN,0.4593577312581562,1.0207730116415437,0.09214150287215249,-2.0460000000000003,100.0,2.0,6.0,0.6605215251958491,0.0788340115186918,0.31010749735362936,0.6605,0.0788340115186918,0.6605215251958491,0.0788340115186918,,0.0788340115186918,0.05574406413300536,0.9167,0.25615380401252497,0.4184069335460663,0.665,0.0553,0.102,,,,105.66892281161405,,,,
533,P35557,Q,26,L,NONSYN,0.47697605168164703,1.52041292694355,0.05926688456084304,-1.5785,100.0,2.0,6.0,1.13781818966549,0.131592738607466,0.022019111077110208,1.1378,0.131592738607466,1.13781818966549,0.131592738607466,,0.131592738607466,0.093050117824248,1.0881,0.0497170410601433,0.48254871368408203,1.136,0.0914,0.017,,,,105.66892281161405,,,,
534,P35557,Q,26,K,NONSYN,0.3813325671505154,1.228271668037996,0.11592906995644979,0.2974666666666667,100.0,2.0,6.0,0.96525342951629,0.13206902914964,0.06410172808034012,0.9653,0.13206902914964,0.96525342951629,0.13206902914964,,0.13206902914964,0.09338690609643426,1.0821,0.11688820828583402,0.4815443456172943,0.9695,0.0917,0.0,,,,105.66892281161405,,,,
535,P35557,Q,26,G,NONSYN,0.4132083883745238,1.2769114921047502,0.09686528801843201,-1.6385666666666667,100.0,2.0,6.0,1.69967730141967,0.192476311797318,0.00047484365658043756,1.6997,0.192476311797318,1.69967730141967,0.192476311797318,,0.192476311797318,0.13610130528965983,1.0847,0.6149606237539595,0.4944925308227539,1.6564,0.1312,0.013000000000000001,,,,105.66892281161405,,,,
536,P35557,Q,26,Y,NONSYN,0.4840075968099441,1.5397477983951136,0.06749691432255663,-1.4618333333333335,100.0,2.0,6.0,1.00574818998124,0.0650751814898606,0.05025661959631395,1.0057,0.0650751814898606,1.00574818998124,0.0650751814898606,,0.0650751814898606,0.04601510211842573,1.0881,0.08235295862410674,0.48254871368408203,1.0065,0.0458,0.073,,,,105.66892281161405,,,,
537,P35557,Q,26,N,NONSYN,0.4518295354764143,1.7332106226668398,0.06963282996549945,-0.35083333333333333,100.0,2.0,6.0,2.02435994476637,0.0429709708521268,4.333748130905496e-05,2.0244,0.0429709708521268,2.02435994476637,0.0429709708521268,,0.0429709708521268,0.030385064883708332,1.2085,0.8158254656251347,0.6569256782531738,2.0226,0.0304,0.0,,,,105.66892281161405,,,,
538,P35557,Q,26,C,NONSYN,0.4511413301447636,0.85700795709294,0.08761004263989314,-1.9530666666666667,100.0,2.0,6.0,1.1518166888416599,0.144486909494525,0.02012773479926294,1.1518,0.144486909494525,1.1518166888416599,0.144486909494525,,0.144486909494525,0.10216767349626558,0.8891,0.2627020109356235,0.4226587116718292,1.1373,0.0993,0.47700000000000004,,,,105.66892281161405,,,,
539,P35557,Q,26,P,NONSYN,0.4853050517411639,0.8731923185891582,0.039792507585228655,-1.2671333333333334,100.0,2.0,6.0,1.6256119160901101,0.206746506790689,0.0008058982304527701,1.6256,0.206746506790689,1.6256119160901101,0.206746506790689,,0.206746506790689,0.1461918569383268,0.8913,0.7343059926281961,0.40353599190711975,1.5404,0.1375,0.061,,,,105.66892281161405,,,,
540,P35557,Q,26,E,NONSYN,0.4564313440073604,1.4058276303611665,0.10125180195973398,0.2536666666666667,100.0,2.0,6.0,0.43258554254677795,0.273531391171589,0.6313919301829201,0.4326,0.273531391171589,0.43258554254677795,0.273531391171589,,0.273531391171589,0.1934159015648207,1.0881,0.6555156060585687,0.45684489607810974,0.5322,0.1781,0.004,,,,105.66892281161405,,,,
541,P35557,Q,26,M,NONSYN,0.4050622568485636,1.6666464441122713,0.0832556196606078,-0.5147333333333333,100.0,2.0,6.0,1.17979472791833,0.0529340645544805,0.016801224655767784,1.1798,0.0529340645544805,1.17979472791833,0.0529340645544805,,0.0529340645544805,0.03743003600223962,1.2063,0.026548446062382824,0.5954026579856873,1.1799,0.0374,0.5479999999999999,,,,105.66892281161405,,,,
542,P35557,Q,26,W,NONSYN,0.4710687255935087,1.2248661627680602,0.1011035794410734,-1.6665666666666665,100.0,2.0,6.0,1.85581328942974,0.148135866861583,0.00015246386389433148,1.8558,0.148135866861583,1.85581328942974,0.148135866861583,,0.148135866861583,0.10474787599477291,1.0389,0.816938424851493,0.5230675935745239,1.8243,0.1027,0.945,,,,105.66892281161405,,,,
543,P35557,Q,26,H,NONSYN,0.4843682171858765,1.1123805955929493,0.09635755986563539,0.3949666666666667,100.0,2.0,6.0,1.31292664685143,0.30369077526205995,0.006982390853736408,1.3129,0.30369077526205995,1.31292664685143,0.30369077526205995,,0.30369077526205995,0.21474180657160238,0.9372,0.3757582870949603,0.39805859327316284,1.2282,0.189,0.0,,,,105.66892281161405,,,,
544,P35557,Q,26,Q,SYN,,,,,,,,,,,,,,,,,,,,,,,,,,,105.66892281161405,,,,
545,P35557,Q,26,*,STOP,,,,,100.0,2.0,6.0,0.22499524013775402,0.05,0.84616816713226,0.225,0.05,0.22499524013775402,0.05,,0.05,0.035355339059327376,,,,0.225,0.0354,,,,,105.66892281161405,,,,
546,P35557,E,27,S,NONSYN,0.4382670271083193,0.5446203493258785,0.1142616964179,-0.6747666666666666,100.0,2.0,6.0,1.16089141001785,0.20935697525454897,0.018985387748819568,1.1609,0.20935697525454897,1.16089141001785,0.20935697525454897,,0.20935697525454897,0.1480377368911958,0.7891,0.37181090941512784,0.4771532416343689,1.1282,0.1414,0.21,,,,78.6601407464472,,,,
547,P35557,E,27,A,NONSYN,0.4725389201357859,0.6882079671456193,0.12580499335196246,-0.8022,100.0,2.0,6.0,0.541250589765083,0.250415253189842,0.4769732903240401,0.5413,0.250415253189842,0.541250589765083,0.250415253189842,,0.250415253189842,0.17707032364308348,0.8377,0.29642772349022706,0.49082550406455994,0.5754,0.1666,0.16699999999999998,,,,78.6601407464472,,,,
548,P35557,E,27,V,NONSYN,0.5148579282991502,1.6283966938682894,0.07129647583330269,-1.6669666666666665,100.0,2.0,6.0,1.17879506121567,0.085686618625699,0.016910450344096835,1.1788,0.085686618625699,1.17879506121567,0.085686618625699,,0.085686618625699,0.060589589087177285,1.2045,0.02573434342452785,0.6186014413833618,1.179,0.0603,0.231,,,,78.6601407464472,,,,
549,P35557,E,27,R,NONSYN,0.4513055748960305,0.4849664305189872,0.12108613964538757,-0.7211333333333333,100.0,2.0,6.0,0.720212346185757,0.183841442562512,0.23870732380652987,0.7202,0.183841442562512,0.720212346185757,0.183841442562512,,0.183841442562512,0.1299955306990694,0.7266,0.006413453946994441,0.48036468029022217,0.7206,0.1255,0.544,,,,78.6601407464472,,,,
550,P35557,E,27,D,NONSYN,0.4800060668498122,0.6914313576648672,0.12051040264007612,-0.020166666666666666,,,,,,,,,,,,,,0.8595,,0.449377179145813,0.8595,0.4494,0.025,,,,78.6601407464472,,,,
551,P35557,E,27,F,NONSYN,0.4134101209643438,0.50387158437717,0.12386630796186728,-2.4431333333333334,100.0,2.0,6.0,1.04591217911275,0.0766178960264003,0.03928595551707695,1.0459,0.0766178960264003,1.04591217911275,0.0766178960264003,,0.0766178960264003,0.054177033840513485,0.6718,0.3741614547971066,0.47480398416519165,1.0411,0.0538,0.9440000000000001,,,,78.6601407464472,,,,
552,P35557,E,27,T,NONSYN,0.4070866311137473,1.1587773941542234,0.08489713245703484,-0.9768666666666667,100.0,2.0,6.0,1.42862557574639,0.254082078071061,0.003186793904285661,1.4286,0.254082078071061,1.42862557574639,0.254082078071061,,0.254082078071061,0.179663160382017,0.9894,0.43925099774727494,0.46315890550613403,1.3712,0.1675,0.006,,,,78.6601407464472,,,,
553,P35557,E,27,I,NONSYN,0.377366298627538,0.6243028635117099,0.14766693723425486,-2.3962999999999997,100.0,2.0,6.0,0.075592313566056,0.456117231433975,0.9251168226653519,0.0756,0.456117231433975,0.075592313566056,0.456117231433975,,0.456117231433975,0.3225235873629976,0.8036,0.7280571119405358,0.501711905002594,0.2885,0.2713,0.797,,,,78.6601407464472,,,,
554,P35557,E,27,L,NONSYN,0.4309220950052253,0.369667402625585,0.17750242023655427,-2.375633333333333,100.0,2.0,6.0,0.839498696224431,0.18279606596585501,0.13104551017732466,0.8395,0.18279606596585501,0.839498696224431,0.18279606596585501,,0.18279606596585501,0.12925633781867954,0.674,0.16549545277808086,0.5154869556427002,0.8297,0.1254,0.359,,,,78.6601407464472,,,,
555,P35557,E,27,K,NONSYN,0.4890082107053284,0.6915133706032428,0.11667521442820154,-0.6217666666666667,100.0,2.0,6.0,-0.0155479925250515,0.294693408819102,0.95234965080334,-0.0155,0.294693408819102,-0.0155479925250515,0.294693408819102,,0.294693408819102,0.20837970774696654,0.8634,0.8789247291659816,0.4746812880039215,0.1265,0.1908,0.002,,,,78.6601407464472,,,,
556,P35557,E,27,G,NONSYN,0.4522640708552875,1.133993170752732,0.143018422454893,-1.9225,100.0,2.0,6.0,0.8840225350201879,0.14766052967829,0.10255735978253462,0.884,0.14766052967829,0.8840225350201879,0.14766052967829,,0.14766052967829,0.1044117618491163,0.953,0.06895631439082284,0.5024564862251282,0.8869,0.1022,0.618,,,,78.6601407464472,,,,
557,P35557,E,27,Y,NONSYN,0.4671477233180428,0.5997045149368917,0.12093638423394816,-2.2137666666666664,100.0,2.0,6.0,0.436886150969676,0.569535641276063,0.6256270369566386,0.4369,0.569535641276063,0.436886150969676,0.569535641276063,,0.569535641276063,0.4027225140737331,0.6851,0.2482223914726458,0.4653068780899048,0.5432,0.3045,0.993,,,,78.6601407464472,,,,
558,P35557,E,27,N,NONSYN,0.4945297857128286,0.9596554928302582,0.07161037400648283,-0.6558999999999999,100.0,2.0,6.0,-0.0842140204952893,0.431889749751945,0.9661438724942097,-0.0842,0.431889749751945,-0.0842140204952893,0.431889749751945,,0.431889749751945,0.3053921707745613,0.9153,0.9994842298077282,0.40832167863845825,0.2743,0.2446,0.002,,,,78.6601407464472,,,,
559,P35557,E,27,C,NONSYN,0.4263241553322161,0.8273115395594012,0.06411746756556916,-2.5622,100.0,2.0,6.0,-0.0128620443095813,0.5219976905304841,0.9517084164532734,-0.0129,0.5219976905304841,-0.0128620443095813,0.5219976905304841,,0.5219976905304841,0.36910810673782213,0.8094,0.8222642717113147,0.4048457145690918,0.3604,0.2728,0.991,,,,78.6601407464472,,,,
560,P35557,E,27,P,NONSYN,0.2784783599621833,1.0495570755757144,0.0864766179182903,-1.2109666666666667,100.0,2.0,6.0,2.2148692465118303,0.182290813690909,1.0053955585583849e-05,2.2149,0.182290813690909,2.2148692465118303,0.182290813690909,,0.182290813690909,0.12889907050885527,0.9145,1.3003851032546891,0.4237872362136841,2.1048,0.1233,0.541,,,,78.6601407464472,,,,
561,P35557,E,27,E,SYN,,,,,100.0,2.0,6.0,2.19940305894406,0.05,1.1337657308702122e-05,2.1994,0.05,2.19940305894406,0.05,,0.05,0.035355339059327376,,,,2.1994,0.0354,,,,,78.6601407464472,,,,
562,P35557,E,27,M,NONSYN,0.4318399535430367,0.8332345824018447,0.14014212534267478,-1.9440333333333335,100.0,2.0,6.0,1.78629830007285,0.190954972733129,0.0002537150744523303,1.7863,0.190954972733129,1.78629830007285,0.190954972733129,,0.190954972733129,0.1350255561208878,0.8573,0.9289930713626755,0.5013410449028015,1.7235,0.1304,0.9420000000000001,,,,78.6601407464472,,,,
563,P35557,E,27,W,NONSYN,0.3886512979012191,0.6536677296344123,0.117219554809459,-2.4843333333333333,100.0,2.0,6.0,0.596523743341023,0.18631744395597302,0.3969964469633582,0.5965,0.18631744395597302,0.596523743341023,0.18631744395597302,,0.18631744395597302,0.13174632807461303,0.6769,0.08042551927799557,0.4675586223602295,0.6024,0.1268,0.998,,,,78.6601407464472,,,,
564,P35557,E,27,H,NONSYN,0.3874690850586482,0.5989632452361059,0.12114196791643468,-0.6659666666666667,100.0,2.0,6.0,0.9978627222871679,0.121147855470376,0.052717003648432154,0.9979,0.121147855470376,0.9978627222871679,0.121147855470376,,0.121147855470376,0.08566447012931064,0.7792,0.21864625395296988,0.4771532416343689,0.991,0.0843,0.924,,,,78.6601407464472,,,,
565,P35557,E,27,Q,NONSYN,0.4979236622050323,0.7144020465933222,0.08986142145122594,-0.4386666666666667,100.0,2.0,6.0,0.928950655501803,0.361573063586549,0.07934163563618825,0.929,0.361573063586549,0.928950655501803,0.361573063586549,,0.361573063586549,0.25567076515644355,0.8533,0.07567273382516726,0.43398982286453247,0.9095,0.2203,0.563,,,,78.6601407464472,,,,
566,P35557,E,27,*,STOP,,,,,100.0,2.0,6.0,0.29102026024232397,0.05,0.7923489815773552,0.291,0.05,0.29102026024232397,0.05,,0.05,0.035355339059327376,,,,0.291,0.0354,,,,,78.6601407464472,H,46.0,,
567,P35557,E,28,S,NONSYN,0.4382670271083193,1.3325588099918817,0.0716391293758117,-0.6747666666666666,100.0,2.0,6.0,0.91190410522986,0.19550800061404397,0.08754525922261802,0.9119,0.19550800061404397,0.91190410522986,0.19550800061404397,,0.19550800061404397,0.1382450330104142,1.0838,0.17192982764672693,0.4812571108341217,0.925,0.1329,0.838,,,,108.81178437856342,,,,
568,P35557,E,28,A,NONSYN,0.4725389201357859,1.132752609371175,0.17828389255907273,-0.8022,100.0,2.0,6.0,1.32920849246861,0.264662273463791,0.006259661754414919,1.3292,0.264662273463791,1.32920849246861,0.264662273463791,,0.264662273463791,0.18714448829049507,0.9564,0.37278038186909224,0.5188470482826233,1.2863,0.176,0.662,,,,108.81178437856342,,,,
569,P35557,E,28,V,NONSYN,0.5148579282991502,1.5081621544038033,0.10172276767553134,-1.6669666666666665,100.0,2.0,6.0,0.705238349740953,0.237539749335689,0.2555844858857012,0.7052,0.237539749335689,0.705238349740953,0.237539749335689,,0.237539749335689,0.16796596755661838,1.0838,0.3785955831356339,0.4976421892642975,0.744,0.1591,0.894,,,,108.81178437856342,,,,
570,P35557,E,28,R,NONSYN,0.4513055748960305,1.5104389467306694,0.08206775573202296,-0.7211333333333333,100.0,2.0,6.0,0.7955680822522471,0.20296055990763798,0.165165658174639,0.7956,0.20296055990763798,0.7955680822522471,0.20296055990763798,,0.20296055990763798,0.14351478822410932,1.0838,0.28826585062433985,0.4881942570209503,0.8185,0.1377,0.828,,,,108.81178437856342,,,,
571,P35557,E,28,D,NONSYN,0.4800060668498122,0.8175965755091722,0.11799604125515685,-0.020166666666666666,100.0,2.0,6.0,0.747265021673432,0.501791855013246,0.2100949851122929,0.7473,0.501791855013246,0.747265021673432,0.501791855013246,,0.501791855013246,0.3548204234240431,0.8836,0.13636871112228333,0.449377179145813,0.7996,0.2785,0.172,,,,108.81178437856342,,,,
572,P35557,E,28,F,NONSYN,0.4134101209643438,0.8056318964768717,0.0680485600535498,-2.4431333333333334,100.0,2.0,6.0,0.781461371255297,0.10336504706869999,0.17747008580681956,0.7815,0.10336504706869999,0.781461371255297,0.10336504706869999,,0.10336504706869999,0.07309012571994443,0.7757,0.005788816285509424,0.4036778211593628,0.7813,0.0719,0.995,,,,108.81178437856342,,,,
573,P35557,E,28,T,NONSYN,0.4070866311137473,1.1979310897593958,0.11968645473948943,-0.9768666666666667,100.0,2.0,6.0,1.6667723369548002,0.7032590164157521,0.0006011155930156248,1.6668,0.7032590164157521,1.6667723369548002,0.7032590164157521,,0.7032590164157521,0.4972792194381598,1.073,0.5937893104502836,0.5373737215995789,1.3929,0.365,0.878,,,,108.81178437856342,,,,
574,P35557,E,28,I,NONSYN,0.377366298627538,0.6066946663284941,0.0878564901947615,-2.3962999999999997,100.0,2.0,6.0,1.29541089096118,0.10516111348403301,0.00784994987907878,1.2954,0.10516111348403301,1.29541089096118,0.10516111348403301,,0.10516111348403301,0.07436013646168782,0.7178,0.5776051477437116,0.4328821897506714,1.2789,0.0733,0.97,,,,108.81178437856342,,,,
575,P35557,E,28,L,NONSYN,0.4309220950052253,0.7236864755409744,0.07458417544196815,-2.375633333333333,100.0,2.0,6.0,0.9444354633237391,0.22330742343888302,0.07248540934085619,0.9444,0.22330742343888302,0.9444354633237391,0.22330742343888302,,0.22330742343888302,0.15790219340292996,0.807,0.13738875187888433,0.4035738706588745,0.9262,0.147,0.94,,,,108.81178437856342,,,,
576,P35557,E,28,K,NONSYN,0.4890082107053284,1.3713374843177528,0.07047826964750527,-0.6217666666666667,100.0,2.0,6.0,0.7695102223243481,0.186127466219661,0.1884202591040071,0.7695,0.186127466219661,0.7695102223243481,0.186127466219661,,0.186127466219661,0.13161199352899233,1.0881,0.3185909262809986,0.4864310026168823,0.7912,0.127,0.022000000000000002,,,,108.81178437856342,,,,
577,P35557,E,28,G,NONSYN,0.4522640708552875,1.03329217906538,0.0846952656270585,-1.9225,100.0,2.0,6.0,1.35943078171494,0.18329992442223397,0.0051054808885541295,1.3594,0.18329992442223397,1.35943078171494,0.18329992442223397,,0.18329992442223397,0.1296126195499433,0.8968,0.4626079119372606,0.4164116382598877,1.3186,0.1238,0.929,,,,108.81178437856342,,,,
578,P35557,E,28,Y,NONSYN,0.4671477233180428,1.1997590453332863,0.07246605620921616,-2.2137666666666664,100.0,2.0,6.0,0.6985992005160471,0.258158234385141,0.2632975662857057,0.6986,0.258158234385141,0.6985992005160471,0.258158234385141,,0.258158234385141,0.18254543815287935,0.9977,0.29911025258987944,0.49370935559272766,0.7346,0.1712,0.998,,,,108.81178437856342,,,,
579,P35557,E,28,N,NONSYN,0.4945297857128286,1.3245543754330091,0.07235558204794384,-0.6558999999999999,100.0,2.0,6.0,0.935917408906478,0.190699767121507,0.07618889558594065,0.9359,0.190699767121507,0.935917408906478,0.190699767121507,,0.190699767121507,0.134845098502313,1.0838,0.1479165239701089,0.49833574891090393,0.946,0.1302,0.88,,,,108.81178437856342,,,,
580,P35557,E,28,C,NONSYN,0.4263241553322161,0.634315389908244,0.06789550411511518,-2.5622,100.0,2.0,6.0,0.636728570636461,0.106445877961622,0.3413708458662188,0.6367,0.106445877961622,0.636728570636461,0.106445877961622,,0.106445877961622,0.07526860213601859,0.6769,0.04022069198255751,0.40805715322494507,0.6381,0.074,0.998,,,,108.81178437856342,,,,
581,P35557,E,28,P,NONSYN,0.2784783599621833,1.2337397263881211,0.1857484104432563,-1.2109666666666667,100.0,2.0,6.0,1.46901669455733,0.38289443217797897,0.0024133646202438136,1.469,0.38289443217797897,1.46901669455733,0.38289443217797897,,0.38289443217797897,0.27074724947162154,1.0813,0.3876930709001034,0.6234476566314697,1.4075,0.2483,0.826,,,,108.81178437856342,,,,
582,P35557,E,28,E,SYN,,,,,100.0,2.0,6.0,1.5357749883153702,0.05,0.0015175210863769808,1.5358,0.05,1.5357749883153702,0.05,,0.05,0.035355339059327376,,,,1.5358,0.0354,,,,,108.81178437856342,,,,
583,P35557,E,28,M,NONSYN,0.4318399535430367,0.9210894439906467,0.09329453621863754,-1.9440333333333335,100.0,2.0,6.0,1.69603898693914,0.0777713177088352,0.0004874172825663046,1.696,0.0777713177088352,1.69603898693914,0.0777713177088352,,0.0777713177088352,0.0549926261337308,0.8406,0.8554336087882,0.4406448006629944,1.6829,0.0546,0.985,,,,108.81178437856342,,,,
584,P35557,E,28,W,NONSYN,0.3886512979012191,1.007102575180072,0.06307376550411643,-2.4843333333333333,100.0,2.0,6.0,0.17704933514569604,0.14975263705322198,0.8773214197291043,0.177,0.14975263705322198,0.17704933514569604,0.14975263705322198,,0.14975263705322198,0.1058911051609011,0.8086,0.6315899528029123,0.4027181565761566,0.2179,0.1024,1.0,,,,108.81178437856342,,,,
585,P35557,E,28,H,NONSYN,0.3874690850586482,0.8811298654628618,0.08020209486122469,-0.6659666666666667,100.0,2.0,6.0,2.26619093881692,0.12173568655418301,6.734633698991412e-06,2.2662,0.12173568655418301,2.26619093881692,0.12173568655418301,,0.12173568655418301,0.08608012947486282,0.8406,1.4255855606659802,0.43115103244781494,2.2115,0.0844,0.98,,,,108.81178437856342,,,,
586,P35557,E,28,Q,NONSYN,0.4979236622050323,0.8095597830758802,0.13430104610808893,-0.02876666666666668,100.0,2.0,6.0,0.7713753989733081,0.42160214841547494,0.18667938172899168,0.7714,0.42160214841547494,0.7713753989733081,0.42160214841547494,,0.42160214841547494,0.29811773810739955,0.8549,0.08356155838600587,0.4774063527584076,0.7948,0.2529,0.838,,,,108.81178437856342,,,,
587,P35557,E,28,*,STOP,,,,,100.0,2.0,6.0,-0.0909793820320222,0.05,0.9672638298166172,-0.091,0.05,-0.0909793820320222,0.05,,0.05,0.035355339059327376,,,,-0.091,0.0354,,,,,108.81178437856342,,,,
588,P35557,D,29,S,NONSYN,0.3690767940714815,0.41077558040677703,0.18083582326389291,-0.9501333333333332,100.0,2.0,6.0,1.20115747252038,0.128025101355209,0.0146222017506208,1.2012,0.128025101355209,1.20115747252038,0.128025101355209,,0.128025101355209,0.09052741733036333,0.6132,0.5879869679503726,0.5368247628211975,1.1849,0.0893,0.953,,,,36.76735175909511,,,,
589,P35557,D,29,A,NONSYN,0.4216252277516441,0.754917097996282,0.133524430962951,-1.4927333333333335,100.0,2.0,6.0,0.964248481308016,0.142504788913983,0.06448549979645751,0.9642,0.142504788913983,0.964248481308016,0.142504788913983,,0.142504788913983,0.10076610259263491,0.8549,0.10931152394870203,0.4881838262081146,0.9598,0.0987,0.8859999999999999,,,,36.76735175909511,,,,
590,P35557,D,29,V,NONSYN,0.4506084315132353,1.0871842542468848,0.11495068533053489,-2.6115333333333335,100.0,2.0,6.0,1.2045913177733798,0.173546193668929,0.014298243389196746,1.2046,0.173546193668929,1.2045913177733798,0.173546193668929,,0.173546193668929,0.12271569039241358,0.8723,0.33231405794671964,0.4674251675605774,1.1832,0.1187,0.971,,,,36.76735175909511,,,,
591,P35557,D,29,R,NONSYN,0.35823216117602164,0.6900408952917206,0.13234435324623675,-1.472133333333333,100.0,2.0,6.0,1.1588770894217,0.161105678869778,0.01923348903711592,1.1589,0.161105678869778,1.1588770894217,0.161105678869778,,0.161105678869778,0.1139189180164823,0.7073,0.4515358356642232,0.49860110878944397,1.1365,0.1111,0.992,,,,36.76735175909511,,,,
592,P35557,D,29,D,SYN,,,,,,,,,,,,,,,,,,,,,,,,,,,36.76735175909511,,,,
593,P35557,D,29,F,NONSYN,0.29646296686588297,0.9986313151253015,0.08700172177469367,-2.6194333333333333,100.0,2.0,6.0,1.4702501351381299,0.362928050346822,0.0023928859425699184,1.4703,0.362928050346822,1.4702501351381299,0.362928050346822,,0.362928050346822,0.2566288854830506,0.824,0.6462580019975659,0.44220632314682007,1.3074,0.222,0.9990000000000001,,,,36.76735175909511,,,,
594,P35557,D,29,T,NONSYN,0.33041122774515563,0.740500368495488,0.09243324892655437,-1.2396666666666667,100.0,2.0,6.0,0.849224802182778,0.603551037693352,0.12431960195683009,0.8492,0.603551037693352,0.849224802182778,0.603551037693352,,0.603551037693352,0.42677503154514673,0.8549,0.005712155176536005,0.43479424715042114,0.852,0.3046,0.9009999999999999,,,,36.76735175909511,,,,
595,P35557,D,29,I,NONSYN,0.3169485018080975,1.59168244352455,0.1448235178472563,-2.7128666666666668,100.0,2.0,6.0,0.31163611781509104,0.5142318784062481,0.7727542490731019,0.3116,0.5142318784062481,0.31163611781509104,0.5142318784062481,,0.5142318784062481,0.3636168483233541,1.0213,0.7096453629740935,0.6617166996002197,0.4762,0.3187,0.998,,,,36.76735175909511,,,,
596,P35557,D,29,L,NONSYN,0.37713817620354506,1.034600783766437,0.14180504391217258,-2.7055000000000002,100.0,2.0,6.0,1.9828810970894297,0.5291575190226471,5.924092001141784e-05,1.9829,0.5291575190226471,1.9828810970894297,0.5291575190226471,,0.5291575190226471,0.37417087001676325,0.8628,1.1201243679634532,0.5258821845054626,1.6064,0.3049,0.996,,,,36.76735175909511,,,,
597,P35557,D,29,K,NONSYN,0.3517044245741117,0.558396244780513,0.1676685258393176,-0.8925333333333333,100.0,2.0,6.0,0.7582954793991721,0.314626626508647,0.19913706825856367,0.7583,0.314626626508647,0.7582954793991721,0.314626626508647,,0.314626626508647,0.22247462114611144,0.6883,0.06996143160483004,0.5367111563682556,0.748,0.2055,0.9740000000000001,,,,36.76735175909511,,,,
598,P35557,D,29,G,NONSYN,0.41616550742326497,0.9907834576374981,0.1510217993330457,-1.4276333333333333,100.0,2.0,6.0,0.49895714477927605,0.185722293105863,0.5386174292305319,0.499,0.185722293105863,0.49895714477927605,0.185722293105863,,0.185722293105863,0.1313254928726713,0.9103,0.4113839988288172,0.4998873174190521,0.5255,0.127,0.9179999999999999,,,,36.76735175909511,,,,
599,P35557,D,29,Y,NONSYN,0.4224113195979475,0.9595230549343979,0.10555693562813528,-2.560966666666667,,,,,,,,,,,,,,0.8149,,0.4661416709423065,0.8149,0.4661,0.9990000000000001,,,,36.76735175909511,,,,
600,P35557,D,29,N,NONSYN,0.4295009636980524,0.6503064926423504,0.09426967808103014,-0.2961,,,,,,,,,,,,,,0.8082,,0.46143820881843567,0.8082,0.4614,0.873,,,,36.76735175909511,,,,
601,P35557,D,29,C,NONSYN,0.3461355508488411,1.1663695108926335,0.1786617514940196,-2.7265333333333337,100.0,2.0,6.0,1.5875749157108403,0.259621575595338,0.0010547904014770195,1.5876,0.259621575595338,1.5875749157108403,0.259621575595338,,0.259621575595338,0.18358017664579937,0.9078,0.6797998712696172,0.5562829971313477,1.5208,0.1743,0.998,,,,36.76735175909511,,,,
602,P35557,D,29,P,NONSYN,0.2905290433283012,0.8740275718363306,0.06698068742556028,-1.4699,100.0,2.0,6.0,0.60691705978787,0.510362729860876,0.38233413924888576,0.6069,0.510362729860876,0.60691705978787,0.510362729860876,,0.510362729860876,0.36088094714950353,0.8818,0.2748672600897545,0.406961590051651,0.7279,0.27,0.912,,,,36.76735175909511,,,,
603,P35557,D,29,E,NONSYN,0.4869275421620544,0.528086470519311,0.11564920161991514,-0.7963666666666667,100.0,2.0,6.0,1.12495554576829,0.13493158552171,0.023904886522915968,1.125,0.13493158552171,1.12495554576829,0.13493158552171,,0.13493158552171,0.09541103911865371,0.8174,0.30750609527543116,0.4771532416343689,1.1131,0.0936,0.005,,,,36.76735175909511,,,,
604,P35557,D,29,M,NONSYN,0.2886817698329022,1.4208054562074501,0.11285152821791132,-2.633366666666667,100.0,2.0,6.0,0.20372771189168398,0.19678858910039101,0.8607577042663598,0.2037,0.19678858910039101,0.20372771189168398,0.19678858910039101,,0.19678858910039101,0.13915054581301958,1.0064,0.802713881278482,0.5742563605308533,0.2482,0.1352,0.9990000000000001,,,,36.76735175909511,,,,
605,P35557,D,29,W,NONSYN,0.2933207242208761,1.2940307102051205,0.1843676079078648,-2.7770999999999995,100.0,2.0,6.0,1.46109000068979,0.100346830851149,0.0025491017558283936,1.4611,0.100346830851149,1.46109000068979,0.100346830851149,,0.100346830851149,0.0709559245654269,0.9945,0.46655205112771725,0.7142000198364258,1.4565,0.0706,1.0,,,,36.76735175909511,,,,
606,P35557,D,29,H,NONSYN,0.4359397753198172,0.7021591421204088,0.16629233619099057,-1.1262,,,,,,,,,,,,,,0.7089,,0.5289800763130188,0.7089,0.529,0.993,,,,36.76735175909511,,,,
607,P35557,D,29,Q,NONSYN,0.3596090029508326,0.93622591803411,0.16324048309607944,-0.9301666666666666,100.0,2.0,6.0,-0.3751935403616189,0.354069118041386,0.9918418006109352,-0.3752,0.354069118041386,-0.3751935403616189,0.354069118041386,,0.354069118041386,0.2503646743758042,0.8974,1.2725606005460977,0.5032972693443298,-0.1228,0.2242,0.46,,,,36.76735175909511,,,,
608,P35557,D,29,*,STOP,,,,,100.0,2.0,6.0,0.24420427457690197,0.05,0.8318748124897708,0.2442,0.05,0.24420427457690197,0.05,,0.05,0.035355339059327376,,,,0.2442,0.0354,,,,,36.76735175909511,,,,
609,P35557,L,30,S,NONSYN,0.3696688568840947,0.7425264406075289,0.12405934312462918,-1.8501333333333332,100.0,2.0,6.0,1.55626043550602,0.27049133893495997,0.0013147117427201776,1.5563,0.27049133893495997,1.55626043550602,0.27049133893495997,,0.27049133893495997,0.19126626001313898,0.731,0.8252318190776446,0.48322921991348267,1.4445,0.1778,1.0,,,,7.2805657471786756,,,,
610,P35557,L,30,A,NONSYN,0.2800117097075371,1.1039562242754237,0.14389414449227075,-1.3620666666666665,100.0,2.0,6.0,0.0453029974055942,0.282278339925505,0.935530209217449,0.0453,0.282278339925505,0.0453029974055942,0.282278339925505,,0.282278339925505,0.19960092834340593,0.8258,0.7805367605137173,0.5116735100746155,0.1484,0.186,1.0,,,,7.2805657471786756,,,,
611,P35557,L,30,V,NONSYN,0.45006845647116095,0.9079873320848814,0.19421635130089177,0.4434,100.0,2.0,6.0,0.559150334378169,0.113640457582042,0.450833264799155,0.5592,0.113640457582042,0.559150334378169,0.113640457582042,,0.113640457582042,0.0803559381734041,0.8057,0.24654812000186643,0.48231202363967896,0.5658,0.0793,0.998,,,,7.2805657471786756,,,,
612,P35557,L,30,R,NONSYN,0.2792328090176149,1.0261228895896624,0.12874313799263168,-1.8351333333333333,100.0,2.0,6.0,0.7054710885596199,0.227710814615098,0.25531663485141937,0.7055,0.227710814615098,0.7054710885596199,0.227710814615098,,0.227710814615098,0.16101586116384858,0.8086,0.10316819938898847,0.47562989592552185,0.7161,0.1525,1.0,,,,7.2805657471786756,,,,
613,P35557,L,30,D,NONSYN,0.15709418040401155,1.196984255406379,0.05057732445239,-2.512333333333333,100.0,2.0,6.0,1.15140771614802,0.345777148473795,0.02018072918849036,1.1514,0.345777148473795,1.15140771614802,0.345777148473795,,0.345777148473795,0.2445013664651681,0.9697,0.18175244080317143,0.4525775611400604,1.1103,0.2151,1.0,,,,7.2805657471786756,,,,
614,P35557,L,30,F,NONSYN,0.463424518412456,0.6188468661261777,0.18783408476565647,0.48950000000000005,100.0,2.0,6.0,1.4265717322542801,0.23833676265169101,0.003231980967314884,1.4266,0.23833676265169101,1.4265717322542801,0.23833676265169101,,0.23833676265169101,0.1685295410770594,0.6731,0.7534523660853043,0.49771472811698914,1.3491,0.1596,1.0,,,,7.2805657471786756,,,,
615,P35557,L,30,T,NONSYN,0.3205067496312658,0.5741699147281217,0.15612854617698813,-1.3817666666666666,100.0,2.0,6.0,1.6346619260475002,0.11666316973194803,0.00075571859823032,1.6347,0.11666316973194803,1.6346619260475002,0.11666316973194803,,0.11666316973194803,0.08249331843217762,0.6183,1.0163574350044093,0.5291244387626648,1.6105,0.0815,1.0,,,,7.2805657471786756,,,,
616,P35557,L,30,I,NONSYN,0.3599458773266949,0.9219895692157927,0.19323667620161813,0.27723333333333333,100.0,2.0,6.0,0.5171436229854349,0.14052245050787804,0.5122072201273042,0.5171,0.14052245050787804,0.5171436229854349,0.14052245050787804,,0.14052245050787804,0.09936437766307156,0.8057,0.2885548313946005,0.49450328946113586,0.5283,0.0974,0.998,,,,7.2805657471786756,,,,
617,P35557,L,30,L,SYN,,,,,100.0,2.0,6.0,1.6263209636201101,0.05,0.0008018520549106039,1.6263,0.05,1.6263209636201101,0.05,,0.05,0.035355339059327376,,,,1.6263,0.0354,,,,,7.2805657471786756,,,,
618,P35557,L,30,K,NONSYN,0.16637828819819184,1.010234183758569,0.11087250467322908,-1.8327,100.0,2.0,6.0,0.7531372060528999,0.359067840763851,0.2042099658932147,0.7531,0.359067840763851,0.7531372060528999,0.359067840763851,,0.359067840763851,0.2538993051101305,0.824,0.07085492708766405,0.46949923038482666,0.7692,0.2233,0.9990000000000001,,,,7.2805657471786756,,,,
619,P35557,L,30,G,NONSYN,0.3375782897720982,1.0753394297825558,0.08475608633445099,-2.5354666666666663,100.0,2.0,6.0,1.51634219301949,0.190531689782037,0.0017379306238299705,1.5163,0.190531689782037,1.51634219301949,0.190531689782037,,0.190531689782037,0.13472624987580997,0.8131,0.7032896579624222,0.43595921993255615,1.455,0.1287,1.0,,,,7.2805657471786756,,,,
620,P35557,L,30,Y,NONSYN,0.3932294491632085,0.7457334789773218,0.15744988898304746,-1.3710666666666667,100.0,2.0,6.0,1.1199712332999,0.0784352739658143,0.02467601052352867,1.12,0.0784352739658143,1.1199712332999,0.0784352739658143,,0.0784352739658143,0.05546211410545196,0.7234,0.3965556201254614,0.5175603628158569,1.1155,0.0551,1.0,,,,7.2805657471786756,,,,
621,P35557,L,30,N,NONSYN,0.1790631080953343,1.1151065808196197,0.07314507851905896,-2.4369,100.0,2.0,6.0,0.968119194108217,0.0838842535869928,0.06301862400415509,0.9681,0.0838842535869928,0.968119194108217,0.0838842535869928,,0.0838842535869928,0.05931512454613457,0.8291,0.1389868756115129,0.40237143635749817,0.9652,0.0587,1.0,,,,7.2805657471786756,,,,
622,P35557,L,30,C,NONSYN,0.3444819501115762,0.5717772652732483,0.08962177199288622,-1.3948999999999998,100.0,2.0,6.0,0.557235513478871,0.594085060720203,0.4536235604446415,0.5572,0.594085060720203,0.557235513478871,0.594085060720203,,0.594085060720203,0.4200815750368773,0.6093,0.05206867620313582,0.4603559374809265,0.5809,0.3103,1.0,,,,7.2805657471786756,,,,
623,P35557,L,30,P,NONSYN,0.3101239067988947,0.9335254544543786,0.07275975067853169,-2.2839666666666667,100.0,2.0,6.0,0.7224861703479392,0.23936380204657604,0.23620847484373333,0.7225,0.23936380204657604,0.7224861703479392,0.23936380204657604,,0.23936380204657604,0.1692557675977283,0.7827,0.060224977914084765,0.4004663825035095,0.7316,0.1559,1.0,,,,7.2805657471786756,,,,
624,P35557,L,30,E,NONSYN,0.22335052551716408,1.0689825191585487,0.07477147500560094,-2.4328000000000003,100.0,2.0,6.0,1.10649137909143,0.0520220209783953,0.02688116410025154,1.1065,0.0520220209783953,1.10649137909143,0.0520220209783953,,0.0520220209783953,0.036785123804852146,0.8131,0.29343884403436205,0.4035738706588745,1.1041,0.0366,1.0,,,,7.2805657471786756,,,,
625,P35557,L,30,M,NONSYN,0.4855550162170784,0.8342885632059613,0.07050024630669481,0.15566666666666665,100.0,2.0,6.0,0.7802466410149291,0.77615002963302,0.17856097714019722,0.7802,0.77615002963302,0.7802466410149291,0.77615002963302,,0.77615002963302,0.5488209491716483,0.7769,0.0033233421791747375,0.4008496105670929,0.7781,0.3237,1.0,,,,7.2805657471786756,,,,
626,P35557,L,30,W,NONSYN,0.28885364138641745,1.0049562433728465,0.11877791924481801,-1.8677333333333335,100.0,2.0,6.0,0.768971027210067,0.31024352005122496,0.18892572427864165,0.769,0.31024352005122496,0.768971027210067,0.31024352005122496,,0.31024352005122496,0.21937529684740578,0.8086,0.03966826073854135,0.47052064538002014,0.7761,0.1988,1.0,,,,7.2805657471786756,,,,
627,P35557,L,30,H,NONSYN,0.29725486605293433,0.727031488320153,0.1150065116740203,-1.9786333333333335,100.0,2.0,6.0,0.7259657901634889,0.292487273350336,0.2324175659587597,0.726,0.292487273350336,0.7259657901634889,0.292487273350336,,0.292487273350336,0.20681973439678591,0.7018,0.024151496302099784,0.47127142548561096,0.7221,0.1894,1.0,,,,7.2805657471786756,,,,
628,P35557,L,30,Q,NONSYN,0.3225298006389851,0.45716984603151073,0.17141067681899078,-1.5422,100.0,2.0,6.0,0.550057565114251,0.24237153892199603,0.46409859634870815,0.5501,0.24237153892199603,0.550057565114251,0.24237153892199603,,0.24237153892199603,0.1713825587383626,0.4132,0.13687229647373278,0.5067025423049927,0.536,0.1623,1.0,,,,7.2805657471786756,,,,
629,P35557,L,30,*,STOP,,,,,,,,,,,,,,,,,,,,,,,,,,,7.2805657471786756,,,,
630,P35557,K,31,S,NONSYN,0.39799365034538775,1.1947010718331124,0.09463887781481782,-0.8266,100.0,2.0,6.0,1.06537661722404,0.126658633560162,0.03481099711811406,1.0654,0.126658633560162,1.06537661722404,0.126658633560162,,0.126658633560162,0.08956117868621256,1.0387,0.026669003279032655,0.5202684998512268,1.0646,0.0883,0.025,,,,70.26712590450661,,,,
631,P35557,K,31,A,NONSYN,0.4253782567817681,0.8441119798551551,0.09067816650781156,-0.8658,100.0,2.0,6.0,0.9480201812951271,0.264949977975194,0.07097537147707983,0.948,0.264949977975194,0.9480201812951271,0.264949977975194,,0.264949977975194,0.18734792610148607,0.8913,0.056714257833213044,0.4304937422275543,0.939,0.1718,0.28600000000000003,,,,70.26712590450661,,,,
632,P35557,K,31,V,NONSYN,0.4018371367991864,1.1540586674293694,0.07250587988932594,-1.8981333333333332,100.0,2.0,6.0,0.931074260653476,0.0811028873308848,0.07836861665926217,0.9311,0.0811028873308848,0.931074260653476,0.0811028873308848,,0.0811028873308848,0.057348401605477176,0.9894,0.05830031734563901,0.4458925127983093,0.932,0.0569,0.0,,,,70.26712590450661,,,,
633,P35557,K,31,R,NONSYN,0.4425642104838123,0.8206518359955534,0.12723580620045633,0.014233333333333356,100.0,2.0,6.0,1.0701868003892399,0.173534396731834,0.03378100668465898,1.0702,0.173534396731834,1.0701868003892399,0.173534396731834,,0.173534396731834,0.12270734869819645,0.8946,0.1755687660264469,0.46044617891311646,1.0585,0.1186,0.001,,,,70.26712590450661,,,,
634,P35557,K,31,D,NONSYN,0.3868073539125079,1.1947010718331124,0.09463887781481779,-0.8266,100.0,2.0,6.0,-0.103747094638745,0.238718912527103,0.9692764177256339,-0.1037,0.238718912527103,-0.103747094638745,0.238718912527103,,0.238718912527103,0.1687997618453928,1.0365,1.1402635226325195,0.5202684998512268,0.0049,0.1606,0.4920000000000001,,,,70.26712590450661,,,,
635,P35557,K,31,F,NONSYN,0.39391394066408775,1.1086362198483979,0.07378190495966927,-1.9194666666666667,100.0,2.0,6.0,0.491587467736724,0.0666353104275139,0.5492398498247985,0.4916,0.0666353104275139,0.491587467736724,0.0666353104275139,,0.0666353104275139,0.04711827986976574,0.9275,0.43595414584207237,0.39144524931907654,0.4978,0.0468,0.73,,,,70.26712590450661,,,,
636,P35557,K,31,T,NONSYN,0.4423640368257771,0.691226524552674,0.08590904906371949,-0.8377,100.0,2.0,6.0,1.4066765472025702,0.29215999707763,0.003703212873137357,1.4067,0.29215999707763,1.4066765472025702,0.29215999707763,,0.29215999707763,0.2065883151250341,0.8377,0.5689982339472601,0.4447285830974579,1.3057,0.1874,0.18,,,,70.26712590450661,,,,
637,P35557,K,31,I,NONSYN,0.4603939774498695,1.00797265882497,0.03223071485305241,-1.9278666666666666,100.0,2.0,6.0,0.793578150807008,0.28936028398429403,0.16686088443889374,0.7936,0.28936028398429403,0.793578150807008,0.28936028398429403,,0.28936028398429403,0.20460861901135943,0.9167,0.12309717840136603,0.38524365425109863,0.8207,0.1807,0.027999999999999997,,,,70.26712590450661,,,,
638,P35557,K,31,L,NONSYN,0.4356747906628182,0.9306646716189579,0.07208202378661799,-1.8765,100.0,2.0,6.0,1.60125624808471,0.0876401660753822,0.0009576574073406639,1.6013,0.0876401660753822,1.60125624808471,0.0876401660753822,,0.0876401660753822,0.06197095573621797,0.9077,0.6935770479122856,0.38888293504714966,1.5841,0.0612,0.027999999999999997,,,,70.26712590450661,,,,
639,P35557,K,31,K,SYN,,,,,,,,,,,,,,,,,,,,,,,,,,,70.26712590450661,,,,
640,P35557,K,31,G,NONSYN,0.3929842999811576,1.1998907040448585,0.031159225064703647,-1.8229999999999997,100.0,2.0,6.0,0.36762510328465,0.11304685548466802,0.7127083346005055,0.3676,0.11304685548466802,0.36762510328465,0.11304685548466802,,0.11304685548466802,0.0799361981050244,1.0771,0.7095009228689144,0.4829644560813904,0.3865,0.0789,0.4920000000000001,,,,70.26712590450661,,,,
641,P35557,K,31,Y,NONSYN,0.3944793974738757,0.9666518706742786,0.038757127357499734,-1.7455,100.0,2.0,6.0,1.06734160339639,0.056724549149946,0.03438673900299483,1.0673,0.056724549149946,1.06734160339639,0.056724549149946,,0.056724549149946,0.040110313363676424,0.9124,0.15497062361047087,0.3952254354953766,1.0658,0.0399,0.13699999999999998,,,,70.26712590450661,,,,
642,P35557,K,31,N,NONSYN,0.4560364383708069,1.065020656639799,0.07021463364376955,-0.5051666666666667,100.0,2.0,6.0,0.649868594931566,0.514391932448685,0.3239302939355944,0.6499,0.514391932448685,0.649868594931566,0.514391932448685,,0.514391932448685,0.3637300236221176,0.9168,0.2669527656565077,0.3975171744823456,0.7715,0.2683,0.594,,,,70.26712590450661,,,,
643,P35557,K,31,C,NONSYN,0.4535515939759026,0.8328767188868773,0.07150366199722154,-2.2871333333333332,100.0,2.0,6.0,0.8472476447781301,0.16860557096781,0.12566340001562515,0.8472,0.16860557096781,0.8472476447781301,0.16860557096781,,0.16860557096781,0.11922214257716814,0.8286,0.018671437617180375,0.3992639482021332,0.8457,0.1142,0.9940000000000001,,,,70.26712590450661,,,,
644,P35557,K,31,P,NONSYN,0.27870648767165224,0.8441119798551551,0.09067816650781156,-0.8658,100.0,2.0,6.0,0.294216906159383,0.176511993717382,0.7893995909857826,0.2942,0.176511993717382,0.294216906159383,0.176511993717382,,0.176511993717382,0.12481282771831807,0.8648,0.5706080445356548,0.43286657333374023,0.338,0.1199,0.932,,,,70.26712590450661,,,,
645,P35557,K,31,E,NONSYN,0.4020218445230145,0.7818889846034899,0.1301586020914557,-0.16533333333333333,100.0,2.0,6.0,1.18166517140023,0.05000805649827599,0.016598665381343025,1.1817,0.05000805649827599,1.18166517140023,0.05000805649827599,,0.05000805649827599,0.035361035863890944,0.8859,0.2957262885724712,0.4830050468444824,1.1801,0.0353,0.001,,,,70.26712590450661,,,,
646,P35557,K,31,M,NONSYN,0.43998119930382734,0.5323821195744027,0.09817803188782682,-0.9419333333333334,,,,,,,,,,,,,,0.7868,,0.45102864503860474,0.7868,0.451,0.5539999999999999,,,,70.26712590450661,,,,
647,P35557,K,31,W,NONSYN,0.4169292295856069,0.7108044211072874,0.08048377238253396,-2.216833333333333,100.0,2.0,6.0,1.2134645381168998,0.0621312134034885,0.01349268642174573,1.2135,0.0621312134034885,1.2134645381168998,0.0621312134034885,,0.0621312134034885,0.043933402320955224,0.7394,0.474032322426287,0.40942713618278503,1.2081,0.0437,0.996,,,,70.26712590450661,,,,
648,P35557,K,31,H,NONSYN,0.4436698866414692,0.7503165446196508,0.1086642826731282,-0.8412999999999999,100.0,2.0,6.0,1.22940648700164,0.0752419747973677,0.01215359829203998,1.2294,0.0752419747973677,1.22940648700164,0.0752419747973677,,0.0752419747973677,0.053204110609086,0.8859,0.3434676041738811,0.45442914962768555,1.2248,0.0528,0.006,,,,70.26712590450661,,,,
649,P35557,K,31,Q,NONSYN,0.4867518824335938,0.9672401889070118,0.12849860628991464,0.19553333333333334,100.0,2.0,6.0,0.630421741654864,0.155888552971712,0.3498845053025496,0.6304,0.155888552971712,0.630421741654864,0.155888552971712,,0.155888552971712,0.11022985291565587,0.9124,0.2819492381310552,0.45556318759918213,0.646,0.1071,0.081,,,,70.26712590450661,,,,
650,P35557,K,31,*,STOP,,,,,,,,,,,,,,,,,,,,,,,,,,,70.26712590450661,,,,
651,P35557,K,32,S,NONSYN,0.39799365034538775,1.1093856295970725,0.06578158846177626,-0.8266,100.0,2.0,6.0,1.0948949399098,0.167669189810366,0.028925923975760704,1.0949,0.167669189810366,1.0948949399098,0.167669189810366,,0.167669189810366,0.11856002111096416,0.9329,0.16199379588209006,0.39753541350364685,1.0817,0.1136,0.696,,,,82.06353295146269,,,,
652,P35557,K,32,A,NONSYN,0.4253782567817681,1.1563819170764191,0.05778684411706409,-0.8658,100.0,2.0,6.0,1.50855458613805,0.136658981568374,0.0018347590963831253,1.5086,0.136658981568374,1.50855458613805,0.136658981568374,,0.136658981568374,0.09663249257704466,0.9872,0.5213712536948127,0.4576520621776581,1.4863,0.0945,0.535,,,,82.06353295146269,,,,
653,P35557,K,32,V,NONSYN,0.4018371367991864,0.4009073916485935,0.04331310953359735,-1.8981333333333332,100.0,2.0,6.0,0.8929872760002909,0.0479021419367482,0.09750573611260659,0.893,0.0479021419367482,0.8929872760002909,0.0479021419367482,,0.0479021419367482,0.03387192939683515,0.7142,0.17883058874061686,0.41248947381973267,0.8918,0.0338,0.001,,,,82.06353295146269,,,,
654,P35557,K,32,R,NONSYN,0.4425642104838123,1.2123542898765836,0.0425974691828599,-0.07929999999999998,100.0,2.0,6.0,1.21316375506534,0.201672228613334,0.013519265131442356,1.2132,0.201672228613334,1.21316375506534,0.201672228613334,,0.201672228613334,0.14260380042949214,1.0793,0.1338464237512531,0.47026804089546204,1.2019,0.1365,0.28,,,,82.06353295146269,,,,
655,P35557,K,32,D,NONSYN,0.3868073539125079,1.1093856295970725,0.06578158846177627,-0.8266,100.0,2.0,6.0,1.64954344857609,0.0298916835842651,0.0006797636379432732,1.6495,0.0298916835842651,1.64954344857609,0.0298916835842651,,0.0298916835842651,0.021136612163516456,0.935,0.7145662747708532,0.39753541350364685,1.6475,0.0211,0.535,,,,82.06353295146269,,,,
656,P35557,K,32,F,NONSYN,0.39391394066408775,0.6012013711899201,0.03810714677794642,-1.9194666666666667,100.0,2.0,6.0,0.9636092645298059,0.0286407736755214,0.06473068083689394,0.9636,0.0286407736755214,0.9636092645298059,0.0286407736755214,,0.0286407736755214,0.02025208528439034,0.7792,0.1843927961956079,0.4092780351638794,0.9632,0.0202,0.8859999999999999,,,,82.06353295146269,,,,
657,P35557,K,32,T,NONSYN,0.4423640368257771,1.1710535566265623,0.04349954295869788,-0.8377,100.0,2.0,6.0,1.46453966748762,0.21147964753233803,0.002489139841226843,1.4645,0.21147964753233803,1.46453966748762,0.21147964753233803,,0.21147964753233803,0.14953869285305713,0.9989,0.46567477834272264,0.5142805576324463,1.4282,0.1436,0.557,,,,82.06353295146269,,,,
658,P35557,K,32,I,NONSYN,0.4603939774498695,0.9242442535090593,0.033556063660612874,-1.9278666666666666,100.0,2.0,6.0,-0.0055193824276115,0.0817979706693736,0.949911400160341,-0.0055,0.0817979706693736,-0.0055193824276115,0.0817979706693736,,0.0817979706693736,0.05783989974761238,0.8996,0.905077688167968,0.38524365425109863,0.0144,0.0572,0.076,,,,82.06353295146269,,,,
659,P35557,K,32,L,NONSYN,0.4356747906628182,0.3931910769829969,0.03241211467982521,-1.8765,100.0,2.0,6.0,0.9161362199970808,0.130970455570144,0.08544212585871817,0.9161,0.130970455570144,0.9161362199970808,0.130970455570144,,0.130970455570144,0.09261009726874025,0.7103,0.20581026365247634,0.4141761064529419,0.9063,0.0904,0.033,,,,82.06353295146269,,,,
660,P35557,K,32,K,SYN,,,,,100.0,2.0,6.0,1.3377109957676498,0.05,0.005911601070364825,1.3377,0.05,1.3377109957676498,0.05,,0.05,0.035355339059327376,,,,1.3377,0.0354,,,,,82.06353295146269,,,,
661,P35557,K,32,G,NONSYN,0.3929842999811576,0.7050037678310807,0.032881359272158406,-1.5884666666666665,100.0,2.0,6.0,0.899722654356187,0.136761172256432,0.0938524083033969,0.8997,0.136761172256432,0.899722654356187,0.136761172256432,,0.136761172256432,0.0967047523055446,0.8042,0.09555311871928518,0.4204462170600891,0.8949,0.0942,0.848,,,,82.06353295146269,,,,
662,P35557,K,32,Y,NONSYN,0.3944793974738757,0.9029487167845196,0.046038325623171415,-1.7455,100.0,2.0,6.0,0.29210533737631106,0.0996207307570591,0.7913514801632265,0.2921,0.0996207307570591,0.29210533737631106,0.0996207307570591,,0.0996207307570591,0.07044249426507575,0.8953,0.6031856930306408,0.4061436951160431,0.3097,0.0694,0.648,,,,82.06353295146269,,,,
663,P35557,K,32,N,NONSYN,0.4560364383708069,1.3433008150183234,0.05202001461246255,-0.5051666666666667,,,,,,,,,,,,,,1.0838,,0.48557865619659424,1.0838,0.4856,0.807,,,4.06141e-06,82.06353295146269,,,,
664,P35557,K,32,C,NONSYN,0.4535515939759026,0.4376468770604682,0.023742152496019037,-2.2871333333333332,100.0,2.0,6.0,1.2386347166645901,0.0673109664237665,0.011437839148102315,1.2386,0.0673109664237665,1.2386347166645901,0.0673109664237665,,0.0673109664237665,0.047596040806465297,0.4433,0.7953751794445889,0.3945236802101135,1.2272,0.0473,0.998,,,,82.06353295146269,,,,
665,P35557,K,32,P,NONSYN,0.27870648767165224,1.348000602060117,0.0541907931118944,-0.9779666666666667,100.0,2.0,6.0,0.0721175444177623,0.219695184497954,0.9263893832450424,0.0721,0.219695184497954,0.0721175444177623,0.219695184497954,,0.219695184497954,0.15534795475253294,1.0838,1.0117163884588245,0.4902254343032837,0.1644,0.1481,0.919,,,,82.06353295146269,,,,
666,P35557,K,32,E,NONSYN,0.4020218445230145,1.23972151225356,0.05239626576354081,-0.3035,100.0,2.0,6.0,1.4264529190071202,0.0438273899529162,0.003234613982421762,1.4265,0.0438273899529162,1.4264529190071202,0.0438273899529162,,0.0438273899529162,0.030990644637414203,1.0821,0.3443112812049962,0.4972785711288452,1.4251,0.0309,0.001,,,,82.06353295146269,,,,
667,P35557,K,32,M,NONSYN,0.43998119930382734,1.0620668868271574,0.07222000652308264,-0.9419333333333334,100.0,2.0,6.0,0.9299186901166401,0.0851023088865796,0.07889677457940225,0.9299,0.0851023088865796,0.9299186901166401,0.0851023088865796,,0.0851023088865796,0.06017641970833262,0.9148,0.015164299400087344,0.39457035064697266,0.9296,0.0595,0.7809999999999999,,,,82.06353295146269,,,,
668,P35557,K,32,W,NONSYN,0.4169292295856069,0.7322415329222616,0.025865000078679427,-2.216833333333333,100.0,2.0,6.0,0.35485074907921,0.05133434104219,0.7272750550503924,0.3549,0.05133434104219,0.35485074907921,0.05133434104219,,0.05133434104219,0.03629886065867545,0.729,0.37415887921668844,0.4069983959197998,0.3578,0.0362,0.9990000000000001,,,,82.06353295146269,,,,
669,P35557,K,32,H,NONSYN,0.4436698866414692,1.5408792340672532,0.05976473844779904,-0.8412999999999999,100.0,2.0,6.0,0.35506263516554704,0.12037688435191302,0.7270375400266567,0.3551,0.12037688435191302,0.35506263516554704,0.12037688435191302,,0.12037688435191302,0.08511931122334648,1.0593,0.7042270586668504,0.511833131313324,0.374,0.084,0.943,,,,82.06353295146269,,,,
670,P35557,K,32,Q,NONSYN,0.4867518824335938,1.2448372046607534,0.06267441668195438,0.10200000000000002,100.0,2.0,6.0,1.1157150107128302,0.0512640374178144,0.025353084074850145,1.1157,0.0512640374178144,1.1157150107128302,0.0512640374178144,,0.0512640374178144,0.03624914848913747,1.0821,0.03357337291070617,0.45176267623901367,1.1155,0.0361,0.006999999999999999,,,,82.06353295146269,,,,
671,P35557,K,32,*,STOP,,,,,100.0,2.0,6.0,-0.20965380282935198,0.05,0.9817984688611394,-0.2097,0.05,-0.20965380282935198,0.05,,0.05,0.035355339059327376,,,,-0.2097,0.0354,,,,,82.06353295146269,,,,
672,P35557,V,33,S,NONSYN,0.33699392667600697,0.31811341670165966,0.04916593053967299,-1.4466,100.0,2.0,6.0,0.505059518986577,0.138039607110639,0.5297828949134333,0.5051,0.138039607110639,0.505059518986577,0.138039607110639,,0.138039607110639,0.0976087422602596,0.4454,0.059609779291981635,0.419206440448761,0.502,0.0951,0.9940000000000001,,,,1.1418142521397705,,,,
673,P35557,V,33,A,NONSYN,0.4716545268994549,0.4988649410689243,0.05117363719167984,-0.7901333333333334,100.0,2.0,6.0,0.546897505873175,0.23165669388838198,0.4687161464290275,0.5469,0.23165669388838198,0.546897505873175,0.23165669388838198,,0.23165669388838198,0.16380601915573112,0.7077,0.16081520403054206,0.4228058159351349,0.5679,0.1527,0.888,,,,1.1418142521397705,,,,
674,P35557,V,33,V,SYN,,,,,100.0,2.0,6.0,1.2827203812138,0.05,0.008542684362054203,1.2827,0.05,1.2827203812138,0.05,,0.05,0.035355339059327376,,,,1.2827,0.0354,,,,,1.1418142521397705,,,,
675,P35557,V,33,R,NONSYN,0.17643841508486408,0.06376312268703833,0.11838444502439059,-1.9857333333333334,100.0,2.0,6.0,0.0090323341627588,0.164244901226203,0.9461521001185025,0.009,0.164244901226203,0.0090323341627588,0.164244901226203,,0.164244901226203,0.11613868343236283,0.1224,0.11336982719702819,0.2933361530303955,0.0244,0.108,1.0,,,,1.1418142521397705,,,,
676,P35557,V,33,D,NONSYN,0.27348180848279724,0.32169392278057735,0.10851890095556416,-2.3809,100.0,2.0,6.0,0.0128818080597146,0.8078610984717509,0.9451118523518584,0.0129,0.8078610984717509,0.0128818080597146,0.8078610984717509,,0.8078610984717509,0.5712440609861883,0.3374,0.32453007243344945,0.3919373154640198,0.2335,0.3232,1.0,,,,1.1418142521397705,,,,
677,P35557,V,33,F,NONSYN,0.4053248813429461,0.5015402362805353,0.0650320459722961,-0.9184666666666667,100.0,2.0,6.0,0.34338164101288,0.130641646577239,0.7399222663936137,0.3434,0.130641646577239,0.34338164101288,0.130641646577239,,0.130641646577239,0.09237759420014201,0.4923,0.1488821827347549,0.43147221207618713,0.3499,0.0903,0.998,,,,1.1418142521397705,,,,
678,P35557,V,33,T,NONSYN,0.3185872156759129,0.7511173394356749,0.07183918060743068,-0.1374,100.0,2.0,6.0,0.7005494982120388,0.163293758777346,0.26101736164560124,0.7005,0.163293758777346,0.7005494982120388,0.163293758777346,,0.163293758777346,0.11546612415690166,0.8549,0.15438745914727514,0.4059354066848755,0.7121,0.1111,0.9109999999999999,,,,1.1418142521397705,,,,
679,P35557,V,33,I,NONSYN,0.4306262074024321,0.8023346702152963,0.0605051189287987,-0.1123,100.0,2.0,6.0,0.5386694050863821,0.461096852103082,0.4807490366713704,0.5387,0.461096852103082,0.5386694050863821,0.461096852103082,,0.461096852103082,0.32604471090585985,0.8859,0.34726947774137673,0.40080565214157104,0.677,0.2529,0.002,,,,1.1418142521397705,,,,
680,P35557,V,33,L,NONSYN,0.4667115524229356,0.6625836343987889,0.07903628915401936,-0.29109999999999997,100.0,2.0,6.0,0.966150613322697,0.0843756082265554,0.0637608499284352,0.9662,0.0843756082265554,0.966150613322697,0.0843756082265554,,0.0843756082265554,0.05966256474373677,0.865,0.10115513373895679,0.4290774464607239,0.9642,0.0591,0.01,,,,1.1418142521397705,,,,
681,P35557,V,33,K,NONSYN,0.1909141340536438,0.06755813607055998,0.07691467099463938,-1.7571333333333332,100.0,2.0,6.0,-0.100709373245989,0.45439327200127294,0.9688092306612124,-0.1007,0.45439327200127294,-0.100709373245989,0.45439327200127294,,0.45439327200127294,0.32130456395764345,0.1318,0.23249521304205528,0.2937297224998474,0.0259,0.2168,1.0,,,,1.1418142521397705,,,,
682,P35557,V,33,G,NONSYN,0.3807983932718594,-0.06668642151826447,0.20534220485221566,-2.365066666666667,100.0,2.0,6.0,1.17802284095624,0.325017396922996,0.01699528915981121,1.178,0.325017396922996,1.17802284095624,0.325017396922996,,0.325017396922996,0.2298220053678502,0.1175,1.060492495039492,0.3725413680076599,0.8857,0.1956,0.998,,,,1.1418142521397705,,,,
683,P35557,V,33,Y,NONSYN,0.33250944557826595,0.06755813607056,0.07691467099463938,-1.7571333333333332,100.0,2.0,6.0,-0.14597498152606198,0.110121978530108,0.9750817208134758,-0.146,0.110121978530108,-0.14597498152606198,0.110121978530108,,0.110121978530108,0.07786799777631875,0.1506,0.29656552050463864,0.33631837368011475,-0.1309,0.0759,0.997,,,,1.1418142521397705,,,,
684,P35557,V,33,N,NONSYN,0.2445312890805706,-0.07566642404429441,0.09327797549639498,-2.1033666666666666,100.0,2.0,6.0,0.157544637494119,0.106053989075211,0.8882826755375978,0.1575,0.106053989075211,0.157544637494119,0.106053989075211,,0.106053989075211,0.07499149484696573,0.1027,0.05481367784026464,0.27926105260849,0.1539,0.0724,1.0,,,,1.1418142521397705,,,,
685,P35557,V,33,C,NONSYN,0.4349501020449153,0.46511288862421063,0.07062695298183395,-0.9503666666666666,100.0,2.0,6.0,0.452663683981854,0.0583545122986726,0.6041381127507899,0.4527,0.0583545122986726,0.452663683981854,0.0583545122986726,,0.0583545122986726,0.04126287135922518,0.409,0.04368671187873513,0.41157642006874084,0.4522,0.0411,1.0,,,,1.1418142521397705,,,,
686,P35557,V,33,P,NONSYN,0.17175025849116904,-0.1440787301048014,0.12864820550851283,-1.883333333333333,100.0,2.0,6.0,0.134454103812985,0.185868471205865,0.9000929599491995,0.1345,0.185868471205865,0.134454103812985,0.185868471205865,,0.185868471205865,0.13142885639844368,0.0914,0.04304611931782204,0.27934202551841736,0.1267,0.1189,1.0,,,,1.1418142521397705,,,,
687,P35557,V,33,E,NONSYN,0.32079411141973807,0.105221688713666,0.12588513581843438,-1.7854,100.0,2.0,6.0,-0.213700031175307,0.16646810846347102,0.9821566122932529,-0.2137,0.16646810846347102,-0.213700031175307,0.16646810846347102,,0.16646810846347102,0.11771072834581806,0.2057,0.41940948857276794,0.39586737751960754,-0.1796,0.1128,0.9990000000000001,,,,1.1418142521397705,,,,
688,P35557,V,33,M,NONSYN,0.4348220015603004,0.7378658724693036,0.06970131464666882,-0.2969,100.0,2.0,6.0,0.7403038991111529,0.17919697145697,0.21722266013165284,0.7403,0.17919697145697,0.7403038991111529,0.17919697145697,,0.17919697145697,0.12671139368531567,0.7757,0.03536865585863469,0.44713905453681946,0.7429,0.1219,0.996,,,,1.1418142521397705,,,,
689,P35557,V,33,W,NONSYN,0.20407639127029992,0.14750806206562167,0.11749751388968148,-1.7649666666666668,100.0,2.0,6.0,-0.34055915123117403,0.25388355762290304,0.9903691740087137,-0.3406,0.25388355762290304,-0.34055915123117403,0.25388355762290304,,0.25388355762290304,0.17952278522692033,0.2403,0.5809059107888981,0.39377355575561523,-0.2406,0.1633,1.0,,,,1.1418142521397705,,,,
690,P35557,V,33,H,NONSYN,0.2484595230317529,0.059819593238864134,0.19591145826077686,-2.2657666666666665,100.0,2.0,6.0,-0.370485710108627,0.308367599889318,0.991656234650587,-0.3705,0.308367599889318,-0.370485710108627,0.308367599889318,,0.308367599889318,0.21804882097995681,0.1268,0.49728347560201996,0.35030287504196167,-0.2316,0.1851,1.0,,,,1.1418142521397705,,,,
691,P35557,V,33,Q,NONSYN,0.31633139311143543,-0.21832285188415668,0.1288068617924377,-1.7866,100.0,2.0,6.0,0.756933590618161,0.11965411438465999,0.2004676253597509,0.7569,0.11965411438465999,0.756933590618161,0.11965411438465999,,0.11965411438465999,0.0846082356782639,0.086,0.6709463207397736,0.3064092695713043,0.7094,0.0816,1.0,,,,1.1418142521397705,,,,
692,P35557,V,33,*,STOP,,,,,100.0,2.0,6.0,-0.340745311223379,0.05,0.9903777889229983,-0.3407,0.05,-0.340745311223379,0.05,,0.05,0.035355339059327376,,,,-0.3407,0.0354,,,,,1.1418142521397705,,,,
693,P35557,M,34,S,NONSYN,0.31494457442558743,0.3833168040773773,0.06518184378607383,-1.5281333333333336,100.0,2.0,6.0,0.8584154764781949,0.137470605024844,0.11822791823104367,0.8584,0.137470605024844,0.8584154764781949,0.137470605024844,,0.137470605024844,0.09720639702688467,0.3654,0.4930368880401609,0.3856036067008972,0.829,0.0943,1.0,,,,19.561727914125946,,,,
694,P35557,M,34,A,NONSYN,0.38040172866410704,1.1451913518935977,0.16876842104898515,-1.2302,100.0,2.0,6.0,0.47439187540955297,0.143204085388994,0.5737759922467793,0.4744,0.143204085388994,0.47439187540955297,0.143204085388994,,0.143204085388994,0.10126057987217504,0.8748,0.4004219792848135,0.5185627937316895,0.4891,0.0994,0.9990000000000001,,,,19.561727914125946,,,,
695,P35557,M,34,V,NONSYN,0.43335182923768345,1.104484604354909,0.07156733588159925,-0.009733333333333297,100.0,2.0,6.0,0.7535279288935072,0.260031727130668,0.20382254361062063,0.7535,0.260031727130668,0.7535279288935072,0.260031727130668,,0.260031727130668,0.18387019757774528,0.88,0.12642927020317252,0.3879123032093048,0.7767,0.1662,0.997,,,,19.561727914125946,,,,
696,P35557,M,34,R,NONSYN,0.4133638176812908,1.0549264323622964,0.16295945339847642,-1.2179,100.0,2.0,6.0,0.745186634003456,0.23493264336394395,0.21220593514727995,0.7452,0.23493264336394395,0.745186634003456,0.23493264336394395,,0.23493264336394395,0.16612246524472551,0.8121,0.0669019151336595,0.5128759145736694,0.7515,0.158,1.0,,,,19.561727914125946,,,,
697,P35557,M,34,D,NONSYN,,0.9779258034593417,0.061797171193982536,-1.9705666666666666,100.0,2.0,6.0,1.07250128955531,0.0553473286850217,0.033295647591284304,1.0725,0.0553473286850217,1.07250128955531,0.0553473286850217,,0.0553473286850217,0.039136471433739564,0.8053,0.2672290679900635,0.4112306237220764,1.0701,0.039,1.0,,,,19.561727914125946,,,,
698,P35557,M,34,F,NONSYN,0.3024433202519795,0.6204648442670436,0.08703937883775792,-0.4272,100.0,2.0,6.0,1.10351918522236,0.10904594460905699,0.02739183104104587,1.1035,0.10904594460905699,1.10351918522236,0.10904594460905699,,0.10904594460905699,0.07710712689395684,0.6769,0.4265699226033415,0.4490632712841034,1.0913,0.076,0.998,,,,19.561727914125946,,,,
699,P35557,M,34,T,NONSYN,0.4428972613017431,0.6777863224202653,0.07240539891260066,-0.9479666666666667,100.0,2.0,6.0,0.29408614605983696,0.223794253852436,0.7895208753557948,0.2941,0.223794253852436,0.29408614605983696,0.223794253852436,,0.223794253852436,0.15824643448964112,0.6786,0.38448185950199165,0.42413729429244995,0.3411,0.1483,0.9990000000000001,,,,19.561727914125946,,,,
700,P35557,M,34,I,NONSYN,0.5092966528428504,1.0844004280368158,0.08855174508211101,0.1806,,,,,,,,,,,,,,0.8723,,0.41109389066696167,0.8723,0.4111,0.9940000000000001,,,,19.561727914125946,,,,
701,P35557,M,34,L,NONSYN,0.4802407566174219,0.8902758573212181,0.07385139448417956,-0.2916666666666667,100.0,2.0,6.0,1.39615416999458,0.248269794532741,0.003978783273782128,1.3962,0.248269794532741,1.39615416999458,0.248269794532741,,0.248269794532741,0.175553255277892,0.8406,0.5555487918436401,0.4344428777694702,1.3182,0.1628,0.97,,,,19.561727914125946,,,,
702,P35557,M,34,K,NONSYN,0.4908604207297649,0.9809885719537963,0.06512199446834202,-1.2170333333333332,100.0,2.0,6.0,0.9670002152289571,0.6759154637298129,0.06343955763565609,0.967,0.6759154637298129,0.9670002152289571,0.6759154637298129,,0.6759154637298129,0.4779444079122006,0.8283,0.13874062794105424,0.41972339153289795,0.8887,0.3154,0.998,,,,19.561727914125946,,,,
703,P35557,M,34,G,NONSYN,0.2313069645088376,1.1471355002324868,0.05799044722272728,-2.044633333333333,100.0,2.0,6.0,0.5648721992358751,0.106166369276359,0.4425082217687389,0.5649,0.106166369276359,0.5648721992358751,0.106166369276359,,0.106166369276359,0.07507095964926858,0.856,0.29113954907802875,0.3903859853744507,0.5753,0.0737,1.0,,,,19.561727914125946,,,,
704,P35557,M,34,Y,NONSYN,,0.5496572165987519,0.07018136110584634,-1.5137666666666665,100.0,2.0,6.0,0.359394238914071,0.0819552004096714,0.7221515298596727,0.3594,0.0819552004096714,0.359394238914071,0.0819552004096714,,0.0819552004096714,0.05795107796318116,0.5753,0.21592195180553347,0.43717435002326965,0.3631,0.0574,1.0,,,,19.561727914125946,,,,
705,P35557,M,34,N,NONSYN,0.3182579182514713,0.48359005502738367,0.06889563706845842,-1.7266666666666666,100.0,2.0,6.0,1.04952987057512,0.11480967438744599,0.03841564204304821,1.0495,0.11480967438744599,1.04952987057512,0.11480967438744599,,0.11480967438744599,0.08118269930518254,0.4216,0.6278870902711648,0.4130494296550751,1.0262,0.0797,1.0,,,,19.561727914125946,,,,
706,P35557,M,34,C,NONSYN,,0.42085811654563626,0.048217774283680966,-1.5218999999999998,100.0,2.0,6.0,0.7457915390734179,0.231354942221987,0.2115900435266533,0.7458,0.231354942221987,0.7457915390734179,0.231354942221987,,0.231354942221987,0.1635926485061889,0.3678,0.37802432429833244,0.3836509883403778,0.6876,0.1505,1.0,,,,19.561727914125946,,,,
707,P35557,M,34,P,NONSYN,0.29396488881585514,0.8045566151289308,0.06398918057622309,-1.7313666666666665,100.0,2.0,6.0,0.0866301902704781,0.15785165727825598,0.92093258251725,0.0866,0.15785165727825598,0.0866301902704781,0.15785165727825598,,0.15785165727825598,0.11161797728298964,0.731,0.6443984261578971,0.4256103038787842,0.1281,0.108,1.0,,,,19.561727914125946,,,,
708,P35557,M,34,E,NONSYN,0.3715633530173947,0.39364156503008024,0.054940752200313914,-1.7125666666666666,100.0,2.0,6.0,1.31937534056703,0.210445877408267,0.006686968733464859,1.3194,0.210445877408267,1.31937534056703,0.210445877408267,,0.210445877408267,0.14880770698813844,0.4111,0.908253435717024,0.4130494296550751,1.215,0.14,0.9990000000000001,,,,19.561727914125946,,,,
709,P35557,M,34,M,SYN,,,,,,,,,,,,,,,,,,,,,,,,,,,19.561727914125946,,,,
710,P35557,M,34,W,NONSYN,0.17309253470131644,0.8568674419035359,0.17174807588651383,-1.278,100.0,2.0,6.0,1.7233872064483797,0.0251987688897194,0.00040033132776519647,1.7234,0.0251987688897194,1.7233872064483797,0.0251987688897194,,0.0251987688897194,0.017818220359473193,0.7769,0.9464639076126253,0.5268439054489136,1.7223,0.0178,1.0,,,,19.561727914125946,,,,
711,P35557,M,34,H,NONSYN,,0.6545337514885613,0.06630733636744757,-1.4892,100.0,2.0,6.0,0.0447646342446428,0.127414071058145,0.935701937777338,0.0448,0.127414071058145,0.0447646342446428,0.127414071058145,,0.127414071058145,0.09009535366379895,0.6715,0.6267589963744062,0.4256103038787842,0.0716,0.0881,1.0,,,,19.561727914125946,,,,
712,P35557,M,34,Q,NONSYN,0.13890249407095925,0.717044420058568,0.08484999352046341,-0.3912,100.0,2.0,6.0,0.813780457847787,0.13661989335525998,0.1502608522049635,0.8138,0.13661989335525998,0.813780457847787,0.13661989335525998,,0.13661989335525998,0.09660485303648728,0.7002,0.11358490692920786,0.4428161680698395,0.8086,0.0944,1.0,,,,19.561727914125946,,,,
713,P35557,M,34,*,STOP,,,,,100.0,2.0,6.0,-0.30935722869784804,0.05,0.9888057258073556,-0.3094,0.05,-0.30935722869784804,0.05,,0.05,0.035355339059327376,,,,-0.3094,0.0354,,,,,19.561727914125946,,,,
714,P35557,R,35,S,NONSYN,0.4030125793742561,0.9172119048147714,0.34817429738146205,-0.4160499999999999,,,,,,,,,,,,,,,,,,,0.0,,,,124.15174273899734,,,,
715,P35557,R,35,A,NONSYN,0.3189859929557896,0.9172119048147714,0.34817429738146205,-0.4160499999999999,,,,,,,,,,,,,,,,,,,0.042,,,,124.15174273899734,,,,
716,P35557,R,35,V,NONSYN,0.398009908378716,0.9172119048147714,0.34817429738146205,-0.4160499999999999,,,,,,,,,,,,,,,,,,,0.059000000000000004,,,,124.15174273899734,,,,
717,P35557,R,35,R,SYN,,,,,,,,,,,,,,,,,,,,,,,,,,,124.15174273899734,,,,
718,P35557,R,35,D,NONSYN,0.1122725979085614,0.9172119048147714,0.34817429738146205,-0.4160499999999999,,,,,,,,,,,,,,,,,,,0.095,,,,124.15174273899734,,,,
719,P35557,R,35,F,NONSYN,0.3436253892885596,0.9172119048147714,0.34817429738146205,-0.4160499999999999,,,,,,,,,,,,,,,,,,,0.373,,,,124.15174273899734,,,,
720,P35557,R,35,T,NONSYN,0.292232657128476,0.9172119048147714,0.34817429738146205,-0.4160499999999999,,,,,,,,,,,,,,,,,,,0.032,,,,124.15174273899734,,,,
721,P35557,R,35,I,NONSYN,0.35928103966798514,0.9172119048147714,0.34817429738146205,-0.4160499999999999,,,,,,,,,,,,,,,,,,,0.187,,,,124.15174273899734,,,,
722,P35557,R,35,L,NONSYN,0.3775202648814329,0.9172119048147714,0.34817429738146205,-0.4160499999999999,,,,,,,,,,,,,,,,,,,0.042,,,,124.15174273899734,,,,
723,P35557,R,35,K,NONSYN,0.4996982892545154,0.659682471923573,0.451936860452125,-1.8796,100.0,2.0,6.0,1.17474133770597,0.749205498635689,0.0173603656403703,1.1747,0.749205498635689,1.17474133770597,0.749205498635689,,0.749205498635689,0.5297682885875443,,,,1.1747,0.5298,0.0,,,,124.15174273899734,,,,
724,P35557,R,35,G,NONSYN,0.4710347881166008,1.17474133770597,0.5297682885875443,1.0475,100.0,2.0,6.0,0.659682471923573,0.639135237387712,0.3111854235269175,0.6597,0.639135237387712,0.659682471923573,0.639135237387712,,0.639135237387712,0.451936860452125,,,,0.6597,0.4519,0.032,,,,124.15174273899734,,,,
725,P35557,R,35,Y,NONSYN,0.3907391645635834,0.9172119048147714,0.34817429738146205,-0.4160499999999999,,,,,,,,,,,,,,,,,,,0.128,,,,124.15174273899734,,,,
726,P35557,R,35,N,NONSYN,0.4070897773431755,0.9172119048147714,0.34817429738146205,-0.4160499999999999,,,,,,,,,,,,,,,,,,,0.095,,,,124.15174273899734,,,,
727,P35557,R,35,C,NONSYN,0.3945781846907973,0.9172119048147714,0.34817429738146205,-0.4160499999999999,,,,,,,,,,,,,,,,,,,0.002,,,,124.15174273899734,,,,
728,P35557,R,35,P,NONSYN,0.180066694070857,0.9172119048147714,0.34817429738146205,-0.4160499999999999,,,,,,,,,,,,,,,,,,,0.174,,,,124.15174273899734,,,,
729,P35557,R,35,E,NONSYN,0.2774716424939038,0.9172119048147714,0.34817429738146205,-0.4160499999999999,,,,,,,,,,,,,,,,,,,0.0,,,,124.15174273899734,,,,
730,P35557,R,35,M,NONSYN,0.37044865400284027,0.9172119048147714,0.34817429738146205,-0.4160499999999999,,,,,,,,,,,,,,,,,,,0.654,,,,124.15174273899734,,,,
731,P35557,R,35,W,NONSYN,0.38841440406711497,0.9172119048147714,0.34817429738146205,-0.4160499999999999,,,,,,,,,,,,,,,,,,,0.9620000000000001,,,,124.15174273899734,,,,
732,P35557,R,35,H,NONSYN,0.3580838527509595,0.9172119048147714,0.34817429738146205,-0.4160499999999999,,,,,,,,,,,,,,,,,,,0.0,,,,124.15174273899734,,,,
733,P35557,R,35,Q,NONSYN,0.3675437003413988,0.9172119048147714,0.34817429738146205,-0.4160499999999999,,,,,,,,,,,,,,,,,,,0.07200000000000001,,,,124.15174273899734,,,,
734,P35557,R,35,*,STOP,,,,,,,,,,,,,,,,,,,,,,,,,,,124.15174273899734,,,,
735,P35557,R,36,S,NONSYN,0.4030125793742561,0.7626173106114127,0.1216532346822104,-0.8416666666666667,100.0,2.0,6.0,0.925750126187277,0.0559873430847357,0.08082823469732991,0.9258,0.0559873430847357,0.925750126187277,0.0559873430847357,,0.0559873430847357,0.03958902995583437,0.731,0.1947215097589018,0.48036468029022217,0.9244,0.0395,1.0,,,,78.78930323308963,,,,
736,P35557,R,36,A,NONSYN,0.3189859929557896,0.6098448990327814,0.04597825254502203,-1.0746,100.0,2.0,6.0,1.0869561555006602,0.260735836432057,0.030409331287287043,1.087,0.260735836432057,1.0869561555006602,0.260735836432057,,0.260735836432057,0.18436807803945396,0.6592,0.42777813693071387,0.446092426776886,1.0245,0.1704,1.0,,,,78.78930323308963,,,,
737,P35557,R,36,V,NONSYN,0.398009908378716,0.5529302458486695,0.06312791763900792,-1.9711666666666667,100.0,2.0,6.0,0.5710172375419089,0.187051974958749,0.43359319432457155,0.571,0.187051974958749,0.5710172375419089,0.187051974958749,,0.187051974958749,0.1322657199276677,0.5833,0.012292770507102313,0.4235454499721527,0.5721,0.1263,1.0,,,,78.78930323308963,,,,
738,P35557,R,36,R,SYN,,,,,100.0,2.0,6.0,0.911764005190355,0.05,0.08761564747607646,0.9118,0.05,0.911764005190355,0.05,,0.05,0.035355339059327376,,,,0.9118,0.0354,,,,,78.78930323308963,,,,
739,P35557,R,36,D,NONSYN,0.1122725979085614,0.2736200655228048,0.05907499403040994,-1.7069333333333334,100.0,2.0,6.0,0.580898873054966,0.0796419309271651,0.4193271917180425,0.5809,0.0796419309271651,0.580898873054966,0.0796419309271651,,0.0796419309271651,0.05631534942538906,0.2982,0.28274591966865925,0.37059736251831055,0.5745,0.0557,1.0,,,,78.78930323308963,,,,
740,P35557,R,36,F,NONSYN,0.3436253892885596,0.6872040928085136,0.05637955575304626,-2.1555666666666666,100.0,2.0,6.0,0.42296066855795794,0.175395137634206,0.644139203521437,0.423,0.175395137634206,0.42296066855795794,0.175395137634206,,0.175395137634206,0.12402309120829488,0.6715,0.24856296206109113,0.4036778211593628,0.4444,0.1186,1.0,,,,78.78930323308963,,,,
741,P35557,R,36,T,NONSYN,0.292232657128476,0.7375182379874007,0.06593774217706107,-1.0614333333333332,100.0,2.0,6.0,0.7039361386368019,0.16665841096764003,0.25708633821893856,0.7039,0.16665841096764003,0.7039361386368019,0.16665841096764003,,0.16665841096764003,0.11784529253699275,0.731,0.02709247779157331,0.42413729429244995,0.7059,0.1135,1.0,,,,78.78930323308963,,,,
742,P35557,R,36,I,NONSYN,0.35928103966798514,0.5743244023782066,0.06547935441477735,-2.1296999999999997,100.0,2.0,6.0,0.761599739848879,0.103939436441367,0.19593505248201035,0.7616,0.103939436441367,0.761599739848879,0.103939436441367,,0.103939436441367,0.07349628034039875,0.6141,0.14750351554086505,0.41524189710617065,0.7571,0.0724,1.0,,,,78.78930323308963,,,,
743,P35557,R,36,L,NONSYN,0.3775202648814329,0.5744006295302598,0.06077774487563196,-1.8647666666666665,100.0,2.0,6.0,1.15230564883768,0.11508459809584,0.020064549652994916,1.1523,0.11508459809584,1.15230564883768,0.11508459809584,,0.11508459809584,0.08137709972369689,0.6093,0.5430014591556731,0.429689884185791,1.1335,0.08,1.0,,,,78.78930323308963,,,,
744,P35557,R,36,K,NONSYN,0.4996982892545154,0.5116601831652887,0.11207031712742677,-0.31583333333333335,100.0,2.0,6.0,1.66432014523034,0.602622392797325,0.0006117411152845999,1.6643,0.602622392797325,1.66432014523034,0.602622392797325,,0.602622392797325,0.42611838044185174,0.589,1.0752764087725153,0.49980488419532776,1.2117,0.3243,0.993,,,4.06091e-06,78.78930323308963,,,,
745,P35557,R,36,G,NONSYN,0.4710347881166008,0.9306610390926963,0.05375396052831042,-1.865,100.0,2.0,6.0,0.0835244201503704,0.166506734738477,0.9221320740932,0.0835,0.166506734738477,0.0835244201503704,0.166506734738477,,0.166506734738477,0.11773804124680676,0.7827,0.6991867281116535,0.4149143695831299,0.1356,0.1133,1.0,,,,78.78930323308963,,,,
746,P35557,R,36,Y,NONSYN,0.3907391645635834,0.11103294624162681,0.060269000169842914,-1.6721666666666666,100.0,2.0,6.0,1.0686602308985,0.0614644844587125,0.034104754359192156,1.0687,0.0614644844587125,1.0686602308985,0.0614644844587125,,0.0614644844587125,0.04346195376289077,0.2051,0.8635485186811691,0.35858801007270813,1.0562,0.0431,1.0,,,,78.78930323308963,,,,
747,P35557,R,36,N,NONSYN,0.4070897773431755,0.8297182069132006,0.02902686382609823,-0.6592999999999999,100.0,2.0,6.0,0.170249752545958,0.43835863393714397,0.8812491094537883,0.1702,0.43835863393714397,0.170249752545958,0.43835863393714397,,0.43835863393714397,0.3099663626486259,0.7729,0.6026057677024551,0.420204758644104,0.3826,0.2494,1.0,,,,78.78930323308963,,,,
748,P35557,R,36,C,NONSYN,0.3945781846907973,0.6378519031471966,0.054258020653452664,-2.1973999999999996,100.0,2.0,6.0,1.3641312602724498,0.0368988262570531,0.004945618401468938,1.3641,0.0368988262570531,1.3641312602724498,0.0368988262570531,,0.0368988262570531,0.026091410264186477,0.6715,0.6926076296534007,0.4036778211593628,1.3612,0.026,1.0,,,,78.78930323308963,,,,
749,P35557,R,36,P,NONSYN,0.180066694070857,0.5776945080346122,0.04585315494104352,-1.7161666666666668,100.0,2.0,6.0,-0.331324454480456,0.176960484265354,0.9899316009133688,-0.3313,0.176960484265354,-0.331324454480456,0.176960484265354,,0.176960484265354,0.12512995842608715,0.6093,0.9406286441624628,0.43522173166275024,-0.2595,0.1203,1.0,,,,78.78930323308963,,,,
750,P35557,R,36,E,NONSYN,0.2774716424939038,0.7276520114112984,0.12093984981819388,-0.8858,100.0,2.0,6.0,1.03064602378762,0.0790550618774405,0.04316426684958898,1.0306,0.0790550618774405,1.03064602378762,0.0790550618774405,,0.0790550618774405,0.055900370340660296,0.7138,0.3168443417922282,0.4874746799468994,1.0265,0.0555,0.9990000000000001,,,,78.78930323308963,,,,
751,P35557,R,36,M,NONSYN,0.37044865400284027,0.9055474734415797,0.0741218160012703,-1.0532666666666668,100.0,2.0,6.0,0.19984843227426502,0.0845126392662195,0.8632837007167667,0.1998,0.0845126392662195,0.19984843227426502,0.0845126392662195,,0.0845126392662195,0.059759460321116294,0.7827,0.5828627159877589,0.42403334379196167,0.2112,0.0592,1.0,,,,78.78930323308963,,,,
752,P35557,R,36,W,NONSYN,0.38841440406711497,0.5851925486495819,0.06521558355410303,-2.1376333333333335,100.0,2.0,6.0,0.7289953010347529,0.10688278505296302,0.22914974736553545,0.729,0.10688278505296302,0.7289953010347529,0.10688278505296302,,0.10688278505296302,0.07557754210305431,0.6397,0.08925030401021672,0.41524189710617065,0.7261,0.0744,1.0,,,,78.78930323308963,,,,
753,P35557,R,36,H,NONSYN,0.3580838527509595,0.6776227008395938,0.11218623827193101,-0.45376666666666665,100.0,2.0,6.0,0.5327584707647051,0.0760379736071751,0.4893959400901671,0.5328,0.0760379736071751,0.5327584707647051,0.0760379736071751,,0.0760379736071751,0.05376696676531723,0.6699,0.13714641691153395,0.4814879596233368,0.5344,0.0534,1.0,,,,78.78930323308963,,,,
754,P35557,R,36,Q,NONSYN,0.3675437003413988,0.5778847490327611,0.10650763357774733,-0.5823,100.0,2.0,6.0,0.831972326185203,0.167736526377625,0.13645143264587314,0.832,0.167736526377625,0.831972326185203,0.167736526377625,,0.167736526377625,0.11860763525429484,0.6093,0.22266813650319617,0.48697084188461304,0.8195,0.1152,1.0,,,,78.78930323308963,,,,
755,P35557,R,36,*,STOP,,,,,100.0,2.0,6.0,-0.432545446101473,0.05,0.9937863584883552,-0.4325,0.05,-0.432545446101473,0.05,,0.05,0.035355339059327376,,,,-0.4325,0.0354,,,,,78.78930323308963,,,,
756,P35557,M,37,S,NONSYN,0.31494457442558743,0.4241302829201395,0.11612989767617371,-1.5281333333333336,100.0,2.0,6.0,-0.243937067713734,0.166310284784991,0.9846134721691785,-0.2439,0.166310284784991,-0.243937067713734,0.166310284784991,,0.166310284784991,0.11759913015253302,0.3678,0.6117042824888195,0.42275622487068176,-0.2,0.1133,1.0,,,,0.1273744052958352,,,,
757,P35557,M,37,A,NONSYN,0.38040172866410704,-0.20258635715190318,0.21023142673235995,-1.2302,100.0,2.0,6.0,-0.255559272703185,0.131046713138054,0.9854625005186606,-0.2556,0.131046713138054,-0.255559272703185,0.131046713138054,,0.131046713138054,0.0926640195121262,0.1697,0.4252145659294271,0.41397184133529663,-0.2353,0.0904,0.727,,,,0.1273744052958352,,,,
758,P35557,M,37,V,NONSYN,0.43335182923768345,0.22655107528236437,0.059760521027821596,-0.17053333333333334,100.0,2.0,6.0,0.261672740026346,0.11669580255109402,0.8179196377888802,0.2617,0.11669580255109402,0.261672740026346,0.11669580255109402,,0.11669580255109402,0.08251639331988499,0.5098,0.24807941432393477,0.420612633228302,0.2709,0.081,0.299,,,,0.1273744052958352,,,,
759,P35557,M,37,R,NONSYN,0.4133638176812908,-0.13971485069248615,0.20539386680726512,-1.2179,100.0,2.0,6.0,-0.4441737920814361,0.231007060009391,0.9941177627837022,-0.4442,0.231007060009391,-0.4441737920814361,0.231007060009391,,0.231007060009391,0.1633466586346081,0.1213,0.5655118317180481,0.3927142322063446,-0.3608,0.1508,1.0,,,,0.1273744052958352,,,,
760,P35557,M,37,D,NONSYN,,-0.040697200446906334,0.06577004462896348,-1.9705666666666666,100.0,2.0,6.0,-0.739356291960452,0.27622193588705896,0.9984653228910336,-0.7394,0.27622193588705896,-0.739356291960452,0.27622193588705896,,0.27622193588705896,0.19531840397821515,0.1067,0.8460127837168913,0.27267351746559143,-0.4525,0.1588,1.0,,,,0.1273744052958352,,,,
761,P35557,M,37,F,NONSYN,0.3024433202519795,0.20731337020312268,0.07155719534916712,-0.4272,100.0,2.0,6.0,0.27046297010662695,0.189045156621385,0.8105434839437187,0.2705,0.189045156621385,0.27046297010662695,0.189045156621385,,0.189045156621385,0.13367511219745426,0.5053,0.23487766566989282,0.4254854917526245,0.2916,0.1275,0.649,,,,0.1273744052958352,,,,
762,P35557,M,37,T,NONSYN,0.4428972613017431,-0.3442402447095117,0.07109334871191673,-0.9479666666666667,100.0,2.0,6.0,0.693255039926936,0.241061436190839,0.2696065675745236,0.6933,0.241061436190839,0.693255039926936,0.241061436190839,,0.241061436190839,0.17045617621311046,0.1248,0.5684234230484265,0.29419222474098206,0.5504,0.1475,0.996,,,,0.1273744052958352,,,,
763,P35557,M,37,I,NONSYN,0.5092966528428504,0.47158152211997934,0.059588553331183784,0.1806,100.0,2.0,6.0,0.7421779250843801,0.09003573246456699,0.21528768184378536,0.7422,0.09003573246456699,0.7421779250843801,0.09003573246456699,,0.09003573246456699,0.0636648769747931,0.7344,0.007759652112273141,0.40298572182655334,0.742,0.0629,0.018000000000000002,,,,0.1273744052958352,,,,
764,P35557,M,37,L,NONSYN,0.4802407566174219,0.42477121173911764,0.05650094133703485,0.0198,100.0,2.0,6.0,0.882608856226965,0.12065794963785902,0.10337403684049168,0.8826,0.12065794963785902,0.882608856226965,0.12065794963785902,,0.12065794963785902,0.08531805439299504,0.7474,0.1352383747358762,0.40568146109580994,0.8769,0.0835,0.012,,,,0.1273744052958352,,,,
765,P35557,M,37,K,NONSYN,0.4908604207297649,-0.31289629331391206,0.0732735862861603,-1.2170333333333332,100.0,2.0,6.0,0.0753705357828415,0.846215964822619,0.9251986731374819,0.0754,0.846215964822619,0.0753705357828415,0.846215964822619,,0.846215964822619,0.5983650470743908,0.0989,0.023509010144206227,0.28210699558258057,0.0946,0.2552,0.997,,,,0.1273744052958352,,,,
766,P35557,M,37,G,NONSYN,0.2313069645088376,-0.24118110365983067,0.08473540636177807,-2.044633333333333,100.0,2.0,6.0,-0.13790458232167901,0.15785921604644398,0.9740656676031804,-0.1379,0.15785921604644398,-0.13790458232167901,0.15785921604644398,,0.15785921604644398,0.11162332213923279,0.0941,0.23202764779332818,0.2785772979259491,-0.1058,0.1036,0.988,,,,0.1273744052958352,,,,
767,P35557,M,37,Y,NONSYN,,0.11432410216063627,0.059007932065504504,-1.5137666666666665,100.0,2.0,6.0,0.6854814745647759,0.455779572164692,0.2789402725325373,0.6855,0.455779572164692,0.6854814745647759,0.455779572164692,,0.455779572164692,0.3222848262039571,0.2051,0.480369762347445,0.36015820503234863,0.4719,0.2402,1.0,,,,0.1273744052958352,,,,
768,P35557,M,37,N,NONSYN,0.3182579182514713,-0.09815145754405348,0.06669923593808529,-1.7266666666666666,100.0,2.0,6.0,0.272313736044777,0.184096448587488,0.8089598479914955,0.2723,0.184096448587488,0.272313736044777,0.184096448587488,,0.184096448587488,0.13017584718857336,0.0851,0.18724640425385292,0.2820962071418762,0.2394,0.1182,1.0,,,,0.1273744052958352,,,,
769,P35557,M,37,C,NONSYN,,0.11810283480417427,0.12191321320838001,-1.5218999999999998,100.0,2.0,6.0,0.6741452766341619,0.0536553749034011,0.29287516263170904,0.6741,0.0536553749034011,0.6741452766341619,0.0536553749034011,,0.0536553749034011,0.037940079441301414,0.2063,0.4678691876811437,0.394209086894989,0.6699,0.0378,1.0,,,,0.1273744052958352,,,,
770,P35557,M,37,P,NONSYN,0.29396488881585514,-0.02380764048585303,0.06875071092015766,-1.7313666666666665,100.0,2.0,6.0,0.0492822848701756,0.16997000673965,0.9342469528444772,0.0493,0.16997000673965,0.0492822848701756,0.16997000673965,,0.16997000673965,0.12018694436392968,0.1067,0.05737420688626361,0.2820962071418762,0.0581,0.1106,1.0,,,,0.1273744052958352,,,,
771,P35557,M,37,E,NONSYN,0.3715633530173947,0.07812003949214451,0.07261701068389265,-1.7125666666666666,100.0,2.0,6.0,-0.256500755063817,0.13802732843753002,0.9855291251686996,-0.2565,0.13802732843753002,-0.256500755063817,0.13802732843753002,,0.13802732843753002,0.09760005992724026,0.16,0.41646236609630294,0.3327915668487549,-0.2235,0.0937,0.9990000000000001,,,,0.1273744052958352,,,,
772,P35557,M,37,M,SYN,,,,,,,,,,,,,,,,,,,,,,,,,,,0.1273744052958352,,,,
773,P35557,M,37,W,NONSYN,0.17309253470131644,-0.2042467746707762,0.21043669300345189,-1.278,100.0,2.0,6.0,-0.23895581515711498,0.161569889681732,0.9842340710102155,-0.239,0.161569889681732,-0.23895581515711498,0.161569889681732,,0.161569889681732,0.11424716462951508,0.114,0.3529780402986402,0.3786105513572693,-0.2095,0.1094,1.0,,,,0.1273744052958352,,,,
774,P35557,M,37,H,NONSYN,,0.3718965611617346,0.11505385900233349,-1.4892,100.0,2.0,6.0,-0.0872359024385191,0.179267506141967,0.9666488298811314,-0.0872,0.179267506141967,-0.0872359024385191,0.179267506141967,,0.179267506141967,0.1267612692393859,0.3434,0.4306562887529112,0.4081267714500427,-0.0493,0.1211,1.0,,,,0.1273744052958352,,,,
775,P35557,M,37,Q,NONSYN,0.13890249407095925,0.40846358335330296,0.07726814694923625,-0.3912,100.0,2.0,6.0,-0.332987669343914,0.142965916780419,0.9900119089880008,-0.333,0.142965916780419,-0.332987669343914,0.142965916780419,,0.142965916780419,0.1010921692339859,0.3804,0.7133606406402244,0.42913252115249634,-0.2955,0.0984,1.0,,,,0.1273744052958352,,,,
776,P35557,M,37,*,STOP,,,,,100.0,2.0,6.0,-0.176713537405987,0.05,0.9785936880016939,-0.1767,0.05,-0.176713537405987,0.05,,0.05,0.035355339059327376,,,,-0.1767,0.0354,,,,,0.1273744052958352,,,,
777,P35557,Q,38,S,NONSYN,0.4409447200841817,0.7137092338863353,0.05220965262986079,-0.6639,100.0,2.0,6.0,1.04432715601592,0.10734327757480301,0.03967301753881855,1.0443,0.10734327757480301,1.04432715601592,0.10734327757480301,,0.10734327757480301,0.07590315948793307,0.7499,0.2944222254243367,0.4306167960166931,1.0355,0.0748,0.975,,,,36.853101422239064,,,,
778,P35557,Q,38,A,NONSYN,0.4409062194732345,0.8643173230408392,0.061894945453187585,-0.7354333333333333,100.0,2.0,6.0,1.12870767792831,0.10862141738061099,0.023339523898714555,1.1287,0.10862141738061099,1.12870767792831,0.10862141738061099,,0.10862141738061099,0.07680694081192434,0.8573,0.2714024492181355,0.40968501567840576,1.1195,0.0755,0.9420000000000001,,,,36.853101422239064,,,,
779,P35557,Q,38,V,NONSYN,0.3518917047261823,0.9756538414919019,0.0324649996301981,-1.6304999999999998,100.0,2.0,6.0,0.891587077111516,0.102436236919961,0.0982803940000907,0.8916,0.102436236919961,0.891587077111516,0.102436236919961,,0.102436236919961,0.0724333577653362,0.9107,0.01908230927535537,0.3914896547794342,0.8922,0.0712,0.703,,,,36.853101422239064,,,,
780,P35557,Q,38,R,NONSYN,0.4495753804079927,0.584317350936074,0.2035381919395246,0.14876666666666669,100.0,2.0,6.0,0.760941695568333,0.18018576489496899,0.19656977231712316,0.7609,0.18018576489496899,0.760941695568333,0.18018576489496899,,0.18018576489496899,0.12741057623051752,0.8514,0.09046297133230174,0.5133554339408875,0.7662,0.1237,0.024,,,,36.853101422239064,,,,
781,P35557,Q,38,D,NONSYN,0.3761251669021567,1.0254212207175586,0.06232584082535766,-0.7075333333333332,100.0,2.0,6.0,0.645395984898152,0.104091985277193,0.3298199082832345,0.6454,0.104091985277193,0.645395984898152,0.104091985277193,,0.104091985277193,0.07360414865667343,0.8628,0.2173607442278246,0.40968501567840576,0.6522,0.0724,0.96,,,,36.853101422239064,,,,
782,P35557,Q,38,F,NONSYN,0.46856681542106005,0.877357161791194,0.049623405400024266,-2.0619666666666667,100.0,2.0,6.0,0.397811207933391,0.0474798698954134,0.6763535945788453,0.3978,0.0474798698954134,0.397811207933391,0.0474798698954134,,0.0474798698954134,0.03357333797290182,0.8324,0.4345417879391066,0.40029534697532654,0.4008,0.0335,0.987,,,,36.853101422239064,,,,
783,P35557,Q,38,T,NONSYN,0.4922881604041325,0.9394769396141273,0.043561153026024785,-0.6848333333333333,100.0,2.0,6.0,0.9032288282084459,0.21587032280586102,0.09199786355479349,0.9032,0.21587032280586102,0.9032288282084459,0.21587032280586102,,0.21587032280586102,0.15264336911295334,0.8953,0.007937797801493951,0.40535956621170044,0.9022,0.1429,0.606,,,,36.853101422239064,,,,
784,P35557,Q,38,I,NONSYN,0.4593577312581562,0.7929309735787688,0.03572148492817364,-2.0460000000000003,100.0,2.0,6.0,0.651089772570666,0.153657345576679,0.3223309030068352,0.6511,0.153657345576679,0.651089772570666,0.153657345576679,,0.153657345576679,0.10865215103639447,0.8549,0.20384718478864794,0.3884333670139313,0.6659,0.1046,0.888,,,,36.853101422239064,,,,
785,P35557,Q,38,L,NONSYN,0.47697605168164703,0.8004692348156274,0.03647963090312291,-1.5785,100.0,2.0,6.0,1.0866828918529998,0.0710920881022906,0.030461644958184285,1.0867,0.0710920881022906,1.0866828918529998,0.0710920881022906,,0.0710920881022906,0.050269697585841155,0.8696,0.21711812020077814,0.4073818325996399,1.0834,0.0499,0.45799999999999996,,,,36.853101422239064,,,,
786,P35557,Q,38,K,NONSYN,0.3813325671505154,0.872008964106895,0.18717711770816395,0.2974666666666667,100.0,2.0,6.0,0.354029682731439,0.382108674568451,0.7281941173655384,0.354,0.382108674568451,0.354029682731439,0.382108674568451,,0.382108674568451,0.2701916349375553,0.8818,0.5277546371461855,0.4884999096393585,0.4777,0.2364,0.711,,,,36.853101422239064,,,,
787,P35557,Q,38,G,NONSYN,0.4132083883745238,1.046788716860192,0.03169106813215908,-1.6385666666666667,100.0,2.0,6.0,0.678182451006646,0.106709539703306,0.2878693451609883,0.6782,0.106709539703306,0.678182451006646,0.106709539703306,,0.106709539703306,0.0754550391415028,0.8628,0.18457427811933058,0.4047807455062866,0.6844,0.0742,0.975,,,,36.853101422239064,,,,
788,P35557,Q,38,Y,NONSYN,0.4840075968099441,0.7927737608651236,0.031008080839800337,-1.4618333333333335,100.0,2.0,6.0,0.561129071824176,0.10018111522563301,0.44795198649053064,0.5611,0.10018111522563301,0.561129071824176,0.10018111522563301,,0.10018111522563301,0.07083874592287598,0.7757,0.21454348314561156,0.4210566282272339,0.567,0.0699,0.9940000000000001,,,,36.853101422239064,,,,
789,P35557,Q,38,N,NONSYN,0.4518295354764143,0.7240976301389322,0.06254820198930987,-0.35083333333333333,100.0,2.0,6.0,0.815865197085941,0.096194941058292,0.14862422709070736,0.8159,0.096194941058292,0.815865197085941,0.096194941058292,,0.096194941058292,0.06802009513815852,0.824,0.008140883541500443,0.42267024517059326,0.8161,0.0672,0.9229999999999999,,,,36.853101422239064,,,,
790,P35557,Q,38,C,NONSYN,0.4511413301447636,0.6468293525385244,0.04494323613013217,-1.9530666666666667,100.0,2.0,6.0,1.0893946356914,0.101098566057682,0.02994623559131475,1.0894,0.101098566057682,1.0893946356914,0.101098566057682,,0.101098566057682,0.07148748162762306,0.6786,0.4108266301295713,0.41248947381973267,1.0774,0.0704,0.9990000000000001,,,,36.853101422239064,,,,
791,P35557,Q,38,P,NONSYN,0.4853050517411639,0.8503469306285405,0.05854264215410376,-1.2671333333333334,100.0,2.0,6.0,0.12954220912631098,0.0986020975360584,0.9024507528323166,0.1295,0.0986020975360584,0.12954220912631098,0.0986020975360584,,0.0986020975360584,0.06972221180696427,0.8286,0.6990339980346387,0.41972339153289795,0.1483,0.0688,0.995,,,,36.853101422239064,,,,
792,P35557,Q,38,E,NONSYN,0.4564313440073604,0.5660095170968713,0.2066819569061189,0.2536666666666667,100.0,2.0,6.0,1.27202802376151,0.0879101625202324,0.009171846318296465,1.272,0.0879101625202324,1.27202802376151,0.0879101625202324,,0.0879101625202324,0.0621618720532678,0.7902,0.4818656988561145,0.5390249490737915,1.2657,0.0618,0.8370000000000001,,,,36.853101422239064,,,,
793,P35557,Q,38,M,NONSYN,0.4050622568485636,0.9963000103433903,0.04254060690125141,-0.5147333333333333,100.0,2.0,6.0,0.36702403883254403,0.16257769584550302,0.7134049203862308,0.367,0.16257769584550302,0.36702403883254403,0.16257769584550302,,0.16257769584550302,0.11495979120203917,0.9124,0.5453840746470702,0.39556455612182617,0.4095,0.1104,0.5870000000000001,,,,36.853101422239064,,,,
794,P35557,Q,38,W,NONSYN,0.4710687255935087,0.8854841399903872,0.03868260697921947,-1.6665666666666665,100.0,2.0,6.0,1.16209618161606,0.0503046793386306,0.018838459289522984,1.1621,0.0503046793386306,1.16209618161606,0.0503046793386306,,0.0503046793386306,0.0355707798857605,0.7827,0.37938503335403606,0.4204462170600891,1.1594,0.0354,1.0,,,,36.853101422239064,,,,
795,P35557,Q,38,H,NONSYN,0.4843682171858765,0.7956664673537608,0.10170822804188924,0.3949666666666667,100.0,2.0,6.0,0.583057172990842,0.7684008163312471,0.41622467230478766,0.5831,0.7684008163312471,0.583057172990842,0.7684008163312471,,0.7684008163312471,0.5433414278971036,0.7841,0.20102857758899195,0.4301565885543823,0.7066,0.3373,0.988,,,,36.853101422239064,,,,
796,P35557,Q,38,Q,SYN,,,,,,,,,,,,,,,,,,,,,,,,,,,36.853101422239064,,,,
797,P35557,Q,38,*,STOP,,,,,100.0,2.0,6.0,-0.23701781948508102,0.05,0.9840838671422227,-0.237,0.05,-0.23701781948508102,0.05,,0.05,0.035355339059327376,,,,-0.237,0.0354,,,,,36.853101422239064,,,,
798,P35557,K,39,S,NONSYN,0.39799365034538775,1.0547357222324165,0.06546597988601809,-0.8266,100.0,2.0,6.0,0.555761725751668,0.102763575540247,0.45577246489435647,0.5558,0.102763575540247,0.555761725751668,0.102763575540247,,0.102763575540247,0.07266482112348467,0.9167,0.360913603456706,0.39639392495155334,0.5675,0.0715,0.047,,,,117.97266234544679,,,,
799,P35557,K,39,A,NONSYN,0.4253782567817681,0.671864469779701,0.03732944921968147,-0.8658,100.0,2.0,6.0,1.5149737261321599,0.237259936884053,0.0017545771807749714,1.515,0.237259936884053,1.5149737261321599,0.237259936884053,,0.237259936884053,0.16776811027460614,0.8634,0.6515969894912297,0.40773239731788635,1.4206,0.1551,0.0,,,,117.97266234544679,,,,
800,P35557,K,39,V,NONSYN,0.4018371367991864,0.8103956899561543,0.10295507653404129,-1.8981333333333332,100.0,2.0,6.0,1.21537961273432,0.20097653933553197,0.013324633515375606,1.2154,0.20097653933553197,1.21537961273432,0.20097653933553197,,0.20097653933553197,0.14211187382355955,0.8925,0.3228691986107848,0.4455086886882782,1.1856,0.1354,0.005,,,,117.97266234544679,,,,
801,P35557,K,39,R,NONSYN,0.4425642104838123,1.2092887373693582,0.07207851945100027,0.014233333333333356,100.0,2.0,6.0,1.4560116407035602,0.0610169174725198,0.0026399396166819234,1.456,0.0610169174725198,1.4560116407035602,0.0610169174725198,,0.0610169174725198,0.043145476111918685,1.0793,0.37669430938947324,0.45176267623901367,1.4526,0.043,0.0,,,,117.97266234544679,,,,
802,P35557,K,39,D,NONSYN,0.3868073539125079,1.0547357222324167,0.06546597988601809,-0.8266,100.0,2.0,6.0,0.36635996877401295,0.0650442639221428,0.7141732503956183,0.3664,0.0650442639221428,0.36635996877401295,0.0650442639221428,,0.0650442639221428,0.04599324009663467,0.9167,0.5503153604343611,0.39639392495155334,0.3737,0.0457,0.047,,,,117.97266234544679,,,,
803,P35557,K,39,F,NONSYN,0.39391394066408775,1.1495986267072766,0.05370853280074702,-1.9194666666666667,100.0,2.0,6.0,0.7824005368192571,0.0497311581371541,0.17663008539780156,0.7824,0.0497311581371541,0.7824005368192571,0.0497311581371541,,0.0497311581371541,0.035165239155042216,0.9872,0.20478279562398016,0.4458925127983093,0.7837,0.0351,0.40399999999999997,,,,117.97266234544679,,,,
804,P35557,K,39,T,NONSYN,0.4423640368257771,0.9666012506169341,0.06530058795414145,-0.8377,100.0,2.0,6.0,0.6307633836204599,0.0679709901664868,0.3494210655304563,0.6308,0.0679709901664868,0.6307633836204599,0.0679709901664868,,0.0679709901664868,0.04806274807068696,0.9153,0.28450682569197905,0.39639392495155334,0.6349,0.0477,0.022000000000000002,,,,117.97266234544679,,,,
805,P35557,K,39,I,NONSYN,0.4603939774498695,0.9619751676327356,0.05087142227684033,-1.9278666666666666,100.0,2.0,6.0,1.34527091404288,0.0883961318734493,0.005617934104290945,1.3453,0.0883961318734493,1.34527091404288,0.0883961318734493,,0.0883961318734493,0.06250550427837631,0.9153,0.43000070473044105,0.38524365425109863,1.3342,0.0617,0.006999999999999999,,,,117.97266234544679,,,,
806,P35557,K,39,L,NONSYN,0.4356747906628182,0.9194737764193843,0.11241529108378706,-1.8765,100.0,2.0,6.0,0.88814535334463,0.0609710704144652,0.10020700567111192,0.8881,0.0609710704144652,0.88814535334463,0.0609710704144652,,0.0609710704144652,0.04311305734627082,0.9077,0.019533846827794354,0.455472856760025,0.8883,0.0429,0.001,,,,117.97266234544679,,,,
807,P35557,K,39,K,SYN,,,,,,,,,,,,,,,,,,,,,,,,,,,117.97266234544679,,,,
808,P35557,K,39,G,NONSYN,0.3929842999811576,0.8505310061328076,0.11412516747676248,-1.5884666666666665,100.0,2.0,6.0,1.2019221986928301,0.161692903650319,0.01454945192279011,1.2019,0.161692903650319,1.2019221986928301,0.161692903650319,,0.161692903650319,0.11433414864088362,0.8994,0.3024953807988482,0.46354350447654724,1.1846,0.111,0.047,,,,117.97266234544679,,,,
809,P35557,K,39,Y,NONSYN,0.3944793974738757,1.1018157215905935,0.062473832691795246,-1.7455,100.0,2.0,6.0,0.197770802480953,0.42339592883809296,0.8646197966766064,0.1978,0.42339592883809296,0.197770802480953,0.42339592883809296,,0.42339592883809296,0.29938613240819245,0.9339,0.7361050563027689,0.3983195424079895,0.4635,0.2393,0.019,,,,117.97266234544679,,,,
810,P35557,K,39,N,NONSYN,0.4560364383708069,1.067801291906356,0.06310973876085609,-0.5051666666666667,100.0,2.0,6.0,1.5864092079535401,0.27705989206881604,0.0010634975905440501,1.5864,0.27705989206881604,1.5864092079535401,0.27705989206881604,,0.27705989206881604,0.19591092847667277,0.9211,0.6653206316367066,0.3966643512248993,1.4559,0.1757,0.153,,,,117.97266234544679,,,,
811,P35557,K,39,C,NONSYN,0.4535515939759026,1.1374219239064525,0.02486936504549664,-2.2871333333333332,100.0,2.0,6.0,0.844136077345938,0.063381577035665,0.12780238030903807,0.8441,0.063381577035665,0.844136077345938,0.063381577035665,,0.063381577035665,0.04481754292421627,0.9572,0.11310998779383252,0.3762562870979309,0.8457,0.0445,0.001,,,,117.97266234544679,,,,
812,P35557,K,39,P,NONSYN,0.27870648767165224,0.7118553185258741,0.03623771759906414,-0.9779666666666667,100.0,2.0,6.0,0.30432377681003603,0.24532410333690902,0.7798599701804357,0.3043,0.24532410333690902,0.30432377681003603,0.24532410333690902,,0.24532410333690902,0.1734703370580377,0.8577,0.5533842004848859,0.40590882301330566,0.3898,0.1595,0.327,,,,117.97266234544679,,,,
813,P35557,K,39,E,NONSYN,0.4020218445230145,1.016986504674834,0.07425089287977242,-0.16533333333333333,100.0,2.0,6.0,1.13266842383524,0.0695591415149884,0.022756501555908082,1.1327,0.0695591415149884,1.13266842383524,0.0695591415149884,,0.0695591415149884,0.049185740658762994,0.9167,0.215993094626866,0.39431440830230713,1.1294,0.0488,0.0,,,,117.97266234544679,,,,
814,P35557,K,39,M,NONSYN,0.43998119930382734,0.4338157097348363,0.06192949730291177,-0.9419333333333334,100.0,2.0,6.0,1.1384426031831498,0.12159887914296501,0.021931260688905555,1.1384,0.12159887914296501,1.1384426031831498,0.12159887914296501,,0.12159887914296501,0.08598339202667399,0.7156,0.42283269507920695,0.42413729429244995,1.1218,0.0843,0.319,,,,117.97266234544679,,,,
815,P35557,K,39,W,NONSYN,0.4169292295856069,0.9906025094026917,0.0281901169909862,-2.216833333333333,100.0,2.0,6.0,1.28459432085722,0.0290804315638574,0.008436797684545652,1.2846,0.0290804315638574,1.28459432085722,0.0290804315638574,,0.0290804315638574,0.020562970358634882,0.8628,0.42183759173124336,0.3854493498802185,1.2834,0.0205,0.9670000000000001,,,,117.97266234544679,,,,
816,P35557,K,39,H,NONSYN,0.4436698866414692,0.837365692842211,0.06015862800574773,-0.8412999999999999,100.0,2.0,6.0,1.0184700569446299,0.12740474186395098,0.04650852581484396,1.0185,0.12740474186395098,1.0184700569446299,0.12740474186395098,,0.12740474186395098,0.09008875692732135,0.8994,0.11904323905064795,0.4024292230606079,1.0128,0.0879,0.0,,,,117.97266234544679,,,,
817,P35557,K,39,Q,NONSYN,0.4867518824335938,1.3916964241641134,0.06884915967345429,0.19553333333333334,100.0,2.0,6.0,0.908788580319294,0.10915573934054902,0.08912223786032565,0.9088,0.10915573934054902,0.908788580319294,0.10915573934054902,,0.10915573934054902,0.07718476349313341,1.0881,0.1793125682860527,0.44525980949401855,0.914,0.0761,0.011000000000000001,,,,117.97266234544679,,,,
818,P35557,K,39,*,STOP,,,,,,,,,,,,,,,,,,,,,,,,,,,117.97266234544679,,,,
819,P35557,E,40,S,NONSYN,0.4382670271083193,0.18460481534777198,0.1135100878833669,-0.6747666666666666,100.0,2.0,6.0,0.871315279734038,0.0632653051363109,0.11009900770802405,0.8713,0.0632653051363109,0.871315279734038,0.0632653051363109,,0.0632653051363109,0.04473532627572155,0.3023,0.5690257640003191,0.40727490186691284,0.8645,0.0445,1.0,,,,8.841734739829047,,,,
820,P35557,E,40,A,NONSYN,0.4725389201357859,0.470960092829964,0.05234939868761082,-0.8022,100.0,2.0,6.0,1.4418314629943898,0.15631332287972596,0.002910585327380702,1.4418,0.15631332287972596,1.4418314629943898,0.15631332287972596,,0.15631332287972596,0.11053021059805654,0.409,1.032854490891271,0.418055921792984,1.3743,0.1069,1.0,,,,8.841734739829047,,,,
821,P35557,E,40,V,NONSYN,0.5148579282991502,0.9637311651231077,0.08398743146958483,-1.6669666666666665,100.0,2.0,6.0,0.128228833883049,0.0934146143407821,0.9030723231034519,0.1282,0.0934146143407821,0.128228833883049,0.0934146143407821,,0.0934146143407821,0.06605410726229313,0.7657,0.6374518964598159,0.4425447881221771,0.1421,0.0653,1.0,,,,8.841734739829047,,,,
822,P35557,E,40,R,NONSYN,0.4513055748960305,0.6104668865881383,0.1112167065840959,-0.7211333333333333,100.0,2.0,6.0,0.16424524927329098,0.18360493188224497,0.8846221218103661,0.1642,0.18360493188224497,0.16424524927329098,0.18360493188224497,,0.18360493188224497,0.12982829239322954,0.6461,0.48185610627938236,0.49192875623703003,0.1956,0.1255,1.0,,,,8.841734739829047,,,,
823,P35557,E,40,D,NONSYN,0.4800060668498122,0.4668360635349553,0.057289720634478604,-0.020166666666666666,100.0,2.0,6.0,1.27799406397921,0.23093344204580102,0.008815475740308285,1.278,0.23093344204580102,1.27799406397921,0.23093344204580102,,0.23093344204580102,0.16329460287333647,0.4513,0.8266638492403642,0.4052852690219879,1.1625,0.1515,0.9990000000000001,,,,8.841734739829047,,,,
824,P35557,E,40,F,NONSYN,0.4134101209643438,0.2790956738940377,0.03972315907822217,-2.4431333333333334,100.0,2.0,6.0,-0.0359414235499875,0.15622779219337699,0.9569496445297645,-0.0359,0.15622779219337699,-0.0359414235499875,0.15622779219337699,,0.15622779219337699,0.11046973126973963,0.3005,0.33648038066897556,0.35123857855796814,-0.0057,0.1054,1.0,,,,8.841734739829047,,,,
825,P35557,E,40,T,NONSYN,0.4070866311137473,0.5114897422155357,0.07674870321301594,-0.9768666666666667,100.0,2.0,6.0,0.593322394587118,0.105055962953916,0.4015456330568839,0.5933,0.105055962953916,0.593322394587118,0.105055962953916,,0.105055962953916,0.07428578380879672,0.5069,0.0864411575570887,0.43334513902664185,0.5909,0.0732,1.0,,,,8.841734739829047,,,,
826,P35557,E,40,I,NONSYN,0.377366298627538,-0.03129171757154623,0.09249619757823759,-2.3962999999999997,100.0,2.0,6.0,0.8548264589713199,0.104320024647365,0.12057661558406886,0.8548,0.104320024647365,0.8548264589713199,0.104320024647365,,0.104320024647365,0.07376539684169957,0.1067,0.7481699672148807,0.27926105260849,0.806,0.0713,1.0,,,,8.841734739829047,,,,
827,P35557,E,40,L,NONSYN,0.4309220950052253,0.23277744896005859,0.0927620987693824,-2.375633333333333,100.0,2.0,6.0,0.0626189593765054,0.0999798995418457,0.9297624599865463,0.0626,0.0999798995418457,0.0626189593765054,0.0999798995418457,,0.0999798995418457,0.07069646494838888,0.2585,0.19586301999361178,0.36196136474609375,0.0698,0.0694,1.0,,,,8.841734739829047,,,,
828,P35557,E,40,K,NONSYN,0.4890082107053284,0.42029482550135433,0.10599094530134819,-0.6217666666666667,100.0,2.0,6.0,0.20494633568856302,0.203313558107809,0.8599557325047651,0.2049,0.203313558107809,0.20494633568856302,0.203313558107809,,0.203313558107809,0.14376439564519689,0.3756,0.17063460098174033,0.41405460238456726,0.2233,0.1358,1.0,,,,8.841734739829047,,,,
829,P35557,E,40,G,NONSYN,0.4522640708552875,0.19891745691477805,0.09089250535319869,-1.9225,100.0,2.0,6.0,2.41794172870368,0.27493288507164193,2.023454517654872e-06,2.4179,0.27493288507164193,2.41794172870368,0.27493288507164193,,0.27493288507164193,0.19440690740533972,0.2585,2.1594597493335628,0.3676058351993561,1.946,0.1719,1.0,,,,8.841734739829047,,,,
830,P35557,E,40,Y,NONSYN,0.4671477233180428,1.111795715683835,0.07320698932503382,-2.2137666666666664,100.0,2.0,6.0,-0.0763357154254319,0.369431694808989,0.9647908151792106,-0.0763,0.369431694808989,-0.0763357154254319,0.369431694808989,,0.369431694808989,0.26122765658467517,0.8051,0.8813862673167588,0.4035738706588745,0.1839,0.2193,1.0,,,,8.841734739829047,,,,
831,P35557,E,40,N,NONSYN,0.4945297857128286,0.2566056970492903,0.11336849316074536,-0.6558999999999999,100.0,2.0,6.0,0.655312634629483,0.0676812042558446,0.31682948074828615,0.6553,0.0676812042558446,0.655312634629483,0.0676812042558446,,0.0676812042558446,0.04785783848817954,0.333,0.32234696261333917,0.41920265555381775,0.6512,0.0475,1.0,,,,8.841734739829047,,,,
832,P35557,E,40,C,NONSYN,0.4263241553322161,-0.01782695361306477,0.04826269788008445,-2.5622,100.0,2.0,6.0,1.17858416037882,0.0621156693426672,0.01693358037335045,1.1786,0.0621156693426672,1.17858416037882,0.0621156693426672,,0.0621156693426672,0.04392241101014131,0.1067,1.0719276686223809,0.26338931918144226,1.1496,0.0433,1.0,,,,8.841734739829047,,,,
833,P35557,E,40,P,NONSYN,0.2784783599621833,0.7211275638215189,0.049551824966007435,-1.2109666666666667,100.0,2.0,6.0,-0.0716074856210738,0.21881936862775103,0.9639527165105769,-0.0716,0.21881936862775103,-0.0716074856210738,0.21881936862775103,,0.21881936862775103,0.15472865941164163,0.7002,0.7718030365396529,0.42218467593193054,0.0198,0.1453,1.0,,,,8.841734739829047,,,,
834,P35557,E,40,E,SYN,,,,,100.0,2.0,6.0,0.829207641921467,0.05,0.13848192895438421,0.8292,0.05,0.829207641921467,0.05,,0.05,0.035355339059327376,,,,0.8292,0.0354,,,,,8.841734739829047,,,,
835,P35557,E,40,M,NONSYN,0.4318399535430367,0.8232782823870989,0.11075351978246702,-1.9440333333333335,100.0,2.0,6.0,0.544859252286717,0.0591606983307628,0.4716958727017263,0.5449,0.0591606983307628,0.544859252286717,0.0591606983307628,,0.0591606983307628,0.04183293096941403,0.7076,0.16273091046734178,0.46847856044769287,0.5461,0.0417,1.0,,,,8.841734739829047,,,,
836,P35557,E,40,W,NONSYN,0.3886512979012191,0.2938346649326126,0.05015851036045704,-2.4843333333333333,100.0,2.0,6.0,-0.0801583966657122,0.0867414592564767,0.9654540224337321,-0.0802,0.0867414592564767,-0.0801583966657122,0.0867414592564767,,0.0867414592564767,0.06133547405027129,0.3053,0.38544358224119746,0.35540440678596497,-0.069,0.0604,1.0,,,,8.841734739829047,,,,
837,P35557,E,40,H,NONSYN,0.3874690850586482,0.5636243878789373,0.0484733691233282,-0.6659666666666667,100.0,2.0,6.0,-0.265743437859458,0.440034321959332,0.9861666838269838,-0.2657,0.440034321959332,-0.265743437859458,0.440034321959332,,0.440034321959332,0.31115125301226815,0.6093,0.8750476275414648,0.43436986207962036,0.031,0.2529,1.0,,,,8.841734739829047,,,,
838,P35557,E,40,Q,NONSYN,0.4979236622050323,0.784751893133937,0.0740379618842663,-0.02876666666666668,100.0,2.0,6.0,0.324246575182265,0.117213974774047,0.7600975436575259,0.3242,0.117213974774047,0.324246575182265,0.117213974774047,,0.117213974774047,0.08288279641255755,0.731,0.4067820412461102,0.40609320998191833,0.3405,0.0812,1.0,,,,8.841734739829047,,,,
839,P35557,E,40,*,STOP,,,,,100.0,2.0,6.0,-0.18483548040933703,0.05,0.9794340932571288,-0.1848,0.05,-0.18483548040933703,0.05,,0.05,0.035355339059327376,,,,-0.1848,0.0354,,,,,8.841734739829047,,,,
840,P35557,M,41,S,NONSYN,0.31494457442558743,0.2549815616041,0.07226770770732834,-1.5281333333333336,100.0,2.0,6.0,0.252821758182513,0.140163807652639,0.8251063432827586,0.2528,0.140163807652639,0.252821758182513,0.140163807652639,,0.140163807652639,0.09911077886810793,0.2845,0.031683817712796436,0.3634738326072693,0.255,0.0956,1.0,,,,0.1808535826847816,,,,
841,P35557,M,41,A,NONSYN,0.38040172866410704,0.0029135146591501107,0.07657369710236978,-1.3250666666666666,100.0,2.0,6.0,0.5231415079012139,0.101973301520562,0.503454162799194,0.5231,0.101973301520562,0.5231415079012139,0.101973301520562,,0.101973301520562,0.07210601300516986,0.156,0.367094759739898,0.3352808952331543,0.5069,0.0705,0.995,,,,0.1808535826847816,,,,
842,P35557,M,41,V,NONSYN,0.43335182923768345,0.8978524173884063,0.040018665358677694,-0.009733333333333297,100.0,2.0,6.0,0.284522282383575,0.193639604230514,0.7982442652561309,0.2845,0.193639604230514,0.284522282383575,0.193639604230514,,0.193639604230514,0.1369238772576757,0.7981,0.5135417110704045,0.40051740407943726,0.3383,0.1296,0.9990000000000001,,,,0.1808535826847816,,,,
843,P35557,M,41,R,NONSYN,0.4133638176812908,0.23356953658764742,0.05743754598390718,-1.3127666666666666,100.0,2.0,6.0,-0.168826557884278,0.237820990263475,0.9777439160779546,-0.1688,0.237820990263475,-0.168826557884278,0.237820990263475,,0.237820990263475,0.16816483492380305,0.2605,0.42931149173742744,0.3586851954460144,-0.0915,0.1523,1.0,,,,0.1808535826847816,,,,
844,P35557,M,41,D,NONSYN,,0.14479243105716075,0.06251431931891943,-1.9658666666666667,100.0,2.0,6.0,-0.263608565011929,0.39832624088976504,0.9860220452954982,-0.2636,0.39832624088976504,-0.263608565011929,0.39832624088976504,,0.39832624088976504,0.2816591860576991,0.242,0.505574067512463,0.34916526079177856,-0.0643,0.2192,1.0,,,,0.1808535826847816,,,,
845,P35557,M,41,F,NONSYN,0.3024433202519795,0.7509614136404553,0.14014688460055522,-0.4272,100.0,2.0,6.0,0.898328744620557,0.137885515259807,0.09459862980584398,0.8983,0.137885515259807,0.898328744620557,0.137885515259807,,0.137885515259807,0.0974997828676107,0.7464,0.15191622898029822,0.5178318023681641,0.8931,0.0958,0.998,,,,0.1808535826847816,,,,
846,P35557,M,41,T,NONSYN,0.4428972613017431,0.3941390326271423,0.0629611744647482,-0.9479666666666667,100.0,2.0,6.0,1.1402598106733,0.558254240669114,0.021677484290928785,1.1403,0.558254240669114,1.1402598106733,0.558254240669114,,0.558254240669114,0.3947453592032774,0.3678,0.7724925958982145,0.384130597114563,0.7435,0.2753,1.0,,,,0.1808535826847816,,,,
847,P35557,M,41,I,NONSYN,0.5092966528428504,0.7166591288947677,0.05865463301177212,0.1806,,,,,,,,,,,,,,0.7072,,0.40298572182655334,0.7072,0.403,0.998,,,,0.1808535826847816,,,,
848,P35557,M,41,L,NONSYN,0.4802407566174219,0.6703177249562077,0.05816896119244999,-0.2916666666666667,100.0,2.0,6.0,0.9671263596801709,0.0736062217642603,0.06339197852818487,0.9671,0.0736062217642603,0.9671263596801709,0.0736062217642603,,0.0736062217642603,0.052047458547029295,0.802,0.16509573672103395,0.4313353896141052,0.9648,0.0517,0.84,,,,0.1808535826847816,,,,
849,P35557,M,41,K,NONSYN,0.4908604207297649,0.09302009789871707,0.0731422589623111,-1.2170333333333332,,,,,,,,,,,,,,0.1877,,0.33288878202438354,0.1877,0.3329,1.0,,,,0.1808535826847816,,,,
850,P35557,M,41,G,NONSYN,0.2313069645088376,0.05705769729171556,0.11170968456433744,-2.0399333333333334,100.0,2.0,6.0,-0.0004043637155934,0.0662234934246454,0.9486205481971558,-0.0004,0.0662234934246454,-0.0004043637155934,0.0662234934246454,,0.0662234934246454,0.0468270812744295,0.1146,0.11495891793960768,0.28777438402175903,0.0026,0.0462,1.0,,,,0.1808535826847816,,,,
851,P35557,M,41,Y,NONSYN,,0.31085467305088604,0.05607119722766373,-1.5137666666666665,100.0,2.0,6.0,0.0852024238421549,0.23887539955548998,0.921486188497418,0.0852,0.23887539955548998,0.0852024238421549,0.23887539955548998,,0.23887539955548998,0.16891041488433295,0.3403,0.2551394719765554,0.37408167123794556,0.1284,0.1539,1.0,,,,0.1808535826847816,,,,
852,P35557,M,41,N,NONSYN,0.3182579182514713,0.1326050757279609,0.07446075378750165,-1.7266666666666666,,,,,,,,,,,,,,0.242,,0.35858801007270813,0.242,0.3586,1.0,,,,0.1808535826847816,,,,
853,P35557,M,41,C,NONSYN,,0.10035258410715832,0.07836788167013503,-1.5218999999999998,100.0,2.0,6.0,0.716708690673338,0.0557282116366745,0.24259097348102632,0.7167,0.0557282116366745,0.716708690673338,0.0557282116366745,,0.0557282116366745,0.0394057963516916,0.2067,0.5099782057108746,0.36469513177871704,0.7108,0.0392,1.0,,,,0.1808535826847816,,,,
854,P35557,M,41,P,NONSYN,0.29396488881585514,0.137310704576976,0.07342521754307209,-1.6408666666666667,100.0,2.0,6.0,0.0710855372951097,0.24457718538979395,0.9267633023772707,0.0711,0.24457718538979395,0.0710855372951097,0.24457718538979395,,0.24457718538979395,0.1729421863126427,0.244,0.1728829196884566,0.35858801007270813,0.1037,0.1558,1.0,,,,0.1808535826847816,,,,
855,P35557,M,41,E,NONSYN,0.3715633530173947,0.039773843811357235,0.09150578440485631,-1.6220666666666668,100.0,2.0,6.0,0.36369611959196596,0.0783656268001675,0.717241843547583,0.3637,0.0783656268001675,0.36369611959196596,0.0783656268001675,,0.0783656268001675,0.05541286612233268,0.1283,0.23536484579779177,0.2988465428352356,0.3559,0.0545,1.0,,,,0.1808535826847816,,,,
856,P35557,M,41,M,SYN,,,,,,,,,,,,,,,,,,,,,,,,,,,0.1808535826847816,,,,
857,P35557,M,41,W,NONSYN,0.17309253470131644,0.26690129699052434,0.06637869050539899,-1.3791,100.0,2.0,6.0,-0.0752546563207847,0.171285852296892,0.9646009411060349,-0.0753,0.171285852296892,-0.0752546563207847,0.171285852296892,,0.171285852296892,0.1211173876804497,0.2895,0.3647264316141349,0.37216755747795105,-0.0403,0.1152,1.0,,,,0.1808535826847816,,,,
858,P35557,M,41,H,NONSYN,,0.35157762423266864,0.06658869734784949,-1.4892,100.0,2.0,6.0,-0.0369664297031929,0.183956783799555,0.9571687789749367,-0.037,0.183956783799555,-0.0369664297031929,0.183956783799555,,0.183956783799555,0.13007708926993294,0.3434,0.380386816017585,0.37408167123794556,0.0041,0.1229,1.0,,,,0.1808535826847816,,,,
859,P35557,M,41,Q,NONSYN,0.13890249407095925,0.7743702792258107,0.14301447263011563,-0.3912,100.0,2.0,6.0,0.8281021478644909,0.0663068110132361,0.13930062590912987,0.8281,0.0663068110132361,0.8281021478644909,0.0663068110132361,,0.0663068110132361,0.0468859957063141,0.731,0.09707353143611563,0.5178318023681641,0.8273,0.0467,1.0,,,,0.1808535826847816,,,,
860,P35557,M,41,*,STOP,,,,,100.0,2.0,6.0,-0.0359914904463057,0.05,0.9569603742310633,-0.036,0.05,-0.0359914904463057,0.05,,0.05,0.035355339059327376,,,,-0.036,0.0354,,,,,0.1808535826847816,,,,
861,P35557,D,42,S,NONSYN,0.3690767940714815,1.686650656903452,0.09884235837555998,-0.9501333333333332,100.0,2.0,6.0,1.28893068520307,0.12239375110361998,0.008196610649439896,1.2889,0.12239375110361998,1.28893068520307,0.12239375110361998,,0.12239375110361998,0.08654545138022816,1.2043,0.08466342179059438,0.6462656259536743,1.2874,0.0858,0.9259999999999999,,,,50.79712643945003,,,,
862,P35557,D,42,A,NONSYN,0.4216252277516441,0.8591771148350565,0.06831221946861095,-1.4927333333333335,100.0,2.0,6.0,1.06748794471063,0.106408143819047,0.03435533700886773,1.0675,0.106408143819047,1.06748794471063,0.106408143819047,,0.106408143819047,0.07524192006792153,0.8818,0.1857036248330055,0.406961590051651,1.0613,0.074,0.904,,,,50.79712643945003,,,,
863,P35557,D,42,V,NONSYN,0.4506084315132353,1.033588981933001,0.18878490162090222,-2.6115333333333335,100.0,2.0,6.0,0.860003410214528,0.0885897887866407,0.11720096844447926,0.86,0.0885897887866407,0.860003410214528,0.0885897887866407,,0.0885897887866407,0.0626424403949176,0.8801,0.020120443468943705,0.530836820602417,0.8603,0.0622,0.977,,,,50.79712643945003,,,,
864,P35557,D,42,R,NONSYN,0.35823216117602164,0.8200589819302465,0.04042483695848889,-1.472133333333333,100.0,2.0,6.0,1.1848423434250601,0.256721146405873,0.01625993660885334,1.1848,0.256721146405873,1.1848423434250601,0.256721146405873,,0.256721146405873,0.18152926349757728,0.8078,0.37706839570930084,0.4204462170600891,1.1256,0.1667,0.9940000000000001,,,,50.79712643945003,,,,
865,P35557,D,42,D,SYN,,,,,,,,,,,,,,,,,,,,,,,,,,,50.79712643945003,,,,
866,P35557,D,42,F,NONSYN,0.29646296686588297,0.903558758223317,0.18936276997469326,-2.6194333333333333,100.0,2.0,6.0,1.2500940813435801,0.0625683496083614,0.010605369119569746,1.2501,0.0625683496083614,1.2500940813435801,0.0625683496083614,,0.0625683496083614,0.044242504295723004,0.7827,0.4673829330815562,0.5404154658317566,1.247,0.0441,1.0,,,,50.79712643945003,,,,
867,P35557,D,42,T,NONSYN,0.33041122774515563,1.3418832520661865,0.039302305475387316,-1.2396666666666667,100.0,2.0,6.0,2.68432288027844,0.280962367621466,2.2999298072544885e-07,2.6843,0.280962367621466,2.68432288027844,0.280962367621466,,0.280962367621466,0.19867039540336626,1.0535,1.6308498845203832,0.5080569386482239,2.468,0.185,0.951,,,,50.79712643945003,,,,
868,P35557,D,42,I,NONSYN,0.3169485018080975,0.8629824586305403,0.05469062607714594,-2.7128666666666668,100.0,2.0,6.0,1.04915484721531,0.18083363046415601,0.03850502079551818,1.0492,0.18083363046415601,1.04915484721531,0.18083363046415601,,0.18083363046415601,0.12786868636778695,0.8286,0.22057864005436034,0.40364328026771545,1.029,0.1219,0.997,,,,50.79712643945003,,,,
869,P35557,D,42,L,NONSYN,0.37713817620354506,0.894819014760977,0.048644552294218914,-2.7055000000000002,100.0,2.0,6.0,0.953645178824,0.209634682095641,0.06866246545363554,0.9536,0.209634682095641,0.953645178824,0.209634682095641,,0.209634682095641,0.14823410528171388,0.8368,0.1168166489892527,0.40169066190719604,0.9396,0.1391,0.9940000000000001,,,,50.79712643945003,,,,
870,P35557,D,42,K,NONSYN,0.3517044245741117,1.5181727776799192,0.10025216972866231,-0.8925333333333333,100.0,2.0,6.0,1.7943643228736699,0.0996387838148427,0.00023922499582735535,1.7944,0.0996387838148427,1.7943643228736699,0.0996387838148427,,0.0996387838148427,0.07045525970465569,1.0452,0.7491582529273808,0.527378499507904,1.7812,0.0698,0.9570000000000001,,,,50.79712643945003,,,,
871,P35557,D,42,G,NONSYN,0.41616550742326497,1.6455510561380435,0.09314513528849612,-1.4276333333333333,100.0,2.0,6.0,1.16379748861426,0.0809537001695162,0.018632821712661087,1.1638,0.0809537001695162,1.16379748861426,0.0809537001695162,,0.0809537001695162,0.05724291035200746,1.2003,0.036464581087888526,0.6175744533538818,1.1641,0.057,0.872,,,,50.79712643945003,,,,
872,P35557,D,42,Y,NONSYN,0.4224113195979475,1.0618238563868128,0.18963695465566235,-2.560966666666667,100.0,2.0,6.0,0.7873737749276879,0.520152792906658,0.17223158599110205,0.7874,0.520152792906658,0.7873737749276879,0.520152792906658,,0.520152792906658,0.36780356711741974,0.8304,0.04304588468687509,0.5392130017280579,0.801,0.3038,1.0,,,,50.79712643945003,,,,
873,P35557,D,42,N,NONSYN,0.4295009636980524,0.8557653931308523,0.07911282189584391,-0.2961,100.0,2.0,6.0,1.29321846109866,0.863195017151232,0.007965617770031333,1.2932,0.863195017151232,1.29321846109866,0.863195017151232,,0.863195017151232,0.6103710501140743,0.8818,0.4114341412210354,0.42670464515686035,1.0169,0.3497,0.8079999999999999,,,,50.79712643945003,,,,
874,P35557,D,42,C,NONSYN,0.3461355508488411,0.9542678120846126,0.0685142533919642,-2.7265333333333337,100.0,2.0,6.0,0.7752987868530931,0.0452140668175451,0.18305602515994304,0.7753,0.0452140668175451,0.7752987868530931,0.0452140668175451,,0.0452140668175451,0.0319711732517078,0.8504,0.07508842876122579,0.4020145535469055,0.7758,0.0319,0.997,,,,50.79712643945003,,,,
875,P35557,D,42,P,NONSYN,0.2905290433283012,1.13870925891665,0.06822427950602686,-1.4699,100.0,2.0,6.0,0.22889151246585002,0.107418896540676,0.8433562061552698,0.2289,0.107418896540676,0.22889151246585002,0.107418896540676,,0.107418896540676,0.07595663017148817,0.9509,0.7220203670736397,0.397184818983078,0.2544,0.0746,0.863,,,,50.79712643945003,,,,
876,P35557,D,42,E,NONSYN,0.4869275421620544,1.0544713046199925,0.21693249606101705,-0.3505,100.0,2.0,6.0,0.6971007266312399,0.103392412554316,0.26505761314785825,0.6971,0.103392412554316,0.6971007266312399,0.103392412554316,,0.103392412554316,0.07310947604039397,0.9388,0.2417258343428812,0.5692850947380066,0.701,0.0725,0.001,,,,50.79712643945003,,,,
877,P35557,D,42,M,NONSYN,0.2886817698329022,0.9658237554952653,0.12523796837722184,-2.5042666666666666,100.0,2.0,6.0,1.07537407760233,0.797217782810539,0.03270230141541665,1.0754,0.797217782810539,1.07537407760233,0.797217782810539,,0.797217782810539,0.5637181003078363,0.8149,0.2605020511588485,0.4883032739162445,0.9265,0.3691,0.9990000000000001,,,,50.79712643945003,,,,
878,P35557,D,42,W,NONSYN,0.2933207242208761,0.9260329376308011,0.06611934230464084,-2.7770999999999995,100.0,2.0,6.0,1.30467150840611,0.0692863926450249,0.007379042956555584,1.3047,0.0692863926450249,1.30467150840611,0.0692863926450249,,0.0692863926450249,0.04899287808325083,0.7827,0.5219603601440861,0.4094902575016022,1.2973,0.0486,1.0,,,,50.79712643945003,,,,
879,P35557,D,42,H,NONSYN,0.4359397753198172,1.88082823058879,0.0728092030319644,-1.1262,,,,,,,,,,,,,,1.2191,,0.8009084463119507,1.2191,0.8009,0.997,,,,50.79712643945003,,,,
880,P35557,D,42,Q,NONSYN,0.3596090029508326,1.9225392961183931,0.07595611655890365,-0.9301666666666666,100.0,2.0,6.0,0.5812647675582471,0.294938761960524,0.41880085962920777,0.5813,0.294938761960524,0.5812647675582471,0.294938761960524,,0.294938761960524,0.20855319861705146,1.2256,0.6443462038925586,0.7487881779670715,0.6277,0.2009,0.9670000000000001,,,,50.79712643945003,,,,
881,P35557,D,42,*,STOP,,,,,100.0,2.0,6.0,0.0052040557041577,0.05,0.9471673185864603,0.0052,0.05,0.0052040557041577,0.05,,0.05,0.035355339059327376,,,,0.0052,0.0354,,,,,50.79712643945003,,,,
882,P35557,R,43,S,NONSYN,0.4030125793742561,0.9284329639281353,0.06322845489682129,-0.8416666666666667,100.0,2.0,6.0,0.804227197847142,0.12254655938952802,0.1579425176054305,0.8042,0.12254655938952802,0.804227197847142,0.12254655938952802,,0.12254655938952802,0.08665350315541523,0.7827,0.021516049585118102,0.421546995639801,0.8034,0.0849,1.0,,,,60.06177380922117,,,,
883,P35557,R,43,A,NONSYN,0.3189859929557896,1.0275652865860267,0.07024977823422836,-1.0746,100.0,2.0,6.0,0.590381852152719,0.127025739969375,0.40573673109318276,0.5904,0.127025739969375,0.590381852152719,0.127025739969375,,0.127025739969375,0.08982076211758412,0.8086,0.2182574357958894,0.4209258556365967,0.5999,0.0878,1.0,,,,60.06177380922117,,,,
884,P35557,R,43,V,NONSYN,0.398009908378716,0.6495723406654347,0.05761948827860421,-1.9711666666666667,100.0,2.0,6.0,1.38463611244387,0.0872244689898782,0.0043032682726421145,1.3846,0.0872244689898782,1.38463611244387,0.0872244689898782,,0.0872244689898782,0.0616770135081386,0.6699,0.714731224767631,0.41198140382766724,1.369,0.061,1.0,,,,60.06177380922117,,,,
885,P35557,R,43,R,SYN,,,,,100.0,2.0,6.0,1.55241446385375,0.05,0.0013506551062136714,1.5524,0.05,1.55241446385375,0.05,,0.05,0.035355339059327376,,,,1.5524,0.0354,,,,,60.06177380922117,,,,
886,P35557,R,43,D,NONSYN,0.1122725979085614,0.5360135010661456,0.0837956319164858,-1.7069333333333334,100.0,2.0,6.0,0.11474545930962199,0.40868259610866203,0.9092421094873663,0.1147,0.40868259610866203,0.11474545930962199,0.40868259610866203,,0.40868259610866203,0.28898223506135784,0.5661,0.451361992606119,0.44393205642700195,0.2491,0.2422,1.0,,,,60.06177380922117,,,,
887,P35557,R,43,F,NONSYN,0.3436253892885596,0.9509424444769629,0.065110186573094,-2.1555666666666666,100.0,2.0,6.0,1.27759363685003,0.053935778720813995,0.00883897001380628,1.2776,0.053935778720813995,1.27759363685003,0.053935778720813995,,0.053935778720813995,0.038138354882064664,0.7963,0.4813237432037898,0.4004663825035095,1.2733,0.038,1.0,,,,60.06177380922117,,,,
888,P35557,R,43,T,NONSYN,0.292232657128476,0.755028392894963,0.07449895656192583,-1.0614333333333332,100.0,2.0,6.0,1.4079925332259098,0.0711646067320914,0.0036700816917575284,1.408,0.0711646067320914,1.4079925332259098,0.0711646067320914,,0.0711646067320914,0.050320976000735665,0.731,0.6769639167975345,0.42724478244781494,1.3987,0.05,1.0,,,,60.06177380922117,,,,
889,P35557,R,43,I,NONSYN,0.35928103966798514,1.159669408603014,0.06184274544697624,-2.1296999999999997,100.0,2.0,6.0,0.651412744471877,0.101861034685328,0.32190853349462245,0.6514,0.101861034685328,0.651412744471877,0.101861034685328,,0.101861034685328,0.07202662836467355,0.8813,0.22992573266282756,0.385029137134552,0.6592,0.0708,1.0,,,,60.06177380922117,,,,
890,P35557,R,43,L,NONSYN,0.3775202648814329,1.0181829697374682,0.05448612132149755,-1.8647666666666665,100.0,2.0,6.0,0.44289722033394896,0.15020783983485,0.6175011313761439,0.4429,0.15020783983485,0.44289722033394896,0.15020783983485,,0.15020783983485,0.10621298213460525,0.8086,0.36574206761465944,0.4149143695831299,0.4654,0.1029,1.0,,,,60.06177380922117,,,,
891,P35557,R,43,K,NONSYN,0.4996982892545154,0.6976193902720823,0.057075733316227,-0.31583333333333335,100.0,2.0,6.0,0.251356328814055,0.197279743746321,0.826273169737265,0.2514,0.197279743746321,0.251356328814055,0.197279743746321,,0.197279743746321,0.13949784459376796,0.6786,0.4272116767477736,0.432634562253952,0.2916,0.1328,0.998,,,,60.06177380922117,,,,
892,P35557,R,43,G,NONSYN,0.4710347881166008,1.0897399882446763,0.048138131276932804,-1.865,100.0,2.0,6.0,0.22822616481232502,0.18517190487953397,0.8438394991138015,0.2282,0.18517190487953397,0.22822616481232502,0.18517190487953397,,0.18517190487953397,0.1309363096255488,0.8182,0.5899336538369669,0.41296178102493286,0.2821,0.1248,1.0,,,,60.06177380922117,,,,
893,P35557,R,43,Y,NONSYN,0.3907391645635834,0.09369977685061633,0.12513807394647394,-1.6721666666666666,100.0,2.0,6.0,1.4416866319562098,0.107426864203586,0.002913484282836318,1.4417,0.107426864203586,1.4416866319562098,0.107426864203586,,0.107426864203586,0.07596226415996205,0.206,1.2356854992295405,0.3968139886856079,1.398,0.0746,1.0,,,,60.06177380922117,,,,
894,P35557,R,43,N,NONSYN,0.4070897773431755,0.936452729859789,0.04962245707895696,-0.6592999999999999,100.0,2.0,6.0,0.749931205905187,0.189434422010391,0.20740846819867442,0.7499,0.189434422010391,0.749931205905187,0.189434422010391,,0.189434422010391,0.13395036439370164,0.7827,0.0327799423568369,0.4195943772792816,0.753,0.1276,1.0,,,,60.06177380922117,,,,
895,P35557,R,43,C,NONSYN,0.3945781846907973,0.9152616192790163,0.06307359693958513,-2.1973999999999996,100.0,2.0,6.0,1.13924880175955,0.05151958288147299,0.021818327048229096,1.1392,0.05151958288147299,1.13924880175955,0.05151958288147299,,0.05151958288147299,0.03642984641939192,0.7827,0.356537653497526,0.4004663825035095,1.1363,0.0363,1.0,,,,60.06177380922117,,,,
896,P35557,R,43,P,NONSYN,0.180066694070857,0.5948860853593856,0.10874297675187188,-1.7161666666666668,100.0,2.0,6.0,-0.061872293570098,0.28383371399424395,0.9621633117376643,-0.0619,0.28383371399424395,-0.061872293570098,0.28383371399424395,,0.28383371399424395,0.20070074389469295,0.6352,0.6970431109452812,0.4842912554740906,0.0403,0.1854,1.0,,,,60.06177380922117,,,,
897,P35557,R,43,E,NONSYN,0.2774716424939038,0.7148467519683493,0.06102758851326053,-0.8858,100.0,2.0,6.0,1.4449858337265,0.141209547475836,0.002848138763354474,1.445,0.141209547475836,1.4449858337265,0.141209547475836,,0.141209547475836,0.09985022858844736,0.7018,0.7431715398651109,0.43186840415000916,1.4073,0.0973,1.0,,,,60.06177380922117,,,,
898,P35557,R,43,M,NONSYN,0.37044865400284027,0.9342005277419236,0.044856313245933525,-1.0532666666666668,100.0,2.0,6.0,0.870476128685028,0.262199358667607,0.11061312701742565,0.8705,0.262199358667607,0.870476128685028,0.262199358667607,,0.262199358667607,0.18540294453662867,0.7827,0.08776498042300407,0.41897323727607727,0.8561,0.1695,1.0,,,,60.06177380922117,,,,
899,P35557,R,43,W,NONSYN,0.38841440406711497,1.1045474979219259,0.03406924860074815,-2.1376333333333335,100.0,2.0,6.0,0.816778476515142,0.24150419611833698,0.14791170692010502,0.8168,0.24150419611833698,0.816778476515142,0.24150419611833698,,0.24150419611833698,0.17076925476028196,0.8258,0.009061281404169508,0.39731132984161377,0.8182,0.1569,1.0,,,,60.06177380922117,,,,
900,P35557,R,43,H,NONSYN,0.3580838527509595,0.9925662821790073,0.062009162128336764,-0.45376666666666665,100.0,2.0,6.0,0.560145158005725,0.0967739268677838,0.4493843967391896,0.5601,0.0967739268677838,0.560145158005725,0.0967739268677838,,0.0967739268677838,0.06842949993026094,0.8086,0.24849412994288345,0.42267024517059326,0.5665,0.0675,1.0,,,,60.06177380922117,,,,
901,P35557,R,43,Q,NONSYN,0.3675437003413988,0.9183540658791373,0.06018062140209091,-0.5823,100.0,2.0,6.0,0.7827818069053349,0.115701835943554,0.17628992361444057,0.7828,0.115701835943554,0.7827818069053349,0.115701835943554,,0.115701835943554,0.08181355279142045,0.7827,7.065864331101679e-05,0.4250783920288086,0.7828,0.0803,1.0,,,,60.06177380922117,,,,
902,P35557,R,43,*,STOP,,,,,100.0,2.0,6.0,-0.489232743076918,0.05,0.9952371430812956,-0.4892,0.05,-0.489232743076918,0.05,,0.05,0.035355339059327376,,,,-0.4892,0.0354,,,,,60.06177380922117,,,,
903,P35557,G,44,S,NONSYN,0.36837526824294986,0.30440704404081065,0.11798563358312163,-0.9379,100.0,2.0,6.0,-0.37937291918330396,0.317143330764654,0.992002935190703,-0.3794,0.317143330764654,-0.37937291918330396,0.317143330764654,,0.317143330764654,0.22425419979177505,0.3574,0.7367307191901704,0.4250393211841583,-0.2189,0.1983,1.0,,,,0.7195487784183288,,,,
904,P35557,G,44,A,NONSYN,0.4089269105168704,0.030285009916480032,0.13306728451086872,-1.0059,100.0,2.0,6.0,0.44299318318968794,0.18007395063404802,0.617370779380433,0.443,0.18007395063404802,0.44299318318968794,0.18007395063404802,,0.18007395063404802,0.12733151160838693,0.2171,0.2258844268859007,0.4124029576778412,0.4233,0.1217,1.0,,,,0.7195487784183288,,,,
905,P35557,G,44,V,NONSYN,0.3988573139738447,-0.10623993219262101,0.11080842271901702,-2.7219333333333338,100.0,2.0,6.0,0.0115963503037633,0.09634075292516998,0.9454614084115268,0.0116,0.09634075292516998,0.0115963503037633,0.09634075292516998,,0.09634075292516998,0.0681231996980054,0.0851,0.07347098148716077,0.2947961091995239,0.0153,0.0664,1.0,,,,0.7195487784183288,,,,
906,P35557,G,44,R,NONSYN,0.3362652746103357,-0.22855964772805068,0.13734328123611478,-1.9470333333333334,100.0,2.0,6.0,0.0746376371912963,0.14512971222984802,0.9254685483395245,0.0746,0.14512971222984802,0.0746376371912963,0.14512971222984802,,0.14512971222984802,0.10262220366937774,0.086,0.011349632687091146,0.3033336102962494,0.0758,0.0972,1.0,,,,0.7195487784183288,,,,
907,P35557,G,44,D,NONSYN,0.3623286966209139,0.012211934747304679,0.10424697040463016,-1.5976,,,,,,,,,,,,,,0.1269,,0.2988465428352356,0.1269,0.2988,1.0,,,,0.7195487784183288,,,,
908,P35557,G,44,F,NONSYN,0.3709207412708021,0.02370051328584277,0.059500020501768,-2.717866666666667,100.0,2.0,6.0,-0.378224986131628,0.408130021657276,0.991959010015967,-0.3782,0.408130021657276,-0.378224986131628,0.408130021657276,,0.408130021657276,0.28859150591967236,0.1067,0.48488147788806724,0.2690693736076355,-0.1188,0.1968,1.0,,,,0.7195487784183288,,,,
909,P35557,G,44,T,NONSYN,0.21962954488217865,0.09310992375974343,0.0872379889402144,-1.7053,100.0,2.0,6.0,-0.16805632984602,0.28229060842988396,0.9776590995202518,-0.1681,0.28229060842988396,-0.16805632984602,0.28229060842988396,,0.28229060842988396,0.1996096034860473,0.1857,0.35378023064100295,0.3454035520553589,-0.0795,0.1728,1.0,,,,0.7195487784183288,,,,
910,P35557,G,44,I,NONSYN,0.29686370150880703,-0.10623993219262101,0.11080842271901702,-2.721933333333333,100.0,2.0,6.0,0.0358570754500328,0.333358218988845,0.9384793366372031,0.0359,0.333358218988845,0.0358570754500328,0.333358218988845,,0.333358218988845,0.23571985721128239,0.0851,0.049210256340891274,0.2947961091995239,0.055,0.1841,1.0,,,,0.7195487784183288,,,,
911,P35557,G,44,L,NONSYN,0.33670580158540125,-0.15904896497704457,0.10493240162601293,-2.6893,100.0,2.0,6.0,0.170023448657034,0.17916500242712402,0.8813778458977419,0.17,0.17916500242712402,0.170023448657034,0.17916500242712402,,0.17916500242712402,0.12668878816752363,0.0833,0.08675510425472077,0.2947961091995239,0.1565,0.1164,1.0,,,,0.7195487784183288,,,,
912,P35557,G,44,K,NONSYN,0.4007452768135149,0.10205384553348044,0.09785877269467418,-1.7154,100.0,2.0,6.0,-0.194888095167231,0.210481066574087,0.9804276292014693,-0.1949,0.210481066574087,-0.194888095167231,0.210481066574087,,0.210481066574087,0.14883258948591407,0.1939,0.38883561899955216,0.3635105490684509,-0.1391,0.1377,1.0,,,,0.7195487784183288,,,,
913,P35557,G,44,G,SYN,,,,,100.0,2.0,6.0,1.13261210635442,0.05,0.022764693752428174,1.1326,0.05,1.13261210635442,0.05,,0.05,0.035355339059327376,,,,1.1326,0.0354,,,,,0.7195487784183288,,,,
914,P35557,G,44,Y,NONSYN,0.28089736795090275,-0.06553506239027691,0.10748430204423874,-2.6748999999999996,100.0,2.0,6.0,-0.110518259103269,0.149475433252072,0.9702924338361022,-0.1105,0.149475433252072,-0.110518259103269,0.149475433252072,,0.149475433252072,0.10569509247333725,0.1048,0.2153037610602087,0.2947961091995239,-0.086,0.0995,1.0,,,,0.7195487784183288,,,,
915,P35557,G,44,N,NONSYN,0.382875509440285,-0.04375594372028233,0.09924962897540991,-0.891,100.0,2.0,6.0,0.665116044099975,0.416943722932811,0.3042386288261861,0.6651,0.416943722932811,0.665116044099975,0.416943722932811,,0.416943722932811,0.29482373385895566,0.1485,0.5166343472558741,0.34496280550956726,0.447,0.2241,1.0,,,,0.7195487784183288,,,,
916,P35557,G,44,C,NONSYN,0.3672992043124827,0.21655199107128206,0.08578534289933154,-2.438433333333333,100.0,2.0,6.0,0.936620419358778,0.447099203779911,0.0758770016537471,0.9366,0.447099203779911,0.936620419358778,0.447099203779911,,0.447099203779911,0.31614687885588116,0.2585,0.6781384399886609,0.36196136474609375,0.6432,0.2381,1.0,,,,0.7195487784183288,,,,
917,P35557,G,44,P,NONSYN,0.2021261040610908,0.01876124997369709,0.0934985402976485,-1.8968333333333334,100.0,2.0,6.0,-0.667325055913947,0.45082616483998106,0.9978883220383741,-0.6673,0.45082616483998106,-0.667325055913947,0.45082616483998106,,0.45082616483998106,0.3187822382946749,0.1067,0.7739815476703862,0.2849055230617523,-0.237,0.2124,1.0,,,,0.7195487784183288,,,,
918,P35557,G,44,E,NONSYN,0.4108810729254607,-0.07941400426000957,0.12095468427929223,-1.9435333333333331,100.0,2.0,6.0,-0.372799293212827,0.3118640343173689,0.9917479710572138,-0.3728,0.3118640343173689,-0.372799293212827,0.3118640343173689,,0.3118640343173689,0.2205211734740057,0.0872,0.45997779171937303,0.2879050374031067,-0.2027,0.1751,1.0,,,,0.7195487784183288,,,,
919,P35557,G,44,M,NONSYN,0.2878381921366005,0.345413290124628,0.15371043911066298,-2.275,100.0,2.0,6.0,-0.12888488401897,0.31786861376440195,0.9728800331483796,-0.1289,0.31786861376440195,-0.12888488401897,0.31786861376440195,,0.31786861376440195,0.22476705231917615,0.3396,0.46853119363315154,0.4194963574409485,-0.0244,0.1981,1.0,,,,0.7195487784183288,,,,
920,P35557,G,44,W,NONSYN,0.355895468841822,0.2731106285478571,0.13127995833995412,-2.4539666666666666,100.0,2.0,6.0,0.7669445069290529,0.148802737621708,0.19083431267229348,0.7669,0.148802737621708,0.7669445069290529,0.148802737621708,,0.148802737621708,0.10521942483143232,0.3005,0.4664055498100649,0.41392168402671814,0.7386,0.102,1.0,,,,0.7195487784183288,,,,
921,P35557,G,44,H,NONSYN,0.3218287257213429,-0.32182890397849256,0.13365919351032504,-1.9332999999999998,100.0,2.0,6.0,0.35444540594262197,0.19756967734856098,0.7277290385068301,0.3544,0.19756967734856098,0.35444540594262197,0.19756967734856098,,0.19756967734856098,0.1397028586100057,0.086,0.2684581360642345,0.3033336102962494,0.3075,0.1269,1.0,,,,0.7195487784183288,,,,
922,P35557,G,44,Q,NONSYN,0.29754150588632416,-0.15540599528918356,0.10488347949572357,-1.7754,100.0,2.0,6.0,0.399580229255165,0.267625649181669,0.6741424133285463,0.3996,0.267625649181669,0.399580229255165,0.267625649181669,,0.267625649181669,0.18923991135581011,0.0833,0.3163118848528518,0.2947787046432495,0.3073,0.1592,1.0,,,,0.7195487784183288,,,,
923,P35557,G,44,*,STOP,,,,,100.0,2.0,6.0,0.0451252069911402,0.05,0.93558697067814,0.0451,0.05,0.0451252069911402,0.05,,0.05,0.035355339059327376,,,,0.0451,0.0354,,,,,0.7195487784183288,,,,
924,P35557,L,45,S,NONSYN,0.3696688568840947,0.07621349153872337,0.0881160166493324,-1.8501333333333332,100.0,2.0,6.0,0.883259289127898,0.126160079247422,0.1029975981453247,0.8833,0.126160079247422,0.883259289127898,0.126160079247422,,0.126160079247422,0.08920864755088433,0.137,0.746272646051955,0.3061201572418213,0.8248,0.0856,1.0,,,,6.1327940665208205,,,,
925,P35557,L,45,A,NONSYN,0.2800117097075371,-0.01732108080694002,0.05929746353489682,-1.3620666666666665,100.0,2.0,6.0,0.548545613266091,0.10407070908857301,0.4663075305486226,0.5485,0.10407070908857301,0.548545613266091,0.10407070908857301,,0.10407070908857301,0.07358910411942243,0.1269,0.42159904477701626,0.28658032417297363,0.5225,0.0713,1.0,,,,6.1327940665208205,,,,
926,P35557,L,45,V,NONSYN,0.45006845647116095,-0.14884762944215066,0.07413575181899752,-0.6787333333333333,100.0,2.0,6.0,0.0251740082125906,0.278496770129622,0.9416558358451421,0.0252,0.278496770129622,0.0251740082125906,0.278496770129622,,0.278496770129622,0.19692695469720684,0.1951,0.169934524692988,0.3463021516799927,0.0667,0.1712,0.998,,,,6.1327940665208205,,,,
927,P35557,L,45,R,NONSYN,0.2792328090176149,0.3199855667049157,0.08841561484376244,-1.8351333333333333,100.0,2.0,6.0,0.151943063629321,0.12232894813053699,0.8912606918141776,0.1519,0.12232894813053699,0.151943063629321,0.12232894813053699,,0.12232894813053699,0.08649962875852013,0.3434,0.1914773226850711,0.3796863555908203,0.1614,0.0843,1.0,,,,6.1327940665208205,,,,
928,P35557,L,45,D,NONSYN,0.15709418040401155,-0.13860561881116873,0.16873523358395323,-2.512333333333333,100.0,2.0,6.0,-0.0434629384598637,0.149482288906446,0.9585319553479177,-0.0435,0.149482288906446,-0.0434629384598637,0.149482288906446,,0.149482288906446,0.10569994015303458,0.0974,0.14084548393105512,0.31890106201171875,-0.0295,0.1003,1.0,,,,6.1327940665208205,,,,
929,P35557,L,45,F,NONSYN,0.463424518412456,-0.07008986306511612,0.09437768556194058,-0.2331333333333333,,,,,,,,,,,,,,0.2182,,0.38260990381240845,0.2182,0.3826,1.0,,,,6.1327940665208205,,,,
930,P35557,L,45,T,NONSYN,0.3205067496312658,0.19638445038451,0.04307787634793772,-1.3817666666666666,100.0,2.0,6.0,-0.092570980308259,0.201790624184163,0.9675218216572755,-0.0926,0.201790624184163,-0.092570980308259,0.201790624184163,,0.201790624184163,0.14268751874048777,0.2605,0.3530559141614084,0.3582056164741516,-0.0442,0.1326,1.0,,,,6.1327940665208205,,,,
931,P35557,L,45,I,NONSYN,0.3599458773266949,-0.0928320876713938,0.08642327262992931,-0.8449,100.0,2.0,6.0,-0.14287261709968,0.20505791522213396,0.9746960270737939,-0.1429,0.20505791522213396,-0.14287261709968,0.20505791522213396,,0.20505791522213396,0.14499784238954708,0.1899,0.3327799890975133,0.36105892062187195,-0.0967,0.1346,0.998,,,,6.1327940665208205,,,,
932,P35557,L,45,L,SYN,,,,,100.0,2.0,6.0,0.6330717274234821,0.05,0.3462964747399531,0.6331,0.05,0.6330717274234821,0.05,,0.05,0.035355339059327376,,,,0.6331,0.0354,,,,,6.1327940665208205,,,,
933,P35557,L,45,K,NONSYN,0.16637828819819184,0.3437468129501941,0.08894668064000921,-1.8327,100.0,2.0,6.0,0.0806593248934859,0.11519085325914201,0.9232231229462211,0.0807,0.11519085325914201,0.0806593248934859,0.11519085325914201,,0.11519085325914201,0.08145223347020383,0.3434,0.26276106142090616,0.38217300176620483,0.0921,0.0797,1.0,,,,6.1327940665208205,,,,
934,P35557,L,45,G,NONSYN,0.3375782897720982,-0.08808368371841796,0.17115492323416923,-2.5354666666666663,100.0,2.0,6.0,-0.19502874373811602,0.0868403028136955,0.9804411751704353,-0.195,0.0868403028136955,-0.19502874373811602,0.0868403028136955,,0.0868403028136955,0.061405366999857304,0.1013,0.2963214731158626,0.31890106201171875,-0.1844,0.0603,1.0,,,,6.1327940665208205,,,,
935,P35557,L,45,Y,NONSYN,0.3932294491632085,0.23589388725459468,0.05674521409303557,-1.3710666666666667,100.0,2.0,6.0,-0.211099290918513,0.12712895010949302,0.9819272542362495,-0.2111,0.12712895010949302,-0.211099290918513,0.12712895010949302,,0.12712895010949302,0.0898937427075488,0.2643,0.4754148364774424,0.36015820503234863,-0.1832,0.0872,1.0,,,,6.1327940665208205,,,,
936,P35557,L,45,N,NONSYN,0.1790631080953343,-0.04236537354562136,0.1720400622777527,-2.4369,100.0,2.0,6.0,-0.0088373128200452,0.195870606248871,0.9507314901974676,-0.0088,0.195870606248871,-0.0088373128200452,0.195870606248871,,0.195870606248871,0.13850143391369682,0.1189,0.12773701584586308,0.3059113025665283,0.0129,0.1262,1.0,,,,6.1327940665208205,,,,
937,P35557,L,45,C,NONSYN,0.3444819501115762,0.016889707505746986,0.11398140005622848,-1.3948999999999998,100.0,2.0,6.0,0.25170702880595197,0.0800635953822177,0.8259945229830667,0.2517,0.0800635953822177,0.25170702880595197,0.0800635953822177,,0.0800635953822177,0.05661351122094209,0.1269,0.12476046031687726,0.29960107803344727,0.2474,0.0556,1.0,,,,6.1327940665208205,,,,
938,P35557,L,45,P,NONSYN,0.3101239067988947,-0.08529792607668528,0.2217502311649221,-2.2839666666666667,100.0,2.0,6.0,0.27988342297659696,0.24215070918445003,0.8023710969694214,0.2799,0.24215070918445003,0.27988342297659696,0.24215070918445003,,0.24215070918445003,0.1712264085334562,0.1199,0.1599790240584451,0.42512205243110657,0.2576,0.1588,1.0,,,,6.1327940665208205,,,,
939,P35557,L,45,E,NONSYN,0.22335052551716408,0.025339122139478587,0.0762100527575692,-2.4328000000000003,100.0,2.0,6.0,-0.21195079987534501,0.683067998344446,0.9820026803348976,-0.212,0.683067998344446,-0.21195079987534501,0.683067998344446,,0.683067998344446,0.48300201364087914,0.1067,0.31860729163178425,0.26711857318878174,0.032,0.2338,1.0,,,,6.1327940665208205,,,,
940,P35557,L,45,M,NONSYN,0.4855550162170784,-0.07008986306511612,0.09437768556194058,-0.2331333333333333,,,,,,,,,,,,,,0.2182,,0.38260990381240845,0.2182,0.3826,1.0,,,,6.1327940665208205,,,,
941,P35557,L,45,W,NONSYN,0.28885364138641745,0.371953892550235,0.04952534133653677,-1.8677333333333335,100.0,2.0,6.0,-0.0039619139066368,0.333955803658695,0.9495217889765771,-0.004,0.333955803658695,-0.0039619139066368,0.333955803658695,,0.333955803658695,0.23614241338366646,0.3434,0.3473823002210289,0.36481988430023193,0.0986,0.1982,1.0,,,,6.1327940665208205,,,,
942,P35557,L,45,H,NONSYN,0.29725486605293433,0.1708286038331346,0.06947032547299317,-1.9786333333333335,100.0,2.0,6.0,-0.0351056655346656,0.6165790992532479,0.9567701403112099,-0.0351,0.6165790992532479,-0.0351056655346656,0.6165790992532479,,0.6165790992532479,0.43598726221986495,0.242,0.27707116803519966,0.3479645848274231,0.1342,0.272,1.0,,,,6.1327940665208205,,,,
943,P35557,L,45,Q,NONSYN,0.3225298006389851,0.26543024272180205,0.08457980143465127,-1.5422,100.0,2.0,6.0,-0.286777199830337,0.454817754283915,0.9875116549538615,-0.2868,0.454817754283915,-0.286777199830337,0.454817754283915,,0.454817754283915,0.3216047182581932,0.2911,0.5778677180664973,0.3788343369960785,-0.0447,0.2452,1.0,,,,6.1327940665208205,,,,
944,P35557,L,45,*,STOP,,,,,,,,,,,,,,,,,,,,,,,,,,,6.1327940665208205,,,,
945,P35557,R,46,S,NONSYN,0.4030125793742561,1.184736338115336,0.041180100658613814,-0.8416666666666667,100.0,2.0,6.0,1.40293736545504,0.19733619253014,0.0037989443660245027,1.4029,0.19733619253014,1.40293736545504,0.19733619253014,,0.19733619253014,0.13953775991159612,1.0387,0.3642297515100328,0.5098804831504822,1.3776,0.1346,0.151,,,,94.0712238262801,,,,
946,P35557,R,46,A,NONSYN,0.3189859929557896,1.239947281255552,0.09631706684027518,-1.0746,100.0,2.0,6.0,1.4233230029675001,0.11185542073368901,0.003304732059956238,1.4233,0.11185542073368901,1.4233230029675001,0.11185542073368901,,0.11185542073368901,0.07909372651326584,1.0821,0.3411813651653761,0.5016552805900574,1.415,0.0781,0.08900000000000001,,,,94.0712238262801,,,,
947,P35557,R,46,V,NONSYN,0.398009908378716,0.9383956782858247,0.051768513974822905,-1.9711666666666667,100.0,2.0,6.0,0.38553479406494795,0.10870760385675,0.691457424929715,0.3855,0.10870760385675,0.38553479406494795,0.10870760385675,,0.10870760385675,0.07686788385364882,0.8996,0.5140235116754085,0.3827829957008362,0.4055,0.0754,0.332,,,,94.0712238262801,,,,
948,P35557,R,46,R,SYN,,,,,100.0,2.0,6.0,0.22196649188950401,0.05,0.8483238478765256,0.222,0.05,0.22196649188950401,0.05,,0.05,0.035355339059327376,,,,0.222,0.0354,,,,,94.0712238262801,,,,
949,P35557,R,46,D,NONSYN,0.1122725979085614,0.4603934321940157,0.08653222321447379,-1.7069333333333334,100.0,2.0,6.0,1.2414518464267,0.08933099579799901,0.01122754059462834,1.2415,0.08933099579799901,1.2414518464267,0.08933099579799901,,0.08933099579799901,0.06316655289891208,0.7143,0.5271479356944306,0.44879186153411865,1.2312,0.0626,0.321,,,,94.0712238262801,,,,
950,P35557,R,46,F,NONSYN,0.3436253892885596,0.44779437801296657,0.03653915788096847,-2.1555666666666666,100.0,2.0,6.0,0.932735023624273,0.0545791178369107,0.07761503176057961,0.9327,0.0545791178369107,0.932735023624273,0.0545791178369107,,0.0545791178369107,0.0385932643336592,0.7134,0.21936392558273854,0.40172523260116577,0.9307,0.0384,0.5720000000000001,,,,94.0712238262801,,,,
951,P35557,R,46,T,NONSYN,0.292232657128476,1.1936444536527653,0.08611454227777195,-1.0614333333333332,100.0,2.0,6.0,1.5622314857758604,0.214509600394901,0.001260749378790029,1.5622,0.214509600394901,1.5622314857758604,0.214509600394901,,0.214509600394901,0.151681193068851,1.0387,0.523523871830853,0.5184449553489685,1.521,0.1456,0.263,,,,94.0712238262801,,,,
952,P35557,R,46,I,NONSYN,0.35928103966798514,0.5095507381452794,0.035772890423512775,-2.1296999999999997,100.0,2.0,6.0,0.747465943227335,0.0630576462692176,0.2098916914949042,0.7475,0.0630576462692176,0.747465943227335,0.0630576462692176,,0.0630576462692176,0.04458848928262636,0.7543,0.006816650499776866,0.40172523260116577,0.7475,0.0443,0.5820000000000001,,,,94.0712238262801,,,,
953,P35557,R,46,L,NONSYN,0.3775202648814329,0.7358196071567545,0.051756775980059844,-1.8647666666666665,100.0,2.0,6.0,0.512533352957141,0.126613057320152,0.5189234617501366,0.5125,0.126613057320152,0.512533352957141,0.126613057320152,,0.126613057320152,0.08952895141784051,0.8701,0.3575242895027284,0.39989736676216125,0.5296,0.0874,0.16399999999999998,,,,94.0712238262801,,,,
954,P35557,R,46,K,NONSYN,0.4996982892545154,0.9723644322283599,0.10811748973127666,-0.31583333333333335,100.0,2.0,6.0,0.698844424748687,0.11324084899753802,0.2630102045459058,0.6988,0.11324084899753802,0.698844424748687,0.11324084899753802,,0.11324084899753802,0.08007337223348097,0.9178,0.21899146649810863,0.4623309075832367,0.7052,0.0789,0.0,,,,94.0712238262801,,,,
955,P35557,R,46,G,NONSYN,0.4710347881166008,0.45002450538378164,0.04410765834496037,-1.865,100.0,2.0,6.0,1.3699186582760599,0.17096747151752098,0.004755451754622665,1.3699,0.17096747151752098,1.3699186582760599,0.17096747151752098,,0.17096747151752098,0.12089225847235699,0.7156,0.654308750172117,0.41617321968078613,1.319,0.1161,0.263,,,,94.0712238262801,,,,
956,P35557,R,46,Y,NONSYN,0.3907391645635834,0.7235422579598302,0.08679169141181982,-1.6721666666666666,100.0,2.0,6.0,0.452005369129256,0.0846789821852587,0.6050448275406753,0.452,0.0846789821852587,0.452005369129256,0.0846789821852587,,0.0846789821852587,0.05987708252717127,0.8434,0.39136626058570984,0.44437798857688904,0.459,0.0593,0.248,,,,94.0712238262801,,,,
957,P35557,R,46,N,NONSYN,0.4070897773431755,1.2748380316796493,0.05449480904971432,-0.6592999999999999,100.0,2.0,6.0,1.20390890715251,0.0887221611544387,0.01436207091305539,1.2039,0.0887221611544387,1.20390890715251,0.0887221611544387,,0.0887221611544387,0.06273604179382929,1.0847,0.11919222948679953,0.4812571108341217,1.2019,0.0622,0.321,,,,94.0712238262801,,,,
958,P35557,R,46,C,NONSYN,0.3945781846907973,0.6301944545327416,0.02905312951519969,-2.1973999999999996,100.0,2.0,6.0,0.56287568079713,0.0667557390152173,0.44541068939872214,0.5629,0.0667557390152173,0.56287568079713,0.0667557390152173,,0.0667557390152173,0.04720343574077952,0.7249,0.16207046044585094,0.40172523260116577,0.5651,0.0469,0.975,,,,94.0712238262801,,,,
959,P35557,R,46,P,NONSYN,0.180066694070857,1.0211252912773385,0.049654603205704806,-1.7161666666666668,100.0,2.0,6.0,-0.44074373082326895,0.3136565883875,0.9940219729701578,-0.4407,0.3136565883875,-0.44074373082326895,0.3136565883875,,0.3136565883875,0.22178870061263894,0.9103,1.3510848744313622,0.3940907120704651,-0.1158,0.1933,0.7709999999999999,,,,94.0712238262801,,,,
960,P35557,R,46,E,NONSYN,0.2774716424939038,1.3433897585250165,0.05740926653314063,-0.8858,100.0,2.0,6.0,0.9269771042259979,0.10070330380449001,0.0802554442083149,0.927,0.10070330380449001,0.9269771042259979,0.10070330380449001,,0.10070330380449001,0.07120798900804393,1.0881,0.1611240443793488,0.49565058946609497,0.9302,0.0705,0.027999999999999997,,,,94.0712238262801,,,,
961,P35557,R,46,M,NONSYN,0.37044865400284027,1.4628306180661337,0.07358576881261424,-1.0532666666666668,100.0,2.0,6.0,0.7546729925357559,0.286408189514511,0.20269014098940433,0.7547,0.286408189514511,0.7546729925357559,0.286408189514511,,0.286408189514511,0.20252117299307257,1.0838,0.329160940340831,0.48458412289619446,0.8036,0.1869,0.924,,,,94.0712238262801,,,,
962,P35557,R,46,W,NONSYN,0.38841440406711497,0.6885785869721852,0.032294211721766664,-2.1376333333333335,100.0,2.0,6.0,0.210382396746617,0.0907654734269384,0.8563285433537431,0.2104,0.0907654734269384,0.210382396746617,0.0907654734269384,,0.0907654734269384,0.06418088175779552,0.7266,0.516182487439174,0.40172523260116577,0.2232,0.0634,0.977,,,,94.0712238262801,,,,
963,P35557,R,46,H,NONSYN,0.3580838527509595,0.7831569251843894,0.1095897948361863,-0.45376666666666665,100.0,2.0,6.0,1.4945996253579097,0.0661179821314518,0.0020215853307463377,1.4946,0.0661179821314518,1.4945996253579097,0.0661179821314518,,0.0661179821314518,0.04675247352352054,0.8859,0.6086607425301509,0.4587881863117218,1.4883,0.0465,0.001,,,,94.0712238262801,,,,
964,P35557,R,46,Q,NONSYN,0.3675437003413988,1.2084952122454726,0.035264370465723754,-0.5823,100.0,2.0,6.0,0.21858476417466,0.44515821805647904,0.8506998033162438,0.2186,0.44515821805647904,0.21858476417466,0.44515821805647904,,0.44515821805647904,0.3147743946886561,1.0793,0.8607325671394269,0.484457790851593,0.4741,0.264,0.149,,,,94.0712238262801,,,,
965,P35557,R,46,*,STOP,,,,,100.0,2.0,6.0,-0.0124561245840389,0.05,0.9516107657101314,-0.0125,0.05,-0.0124561245840389,0.05,,0.05,0.035355339059327376,,,,-0.0125,0.0354,,,,,94.0712238262801,,,,
966,P35557,L,47,S,NONSYN,0.3696688568840947,1.3558960468695629,0.06704536701701519,-1.8501333333333332,100.0,2.0,6.0,1.2184936892387899,0.324182169834539,0.013055647968153098,1.2185,0.324182169834539,1.2184936892387899,0.324182169834539,,0.324182169834539,0.22923141062977154,1.0452,0.1732876192925008,0.5037572979927063,1.1888,0.2086,0.995,,,,112.61321135487148,,,,
967,P35557,L,47,A,NONSYN,0.2800117097075371,1.3197624447170768,0.04073413657777525,-1.3620666666666665,100.0,2.0,6.0,1.5471523172686201,0.15234251430631301,0.001401390389375611,1.5472,0.15234251430631301,1.5471523172686201,0.15234251430631301,,0.15234251430631301,0.10772242492900255,1.0758,0.47132090399957716,0.49126726388931274,1.5255,0.1052,0.9309999999999999,,,,112.61321135487148,,,,
968,P35557,L,47,V,NONSYN,0.45006845647116095,1.0415087908208778,0.027561724847049853,0.4434,100.0,2.0,6.0,0.801248246129766,0.126559341155602,0.16039936055994766,0.8012,0.126559341155602,0.801248246129766,0.126559341155602,,0.126559341155602,0.08949096835362787,0.9167,0.11542708307860805,0.3509480059146881,0.8083,0.0867,0.002,,,,112.61321135487148,,,,
969,P35557,L,47,R,NONSYN,0.2792328090176149,1.2256951485417698,0.08006064360369704,-1.8351333333333333,100.0,2.0,6.0,1.6090963842221697,0.26576459838431304,0.0009059901421654189,1.6091,0.26576459838431304,1.6090963842221697,0.26576459838431304,,0.26576459838431304,0.1879239497168671,1.0306,0.5784883262464007,0.5037572979927063,1.5384,0.1761,0.983,,,,112.61321135487148,,,,
970,P35557,L,47,D,NONSYN,0.15709418040401155,0.6374852467526426,0.11367543262150803,-2.512333333333333,100.0,2.0,6.0,0.0707042395420742,0.20430309905463898,0.92690099105306,0.0707,0.20430309905463898,0.0707042395420742,0.20430309905463898,,0.20430309905463898,0.14446410675896212,0.6786,0.6078637660197544,0.47784245014190674,0.1216,0.1383,0.998,,,,112.61321135487148,,,,
971,P35557,L,47,F,NONSYN,0.463424518412456,0.9128197797261763,0.036195317868430124,0.48950000000000005,100.0,2.0,6.0,1.1873152794138702,0.0781608877303747,0.01600087616473654,1.1873,0.0781608877303747,1.1873152794138702,0.0781608877303747,,0.0781608877303747,0.05526809373770837,0.8406,0.3467099012629302,0.4007755517959595,1.1808,0.0547,0.9740000000000001,,,,112.61321135487148,,,,
972,P35557,L,47,T,NONSYN,0.3205067496312658,1.4482329332506698,0.03827350905034202,-1.3817666666666666,100.0,2.0,6.0,1.16174085166784,0.163424577845419,0.01888168057051636,1.1617,0.163424577845419,1.16174085166784,0.163424577845419,,0.163424577845419,0.11555862720704459,1.0838,0.07790691879125311,0.4841045141220093,1.1575,0.1124,0.8909999999999999,,,,112.61321135487148,,,,
973,P35557,L,47,I,NONSYN,0.3599458773266949,1.0572504497899253,0.03780520245986218,0.27723333333333333,100.0,2.0,6.0,0.754023269222623,0.0629662053563635,0.20333213334778993,0.754,0.0629662053563635,0.754023269222623,0.0629662053563635,,0.0629662053563635,0.04452383079306934,0.9167,0.16265205998575105,0.36931610107421875,0.7564,0.0442,0.002,,,,112.61321135487148,,,,
974,P35557,L,47,L,SYN,,,,,100.0,2.0,6.0,0.900750733484726,0.05,0.093305297047177,0.9008,0.05,0.900750733484726,0.05,,0.05,0.035355339059327376,,,,0.9008,0.0354,,,,,112.61321135487148,,,,
975,P35557,L,47,K,NONSYN,0.16637828819819184,1.2639748777345163,0.09939469255594378,-1.8327,100.0,2.0,6.0,1.49425719664393,0.0904325891558578,0.002026395152350486,1.4943,0.0904325891558578,1.49425719664393,0.0904325891558578,,0.0904325891558578,0.06394549703236409,1.0804,0.41380785391626884,0.4998759329319,1.4876,0.0634,0.85,,,,112.61321135487148,,,,
976,P35557,L,47,G,NONSYN,0.3375782897720982,0.37175348188722607,0.12143947387082872,-2.5354666666666663,100.0,2.0,6.0,0.8678995341383241,0.0942433196638857,0.11220437124639822,0.8679,0.0942433196638857,0.8678995341383241,0.0942433196638857,,0.0942433196638857,0.06664009041586508,0.4305,0.4374040931783937,0.4693174660205841,0.8593,0.066,0.995,,,,112.61321135487148,,,,
977,P35557,L,47,Y,NONSYN,0.3932294491632085,1.4393718207569233,0.053262437389940576,-1.3710666666666667,100.0,2.0,6.0,1.1883241891490801,0.0448456162129624,0.01589632310651338,1.1883,0.0448456162129624,1.1883241891490801,0.0448456162129624,,0.0448456162129624,0.03171063933067509,1.0838,0.1044902562724932,0.4860571324825287,1.1879,0.0316,0.9,,,,112.61321135487148,,,,
978,P35557,L,47,N,NONSYN,0.1790631080953343,0.542028630567093,0.1396237826628038,-2.4369,100.0,2.0,6.0,0.692328737656491,0.0749391273312908,0.2707090961661576,0.6923,0.0749391273312908,0.692328737656491,0.0749391273312908,,0.0749391273312908,0.05298996511215786,0.5911,0.10122268048943772,0.5164874196052551,0.6913,0.0527,0.998,,,,112.61321135487148,,,,
979,P35557,L,47,C,NONSYN,0.3444819501115762,1.1425396021502467,0.054675919014012385,-1.3948999999999998,100.0,2.0,6.0,1.60922229333431,0.0338841548779002,0.0009051830051387715,1.6092,0.0338841548779002,1.60922229333431,0.0338841548779002,,0.0338841548779002,0.02395971568893846,0.8492,0.7600122694543052,0.4211964011192322,1.6068,0.0239,1.0,,,,112.61321135487148,,,,
980,P35557,L,47,P,NONSYN,0.3101239067988947,0.5373132312111573,0.1141829276891852,-2.2839666666666667,100.0,2.0,6.0,0.405958889099842,0.352028995206456,0.6660987492051512,0.406,0.352028995206456,0.405958889099842,0.352028995206456,,0.352028995206456,0.24892208968477164,0.5953,0.18932652654957205,0.47687092423439026,0.4465,0.2207,0.998,,,,112.61321135487148,,,,
981,P35557,L,47,E,NONSYN,0.22335052551716408,0.6553957202982191,0.0876933069701546,-2.4328000000000003,100.0,2.0,6.0,0.35222746846311304,0.46701198653131104,0.730204076623977,0.3522,0.46701198653131104,0.35222746846311304,0.46701198653131104,,0.46701198653131104,0.3302273425716906,0.7073,0.35511378529436377,0.4328821897506714,0.4829,0.2626,0.993,,,,112.61321135487148,,,,
982,P35557,L,47,M,NONSYN,0.4855550162170784,0.9141955982554197,0.03807239757030167,0.15566666666666665,100.0,2.0,6.0,1.18318782382614,0.0599984065623476,0.016435496652796856,1.1832,0.0599984065623476,1.18318782382614,0.0599984065623476,,0.0599984065623476,0.04242528014062344,0.89,0.29315112167007307,0.388655424118042,1.1797,0.0422,0.8959999999999999,,,,112.61321135487148,,,,
983,P35557,L,47,W,NONSYN,0.28885364138641745,1.4406157567016298,0.10107833985314922,-1.8677333333333335,100.0,2.0,6.0,0.9643345597425892,0.0458539786302724,0.06445254711934474,0.9643,0.0458539786302724,0.9643345597425892,0.0458539786302724,,0.0458539786302724,0.03242365923384865,0.9911,0.026754069026331706,0.5197424292564392,0.9644,0.0324,1.0,,,,112.61321135487148,,,,
984,P35557,L,47,H,NONSYN,0.29725486605293433,1.1697708233219806,0.10612709581803696,-1.9786333333333335,100.0,2.0,6.0,0.5673834875138679,0.104705631142884,0.43886139649978806,0.5674,0.104705631142884,0.5673834875138679,0.104705631142884,,0.104705631142884,0.07403806180955062,0.8967,0.3293077156035027,0.4441334307193756,0.5763,0.073,0.9990000000000001,,,,112.61321135487148,,,,
985,P35557,L,47,Q,NONSYN,0.3225298006389851,1.3735697234485065,0.03833982914033698,-1.5422,100.0,2.0,6.0,0.69214230003304,0.16908825861600696,0.27093132197978625,0.6921,0.16908825861600696,0.69214230003304,0.16908825861600696,,0.16908825861600696,0.11956345428640318,1.0452,0.35306376991324906,0.5095299482345581,0.7106,0.1164,0.995,,,,112.61321135487148,,,,
986,P35557,L,47,*,STOP,,,,,100.0,2.0,6.0,-0.28035820575896303,0.05,0.9871161816779093,-0.2804,0.05,-0.28035820575896303,0.05,,0.05,0.035355339059327376,,,,-0.2804,0.0354,,,,,112.61321135487148,C,73.0,,
987,P35557,E,48,S,NONSYN,0.4382670271083193,1.0589104539546148,0.05141320209388061,-0.6747666666666666,100.0,2.0,6.0,0.322787322413976,0.109478019312563,0.761588209632969,0.3228,0.109478019312563,0.322787322413976,0.109478019312563,,0.109478019312563,0.0774126498467851,0.8934,0.5705943924068858,0.40535956621170044,0.3429,0.076,0.938,,,,131.95163010370194,,,,
988,P35557,E,48,A,NONSYN,0.4725389201357859,1.3265564401424232,0.06114373418013636,-0.8022,100.0,2.0,6.0,1.0659025488595302,0.18905548043969397,0.03469696625775729,1.0659,0.18905548043969397,1.0659025488595302,0.18905548043969397,,0.18905548043969397,0.1336824122393883,1.0838,0.01793138401705674,0.4920490086078644,1.0671,0.129,0.919,,,,131.95163010370194,,,,
989,P35557,E,48,V,NONSYN,0.5148579282991502,0.986106713434561,0.04415995973150338,-1.8399999999999999,100.0,2.0,6.0,0.8323350457062149,0.130654688524248,0.13618682856625208,0.8323,0.130654688524248,0.8323350457062149,0.130654688524248,,0.130654688524248,0.09238681624931194,0.8628,0.030421683419761703,0.39989736676216125,0.8339,0.09,0.98,,,,131.95163010370194,,,,
990,P35557,E,48,R,NONSYN,0.4513055748960305,1.009831808428025,0.0623388755320973,-0.7211333333333333,100.0,2.0,6.0,1.2131384854393001,0.11563412009092099,0.013521500370335398,1.2131,0.11563412009092099,1.2131384854393001,0.11563412009092099,,0.11563412009092099,0.08176567045282981,0.8628,0.3503817563133236,0.40968501567840576,1.1997,0.0802,0.995,,,,131.95163010370194,,,,
991,P35557,E,48,D,NONSYN,0.4800060668498122,0.7621267329461734,0.05065893541630043,-0.6217666666666667,100.0,2.0,6.0,0.295165138488187,0.741667525449878,0.7885184432134157,0.2952,0.741667525449878,0.295165138488187,0.741667525449878,,0.741667525449878,0.524438136631455,0.8859,0.5907737443395717,0.4088909924030304,0.6626,0.3225,0.005,,,,131.95163010370194,,,,
992,P35557,E,48,F,NONSYN,0.4134101209643438,0.9019818933984037,0.03598859544589058,-2.2137666666666664,,,,,,,,,,,,,,0.8057,,0.3985137939453125,0.8057,0.3985,0.998,,,,131.95163010370194,,,,
993,P35557,E,48,T,NONSYN,0.4070866311137473,1.016353380377102,0.061954134410482774,-0.9768666666666667,100.0,2.0,6.0,1.35689536525892,0.19516009941012,0.005193779432081522,1.3569,0.19516009941012,1.35689536525892,0.19516009941012,,0.19516009941012,0.13799902970993658,0.8628,0.4941386361329434,0.4078614413738251,1.3061,0.1307,0.987,,,,131.95163010370194,,,,
994,P35557,E,48,I,NONSYN,0.377366298627538,0.6400127902176852,0.04569968330168086,-2.011533333333333,100.0,2.0,6.0,1.6182423552483702,0.0528353168123474,0.0008491508510238639,1.6182,0.0528353168123474,1.6182423552483702,0.0528353168123474,,0.0528353168123474,0.037360210804150445,0.7266,0.8916774710625792,0.4070482552051544,1.6108,0.0372,0.9890000000000001,,,,131.95163010370194,,,,
995,P35557,E,48,L,NONSYN,0.4309220950052253,1.0068786930591407,0.0422926595677852,-1.9908666666666666,100.0,2.0,6.0,0.517644646724004,0.0904866106818767,0.5114766534783286,0.5176,0.0904866106818767,0.517644646724004,0.0904866106818767,,0.0904866106818767,0.0639836960197421,0.8628,0.34511208240197255,0.39375293254852295,0.5265,0.0632,0.9890000000000001,,,,131.95163010370194,,,,
996,P35557,E,48,K,NONSYN,0.4890082107053284,0.7621267329461734,0.05065893541630043,-0.6217666666666667,,,,,,,,,,,,,,0.7841,,0.4231258034706116,0.7841,0.4231,0.955,,,,131.95163010370194,,,,
997,P35557,E,48,G,NONSYN,0.4522640708552875,0.9894073492261963,0.03947576264038684,-2.1630333333333334,100.0,2.0,6.0,0.570058678222837,0.111057753550434,0.4349818654601792,0.5701,0.111057753550434,0.570058678222837,0.111057753550434,,0.111057753550434,0.07852969063885624,0.8628,0.2926980509031396,0.3854493498802185,0.5817,0.0769,0.9740000000000001,,,,131.95163010370194,,,,
998,P35557,E,48,Y,NONSYN,0.4671477233180428,0.9019818933984037,0.03598859544589058,-2.2137666666666664,,,,,,,,,,,,,,0.7981,,0.3985137939453125,0.7981,0.3985,0.9990000000000001,,,,131.95163010370194,,,,
999,P35557,E,48,N,NONSYN,0.4945297857128286,0.6966277381829235,0.049289310878933075,-0.6558999999999999,100.0,2.0,6.0,1.40963546972905,0.12583838047222198,0.003629123367404924,1.4096,0.12583838047222198,1.40963546972905,0.12583838047222198,,0.12583838047222198,0.08898117216544098,0.8259,0.5836990926805576,0.4315221309661865,1.3858,0.0871,0.753,,,,131.95163010370194,,,,
1000,P35557,E,48,C,NONSYN,0.4263241553322161,0.9019818933984037,0.03598859544589058,-2.2137666666666664,,,,,,,,,,,,,,0.7981,,0.3985137939453125,0.7981,0.3985,0.9990000000000001,,,,131.95163010370194,,,,
1001,P35557,E,48,P,NONSYN,0.2784783599621833,1.0850443199415551,0.0710633859152907,-1.2109666666666667,100.0,2.0,6.0,0.770019106832476,0.14133803966538502,0.18794411491625268,0.77,0.14133803966538502,0.770019106832476,0.14133803966538502,,0.14133803966538502,0.09994108628700697,0.9029,0.1328831982937142,0.39457035064697266,0.778,0.0969,0.9329999999999999,,,,131.95163010370194,,,,
1002,P35557,E,48,E,SYN,,,,,,,,,,,,,,,,,,,,,,,,,,,131.95163010370194,,,,
1003,P35557,E,48,M,NONSYN,0.4318399535430367,1.0068786930591407,0.0422926595677852,-1.9908666666666666,,,,,,,,,,,,,,0.8628,,0.39375293254852295,0.8628,0.3938,0.995,,,,131.95163010370194,,,,
1004,P35557,E,48,W,NONSYN,0.3886512979012191,0.9019818933984037,0.03598859544589058,-2.2137666666666664,,,,,,,,,,,,,,0.7827,,0.3985137939453125,0.7827,0.3985,1.0,,,,131.95163010370194,,,,
1005,P35557,E,48,H,NONSYN,0.3874690850586482,0.9818537591941087,0.04783767950155048,-0.6659666666666667,100.0,2.0,6.0,0.5539574066954941,0.13554764683593198,0.4584047069973767,0.554,0.13554764683593198,0.5539574066954941,0.13554764683593198,,0.13554764683593198,0.09584666025156677,0.8283,0.27430218059240874,0.4195943772792816,0.5676,0.0934,0.998,,,,131.95163010370194,,,,
1006,P35557,E,48,Q,NONSYN,0.4979236622050323,0.3906366225325524,0.17957191681921783,-0.2018,,,,,,,,,,,,,,0.6087,,0.5428227186203003,0.6087,0.5428,0.968,,,,131.95163010370194,,,,
1007,P35557,E,48,*,STOP,,,,,,,,,,,,,,,,,,,,,,,,,,,131.95163010370194,,,,
1008,P35557,T,49,S,NONSYN,0.5112342370012433,0.470146700160795,0.12313464690942544,-0.33873333333333333,100.0,2.0,6.0,1.13688801792504,0.0830016883597976,0.02215059968450752,1.1369,0.0830016883597976,1.13688801792504,0.0830016883597976,,0.0830016883597976,0.058691056689145406,0.4561,0.6807657685601871,0.48518475890159607,1.1271,0.0583,0.998,,,,24.932772390439624,,,,
1009,P35557,T,49,A,NONSYN,0.4371005638552374,0.482623539932373,0.1202626987862307,-0.5245,100.0,2.0,6.0,0.447104018230557,0.131557070524807,0.6117688019990665,0.4471,0.131557070524807,0.447104018230557,0.131557070524807,,0.131557070524807,0.0930248966811279,0.4696,0.02252413700091882,0.48109176754951477,0.4479,0.0913,0.998,,,,24.932772390439624,,,,
1010,P35557,T,49,V,NONSYN,0.335359974884157,0.43270885170067536,0.12308885056819886,-0.4691,100.0,2.0,6.0,0.5968480829256501,0.0701982288787968,0.3965363745749305,0.5968,0.0701982288787968,0.5968480829256501,0.0701982288787968,,0.0701982288787968,0.04963764366748255,0.4047,0.1921512011545624,0.46485334634780884,0.5947,0.0494,1.0,,,,24.932772390439624,,,,
1011,P35557,T,49,R,NONSYN,0.3928132642818517,0.746930563578351,0.09357170669981467,-1.2489999999999999,100.0,2.0,6.0,1.1690020656393898,0.16024011439202598,0.01801695761563564,1.169,0.16024011439202598,1.1690020656393898,0.16024011439202598,,0.16024011439202598,0.11330687150470965,0.731,0.43797344921101455,0.4510701298713684,1.143,0.1099,1.0,,,,24.932772390439624,,,,
1012,P35557,T,49,D,NONSYN,0.24736015353784535,0.7604961673997108,0.05437466029850177,-1.2412666666666667,100.0,2.0,6.0,1.12830525417531,0.360638302567636,0.023399547491868615,1.1283,0.360638302567636,1.12830525417531,0.360638302567636,,0.360638302567636,0.2550097893011813,0.731,0.3972766377469348,0.42413729429244995,1.0228,0.2185,1.0,,,,24.932772390439624,,,,
1013,P35557,T,49,F,NONSYN,0.2626450658678516,0.5651245329913145,0.10043042744034292,-1.3853333333333335,100.0,2.0,6.0,0.817751250444377,0.10519464710256402,0.14715574595469522,0.8178,0.10519464710256402,0.817751250444377,0.10519464710256402,,0.10519464710256402,0.07438384831074882,0.5962,0.22152372377964313,0.4672771394252777,0.8123,0.0735,1.0,,,,24.932772390439624,,,,
1014,P35557,T,49,T,SYN,,,,,100.0,2.0,6.0,1.02506090151023,0.05,0.04466967977899367,1.0251,0.05,1.02506090151023,0.05,,0.05,0.035355339059327376,,,,1.0251,0.0354,,,,,24.932772390439624,,,,
1015,P35557,T,49,I,NONSYN,0.39900335367527456,0.6313378753892951,0.04063885455916249,-0.8405666666666667,100.0,2.0,6.0,0.613184331134241,0.10723201931287,0.37357923332746906,0.6132,0.10723201931287,0.613184331134241,0.10723201931287,,0.10723201931287,0.0758244880164572,0.6699,0.056720556541998035,0.4228058159351349,0.615,0.0746,1.0,,,,24.932772390439624,,,,
1016,P35557,T,49,L,NONSYN,0.3692076635094301,0.41407613422513445,0.09928422206602709,-1.2598666666666667,100.0,2.0,6.0,1.0373408743456,0.0676257963448023,0.04142168334297205,1.0373,0.0676257963448023,1.0373408743456,0.0676257963448023,,0.0676257963448023,0.04781865917855014,0.3678,0.6695736595705146,0.40707316994667053,1.0282,0.0475,1.0,,,,24.932772390439624,,,,
1017,P35557,T,49,K,NONSYN,0.35305220057868336,0.43479365965800865,0.04543917358653791,-0.8414,100.0,2.0,6.0,1.2028169783281002,0.06372652533815099,0.014464770400952199,1.2028,0.06372652533815099,1.2028169783281002,0.06372652533815099,,0.06372652533815099,0.0450614582080629,0.4047,0.7981200965570125,0.4102449417114258,1.1933,0.0448,1.0,,,,24.932772390439624,,,,
1018,P35557,T,49,G,NONSYN,0.43600131382643137,0.31055813298149015,0.05697872411054386,-1.4020333333333335,100.0,2.0,6.0,1.58145045047385,0.366306480097683,0.0011013271635615708,1.5815,0.366306480097683,1.58145045047385,0.366306480097683,,0.366306480097683,0.25901779606964676,0.3403,1.2411085546551397,0.37408167123794556,1.1793,0.213,1.0,,,,24.932772390439624,,,,
1019,P35557,T,49,Y,NONSYN,0.2452402164451186,0.8126597624013926,0.09708245741795894,-1.4882666666666668,,,,,,,,,,,,,,0.7589,,0.45571309328079224,0.7589,0.4557,1.0,,,,24.932772390439624,,,,
1020,P35557,T,49,N,NONSYN,0.4084330644454248,0.5094955462338326,0.03870104437648808,-0.5004666666666666,100.0,2.0,6.0,0.366487999326178,0.50068302218906,0.7140252230419385,0.3665,0.50068302218906,0.366487999326178,0.50068302218906,,0.50068302218906,0.35403636021485896,0.4988,0.1323540612397705,0.4235328733921051,0.4209,0.2716,1.0,,,,24.932772390439624,,,,
1021,P35557,T,49,C,NONSYN,0.4354541497454498,0.6370364381270587,0.03958109567603806,-0.9072999999999999,100.0,2.0,6.0,0.397618519869335,0.0786132446673843,0.6765939241061315,0.3976,0.0786132446673843,0.397618519869335,0.0786132446673843,,0.0786132446673843,0.05558795839538463,0.6699,0.272286367806904,0.42991578578948975,0.4021,0.0551,1.0,,,,24.932772390439624,,,,
1022,P35557,T,49,P,NONSYN,0.34993609822478866,0.746930563578351,0.09357170669981467,-1.2489999999999999,100.0,2.0,6.0,0.0387775862859504,0.156216876645865,0.9375818801103388,0.0388,0.156216876645865,0.0387775862859504,0.156216876645865,,0.156216876645865,0.11046201281207355,0.731,0.6922510301424248,0.4510701298713684,0.0779,0.1073,1.0,,,,24.932772390439624,,,,
1023,P35557,T,49,E,NONSYN,0.187606014059847,0.7378732764438921,0.03475295210060398,-0.9009666666666667,100.0,2.0,6.0,0.0951080049188347,0.11242846806255301,0.9175676636592854,0.0951,0.11242846806255301,0.0951080049188347,0.11242846806255301,,0.11242846806255301,0.07949893216544641,0.731,0.6359206115095406,0.42991578578948975,0.1161,0.0782,1.0,,,,24.932772390439624,,,,
1024,P35557,T,49,M,NONSYN,0.3518740482942453,0.6742211399189451,0.045031582782162904,-0.8553000000000001,100.0,2.0,6.0,0.484534537545291,0.0687373326669519,0.5593496475417188,0.4845,0.0687373326669519,0.484534537545291,0.0687373326669519,,0.0687373326669519,0.04860463404947728,0.6699,0.185370350130948,0.4228058159351349,0.487,0.0483,1.0,,,,24.932772390439624,,,,
1025,P35557,T,49,W,NONSYN,0.2914737870902876,0.8126597624013926,0.09708245741795894,-1.4882666666666668,100.0,2.0,6.0,0.808017201718035,0.0590681236605774,0.1548591484758874,0.808,0.0590681236605774,0.808017201718035,0.0590681236605774,,0.0590681236605774,0.04176747079235983,0.7589,0.04911238699788123,0.45571309328079224,0.8076,0.0416,1.0,,,,24.932772390439624,,,,
1026,P35557,T,49,H,NONSYN,0.3614886802674268,0.7348079049356201,0.0939967334418016,-1.2503,100.0,2.0,6.0,0.07514556221414301,0.151554358877454,0.9252816150612811,0.0751,0.151554358877454,0.07514556221414301,0.151554358877454,,0.151554358877454,0.10716511488062735,0.7295,0.6543622417027881,0.454240083694458,0.1096,0.1043,1.0,,,,24.932772390439624,,,,
1027,P35557,T,49,Q,NONSYN,0.1843049627657748,0.7668452823358773,0.03356965966444248,-0.8452333333333334,100.0,2.0,6.0,0.206662110294494,0.14471145795690302,0.8588196874180185,0.2067,0.14471145795690302,0.206662110294494,0.14471145795690302,,0.14471145795690302,0.10232645323671809,0.731,0.5243665061338812,0.4228058159351349,0.2357,0.0995,1.0,,,,24.932772390439624,,,,
1028,P35557,T,49,*,STOP,,,,,100.0,2.0,6.0,-0.146910069062383,0.05,0.9751967932895123,-0.1469,0.05,-0.146910069062383,0.05,,0.05,0.035355339059327376,,,,-0.1469,0.0354,,,,,24.932772390439624,,,,
1029,P35557,H,50,S,NONSYN,0.4274947371973565,0.048889579080755065,0.1844013309156561,-0.8565666666666667,100.0,2.0,6.0,0.275913988775266,0.163249505962736,0.8058485610428898,0.2759,0.163249505962736,0.275913988775266,0.163249505962736,,0.163249505962736,0.11543483269160433,0.2051,0.07078251761819204,0.417302668094635,0.2709,0.1113,0.987,,,,27.16834540419363,,,,
1030,P35557,H,50,A,NONSYN,0.3450641386058211,0.31891319067727764,0.0413596530317967,-1.3736666666666668,100.0,2.0,6.0,0.11252993611746902,0.134547641901469,0.9102198147909887,0.1125,0.134547641901469,0.11252993611746902,0.134547641901469,,0.134547641901469,0.095139549981188,0.4502,0.3377118382031334,0.419206440448761,0.1291,0.0928,0.9940000000000001,,,,27.16834540419363,,,,
1031,P35557,H,50,V,NONSYN,0.3100277196420108,0.0267641939679989,0.08320692095184422,-2.3561,100.0,2.0,6.0,0.0553527415481606,0.0950740660509719,0.9322413224280774,0.0554,0.0950740660509719,0.0553527415481606,0.0950740660509719,,0.0950740660509719,0.06722751681961996,0.1189,0.0635950922283134,0.27173855900764465,0.059,0.0653,0.998,,,,27.16834540419363,,,,
1032,P35557,H,50,R,NONSYN,0.40896647076546666,0.46382898888168006,0.11722733782905655,-0.41896666666666665,100.0,2.0,6.0,0.13675406570460302,0.177715812743689,0.8989707554481974,0.1368,0.177715812743689,0.13675406570460302,0.177715812743689,,0.177715812743689,0.12566405631514113,0.5906,0.45389536027882593,0.49305200576782227,0.1644,0.1218,0.9790000000000001,,,,27.16834540419363,,,,
1033,P35557,H,50,D,NONSYN,0.31424584995616583,0.32826205426722005,0.052810934655630686,-1.1517666666666666,100.0,2.0,6.0,0.232143713783315,0.6282496981385339,0.8409753677098832,0.2321,0.6282496981385339,0.232143713783315,0.6282496981385339,,0.6282496981385339,0.4442396218321588,0.6105,0.37831352775187177,0.4357013404369354,0.425,0.3111,0.9470000000000001,,,,27.16834540419363,,,,
1034,P35557,H,50,F,NONSYN,0.4107279990990593,0.24051217706543895,0.1534591453398633,-1.2622333333333333,100.0,2.0,6.0,0.332009292730861,0.111613124268643,0.7520533167941444,0.332,0.111613124268643,0.332009292730861,0.111613124268643,,0.111613124268643,0.07892239703977429,0.2917,0.040357298740916536,0.42944979667663574,0.3307,0.0776,0.9990000000000001,,,,27.16834540419363,,,,
1035,P35557,H,50,T,NONSYN,0.34470915542349684,0.225560980877215,0.1537057507529335,-1.2422333333333333,100.0,2.0,6.0,0.37686288129553297,0.10532813508051099,0.7018657583619897,0.3769,0.10532813508051099,0.37686288129553297,0.10532813508051099,,0.10532813508051099,0.074478238565162,0.4022,0.025302472002654286,0.49233686923980713,0.3774,0.0736,0.9790000000000001,,,,27.16834540419363,,,,
1036,P35557,H,50,I,NONSYN,0.4064210844894963,0.047385197320631435,0.06471152016015559,-2.3591,100.0,2.0,6.0,-0.006510268509737,0.24142011802402202,0.9501577240787353,-0.0065,0.24142011802402202,-0.006510268509737,0.24142011802402202,,0.24142011802402202,0.1707098025696426,0.1268,0.13335616475378606,0.2713218927383423,0.0313,0.1445,0.998,,,,27.16834540419363,,,,
1037,P35557,H,50,L,NONSYN,0.37474439086043504,0.12416239120274186,0.0700936982577109,-2.1879333333333335,100.0,2.0,6.0,0.0656075849378957,0.19804093938219197,0.9287175977843932,0.0656,0.19804093938219197,0.0656075849378957,0.19804093938219197,,0.19804093938219197,0.14003609118970192,0.2785,0.21293570853820903,0.3444974422454834,0.0958,0.1297,0.99,,,,27.16834540419363,,,,
1038,P35557,H,50,K,NONSYN,0.3667056690225641,0.1436168770817256,0.15650456130239251,-0.8806333333333333,100.0,2.0,6.0,-0.0082679052276456,0.44478479923135295,0.9505917029010924,-0.0083,0.44478479923135295,-0.0082679052276456,0.44478479923135295,,0.44478479923135295,0.3145103477051867,0.3883,0.3966072757167661,0.510146975517273,0.101,0.2677,0.9840000000000001,,,,27.16834540419363,,,,
1039,P35557,H,50,G,NONSYN,0.2666216007931661,-0.03505654784935739,0.10690616214131404,-1.8095333333333334,100.0,2.0,6.0,0.323644700569802,0.14530494215881698,0.7607132004205285,0.3236,0.14530494215881698,0.323644700569802,0.14530494215881698,,0.14530494215881698,0.10274610994041854,0.1328,0.19079569272487706,0.2996788024902344,0.3036,0.0972,0.987,,,,27.16834540419363,,,,
1040,P35557,H,50,Y,NONSYN,0.3971056557325536,0.5121696458590964,0.06712751948205851,-0.2495666666666667,100.0,2.0,6.0,0.17727362369716,0.775335424116585,0.8771898809080507,0.1773,0.775335424116585,0.17727362369716,0.775335424116585,,0.775335424116585,0.548244936086985,0.5319,0.35464525962650945,0.4357042908668518,0.3946,0.3411,0.998,,,,27.16834540419363,,,,
1041,P35557,H,50,N,NONSYN,0.4170819178402928,0.596996544195951,0.19187912503546448,0.08810000000000001,,,,,,,,,,,,,,0.8391,,0.5008977055549622,0.8391,0.5009,0.045,,,,27.16834540419363,,,,
1042,P35557,H,50,C,NONSYN,0.3215631552657849,0.038150019325439766,0.07693538598271868,-2.231333333333333,100.0,2.0,6.0,0.021195265475838002,0.164672898313725,0.9427972755339789,0.0212,0.164672898313725,0.021195265475838002,0.164672898313725,,0.164672898313725,0.11644132307527773,0.1067,0.08546122628060121,0.26711857318878174,0.0348,0.1067,1.0,,,,27.16834540419363,,,,
1043,P35557,H,50,P,NONSYN,0.3372425756544121,0.13990039360127635,0.04587947271961007,-1.7345333333333333,100.0,2.0,6.0,-0.0189663107145559,0.39618809918754494,0.9531535023967728,-0.019,0.39618809918754494,-0.0189663107145559,0.39618809918754494,,0.39618809918754494,0.2801472915609215,0.2636,0.28254603693373315,0.3566353917121887,0.0889,0.2203,0.9990000000000001,,,,27.16834540419363,,,,
1044,P35557,H,50,E,NONSYN,0.22798112642128554,0.13480004975074114,0.11927252382755454,-0.7021666666666667,100.0,2.0,6.0,-0.0772070713134042,0.13977880505978602,0.9649431100800849,-0.0772,0.13977880505978602,-0.0772070713134042,0.13977880505978602,,0.13977880505978602,0.09883854092392719,0.422,0.4991886146159402,0.4637300968170166,-0.0555,0.0967,0.985,,,,27.16834540419363,,,,
1045,P35557,H,50,M,NONSYN,0.34585524966568515,-0.019415764122832954,0.10127069043410164,-1.5882666666666667,100.0,2.0,6.0,0.247867398005439,0.0850862540710605,0.8290250199722129,0.2479,0.0850862540710605,0.247867398005439,0.0850862540710605,,0.0850862540710605,0.060165067239408364,0.1269,0.12092082951636429,0.2988465428352356,0.2432,0.059,1.0,,,,27.16834540419363,,,,
1046,P35557,H,50,W,NONSYN,0.3935142425056496,0.18418192928689503,0.10146652616762669,-1.7288,100.0,2.0,6.0,-0.15181091777141198,0.09764973865253199,0.9757910882019005,-0.1518,0.09764973865253199,-0.15181091777141198,0.09764973865253199,,0.09764973865253199,0.06904879238229948,0.2481,0.39987406483943566,0.3800389766693115,-0.139,0.0679,1.0,,,,27.16834540419363,,,,
1047,P35557,H,50,H,SYN,,,,,,,,,,,,,,,,,,,,,,,,,,,27.16834540419363,,,,
1048,P35557,H,50,Q,NONSYN,0.3372315255555827,0.07894020602945294,0.19036019138189583,-0.18910000000000002,100.0,2.0,6.0,1.47696194318609,0.17317287677221,0.0022843816416000685,1.477,0.17317287677221,1.47696194318609,0.17317287677221,,0.17317287677221,0.12245171548321204,0.2985,1.1784767833121277,0.4533514976501465,1.3968,0.1182,0.9940000000000001,,,,27.16834540419363,,,,
1049,P35557,H,50,*,STOP,,,,,100.0,2.0,6.0,-0.0007030417000730001,0.05,0.9486968215178804,-0.0007,0.05,-0.0007030417000730001,0.05,,0.05,0.035355339059327376,,,,-0.0007,0.0354,,,,,27.16834540419363,,,,
1050,P35557,E,51,S,NONSYN,0.4382670271083193,1.1874994760714424,0.035412413964875565,-0.6747666666666666,100.0,2.0,6.0,1.49286444848351,0.20526178985318802,0.002046073117180584,1.4929,0.20526178985318802,1.49286444848351,0.20526178985318802,,0.20526178985318802,0.14514200352367732,1.0336,0.4592676944094134,0.4925651550292969,1.4562,0.1392,0.046,,,,148.01417310035023,,,,
1051,P35557,E,51,A,NONSYN,0.4725389201357859,0.6824027513352307,0.04069533632400813,-0.8022,100.0,2.0,6.0,1.08835119725345,0.12433838802096,0.03014357850677989,1.0884,0.12433838802096,1.08835119725345,0.12433838802096,,0.12433838802096,0.087920517331425,0.8612,0.22718638898013466,0.40773239731788635,1.0783,0.0859,0.035,,,,148.01417310035023,,,,
1052,P35557,E,51,V,NONSYN,0.5148579282991502,0.840854846311175,0.04986207145992194,-1.6669666666666665,100.0,2.0,6.0,0.6768221239330781,0.0845748870285794,0.2895507855591436,0.6768,0.0845748870285794,0.6768221239330781,0.0845748870285794,,0.0845748870285794,0.05980347613599467,0.8913,0.214483799528836,0.4050089716911316,0.6814,0.0592,0.135,,,,148.01417310035023,,,,
1053,P35557,E,51,R,NONSYN,0.4513055748960305,1.2443156014026941,0.037784625413088614,-0.7211333333333333,100.0,2.0,6.0,0.917902821259695,0.111060953307056,0.08457737659565841,0.9179,0.111060953307056,0.917902821259695,0.111060953307056,,0.111060953307056,0.0785319532084618,1.0821,0.164238816542429,0.49309083819389343,0.922,0.0776,0.081,,,,148.01417310035023,,,,
1054,P35557,E,51,D,NONSYN,0.4800060668498122,0.973924200600108,0.139671304104136,-0.020166666666666666,,,,,,,,,,,,,,0.9178,,0.4770674705505371,0.9178,0.4771,0.0,,,,148.01417310035023,,,,
1055,P35557,E,51,F,NONSYN,0.4134101209643438,0.7866353747113756,0.07619344257702554,-2.4431333333333334,100.0,2.0,6.0,0.5198763880766429,0.0766278392418855,0.508221020620832,0.5199,0.0766278392418855,0.5198763880766429,0.0766278392418855,,0.0766278392418855,0.05418406475560987,0.8549,0.33506056928267103,0.3970060348510742,0.526,0.0537,0.7929999999999999,,,,148.01417310035023,,,,
1056,P35557,E,51,T,NONSYN,0.4070866311137473,0.9443836973289663,0.05736224076881847,-0.9768666666666667,100.0,2.0,6.0,0.719048766484365,0.0957425178418278,0.23999263611142407,0.719,0.0957425178418278,0.719048766484365,0.0957425178418278,,0.0957425178418278,0.06770018361383044,0.9063,0.18721208156098412,0.39457035064697266,0.7244,0.0667,0.11599999999999999,,,,148.01417310035023,,,,
1057,P35557,E,51,I,NONSYN,0.377366298627538,0.80415683215959,0.0762125222798358,-2.3962999999999997,100.0,2.0,6.0,0.749385908174578,0.0851329223822406,0.2079559629803019,0.7494,0.0851329223822406,0.749385908174578,0.0851329223822406,,0.0851329223822406,0.060198066718710336,0.8696,0.12017886347764373,0.3970060348510742,0.7521,0.0595,0.371,,,,148.01417310035023,,,,
1058,P35557,E,51,L,NONSYN,0.4309220950052253,0.8117933659936883,0.07163024016515622,-2.375633333333333,100.0,2.0,6.0,0.7264763066722829,0.139434016308065,0.23186475360089706,0.7265,0.139434016308065,0.7264763066722829,0.139434016308065,,0.139434016308065,0.09859473845950842,0.8816,0.1551464846180003,0.385029137134552,0.736,0.0955,0.225,,,,148.01417310035023,,,,
1059,P35557,E,51,K,NONSYN,0.4890082107053284,1.379153351812714,0.05393955987698799,-0.6217666666666667,100.0,2.0,6.0,0.25967929669485396,0.176697979603627,0.8195591858887142,0.2597,0.176697979603627,0.25967929669485396,0.176697979603627,,0.176697979603627,0.1249443395996869,1.0881,0.8284218519104927,0.4864310026168823,0.311,0.121,0.063,,,,148.01417310035023,,,,
1060,P35557,E,51,G,NONSYN,0.4522640708552875,0.6080428376396233,0.037057454405868044,-1.9225,100.0,2.0,6.0,1.3503113569932,0.0552561304603804,0.00543004724963997,1.3503,0.0552561304603804,1.3503113569932,0.0552561304603804,,0.0552561304603804,0.039071984550663526,0.8313,0.5189897598938957,0.40807557106018066,1.3456,0.0389,0.193,,,,148.01417310035023,,,,
1061,P35557,E,51,Y,NONSYN,0.4671477233180428,0.9420578572800203,0.04064938111500518,-2.2137666666666664,100.0,2.0,6.0,0.801950280519221,0.08543977974356098,0.15981772150048273,0.802,0.08543977974356098,0.801950280519221,0.08543977974356098,,0.08543977974356098,0.06041504763975699,0.89,0.08808642163684588,0.3830765187740326,0.8041,0.0597,0.7709999999999999,,,,148.01417310035023,,,,
1062,P35557,E,51,N,NONSYN,0.4945297857128286,1.5483687368120682,0.055974341047790976,-0.6558999999999999,100.0,2.0,6.0,0.410256666261632,0.0911527405033423,0.6606178725802432,0.4103,0.0911527405033423,0.410256666261632,0.0911527405033423,,0.0911527405033423,0.064454720933651,1.0907,0.6804618415050916,0.4948273301124573,0.4216,0.0639,0.019,,,,148.01417310035023,,,,
1063,P35557,E,51,C,NONSYN,0.4263241553322161,0.7101322013453973,0.07569021062669144,-2.5622,100.0,2.0,6.0,1.1917247117786498,0.061756026519220006,0.01554872326118707,1.1917,0.061756026519220006,1.1917247117786498,0.061756026519220006,,0.061756026519220006,0.043668105130876725,0.8256,0.36609982860375356,0.4079532027244568,1.1876,0.0434,0.8859999999999999,,,,148.01417310035023,,,,
1064,P35557,E,51,P,NONSYN,0.2784783599621833,0.828074029223631,0.04201823412006883,-1.2109666666666667,100.0,2.0,6.0,0.8268970734737541,0.17729385184838,0.14019749441915608,0.8269,0.17729385184838,0.8268970734737541,0.17729385184838,,0.17729385184838,0.12536568490467262,0.8865,0.05959994724768147,0.40353599190711975,0.8321,0.1197,0.08,,,,148.01417310035023,,,,
1065,P35557,E,51,E,SYN,,,,,100.0,2.0,6.0,0.753542737920396,0.05,0.2038078698841488,0.7535,0.05,0.753542737920396,0.05,,0.05,0.035355339059327376,,,,0.7535,0.0354,,,,,148.01417310035023,,,,
1066,P35557,E,51,M,NONSYN,0.4318399535430367,0.9430279204818329,0.031185918681335578,-1.9440333333333335,100.0,2.0,6.0,0.34535610846657105,0.10131989542162301,0.7377743823225125,0.3454,0.10131989542162301,0.34535610846657105,0.10131989542162301,,0.10131989542162301,0.07164398512174146,0.9022,0.5568711740575378,0.38524365425109863,0.364,0.0704,0.284,,,,148.01417310035023,,,,
1067,P35557,E,51,W,NONSYN,0.3886512979012191,0.6652462009745013,0.04253187374978557,-2.4843333333333333,100.0,2.0,6.0,0.884043909287266,0.27894170192740003,0.10254505429757597,0.884,0.27894170192740003,0.884043909287266,0.27894170192740003,,0.27894170192740003,0.1972415689885812,0.7266,0.15747902510147493,0.4039769768714905,0.8537,0.1772,0.975,,,,148.01417310035023,,,,
1068,P35557,E,51,H,NONSYN,0.3874690850586482,0.9403413120016123,0.059055416453284715,-0.6659666666666667,100.0,2.0,6.0,2.234338940693,0.0439243176385602,8.639184837135049e-06,2.2343,0.0439243176385602,2.234338940693,0.0439243176385602,,0.0439243176385602,0.031059182861217796,0.8996,1.3347806349526437,0.39639392495155334,2.2262,0.031,0.307,,,,148.01417310035023,,,,
1069,P35557,E,51,Q,NONSYN,0.4979236622050323,1.3289608952904548,0.06467178847833249,-0.4386666666666667,100.0,2.0,6.0,1.16922885662196,0.5270585726965861,0.01799056792160865,1.1692,0.5270585726965861,1.16922885662196,0.5270585726965861,,0.5270585726965861,0.37268669083625894,1.0881,0.08112770801661329,0.4840228259563446,1.139,0.2953,0.0,,,,148.01417310035023,,,,
1070,P35557,E,51,*,STOP,,,,,100.0,2.0,6.0,-0.079019445658,0.05,0.9652577512844075,-0.079,0.05,-0.079019445658,0.05,,0.05,0.035355339059327376,,,,-0.079,0.0354,,,,,148.01417310035023,,,,
1071,P35557,E,52,S,NONSYN,0.4382670271083193,0.9122486010553938,0.11882551701978926,-0.6747666666666666,100.0,2.0,6.0,0.9136348619318259,0.144237865780485,0.0866797640149933,0.9136,0.144237865780485,0.9136348619318259,0.144237865780485,,0.144237865780485,0.10199157299725602,0.8368,0.07680633209707854,0.4771532416343689,0.9103,0.0997,0.997,,,,115.72238339296518,,,,
1072,P35557,E,52,A,NONSYN,0.4725389201357859,0.7032944315828886,0.08984068641005294,-0.8022,100.0,2.0,6.0,0.6229088482204971,0.0649205581494916,0.3601384611276455,0.6229,0.0649205581494916,0.6229088482204971,0.0649205581494916,,0.0649205581494916,0.04590576690592109,0.6976,0.0747390213664475,0.44794002175331116,0.6237,0.0457,0.995,,,,115.72238339296518,,,,
1073,P35557,E,52,V,NONSYN,0.5148579282991502,1.2754126754473674,0.052730595218137,-1.6669666666666665,100.0,2.0,6.0,0.863192153007387,0.138689075480572,0.11516120756862737,0.8632,0.138689075480572,0.863192153007387,0.138689075480572,,0.138689075480572,0.09806798574880539,1.0052,0.14198367592632877,0.5158825516700745,0.8681,0.0963,0.998,,,,115.72238339296518,,,,
1074,P35557,E,52,R,NONSYN,0.4513055748960305,0.8151408865274847,0.11624944018933474,-0.7211333333333333,100.0,2.0,6.0,0.9142319918042241,0.122942911885146,0.08638289727287267,0.9142,0.122942911885146,0.9142319918042241,0.122942911885146,,0.122942911885146,0.08693376669280692,0.7742,0.14005277160463914,0.48036468029022217,0.9098,0.0855,0.9990000000000001,,,,115.72238339296518,,,,
1075,P35557,E,52,D,NONSYN,0.4800060668498122,0.8071797939342776,0.09436148150982399,-0.020166666666666666,100.0,2.0,6.0,0.923221129549309,0.265391034293411,0.08202021433559217,0.9232,0.265391034293411,0.923221129549309,0.265391034293411,,0.265391034293411,0.18765980001498248,0.7841,0.13913537896947503,0.42987707257270813,0.901,0.172,0.965,,,,115.72238339296518,,,,
1076,P35557,E,52,F,NONSYN,0.4134101209643438,0.9258265144147897,0.06246932665441915,-2.4431333333333334,100.0,2.0,6.0,0.8797530278685141,0.0910564784315174,0.10504074736155182,0.8798,0.0910564784315174,0.8797530278685141,0.0910564784315174,,0.0910564784315174,0.06438665336989255,0.7827,0.09704187960649013,0.4004663825035095,0.8773,0.0636,1.0,,,,115.72238339296518,,,,
1077,P35557,E,52,T,NONSYN,0.4070866311137473,0.8380408014337352,0.04412555216998738,-0.9768666666666667,100.0,2.0,6.0,0.839471613985265,0.15859567025105498,0.13106464541869234,0.8395,0.15859567025105498,0.839471613985265,0.15859567025105498,,0.15859567025105498,0.11214407390134656,0.7898,0.04965994320508316,0.41897323727607727,0.8362,0.1083,0.9990000000000001,,,,115.72238339296518,,,,
1078,P35557,E,52,I,NONSYN,0.377366298627538,0.82769971757831,0.06183177978108353,-2.3962999999999997,100.0,2.0,6.0,1.19499550140614,0.0686098227623011,0.015221259985832495,1.195,0.0686098227623011,1.19499550140614,0.0686098227623011,,0.0686098227623011,0.04851447093123025,0.7742,0.420816281206555,0.4036778211593628,1.189,0.0482,0.9990000000000001,,,,115.72238339296518,,,,
1079,P35557,E,52,L,NONSYN,0.4309220950052253,0.9335943298300503,0.04126951566797734,-2.375633333333333,100.0,2.0,6.0,0.8773116646509191,0.20704404602200002,0.10648362534409626,0.8773,0.20704404602200002,0.8773116646509191,0.20704404602200002,,0.20704404602200002,0.14640224894645584,0.7981,0.07924767119693965,0.3985137939453125,0.8679,0.1374,0.9990000000000001,,,,115.72238339296518,,,,
1080,P35557,E,52,K,NONSYN,0.4890082107053284,0.9120495577645943,0.1201482106151663,-0.6217666666666667,100.0,2.0,6.0,0.952491555167852,0.355571306515683,0.06913124344956809,0.9525,0.355571306515683,0.952491555167852,0.355571306515683,,0.355571306515683,0.2514268820325999,0.8368,0.11566302533310469,0.48068466782569885,0.9276,0.2228,0.997,,,,115.72238339296518,,,,
1081,P35557,E,52,G,NONSYN,0.4522640708552875,1.3351073086797758,0.04702647707813103,-1.9225,100.0,2.0,6.0,0.6077417999303779,0.130539104115962,0.3811781330333471,0.6077,0.130539104115962,0.6077417999303779,0.130539104115962,,0.130539104115962,0.09230508573041349,0.9911,0.383346828838543,0.5025209784507751,0.6203,0.0908,1.0,,,4.06068e-06,115.72238339296518,,,,
1082,P35557,E,52,Y,NONSYN,0.4671477233180428,0.8933496553291457,0.0599142917823417,-2.2137666666666664,100.0,2.0,6.0,0.9006151108967009,0.0572786845850387,0.0933773128053941,0.9006,0.0572786845850387,0.9006151108967009,0.0572786845850387,,0.0572786845850387,0.04050214628752623,0.7827,0.11790396263467695,0.4004663825035095,0.8994,0.0403,1.0,,,,115.72238339296518,,,,
1083,P35557,E,52,N,NONSYN,0.4945297857128286,1.0980669920462767,0.09716506294191772,-0.6558999999999999,100.0,2.0,6.0,0.356179688959177,0.324062855968021,0.7257830689707002,0.3562,0.324062855968021,0.356179688959177,0.324062855968021,,0.324062855968021,0.22914704298566707,0.8488,0.49264743468279076,0.463577538728714,0.4529,0.2054,0.998,,,,115.72238339296518,,,,
1084,P35557,E,52,C,NONSYN,0.4263241553322161,0.8207456899022478,0.06404316096399904,-2.5622,100.0,2.0,6.0,0.7884382447050992,0.10591754578621902,0.17130095996092598,0.7884,0.10591754578621902,0.7884382447050992,0.10591754578621902,,0.10591754578621902,0.07489501487207209,0.7613,0.02714745605458646,0.40805715322494507,0.7876,0.0737,1.0,,,,115.72238339296518,,,,
1085,P35557,E,52,P,NONSYN,0.2784783599621833,0.7751908717377164,0.051962553370714676,-1.2109666666666667,100.0,2.0,6.0,0.976981564276484,0.125369533477128,0.05977291839572997,0.977,0.125369533477128,0.976981564276484,0.125369533477128,,0.125369533477128,0.08864964727587109,0.7773,0.19968072962072225,0.41897323727607727,0.9684,0.0867,0.992,,,,115.72238339296518,,,,
1086,P35557,E,52,E,SYN,,,,,100.0,2.0,6.0,1.1109776135111598,0.05,0.026127365499543646,1.111,0.05,1.1109776135111598,0.05,,0.05,0.035355339059327376,,,,1.111,0.0354,,,,,115.72238339296518,,,,
1087,P35557,E,52,M,NONSYN,0.4318399535430367,0.7905163546114885,0.04687807179199988,-1.9440333333333335,100.0,2.0,6.0,2.24151466213524,0.13149640477743701,8.168652516630022e-06,2.2415,0.13149640477743701,2.24151466213524,0.13149640477743701,,0.13149640477743701,0.09298199951977683,0.7464,1.4951021464949812,0.41248947381973267,2.1692,0.0907,0.998,,,,115.72238339296518,,,,
1088,P35557,E,52,W,NONSYN,0.3886512979012191,0.9840200646418577,0.05571047529513828,-2.4843333333333333,100.0,2.0,6.0,0.70517237718731,0.150562137123458,0.25566044282089223,0.7052,0.150562137123458,0.70517237718731,0.150562137123458,,0.150562137123458,0.10646350814993598,0.8086,0.10346691076129844,0.4027181565761566,0.7119,0.1029,1.0,,,,115.72238339296518,,,,
1089,P35557,E,52,H,NONSYN,0.3874690850586482,0.7280155142317423,0.08848611194414707,-0.6659666666666667,100.0,2.0,6.0,1.4663341224027802,0.366086559039546,0.0024584939382663513,1.4663,0.366086559039546,1.4663341224027802,0.366086559039546,,0.366086559039546,0.2588622883981124,0.7068,0.7595768153501679,0.44794002175331116,1.2762,0.2241,1.0,,,,115.72238339296518,,,,
1090,P35557,E,52,Q,NONSYN,0.4979236622050323,0.9297825155496623,0.10996664065512107,-0.02876666666666668,100.0,2.0,6.0,0.555412964703155,0.11418445396349,0.4562811412074905,0.5554,0.11418445396349,0.555412964703155,0.11418445396349,,0.11418445396349,0.08074060170366693,0.7981,0.24265102875082445,0.4501270055770874,0.563,0.0795,0.9990000000000001,,,,115.72238339296518,,,,
1091,P35557,E,52,*,STOP,,,,,100.0,2.0,6.0,0.126896683442163,0.05,0.903698989428436,0.1269,0.05,0.126896683442163,0.05,,0.05,0.035355339059327376,,,,0.1269,0.0354,,,,,115.72238339296518,,,,
1092,P35557,A,53,S,NONSYN,0.46929375853615796,0.084430479638255,0.08097395491170332,-0.41050000000000003,100.0,2.0,6.0,0.38168811597858004,0.0906583432960839,0.6961014606408075,0.3817,0.0906583432960839,0.38168811597858004,0.0906583432960839,,0.0906583432960839,0.0641051293157989,0.2689,0.11274659433398776,0.364427387714386,0.3783,0.0631,0.9990000000000001,,,,4.990309101223784,,,,
1093,P35557,A,53,A,SYN,,,,,100.0,2.0,6.0,0.881853584185918,0.05,0.10381262161847295,0.8819,0.05,0.881853584185918,0.05,,0.05,0.035355339059327376,,,,0.8819,0.0354,,,,,4.990309101223784,,,,
1094,P35557,A,53,V,NONSYN,0.41129671784225785,0.24830994248828797,0.14236911829966778,-0.6206999999999999,100.0,2.0,6.0,0.11429646748510601,0.120293976494496,0.9094410571686691,0.1143,0.120293976494496,0.11429646748510601,0.120293976494496,,0.120293976494496,0.08506068651515326,0.3183,0.20396822553666827,0.43360236287117004,0.1219,0.0835,1.0,,,,4.990309101223784,,,,
1095,P35557,A,53,R,NONSYN,0.3190441200491768,-0.18424923199394913,0.09804375843536876,-1.2165666666666668,100.0,2.0,6.0,0.22485405120373603,0.11580458834444599,0.8462692418511664,0.2249,0.11580458834444599,0.22485405120373603,0.11580458834444599,,0.11580458834444599,0.08188620971087437,0.1073,0.11750474485875007,0.288496732711792,0.2161,0.0788,1.0,,,,4.990309101223784,,,,
1096,P35557,A,53,D,NONSYN,0.4810824638550644,0.0593432304261182,0.07136473684123235,-1.3432333333333333,,,,,,,,,,,,,,0.1348,,0.29017728567123413,0.1348,0.2902,1.0,,,,4.990309101223784,,,,
1097,P35557,A,53,F,NONSYN,0.3975861635372093,0.14926457298276158,0.0632256821527658,-1.7417666666666667,100.0,2.0,6.0,0.262989408764319,0.119236203353599,0.8168300069289253,0.263,0.119236203353599,0.262989408764319,0.119236203353599,,0.119236203353599,0.084312727954268,0.242,0.02102390626378492,0.35972273349761963,0.2619,0.0821,1.0,,,,4.990309101223784,,,,
1098,P35557,A,53,T,NONSYN,0.4593194656393701,0.07937906490354835,0.07765724053153485,-0.5557333333333333,100.0,2.0,6.0,0.29086408185832796,0.17297190015037303,0.7924922466058648,0.2909,0.17297190015037303,0.29086408185832796,0.17297190015037303,,0.17297190015037303,0.12230960355105117,0.2567,0.03421387243144808,0.3649665117263794,0.2874,0.116,1.0,,,,4.990309101223784,,,,
1099,P35557,A,53,I,NONSYN,0.2533067127168299,-0.031915514940246005,0.0633062263330194,-1.3021,100.0,2.0,6.0,0.0638949040519876,0.24361799676612697,0.9293181985707993,0.0639,0.24361799676612697,0.0638949040519876,0.24361799676612697,,0.24361799676612697,0.1722639375324108,0.1269,0.06305166443708711,0.28658032417297363,0.0806,0.1476,1.0,,,,4.990309101223784,,,,
1100,P35557,A,53,L,NONSYN,0.33775241979079834,-0.009392945393954799,0.08073311757111014,-1.2974666666666668,100.0,2.0,6.0,-0.003672804586886,0.11902472308021901,0.9494491366045305,-0.0037,0.11902472308021901,-0.003672804586886,0.11902472308021901,,0.11902472308021901,0.08416318881887383,0.1269,0.13061937307596072,0.2851540744304657,0.0068,0.0807,1.0,,,,4.990309101223784,,,,
1101,P35557,A,53,K,NONSYN,0.13783323133742972,0.32771549484981116,0.1646997839098728,-0.7036666666666666,100.0,2.0,6.0,0.624691241401453,0.38870219677326096,0.35769512044266194,0.6247,0.38870219677326096,0.624691241401453,0.38870219677326096,,0.38870219677326096,0.27485395920048056,0.3682,0.25648456158043864,0.4433940649032593,0.5535,0.2336,1.0,,,,4.990309101223784,,,,
1102,P35557,A,53,G,NONSYN,0.5077306515769983,0.22695679566588067,0.06001795039674073,-0.48503333333333326,100.0,2.0,6.0,-0.15186911042866902,0.271352438187456,0.9757980568700216,-0.1519,0.271352438187456,-0.15186911042866902,0.271352438187456,,0.271352438187456,0.19187514913385362,0.3315,0.4833581369751473,0.3743530511856079,-0.0513,0.1708,0.9990000000000001,,,,4.990309101223784,,,,
1103,P35557,A,53,Y,NONSYN,0.2413102682766479,0.09672986914413993,0.06547410382362064,-1.7480333333333335,100.0,2.0,6.0,0.42059352028018393,0.0949135775816846,0.6472403065006888,0.4206,0.0949135775816846,0.42059352028018393,0.0949135775816846,,0.0949135775816846,0.06711403433468466,0.1914,0.2292091749871389,0.34671851992607117,0.4123,0.0659,1.0,,,,4.990309101223784,,,,
1104,P35557,A,53,N,NONSYN,0.2596281291448914,-0.03933743757700211,0.09025329826343514,-1.1920666666666666,100.0,2.0,6.0,-0.20988133204710502,0.199537654727886,0.9818188029142335,-0.2099,0.199537654727886,-0.20988133204710502,0.199537654727886,,0.199537654727886,0.14109442876014816,0.1269,0.3368279005361797,0.31806665658950806,-0.1545,0.129,1.0,,,,4.990309101223784,,,,
1105,P35557,A,53,C,NONSYN,0.4521425054357098,0.32891620857052056,0.14310007311563866,-0.7297666666666668,100.0,2.0,6.0,0.621089100239325,0.5203464037283211,0.3626396392341843,0.6211,0.5203464037283211,0.621089100239325,0.5203464037283211,,0.5203464037283211,0.3679404706423288,0.3738,0.24726620256667176,0.43594303727149963,0.5182,0.2812,1.0,,,,4.990309101223784,,,,
1106,P35557,A,53,P,NONSYN,0.3737321559264451,0.5071633930983287,0.15675505260042713,-0.7215666666666666,100.0,2.0,6.0,0.0863475466559005,0.4439133916113471,0.9210424715099678,0.0863,0.4439133916113471,0.0863475466559005,0.4439133916113471,,0.4439133916113471,0.31389416946790294,0.5012,0.4148975943734574,0.516312301158905,0.1983,0.2682,1.0,,,,4.990309101223784,,,,
1107,P35557,A,53,E,NONSYN,0.3924454343376217,0.44404262943222617,0.1854287639351393,-0.73,100.0,2.0,6.0,0.17053551316268803,0.29942775142086797,0.8810863686816003,0.1705,0.29942775142086797,0.17053551316268803,0.29942775142086797,,0.29942775142086797,0.2117273935051356,0.4089,0.2383696949481213,0.5035220384597778,0.2064,0.1952,1.0,,,,4.990309101223784,,,,
1108,P35557,A,53,M,NONSYN,0.19919007049311416,0.026289207736206202,0.0790835376478823,-1.2075333333333333,100.0,2.0,6.0,-0.40676126798672996,0.27177455771971604,0.9929800238222027,-0.4068,0.27177455771971604,-0.40676126798672996,0.27177455771971604,,0.27177455771971604,0.19217363271758597,0.1456,0.5523977967171224,0.3279419541358948,-0.2656,0.1658,1.0,,,,4.990309101223784,,,,
1109,P35557,A,53,W,NONSYN,0.17944660888741126,0.26713017361925195,0.047947835257821834,-1.6450666666666667,100.0,2.0,6.0,-0.0906073931451522,0.211636782696357,0.967203233749168,-0.0906,0.211636782696357,-0.0906073931451522,0.211636782696357,,0.211636782696357,0.1496498041930978,0.2911,0.3816979113813125,0.36864474415779114,-0.0366,0.1387,1.0,,,,4.990309101223784,,,,
1110,P35557,A,53,H,NONSYN,0.3663343704598138,-0.04988641086066781,0.07934869903959377,-1.2778,100.0,2.0,6.0,0.11780759181325301,0.134744383581902,0.9078742485548964,0.1178,0.134744383581902,0.11780759181325301,0.134744383581902,,0.134744383581902,0.0952786673575642,0.1269,0.009138976675821697,0.28900882601737976,0.1187,0.0905,1.0,,,,4.990309101223784,,,,
1111,P35557,A,53,Q,NONSYN,0.3707092191809771,0.44404262943222617,0.18542876393513927,-0.73,100.0,2.0,6.0,0.27570983765420803,0.14299950921025,0.8060260714686974,0.2757,0.14299950921025,0.27570983765420803,0.14299950921025,,0.14299950921025,0.10111592266891593,0.4089,0.1331953704566013,0.5035220384597778,0.2809,0.0991,1.0,,,,4.990309101223784,,,,
1112,P35557,A,53,*,STOP,,,,,100.0,2.0,6.0,-0.0564736342761668,0.05,0.9611327718218438,-0.0565,0.05,-0.0564736342761668,0.05,,0.05,0.035355339059327376,,,,-0.0565,0.0354,,,,,4.990309101223784,,,,
1113,P35557,S,54,S,SYN,,,,,100.0,2.0,6.0,1.54970574014673,0.05,0.001376543489957401,1.5497,0.05,1.54970574014673,0.05,,0.05,0.035355339059327376,,,,1.5497,0.0354,,,,,12.244115406686625,,,,
1114,P35557,S,54,A,NONSYN,0.4563330621977513,1.492869997243244,0.06246126099609453,-0.19066666666666665,100.0,2.0,6.0,0.561295855556585,0.114496059694171,0.44770923567000576,0.5613,0.114496059694171,0.561295855556585,0.114496059694171,,0.114496059694171,0.08096094022888804,1.0881,0.5268052930487617,0.4882763922214508,0.5754,0.0799,0.023,,,,12.244115406686625,,,,
1115,P35557,S,54,V,NONSYN,0.3566796973350173,0.649109646350997,0.14763891345479296,-1.3498999999999999,100.0,2.0,6.0,1.1355407429289999,0.0435687098872248,0.02234237312959006,1.1355,0.0435687098872248,1.1355407429289999,0.0435687098872248,,0.0435687098872248,0.030807730208806033,0.8312,0.3043500376296224,0.5116735100746155,1.1344,0.0308,0.7090000000000001,,,,12.244115406686625,,,,
1116,P35557,S,54,R,NONSYN,0.5078165034060199,0.8944790499141967,0.11532905988097884,-0.9542999999999999,100.0,2.0,6.0,0.747152568159412,0.129173838185222,0.21020882596319182,0.7472,0.129173838185222,0.747152568159412,0.129173838185222,,0.129173838185222,0.09133969693266426,0.8406,0.09345280999152794,0.4753296673297882,0.7505,0.0897,0.972,,,,12.244115406686625,,,,
1117,P35557,S,54,D,NONSYN,0.26426002389568154,0.45364826063113667,0.02941140895064759,-0.6365333333333334,100.0,2.0,6.0,0.666443335449067,0.0408022385000511,0.30255392737878006,0.6664,0.0408022385000511,0.666443335449067,0.0408022385000511,,0.0408022385000511,0.02885153953097696,0.7077,0.041233432853850505,0.42373618483543396,0.6666,0.0288,0.777,,,,12.244115406686625,,,,
1118,P35557,S,54,F,NONSYN,0.4400921079880442,0.43249446199231967,0.1359647656593341,-1.7383,100.0,2.0,6.0,0.42133189854804404,0.09701774567032598,0.6462744608869123,0.4213,0.09701774567032598,0.42133189854804404,0.09701774567032598,,0.09701774567032598,0.0686019058589193,0.5925,0.17120735230263345,0.5302591323852539,0.4242,0.068,0.9890000000000001,,,,12.244115406686625,,,,
1119,P35557,S,54,T,NONSYN,0.5032644910640633,0.8686540768013322,0.03937435405536298,-0.2368333333333333,100.0,2.0,6.0,2.4339436168823196,0.235432785118182,1.7797497499811736e-06,2.4339,0.235432785118182,2.4339436168823196,0.235432785118182,,0.235432785118182,0.16647611887070177,0.8994,1.5345167989883377,0.4102650284767151,2.217,0.1543,0.001,,,,12.244115406686625,,,,
1120,P35557,S,54,I,NONSYN,0.40690641070991895,0.285006664874443,0.13567988378477774,-1.7275666666666665,100.0,2.0,6.0,0.8637952899016741,0.103949037705961,0.11477875274522172,0.8638,0.103949037705961,0.8637952899016741,0.103949037705961,,0.103949037705961,0.07350306945970114,0.5467,0.31705094328302175,0.5187178254127502,0.8576,0.0728,0.945,,,,12.244115406686625,,,,
1121,P35557,S,54,L,NONSYN,0.393745075519064,0.5243498798872117,0.13542185126094558,-1.7093,100.0,2.0,6.0,0.14576564486336802,0.109838780074979,0.8944598864976949,0.1458,0.109838780074979,0.14576564486336802,0.109838780074979,,0.109838780074979,0.07766774622827549,0.752,0.6062103683202258,0.5175603628158569,0.1591,0.0768,0.867,,,,12.244115406686625,,,,
1122,P35557,S,54,K,NONSYN,0.33912790346884786,0.8731641308657366,0.036338608377855415,-0.6167666666666666,100.0,2.0,6.0,0.18238730708482,0.0698071697962859,0.8741560943457916,0.1824,0.0698071697962859,0.18238730708482,0.0698071697962859,,0.0698071697962859,0.0493611231383945,0.8683,0.6858787985670355,0.4112638235092163,0.1921,0.049,0.929,,,,12.244115406686625,,,,
1123,P35557,S,54,G,NONSYN,0.4188135801978989,0.48418736653089295,0.021425903234334163,-0.6509999999999999,100.0,2.0,6.0,0.574826017749798,0.0947213403283987,0.42808334773113593,0.5748,0.0947213403283987,0.574826017749798,0.0947213403283987,,0.0947213403283987,0.06697810206928952,0.7001,0.1252590261573675,0.42938217520713806,0.5778,0.0662,0.83,,,,12.244115406686625,,,,
1124,P35557,S,54,Y,NONSYN,0.3987520148682556,0.7084900218013207,0.037243783553536046,-1.6658,100.0,2.0,6.0,0.287922451211917,0.556673652121243,0.79517617444484,0.2879,0.556673652121243,0.287922451211917,0.556673652121243,,0.556673652121243,0.393627714322812,0.7304,0.4425153043727998,0.42365768551826477,0.4929,0.2884,0.9890000000000001,,,,12.244115406686625,,,,
1125,P35557,S,54,N,NONSYN,0.3577198430860929,0.8686540768013323,0.03937435405536298,-0.23683333333333337,,,,,,,,,,,,,,0.8913,,0.415147989988327,0.8913,0.4151,0.235,,,,12.244115406686625,,,,
1126,P35557,S,54,C,NONSYN,0.4413057931247456,0.8705087023383907,0.09955042235190799,-0.9221333333333334,100.0,2.0,6.0,0.81906361088683,0.27877406406993893,0.14614074084465323,0.8191,0.27877406406993893,0.81906361088683,0.27877406406993893,,0.27877406406993893,0.19712303112278687,0.8994,0.08036320700715194,0.4307084381580353,0.833,0.1792,0.019,,,,12.244115406686625,,,,
1127,P35557,S,54,P,NONSYN,0.3754690196139504,0.9450319802806139,0.07557237374285931,-0.9290666666666666,100.0,2.0,6.0,0.59549377706016,0.39153394656108903,0.3984584568609755,0.5955,0.39153394656108903,0.59549377706016,0.39153394656108903,,0.39153394656108903,0.27685630867807737,0.8473,0.25181414339577257,0.42283087968826294,0.6711,0.2316,0.961,,,,12.244115406686625,,,,
1128,P35557,S,54,E,NONSYN,0.32956968841657797,0.7327160808744128,0.0386699401677034,-0.6321,100.0,2.0,6.0,0.6037314570587919,0.0415377455785022,0.3868099571426898,0.6037,0.0415377455785022,0.6037314570587919,0.0415377455785022,,0.0415377455785022,0.029371621573760436,0.8508,0.24707418316185015,0.41685253381729126,0.605,0.0293,0.83,,,,12.244115406686625,,,,
1129,P35557,S,54,M,NONSYN,0.4679817126368144,0.6149316975629869,0.13358231553411215,-1.5591333333333335,100.0,2.0,6.0,0.840342876954244,0.0689198376807447,0.13045018634091868,0.8403,0.0689198376807447,0.840342876954244,0.0689198376807447,,0.0689198376807447,0.04873368458233071,0.7178,0.12253713373677577,0.509245753288269,0.8392,0.0485,0.9890000000000001,,,,12.244115406686625,,,,
1130,P35557,S,54,W,NONSYN,0.3832492129242465,0.47696427777102873,0.04234934278862146,-1.7880333333333336,100.0,2.0,6.0,0.3637486718992971,0.0517716560367619,0.7171815156850436,0.3637,0.0517716560367619,0.3637486718992971,0.0517716560367619,,0.0517716560367619,0.0366080890568518,0.445,0.08124360214664711,0.4159541130065918,0.3644,0.0365,0.9990000000000001,,,,12.244115406686625,,,,
1131,P35557,S,54,H,NONSYN,0.2629764798769622,0.7205699853688007,0.117307689096115,-0.9429,100.0,2.0,6.0,1.2688797617956,0.09165395161571101,0.009365465732100774,1.2689,0.09165395161571101,1.2688797617956,0.09165395161571101,,0.09165395161571101,0.06480913071001297,0.7089,0.5600210929914313,0.4797435402870178,1.2588,0.0642,0.9990000000000001,,,,12.244115406686625,,,,
1132,P35557,S,54,Q,NONSYN,0.3963611118941722,0.45364826063113667,0.02941140895064759,-0.6365333333333333,100.0,2.0,6.0,1.44093491778862,0.11433015191869501,0.0029285758707242367,1.4409,0.11433015191869501,1.44093491778862,0.11433015191869501,,0.11433015191869501,0.08084362571579741,0.5991,0.8418709252883148,0.43530023097991943,1.4129,0.0795,0.9890000000000001,,,,12.244115406686625,,,,
1133,P35557,S,54,*,STOP,,,,,100.0,2.0,6.0,-0.145640548391538,0.05,0.9750404331733153,-0.1456,0.05,-0.145640548391538,0.05,,0.05,0.035355339059327376,,,,-0.1456,0.0354,,,,,12.244115406686625,,,,
1134,P35557,V,55,S,NONSYN,0.33699392667600697,0.22201175616049343,0.1363231212113424,-1.4146999999999998,100.0,2.0,6.0,0.0559449752344033,0.11283807329704199,0.9320425006781029,0.0559,0.11283807329704199,0.0559449752344033,0.11283807329704199,,0.11283807329704199,0.07978856680436307,0.2605,0.2045399586187461,0.413875937461853,0.0633,0.0783,1.0,,,,0.01090877718922879,,,,
1135,P35557,V,55,A,NONSYN,0.4716545268994549,0.573981642634229,0.030529039714235453,-0.4381666666666666,100.0,2.0,6.0,0.0050489351934449,0.271804306800773,0.9472080538999449,0.005,0.271804306800773,0.0050489351934449,0.271804306800773,,0.271804306800773,0.1921946684945354,0.6141,0.6090472891145691,0.4328920543193817,0.1053,0.1757,1.0,,,,0.01090877718922879,,,,
1136,P35557,V,55,V,SYN,,,,,100.0,2.0,6.0,1.5310320789056298,0.05,0.0015686577781293602,1.531,0.05,1.5310320789056298,0.05,,0.05,0.035355339059327376,,,,1.531,0.0354,,,,,0.01090877718922879,,,,
1137,P35557,V,55,R,NONSYN,0.17643841508486408,0.11004605005606238,0.12840102811417778,-1.9857333333333334,100.0,2.0,6.0,0.23382225404273302,0.24555712829700302,0.8397344832720582,0.2338,0.24555712829700302,0.23382225404273302,0.24555712829700302,,0.24555712829700302,0.1736351105875059,0.1914,0.042437908749687975,0.3589842915534973,0.2258,0.1563,1.0,,,,0.01090877718922879,,,,
1138,P35557,V,55,D,NONSYN,0.27348180848279724,-0.01535701029472166,0.10669201467596706,-2.3809,100.0,2.0,6.0,0.849324107538864,0.160381219949738,0.12425242135281515,0.8493,0.160381219949738,0.849324107538864,0.160381219949738,,0.160381219949738,0.11340664820143093,0.1067,0.7426676157824248,0.28226056694984436,0.7461,0.1052,1.0,,,,0.01090877718922879,,,,
1139,P35557,V,55,F,NONSYN,0.4053248813429461,0.2547388097526707,0.07026803736685903,-0.9184666666666667,,,,,,,,,,,,,,0.2911,,0.378425657749176,0.2911,0.3784,1.0,,,,0.01090877718922879,,,,
1140,P35557,V,55,T,NONSYN,0.3185872156759129,0.2904039192074606,0.07858724965037903,-0.1374,100.0,2.0,6.0,0.376056931237811,0.0967735923340037,0.7028218661321821,0.3761,0.0967735923340037,0.376056931237811,0.0967735923340037,,0.0967735923340037,0.0684292633791565,0.348,0.028033993463152773,0.3847392201423645,0.3752,0.0674,1.0,,,,0.01090877718922879,,,,
1141,P35557,V,55,I,NONSYN,0.4306262074024321,0.41407325122224936,0.05091100705849222,-0.1123,,,,,,,,,,,,,,0.4301,,0.412170946598053,0.4301,0.4122,0.9990000000000001,,,,0.01090877718922879,,,,
1142,P35557,V,55,L,NONSYN,0.4667115524229356,0.2015344036751603,0.08006518020890553,-0.29109999999999997,100.0,2.0,6.0,0.6426654778347121,0.0717254294954348,0.33343957535920565,0.6427,0.0717254294954348,0.6426654778347121,0.0717254294954348,,0.0717254294954348,0.050717537579739555,0.355,0.28770777805901626,0.40594062209129333,0.6382,0.0503,0.995,,,,0.01090877718922879,,,,
1143,P35557,V,55,K,NONSYN,0.1909141340536438,0.015587243288707864,0.13011134172585634,-1.7571333333333332,100.0,2.0,6.0,0.0119184268741598,0.523742498218353,0.9453740323701167,0.0119,0.523742498218353,0.0119184268741598,0.523742498218353,,0.523742498218353,0.3703418720857806,0.1148,0.10287770497512914,0.3125412166118622,0.072,0.2389,1.0,,,,0.01090877718922879,,,,
1144,P35557,V,55,G,NONSYN,0.3807983932718594,0.280886365997352,0.11028544924754198,-2.365066666666667,100.0,2.0,6.0,-0.039406021337357,0.10810937956759001,0.9576858611402911,-0.0394,0.10810937956759001,-0.039406021337357,0.10810937956759001,,0.10810937956759001,0.07644487540211327,0.3005,0.339944978456345,0.3951731324195862,-0.0271,0.0751,1.0,,,,0.01090877718922879,,,,
1145,P35557,V,55,Y,NONSYN,0.33250944557826595,0.015587243288707864,0.13011134172585634,-1.7571333333333332,100.0,2.0,6.0,0.0432375018022738,0.19905159224438101,0.9361866433043443,0.0432,0.19905159224438101,0.0432375018022738,0.19905159224438101,,0.19905159224438101,0.1407507306819814,0.1213,0.07807198720949073,0.31512245535850525,0.0562,0.1285,1.0,,,,0.01090877718922879,,,,
1146,P35557,V,55,N,NONSYN,0.2445312890805706,-0.02228044426361185,0.12066860119336696,-2.1033666666666666,100.0,2.0,6.0,0.306109150290394,0.0832713561518444,0.7781408509034764,0.3061,0.0832713561518444,0.306109150290394,0.0832713561518444,,0.0832713561518444,0.0588817406135693,0.1067,0.19945265853395477,0.28226056694984436,0.2978,0.0576,1.0,,,,0.01090877718922879,,,,
1147,P35557,V,55,C,NONSYN,0.4349501020449153,0.14568361388855305,0.07302021795901052,-0.7521,100.0,2.0,6.0,0.703222518830164,0.0476102444457918,0.2579116489267415,0.7032,0.0476102444457918,0.703222518830164,0.0476102444457918,,0.0476102444457918,0.03366552670156854,0.2561,0.4471433219002323,0.35930633544921875,0.6993,0.0335,1.0,,,,0.01090877718922879,,,,
1148,P35557,V,55,P,NONSYN,0.17175025849116904,0.17451481698008295,0.13725314165427435,-1.883333333333333,100.0,2.0,6.0,0.0121105730036334,0.12458936222099,0.9453218393923525,0.0121,0.12458936222099,0.0121105730036334,0.12458936222099,,0.12458936222099,0.08809798289016908,0.2481,0.23595257406439027,0.4065036475658417,0.0227,0.0861,1.0,,,,0.01090877718922879,,,,
1149,P35557,V,55,E,NONSYN,0.32079411141973807,0.06976581491551946,0.17817235005983356,-1.7854,100.0,2.0,6.0,-0.150617288006275,0.0872384834660588,0.975647696278749,-0.1506,0.0872384834660588,-0.150617288006275,0.0872384834660588,,0.0872384834660588,0.061686923239280676,0.1401,0.29070474351736814,0.3581893742084503,-0.1422,0.0608,1.0,,,,0.01090877718922879,,,,
1150,P35557,V,55,M,NONSYN,0.4348220015603004,0.34125711475532267,0.07007426481359347,-0.2969,100.0,2.0,6.0,0.223497344594225,0.179290507571496,0.8472375656203162,0.2235,0.179290507571496,0.223497344594225,0.179290507571496,,0.179290507571496,0.12677753370618286,0.3606,0.1371368929336223,0.4108884334564209,0.2354,0.1211,1.0,,,,0.01090877718922879,,,,
1151,P35557,V,55,W,NONSYN,0.20407639127029992,-0.07304120442769087,0.1786586388850552,-1.7649666666666668,100.0,2.0,6.0,0.277803770023356,0.0669861209054332,0.8041991760675382,0.2778,0.0669861209054332,0.277803770023356,0.0669861209054332,,0.0669861209054332,0.04736634033761376,0.1189,0.15890406699753812,0.32568827271461487,0.2745,0.0469,1.0,,,,0.01090877718922879,,,,
1152,P35557,V,55,H,NONSYN,0.2484595230317529,0.46308517062399696,0.07186196557189205,-2.2657666666666665,100.0,2.0,6.0,-0.31277415983720197,0.431596560708314,0.9889890911342606,-0.3128,0.431596560708314,-0.31277415983720197,0.431596560708314,,0.431596560708314,0.3051848548136402,0.4042,0.7169590973143138,0.3911169767379761,-0.0414,0.2406,1.0,,,,0.01090877718922879,,,,
1153,P35557,V,55,Q,NONSYN,0.31633139311143543,0.04636830296374694,0.12614011121487453,-1.7866,100.0,2.0,6.0,-0.0804247521509574,0.540946955838769,0.9654997608610759,-0.0804,0.540946955838769,-0.0804247521509574,0.540946955838769,,0.540946955838769,0.38250726073581337,0.121,0.20146748057502967,0.2993292212486267,0.0445,0.2357,1.0,,,,0.01090877718922879,,,,
1154,P35557,V,55,*,STOP,,,,,100.0,2.0,6.0,0.0606037848435178,0.05,0.9304586070478686,0.0606,0.05,0.0606037848435178,0.05,,0.05,0.035355339059327376,,,,0.0606,0.0354,,,,,0.01090877718922879,,,,
1155,P35557,K,56,S,NONSYN,0.39799365034538775,0.45353975128766794,0.08533297409917322,-0.8266,100.0,2.0,6.0,0.5643590936609301,0.10739041533383198,0.44325389723537867,0.5644,0.10739041533383198,0.5643590936609301,0.10739041533383198,,0.10739041533383198,0.07593649091699238,0.4042,0.16017415618381825,0.44813141226768494,0.5599,0.0749,1.0,,,,47.74652218724938,,,,
1156,P35557,K,56,A,NONSYN,0.4253782567817681,0.19459305524682388,0.06148003379667915,-0.8658,100.0,2.0,6.0,0.960012901084899,0.266137638797638,0.0661258246875609,0.96,0.266137638797638,0.960012901084899,0.266137638797638,,0.266137638797638,0.18818772912278584,0.2801,0.6798729779891959,0.3626219630241394,0.8158,0.167,1.0,,,,47.74652218724938,,,,
1157,P35557,K,56,V,NONSYN,0.4018371367991864,0.18841845554862036,0.11300087043145984,-1.8981333333333332,100.0,2.0,6.0,0.0095556600088417,0.186992576210071,0.9460118317511131,0.0096,0.186992576210071,0.0095556600088417,0.186992576210071,,0.186992576210071,0.1322237186696835,0.2601,0.2505450623040855,0.3868998885154724,0.0358,0.1251,1.0,,,,47.74652218724938,,,,
1158,P35557,K,56,R,NONSYN,0.4425642104838123,0.8728141329673801,0.240541526316189,-0.07929999999999998,100.0,2.0,6.0,0.174901995520965,0.165933163865765,0.8785743370785317,0.1749,0.165933163865765,0.174901995520965,0.165933163865765,,0.165933163865765,0.11733246539322102,0.7769,0.6020213033147894,0.5886240005493164,0.1979,0.1151,1.0,,,,47.74652218724938,,,,
1159,P35557,K,56,D,NONSYN,0.3868073539125079,0.45353975128766794,0.08533297409917322,-0.8266,100.0,2.0,6.0,0.183172812962367,0.0882873057202088,0.8736841420550053,0.1832,0.0882873057202088,0.183172812962367,0.0882873057202088,,0.0882873057202088,0.06242855256744951,0.4042,0.2210121245147448,0.44813141226768494,0.1874,0.0618,1.0,,,,47.74652218724938,,,,
1160,P35557,K,56,F,NONSYN,0.39391394066408775,0.1747670990236825,0.05369182956932756,-1.9194666666666667,100.0,2.0,6.0,0.41393885561647603,0.23769217390974,0.6558836991436916,0.4139,0.23769217390974,0.41393885561647603,0.23769217390974,,0.23769217390974,0.1680737480065493,0.2481,0.16587570854845235,0.34916526079177856,0.3827,0.1514,1.0,,,,47.74652218724938,,,,
1161,P35557,K,56,T,NONSYN,0.4423640368257771,0.5188239620314467,0.07144245322107483,-0.8377,100.0,2.0,6.0,-0.0126798192689693,0.21677894405568598,0.9516646034211352,-0.0127,0.21677894405568598,-0.0126798192689693,0.21677894405568598,,0.21677894405568598,0.15328586136023475,0.5344,0.5470816532800472,0.4259158968925476,0.0501,0.1442,1.0,,,,47.74652218724938,,,,
1162,P35557,K,56,I,NONSYN,0.4603939774498695,0.25530497048620654,0.07338430370310395,-1.9278666666666666,100.0,2.0,6.0,0.17232524122890397,0.107021433008346,0.880062500599632,0.1723,0.107021433008346,0.17232524122890397,0.107021433008346,,0.107021433008346,0.07567558101250327,0.3142,0.14184052977863387,0.3630887269973755,0.1782,0.0741,0.9990000000000001,,,,47.74652218724938,,,,
1163,P35557,K,56,L,NONSYN,0.4356747906628182,0.07746354360713359,0.12003262265880142,-1.8765,100.0,2.0,6.0,0.34242039583330197,0.0739649609219921,0.7409634886925759,0.3424,0.0739649609219921,0.34242039583330197,0.0739649609219921,,0.0739649609219921,0.052301125438138606,0.1529,0.18956860564355893,0.3538109362125397,0.3384,0.0517,0.9990000000000001,,,,47.74652218724938,,,,
1164,P35557,K,56,K,SYN,,,,,,,,,,,,,,,,,,,,,,,,,,,47.74652218724938,,,,
1165,P35557,K,56,G,NONSYN,0.3929842999811576,0.13416192847526626,0.11864001979923593,-1.8229999999999997,100.0,2.0,6.0,0.858675047038316,0.288189022019651,0.11805953796830872,0.8587,0.288189022019651,0.858675047038316,0.288189022019651,,0.288189022019651,0.2037804117336145,0.242,0.6167095445377819,0.38938653469085693,0.7261,0.1806,1.0,,,,47.74652218724938,,,,
1166,P35557,K,56,Y,NONSYN,0.3944793974738757,0.4035503676268199,0.08282845438834342,-1.7455,100.0,2.0,6.0,0.0505097295836551,0.461433785457312,0.9338461274903456,0.0505,0.461433785457312,0.0505097295836551,0.461433785457312,,0.461433785457312,0.32628295876544383,0.3678,0.3172574851914304,0.39271384477615356,0.1801,0.251,1.0,,,,47.74652218724938,,,,
1167,P35557,K,56,N,NONSYN,0.4560364383708069,0.635795690683363,0.24810009073856545,-0.5051666666666667,,,,,,,,,,,,,,0.6959,,0.6045190095901489,0.6959,0.6045,1.0,,,,47.74652218724938,,,,
1168,P35557,K,56,C,NONSYN,0.4535515939759026,0.18674542137253022,0.06774641567149726,-2.2871333333333332,100.0,2.0,6.0,0.375848253517626,0.0889336767097436,0.7030691089906778,0.3758,0.0889336767097436,0.375848253517626,0.0889336767097436,,0.0889336767097436,0.06288560587731182,0.2559,0.11992992952394316,0.34118181467056274,0.3719,0.0618,1.0,,,,47.74652218724938,,,,
1169,P35557,K,56,P,NONSYN,0.27870648767165224,0.19459305524682388,0.06148003379667915,-0.8658,100.0,2.0,6.0,0.7675178248759741,0.21366604101050302,0.1902929419619748,0.7675,0.21366604101050302,0.7675178248759741,0.21366604101050302,,0.21366604101050302,0.15108470650780964,0.2713,0.4962024886485571,0.3626219630241394,0.6941,0.1395,1.0,,,,47.74652218724938,,,,
1170,P35557,K,56,E,NONSYN,0.4020218445230145,1.0651467408942596,0.06940599650679033,-0.3035,100.0,2.0,6.0,0.38301507730426,1.01272101111331,0.6945042951788885,0.383,1.01272101111331,0.38301507730426,1.01272101111331,,1.01272101111331,0.7161018944083184,0.8131,0.4300374577528079,0.42942309379577637,0.6993,0.3683,1.0,,,,47.74652218724938,,,,
1171,P35557,K,56,M,NONSYN,0.43998119930382734,0.31267027285645727,0.07469974565564828,-0.9419333333333334,,,,,,,,,,,,,,0.3403,,0.37260866165161133,0.3403,0.3726,1.0,,,,47.74652218724938,,,,
1172,P35557,K,56,W,NONSYN,0.4169292295856069,0.3207041167876687,0.06491890475996921,-2.216833333333333,100.0,2.0,6.0,-0.0260278327277893,0.12108355128974901,0.9547716040729102,-0.026,0.12108355128974901,-0.0260278327277893,0.12108355128974901,,0.12108355128974901,0.08561900020713066,0.3482,0.37424025366818847,0.3645673990249634,-0.0065,0.0834,1.0,,,,47.74652218724938,,,,
1173,P35557,K,56,H,NONSYN,0.4436698866414692,0.37683529825943224,0.08353874740436117,-0.8412999999999999,100.0,2.0,6.0,0.41328617204707396,0.11510231563397301,0.6567253999794105,0.4133,0.11510231563397301,0.41328617204707396,0.11510231563397301,,0.11510231563397301,0.08138962791505668,0.3654,0.047907583609039905,0.3885413706302643,0.4113,0.0797,1.0,,,,47.74652218724938,,,,
1174,P35557,K,56,Q,NONSYN,0.4867518824335938,0.374092055495385,0.2432043450962403,0.10200000000000002,100.0,2.0,6.0,1.67106822793695,0.0659357128531699,0.0005829341939251258,1.6711,0.0659357128531699,1.67106822793695,0.0659357128531699,,0.0659357128531699,0.046623589680845436,0.4309,1.2401962644359734,0.5826427340507507,1.6632,0.0465,1.0,,,,47.74652218724938,,,,
1175,P35557,K,56,*,STOP,,,,,,,,,,,,,,,,,,,,,,,,,,,47.74652218724938,,,,
1176,P35557,M,57,S,NONSYN,0.31494457442558743,0.43593862859654897,0.12962007786070942,-1.5281333333333336,100.0,2.0,6.0,0.37912221531519896,0.108393357083681,0.6991752477224652,0.3791,0.108393357083681,0.37912221531519896,0.108393357083681,,0.108393357083681,0.07664567782944573,0.3824,0.0032558562313556028,0.48426103591918945,0.3792,0.0757,1.0,,,,2.080274110242108,,,,
1177,P35557,M,57,A,NONSYN,0.38040172866410704,0.052026522594065816,0.06718663508837021,-1.3250666666666666,100.0,2.0,6.0,0.155925356031068,0.0940868638248307,0.8891511644399391,0.1559,0.0940868638248307,0.155925356031068,0.0940868638248307,,0.0940868638248307,0.06652945943111305,0.1658,0.009900547384611935,0.33073025941848755,0.1563,0.0652,0.9990000000000001,,,,2.080274110242108,,,,
1178,P35557,M,57,V,NONSYN,0.43335182923768345,-0.07419235759006078,0.11643586756244562,-0.17053333333333334,100.0,2.0,6.0,-0.0639636863032687,0.16266545729036097,0.9625551152489186,-0.064,0.16266545729036097,-0.0639636863032687,0.16266545729036097,,0.16266545729036097,0.11502184791482496,0.2168,0.2808111358443606,0.39086759090423584,-0.0416,0.1103,0.997,,,,2.080274110242108,,,,
1179,P35557,M,57,R,NONSYN,0.4133638176812908,0.12595126337276366,0.038424967703954725,-1.3127666666666666,100.0,2.0,6.0,-0.0658488663050255,0.25204865044362695,0.9629047895264714,-0.0658,0.25204865044362695,-0.0658488663050255,0.25204865044362695,,0.25204865044362695,0.17822530991760632,0.2263,0.2921604605528435,0.3512151837348938,-0.006,0.1589,1.0,,,,2.080274110242108,,,,
1180,P35557,M,57,D,NONSYN,,0.4466218524194226,0.0971414475077701,-1.9705666666666666,100.0,2.0,6.0,0.23357558431082603,0.0916755725193354,0.8399173543625701,0.2336,0.0916755725193354,0.23357558431082603,0.0916755725193354,,0.0916755725193354,0.06482441899758117,0.3999,0.16632929263657692,0.43159401416778564,0.2372,0.0641,1.0,,,,2.080274110242108,,,,
1181,P35557,M,57,F,NONSYN,0.3024433202519795,0.15623204753343128,0.058768122462454546,-0.4272,100.0,2.0,6.0,-0.22944993927187302,0.0864471115680174,0.9834830521058303,-0.2294,0.0864471115680174,-0.22944993927187302,0.0864471115680174,,0.0864471115680174,0.06112733880373514,0.3226,0.5520816560000834,0.3743530511856079,-0.2151,0.0603,0.998,,,,2.080274110242108,,,,
1182,P35557,M,57,T,NONSYN,0.4428972613017431,0.05954970141772733,0.07351234592868032,-0.9479666666666667,100.0,2.0,6.0,0.444087214376423,0.10399086011855699,0.6158833265626121,0.4441,0.10399086011855699,0.444087214376423,0.10399086011855699,,0.10399086011855699,0.07353264237125334,0.1687,0.2754161428470346,0.33288878202438354,0.4313,0.0718,0.9990000000000001,,,,2.080274110242108,,,,
1183,P35557,M,57,I,NONSYN,0.5092966528428504,-0.06730344476079776,0.07911233130672624,0.1806,100.0,2.0,6.0,-0.0816997480254488,0.46007193954408704,0.9657178576768631,-0.0817,0.46007193954408704,-0.0816997480254488,0.46007193954408704,,0.46007193954408704,0.32531998828527126,0.217,0.29866619823983476,0.34954893589019775,0.0569,0.2381,0.9940000000000001,,,,2.080274110242108,,,,
1184,P35557,M,57,L,NONSYN,0.4802407566174219,-0.12503779120019684,0.11680928036994358,0.0198,100.0,2.0,6.0,0.0915032912927484,0.280578943030653,0.9190147976758083,0.0915,0.280578943030653,0.0915032912927484,0.280578943030653,,0.280578943030653,0.1983992732751287,0.216,0.12451097472135073,0.3790628910064697,0.1183,0.1758,0.97,,,,2.080274110242108,,,,
1185,P35557,M,57,K,NONSYN,0.4908604207297649,-0.0223724305006445,0.06597811459764628,-1.2170333333333332,,,,,,,,,,,,,,0.1269,,0.28658032417297363,0.1269,0.2866,1.0,,,,2.080274110242108,,,,
1186,P35557,M,57,G,NONSYN,0.2313069645088376,0.5384525290219574,0.09269986537426422,-2.044633333333333,100.0,2.0,6.0,-0.0419164454967785,0.15356410615672697,0.9582114401101168,-0.0419,0.15356410615672697,-0.0419164454967785,0.15356410615672697,,0.15356410615672697,0.10858622081027249,0.5753,0.617232636216383,0.4511815011501312,-0.0081,0.1056,1.0,,,,2.080274110242108,,,,
1187,P35557,M,57,Y,NONSYN,,0.6164300489251849,0.1299086095010786,-1.5137666666666665,100.0,2.0,6.0,-0.16235204567070902,0.10198646762143401,0.9770205711771042,-0.1624,0.10198646762143401,-0.16235204567070902,0.10198646762143401,,0.10198646762143401,0.07211532284437824,0.65,0.8123213254367918,0.5083853602409363,-0.1463,0.0714,1.0,,,,2.080274110242108,,,,
1188,P35557,M,57,N,NONSYN,0.3182579182514713,0.4264199670908187,0.12935050606075305,-1.7266666666666666,100.0,2.0,6.0,0.161106131297926,0.376316485322937,0.8863504848946681,0.1611,0.376316485322937,0.161106131297926,0.376316485322937,,0.376316485322937,0.2660959386441366,0.3715,0.21040380813421816,0.42655637860298157,0.22,0.2258,1.0,,,,2.080274110242108,,,,
1189,P35557,M,57,C,NONSYN,,0.05226989076129198,0.1304197923254459,-1.5218999999999998,100.0,2.0,6.0,1.53012842882097,0.0894755957741613,0.0015785894483905708,1.5301,0.0894755957741613,1.53012842882097,0.0894755957741613,,0.0894755957741613,0.06326880052261584,0.143,1.3871441577714705,0.36517804861068726,1.4897,0.0623,1.0,,,,2.080274110242108,,,,
1190,P35557,M,57,P,NONSYN,0.29396488881585514,0.44060716846481074,0.1546127421866625,-1.7313666666666665,100.0,2.0,6.0,0.11854452717595,0.11175982201261801,0.9075421694337038,0.1185,0.11175982201261801,0.11854452717595,0.11175982201261801,,0.11175982201261801,0.07902612800932378,0.4021,0.28356879126734835,0.49380987882614136,0.1256,0.078,1.0,,,,2.080274110242108,,,,
1191,P35557,M,57,E,NONSYN,0.3715633530173947,0.07323005370442066,0.15601313969736938,-1.7125666666666666,100.0,2.0,6.0,1.2206758714571202,0.06826611901056501,0.012870272939020672,1.2207,0.06826611901056501,1.2206758714571202,0.06826611901056501,,0.06826611901056501,0.048271435677658396,0.1524,1.0682777918234074,0.3750416934490204,1.2033,0.0479,1.0,,,,2.080274110242108,,,,
1192,P35557,M,57,M,SYN,,,,,,,,,,,,,,,,,,,,,,,,,,,2.080274110242108,,,,
1193,P35557,M,57,W,NONSYN,0.17309253470131644,0.6144672592770478,0.06802104424754034,-1.3791,100.0,2.0,6.0,-0.157193781227976,0.0772990864799626,0.976427105088528,-0.1572,0.0772990864799626,-0.157193781227976,0.0772990864799626,,0.0772990864799626,0.05465870822950693,0.65,0.8071630609940588,0.43717435002326965,-0.1448,0.0542,1.0,,,,2.080274110242108,,,,
1194,P35557,M,57,H,NONSYN,,0.58229953282182,0.04093099998568681,-1.4892,100.0,2.0,6.0,-0.059960497360614005,0.532932866978624,0.9618015498299565,-0.06,0.532932866978624,-0.059960497360614005,0.532932866978624,,0.532932866978624,0.3768404441577733,0.5962,0.6561880240253479,0.43522173166275024,0.2212,0.2849,1.0,,,,2.080274110242108,,,,
1195,P35557,M,57,Q,NONSYN,0.13890249407095925,0.050224529600427094,0.049859387326389525,-0.3912,100.0,2.0,6.0,0.0885726145271395,0.15777296959884302,0.9201734169516375,0.0886,0.15777296959884302,0.0885726145271395,0.15777296959884302,,0.15777296959884302,0.11156233669128089,0.228,0.13941321458777445,0.3529595732688904,0.1012,0.1064,1.0,,,,2.080274110242108,,,,
1196,P35557,M,57,*,STOP,,,,,100.0,2.0,6.0,-0.27437450261989,0.05,0.9867358517319476,-0.2744,0.05,-0.27437450261989,0.05,,0.05,0.035355339059327376,,,,-0.2744,0.0354,,,,,2.080274110242108,,,,
1197,P35557,L,58,S,NONSYN,0.3696688568840947,0.7587523651982563,0.043937503234151,-1.8501333333333332,100.0,2.0,6.0,-0.12116887606253698,0.187424049279925,0.9718220621900592,-0.1212,0.187424049279925,-0.12116887606253698,0.187424049279925,,0.187424049279925,0.1325288162032766,0.7135,0.8346706870900639,0.41617321968078613,-0.0443,0.1263,1.0,,,,20.984858252925886,,,,
1198,P35557,L,58,A,NONSYN,0.2800117097075371,0.2219736285724656,0.045423057695380575,-1.3620666666666665,100.0,2.0,6.0,-0.126657317828604,0.24051028708873604,0.9725788185318681,-0.1267,0.24051028708873604,-0.126657317828604,0.24051028708873604,,0.24051028708873604,0.17006645494556857,0.2605,0.3871422516817534,0.3567326068878174,-0.055,0.1535,1.0,,,,20.984858252925886,,,,
1199,P35557,L,58,V,NONSYN,0.45006845647116095,0.5701066730019286,0.11424977862136328,-0.2792333333333333,100.0,2.0,6.0,0.33413228184298804,0.0617480746072772,0.749819866712843,0.3341,0.0617480746072772,0.33413228184298804,0.0617480746072772,,0.0617480746072772,0.043662482280018566,0.6023,0.26821378081722924,0.5017171502113342,0.3361,0.0435,0.998,,,,20.984858252925886,,,,
1200,P35557,L,58,R,NONSYN,0.2792328090176149,0.6253502003514663,0.04991926205314936,-1.8351333333333333,100.0,2.0,6.0,0.279037618477833,0.15818362951280499,0.803116227382896,0.279,0.15818362951280499,0.279037618477833,0.15818362951280499,,0.15818362951280499,0.11185271710120488,0.6363,0.3572508455915335,0.4277372658252716,0.3019,0.1082,1.0,,,,20.984858252925886,,,,
1201,P35557,L,58,D,NONSYN,0.15709418040401155,0.05904500294891633,0.0556755298171869,-2.512333333333333,100.0,2.0,6.0,0.0511183061364645,0.201827212497635,0.933646514745895,0.0511,0.201827212497635,0.0511183061364645,0.201827212497635,,0.201827212497635,0.142713390585056,0.1146,0.06343624808754977,0.2731199860572815,0.0647,0.1265,1.0,,,,20.984858252925886,,,,
1202,P35557,L,58,F,NONSYN,0.463424518412456,0.1369272334283647,0.10505640711238373,-0.2331333333333333,100.0,2.0,6.0,1.6336706005636799,0.20025923956642497,0.0007610627915370805,1.6337,0.20025923956642497,1.6336706005636799,0.20025923956642497,,0.20025923956642497,0.14160466629268045,0.301,1.3326530777517902,0.40941593050956726,1.4913,0.1338,1.0,,,,20.984858252925886,,,,
1203,P35557,L,58,T,NONSYN,0.3205067496312658,0.24035713635758726,0.06218665145283939,-1.3817666666666666,100.0,2.0,6.0,-0.181807841183969,0.15929387973856102,0.9791248378506802,-0.1818,0.15929387973856102,-0.181807841183969,0.15929387973856102,,0.15929387973856102,0.11263778256465087,0.2643,0.4461233867428984,0.36015820503234863,-0.1421,0.1075,1.0,,,,20.984858252925886,,,,
1204,P35557,L,58,I,NONSYN,0.3599458773266949,0.5953316804075663,0.06204439623348205,-0.44539999999999996,100.0,2.0,6.0,0.258457259626075,0.41167452109240793,0.8205582392048574,0.2585,0.41167452109240793,0.258457259626075,0.41167452109240793,,0.41167452109240793,0.291097845506166,0.637,0.37852196267159344,0.437445729970932,0.3746,0.2423,0.998,,,,20.984858252925886,,,,
1205,P35557,L,58,L,SYN,,,,,100.0,2.0,6.0,1.07904015071164,0.05,0.03195951007171707,1.079,0.05,1.07904015071164,0.05,,0.05,0.035355339059327376,,,,1.079,0.0354,,,,,20.984858252925886,,,,
1206,P35557,L,58,K,NONSYN,0.16637828819819184,0.666836850684782,0.05810622701164284,-1.8327,100.0,2.0,6.0,0.15457766747788598,0.09540882852801401,0.8898692506844097,0.1546,0.09540882852801401,0.15457766747788598,0.09540882852801401,,0.09540882852801401,0.06746422963722323,0.6363,0.4817107965914805,0.4339219927787781,0.1659,0.0667,1.0,,,,20.984858252925886,,,,
1207,P35557,L,58,G,NONSYN,0.3375782897720982,0.13264082425551182,0.05852548313819134,-2.5354666666666663,100.0,2.0,6.0,-0.169669157783322,0.186750656475818,0.9778363248785322,-0.1697,0.186750656475818,-0.169669157783322,0.186750656475818,,0.186750656475818,0.13205265558509033,0.2403,0.41001591734104603,0.345561146736145,-0.1174,0.1234,1.0,,,,20.984858252925886,,,,
1208,P35557,L,58,Y,NONSYN,0.3932294491632085,-0.1233271494171234,0.07097329122377212,-1.3710666666666667,100.0,2.0,6.0,0.909245016140163,0.0656812610586101,0.08888966902246286,0.9092,0.0656812610586101,0.909245016140163,0.0656812610586101,,0.0656812610586101,0.04644366509142711,0.1036,0.8056865950052142,0.2835800051689148,0.8882,0.0458,1.0,,,,20.984858252925886,,,,
1209,P35557,L,58,N,NONSYN,0.1790631080953343,-0.08458497654065543,0.06529692673785199,-2.4369,100.0,2.0,6.0,0.493460500635885,0.0853733715234403,0.5465454409429596,0.4935,0.0853733715234403,0.493460500635885,0.0853733715234403,,0.0853733715234403,0.06036808993698312,0.0872,0.40628200212933896,0.2646900415420532,0.4734,0.0589,1.0,,,,20.984858252925886,,,,
1210,P35557,L,58,C,NONSYN,0.3444819501115762,0.24763969967798935,0.06568323600573064,-1.3948999999999998,100.0,2.0,6.0,-0.0615162892387972,0.0863134224251899,0.962096208255285,-0.0615,0.0863134224251899,-0.0615162892387972,0.0863134224251899,,0.0863134224251899,0.06103280630427079,0.2643,0.32583183479772665,0.36015820503234863,-0.0524,0.0602,1.0,,,,20.984858252925886,,,,
1211,P35557,L,58,P,NONSYN,0.3101239067988947,0.018014781386814328,0.061246064931602374,-2.2839666666666667,100.0,2.0,6.0,0.0625705621671697,0.16804536572899098,0.9297792577299316,0.0626,0.16804536572899098,0.0625705621671697,0.16804536572899098,,0.16804536572899098,0.11882601765394298,0.1067,0.044085929589269504,0.2646900415420532,0.07,0.1084,1.0,,,,20.984858252925886,,,,
1212,P35557,L,58,E,NONSYN,0.22335052551716408,0.12878730167324423,0.0625405047426682,-2.4328000000000003,100.0,2.0,6.0,-0.146656334005814,0.116753342171486,0.975165622181984,-0.1467,0.116753342171486,-0.146656334005814,0.116753342171486,,0.116753342171486,0.08255707997565105,0.239,0.38560867270134014,0.34118181467056274,-0.1253,0.0802,1.0,,,,20.984858252925886,,,,
1213,P35557,L,58,M,NONSYN,0.4855550162170784,0.7420867140109143,0.10888130618708204,0.15566666666666665,,,,,,,,,,,,,,0.7286,,0.45010265707969666,0.7286,0.4501,1.0,,,,20.984858252925886,,,,
1214,P35557,L,58,W,NONSYN,0.28885364138641745,0.10414880329772731,0.06202718017818034,-1.8677333333333335,100.0,2.0,6.0,1.84264180963905,0.0249833989118017,0.0001679814361010797,1.8426,0.0249833989118017,1.84264180963905,0.0249833989118017,,0.0249833989118017,0.017665930787623595,0.1914,1.651257464346005,0.33984485268592834,1.8382,0.0176,1.0,,,,20.984858252925886,,,,
1215,P35557,L,58,H,NONSYN,0.29725486605293433,0.16539528270762957,0.05886149002810782,-1.9786333333333335,100.0,2.0,6.0,-0.292759822469628,0.21586915708228802,0.9878689320746745,-0.2928,0.21586915708228802,-0.292759822469628,0.21586915708228802,,0.21586915708228802,0.15264254482190986,0.242,0.534725324970162,0.3479645848274231,-0.2065,0.1398,1.0,,,,20.984858252925886,,,,
1216,P35557,L,58,Q,NONSYN,0.3225298006389851,0.5514894008572163,0.060516010419393106,-1.5422,100.0,2.0,6.0,-0.0396685992775909,0.12449075712504,0.9577411422936919,-0.0397,0.12449075712504,-0.0396685992775909,0.12449075712504,,0.12449075712504,0.08802825855816329,0.5468,0.5864791666565887,0.4267677664756775,-0.0157,0.0862,1.0,,,,20.984858252925886,,,,
1217,P35557,L,58,*,STOP,,,,,,,,,,,,,,,,,,,,,,,,,,,20.984858252925886,,,,
1218,P35557,P,59,S,NONSYN,0.4256921542014803,0.430407109259336,0.12111266731451077,-1.0001,100.0,2.0,6.0,-0.16345769153711903,0.13264514055266402,0.977145777267072,-0.1635,0.13264514055266402,-0.16345769153711903,0.13264514055266402,,0.13264514055266402,0.09379427837623143,0.3874,0.5508516429531347,0.4731879234313965,-0.1426,0.092,1.0,,,,14.09671054477067,,,,
1219,P35557,P,59,A,NONSYN,0.4817034186214992,0.27986985863872493,0.11920763589690979,-1.0804,100.0,2.0,6.0,0.288154060324714,0.160734104702545,0.7949658521313663,0.2882,0.160734104702545,0.288154060324714,0.160734104702545,,0.160734104702545,0.1136561754031181,0.331,0.04284474782080905,0.4066537618637085,0.2913,0.1095,1.0,,,,14.09671054477067,,,,
1220,P35557,P,59,V,NONSYN,0.4383577870550538,0.24550392872701768,0.08302548998466479,-1.8745,100.0,2.0,6.0,0.23078125107879002,0.105915918507396,0.84197653409985,0.2308,0.105915918507396,0.23078125107879002,0.105915918507396,,0.105915918507396,0.07489386421218146,0.2623,0.031531339997107194,0.35537412762641907,0.2321,0.0733,1.0,,,,14.09671054477067,,,,
1221,P35557,P,59,R,NONSYN,0.33291698217037546,0.22943076587290548,0.06197130374839476,-1.6794333333333331,100.0,2.0,6.0,0.0074611116188036,0.22796166518359304,0.946571081300138,0.0075,0.22796166518359304,0.0074611116188036,0.22796166518359304,,0.22796166518359304,0.1611932393018959,0.2585,0.2510208677513136,0.35858801007270813,0.0497,0.147,1.0,,,,14.09671054477067,,,,
1222,P35557,P,59,D,NONSYN,0.13167158673135695,0.18219951206035037,0.07264726120961701,-1.6679666666666666,100.0,2.0,6.0,0.149154873056469,0.16154641277227802,0.8927155851592812,0.1492,0.16154641277227802,0.149154873056469,0.16154641277227802,,0.16154641277227802,0.11423056394763888,0.2484,0.09929248555177686,0.35858801007270813,0.1583,0.1088,1.0,,,,14.09671054477067,,,,
1223,P35557,P,59,F,NONSYN,0.305723171027891,0.3473994991341036,0.2012831600189016,-2.4105666666666665,100.0,2.0,6.0,-0.40660489876096795,0.20815908009276896,0.9929748134360933,-0.4066,0.20815908009276896,-0.40660489876096795,0.20815908009276896,,0.20815908009276896,0.14719069709915059,0.3617,0.7683345802528198,0.45090436935424805,-0.3326,0.1399,1.0,,,,14.09671054477067,,,,
1224,P35557,P,59,T,NONSYN,0.3905683468454612,0.28847491561441396,0.1268195963825843,-1.1884333333333332,100.0,2.0,6.0,-0.243048961516103,0.288563400549341,0.9845465250830147,-0.243,0.288563400549341,-0.243048961516103,0.288563400549341,,0.288563400549341,0.2040451373306889,0.3053,0.5483341470915882,0.41203588247299194,-0.1351,0.1829,1.0,,,,14.09671054477067,,,,
1225,P35557,P,59,I,NONSYN,0.29395116310669084,0.30352035554469425,0.1531145176672842,-2.2228666666666665,100.0,2.0,6.0,-0.28359361641439196,0.549409058347031,0.9873171098324792,-0.2836,0.549409058347031,-0.28359361641439196,0.549409058347031,,0.549409058347031,0.38849087080250116,0.3282,0.6118273352864623,0.4194963574409485,-0.0011,0.285,1.0,,,,14.09671054477067,,,,
1226,P35557,P,59,L,NONSYN,0.3804758514067072,-0.024302115807793317,0.13574819060226206,-2.067833333333333,100.0,2.0,6.0,0.0017827387704628,0.150099687546302,0.9480585987215712,0.0018,0.150099687546302,0.0017827387704628,0.150099687546302,,0.150099687546302,0.10613650691797212,0.1148,0.11301339307882614,0.30333006381988525,0.0141,0.1002,1.0,,,,14.09671054477067,,,,
1227,P35557,P,59,K,NONSYN,0.2878654235137882,-0.09038169878950804,0.12896676649045233,-1.1502000000000001,100.0,2.0,6.0,0.973112151674647,0.0877999449301261,0.061170956160691334,0.9731,0.0877999449301261,0.973112151674647,0.0877999449301261,,0.0877999449301261,0.0620839364478976,0.1248,0.8482923067134807,0.3347780704498291,0.9449,0.061,1.0,,,,14.09671054477067,,,,
1228,P35557,P,59,G,NONSYN,0.4312798460663611,-0.01700987552171304,0.13654433781102715,-2.113766666666667,100.0,2.0,6.0,-0.020093982087778,0.136483652300005,0.9534157153379171,-0.0201,0.136483652300005,-0.020093982087778,0.136483652300005,,0.136483652300005,0.09650851606244047,0.1148,0.13489011393706693,0.30333006381988525,-0.0077,0.092,1.0,,,,14.09671054477067,,,,
1229,P35557,P,59,Y,NONSYN,0.20942896620986876,-0.09775957043668498,0.14752839574741158,-2.4152666666666667,100.0,2.0,6.0,0.9288723099513979,0.617118542763127,0.07937773605635186,0.9289,0.617118542763127,0.9288723099513979,0.617118542763127,,0.617118542763127,0.4363687063837675,0.0992,0.8296907770915957,0.29927945137023926,0.3646,0.2468,1.0,,,,14.09671054477067,,,,
1230,P35557,P,59,N,NONSYN,0.21903311575636186,0.25663955854701254,0.05489834196172586,-1.8017666666666665,100.0,2.0,6.0,0.18182046711880104,0.31290358745269803,0.8744956800034879,0.1818,0.31290358745269803,0.18182046711880104,0.31290358745269803,,0.31290358745269803,0.22125624854540066,0.2858,0.10398618876498802,0.358651340007782,0.2105,0.1883,1.0,,,,14.09671054477067,,,,
1231,P35557,P,59,C,NONSYN,0.4219649037795377,0.10017779860081999,0.17775242734136443,-2.593,100.0,2.0,6.0,0.39691980386530495,0.215830442509042,0.6774645350651869,0.3969,0.215830442509042,0.39691980386530495,0.215830442509042,,0.215830442509042,0.15261516948463685,0.1915,0.2054366340712223,0.3988056778907776,0.3707,0.1425,1.0,,,,14.09671054477067,,,,
1232,P35557,P,59,P,SYN,,,,,100.0,2.0,6.0,1.5220343853693301,0.05,0.0016703253452816304,1.522,0.05,1.5220343853693301,0.05,,0.05,0.035355339059327376,,,,1.522,0.0354,,,,,14.09671054477067,,,,
1233,P35557,P,59,E,NONSYN,0.187686271514566,0.253339435312397,0.13363765084791937,-1.1939,100.0,2.0,6.0,-0.137642520610052,0.22650436106494895,0.9740319754761358,-0.1376,0.22650436106494895,-0.137642520610052,0.22650436106494895,,0.22650436106494895,0.1601627696773516,0.2643,0.40195806616898144,0.4124029576778412,-0.085,0.1493,1.0,,,,14.09671054477067,,,,
1234,P35557,P,59,M,NONSYN,0.2411349625055221,0.09844248786249583,0.09413196600935764,-1.6978,100.0,2.0,6.0,0.57478530115003,0.0868431539245854,0.4281421788666952,0.5748,0.0868431539245854,0.57478530115003,0.0868431539245854,,0.0868431539245854,0.06140738303970147,0.2005,0.37423969215268504,0.3635105490684509,0.5644,0.0605,1.0,,,,14.09671054477067,,,,
1235,P35557,P,59,W,NONSYN,0.30546275679376184,0.30639573835191164,0.16171790912312609,-2.4996333333333336,100.0,2.0,6.0,-0.22173401538797,0.38021199246774606,0.9828463977957363,-0.2217,0.38021199246774606,-0.22173401538797,0.38021199246774606,,0.38021199246774606,0.26885047816239177,0.3386,0.5603637379831848,0.43284621834754944,-0.0657,0.2284,1.0,,,,14.09671054477067,,,,
1236,P35557,P,59,H,NONSYN,0.3015928613207122,0.2438004286084342,0.06896275067681949,-1.6375666666666666,100.0,2.0,6.0,-0.0356478765877825,0.188385211536904,0.95688668147861,-0.0356,0.188385211536904,-0.0356478765877825,0.188385211536904,,0.188385211536904,0.13320846055300703,0.2643,0.29996342214671196,0.35858801007270813,0.0007,0.1249,1.0,,,,14.09671054477067,,,,
1237,P35557,P,59,Q,NONSYN,0.32572451857320683,0.19747355651616402,0.08890753375394927,-1.2209666666666668,100.0,2.0,6.0,0.0299551157786469,0.480088246646775,0.9402546058084208,0.03,0.480088246646775,0.0299551157786469,0.480088246646775,,0.480088246646775,0.3394736547718944,0.2605,0.2305298180745025,0.37344199419021606,0.1343,0.2512,1.0,,,,14.09671054477067,,,,
1238,P35557,P,59,*,STOP,,,,,,,,,,,,,,,,,,,,,,,,,,,14.09671054477067,,,,
1239,P35557,T,60,S,NONSYN,0.5112342370012433,0.33675063665440147,0.1669523606898681,-0.33873333333333333,100.0,2.0,6.0,0.647770828103645,0.269623351264208,0.32668649932580673,0.6478,0.269623351264208,0.647770828103645,0.269623351264208,,0.269623351264208,0.19065250004516396,0.4292,0.21853235969506035,0.5221994519233704,0.6221,0.1791,0.998,,,,6.948282251717076,,,,
1240,P35557,T,60,A,NONSYN,0.4371005638552374,0.12206833694943307,0.15853321983557028,-0.5245,100.0,2.0,6.0,0.700388634128335,0.238822365877367,0.26120498474389076,0.7004,0.238822365877367,0.700388634128335,0.238822365877367,,0.238822365877367,0.16887291441090094,0.3196,0.3807859956452875,0.4311941862106323,0.6497,0.1572,0.998,,,,6.948282251717076,,,,
1241,P35557,T,60,V,NONSYN,0.335359974884157,0.2354661964634507,0.16416262005387816,-0.4691,100.0,2.0,6.0,0.360195055586282,0.156005159773292,0.721241871746476,0.3602,0.156005159773292,0.360195055586282,0.156005159773292,,0.156005159773292,0.11031230637578555,0.3246,0.035586610418740505,0.4311941862106323,0.358,0.1069,1.0,,,,6.948282251717076,,,,
1242,P35557,T,60,R,NONSYN,0.3928132642818517,-0.08191647324194073,0.1172358015571585,-1.2489999999999999,100.0,2.0,6.0,0.0177324782255108,0.172083634265427,0.9437728088103932,0.0177,0.172083634265427,0.0177324782255108,0.172083634265427,,0.172083634265427,0.12168150472030916,0.1075,0.0897361268159931,0.291496217250824,0.031,0.1123,1.0,,,,6.948282251717076,,,,
1243,P35557,T,60,D,NONSYN,0.24736015353784535,-0.07243565794673333,0.074772494533089,-1.2412666666666667,100.0,2.0,6.0,-0.0107099676601114,0.41996703119039297,0.9511884577964234,-0.0107,0.41996703119039297,-0.0107099676601114,0.41996703119039297,,0.41996703119039297,0.29696153562950917,0.1251,0.1357855463496866,0.28873884677886963,0.0591,0.207,1.0,,,,6.948282251717076,,,,
1244,P35557,T,60,F,NONSYN,0.2626450658678516,-0.10056384277614243,0.08081602997104115,-1.4809,100.0,2.0,6.0,-0.18805169124913898,0.0914600730306887,0.9797574691443175,-0.1881,0.0914600730306887,-0.18805169124913898,0.0914600730306887,,0.0914600730306887,0.06467203784781685,0.1054,0.2934090997726986,0.28224021196365356,-0.1734,0.063,1.0,,,,6.948282251717076,,,,
1245,P35557,T,60,T,SYN,,,,,100.0,2.0,6.0,1.06837379416542,0.05,0.034165823326577145,1.0684,0.05,1.06837379416542,0.05,,0.05,0.035355339059327376,,,,1.0684,0.0354,,,,,6.948282251717076,,,,
1246,P35557,T,60,I,NONSYN,0.39900335367527456,0.013594667067701937,0.05872298820140039,-0.8405666666666667,,,,,,,,,,,,,,0.1485,,0.3240124583244324,0.1485,0.324,1.0,,,,6.948282251717076,,,,
1247,P35557,T,60,L,NONSYN,0.3692076635094301,-0.06132483692222124,0.13167654944851095,-1.2598666666666667,100.0,2.0,6.0,-0.0538186171292748,0.12810558454614998,0.9606156681661382,-0.0538,0.12810558454614998,-0.0538186171292748,0.12810558454614998,,0.12810558454614998,0.09058432754044923,0.1351,0.18890482571119924,0.327639639377594,-0.0404,0.0873,1.0,,,,6.948282251717076,,,,
1248,P35557,T,60,K,NONSYN,0.35305220057868336,0.28177213233242193,0.05311285623223994,-0.8824,100.0,2.0,6.0,0.104259277938373,0.13616064336021,0.9137823340540482,0.1043,0.13616064336021,0.104259277938373,0.13616064336021,,0.13616064336021,0.09628011425072754,0.305,0.20072690093659648,0.378425657749176,0.1165,0.0933,1.0,,,,6.948282251717076,,,,
1249,P35557,T,60,G,NONSYN,0.43600131382643137,-0.10287515649234641,0.07622344996619591,-1.4976,100.0,2.0,6.0,-0.181117750100527,0.146105577300587,0.9790536846206997,-0.1811,0.146105577300587,-0.181117750100527,0.146105577300587,,0.146105577300587,0.10331224447842036,0.1054,0.28647515862408657,0.2860949635505676,-0.1481,0.0972,1.0,,,,6.948282251717076,,,,
1250,P35557,T,60,Y,NONSYN,0.2452402164451186,-0.12040438317326076,0.07846565937173054,-1.4882666666666668,100.0,2.0,6.0,-0.128530070057784,0.12289679797413301,0.972832281030331,-0.1285,0.12289679797413301,-0.128530070057784,0.12289679797413301,,0.12289679797413301,0.0869011592336226,0.1054,0.23388747858134357,0.2860949635505676,-0.1088,0.0831,1.0,,,,6.948282251717076,,,,
1251,P35557,T,60,N,NONSYN,0.4084330644454248,0.372308474909349,0.07035003501920403,-0.5004666666666666,100.0,2.0,6.0,-0.0503317797514126,0.648337798527437,0.959926055205921,-0.0503,0.648337798527437,-0.0503317797514126,0.648337798527437,,0.648337798527437,0.4584440538383083,0.3606,0.4109660172792599,0.38963109254837036,0.1883,0.2969,1.0,,,,6.948282251717076,,,,
1252,P35557,T,60,C,NONSYN,0.4354541497454498,0.008356153586935366,0.0632911993492772,-0.9026333333333333,100.0,2.0,6.0,0.908791673732533,0.0851250349161299,0.08912065988517845,0.9088,0.0851250349161299,0.908791673732533,0.0851250349161299,,0.0851250349161299,0.06019248943793708,0.1485,0.760309976888432,0.33112242817878723,0.8845,0.0592,1.0,,,,6.948282251717076,,,,
1253,P35557,T,60,P,NONSYN,0.34993609822478866,-0.08191647324194073,0.1172358015571585,-1.2489999999999999,100.0,2.0,6.0,0.0079562918298837,0.284801141034251,0.9464393853567716,0.008,0.284801141034251,0.0079562918298837,0.284801141034251,,0.284801141034251,0.20138481811498518,0.1075,0.09951231321162021,0.291496217250824,0.0401,0.1657,1.0,,,,6.948282251717076,,,,
1254,P35557,T,60,E,NONSYN,0.187606014059847,0.343594476632139,0.055477107166297716,-0.9996666666666666,100.0,2.0,6.0,0.0406261945711301,0.133204803450669,0.9370072147281409,0.0406,0.133204803450669,0.0406261945711301,0.133204803450669,,0.133204803450669,0.09419001980658928,0.3453,0.30464282980097074,0.3820708096027374,0.0581,0.0915,1.0,,,,6.948282251717076,,,,
1255,P35557,T,60,M,NONSYN,0.3518740482942453,0.29774464664073635,0.05850295262178368,-0.8963,100.0,2.0,6.0,0.0563417350134298,0.0878098022461326,0.9319089858060251,0.0563,0.0878098022461326,0.0563417350134298,0.0878098022461326,,0.0878098022461326,0.062090906622890095,0.3152,0.25884142767577917,0.38033977150917053,0.0631,0.0613,1.0,,,,6.948282251717076,,,,
1256,P35557,T,60,W,NONSYN,0.2914737870902876,-0.16589983713581666,0.04989734329902387,-1.5825333333333333,100.0,2.0,6.0,-0.231710826078476,0.506819382626173,0.9836649534188397,-0.2317,0.506819382626173,-0.231710826078476,0.506819382626173,,0.506819382626173,0.3583754222917464,0.0916,0.32333517543417367,0.2779863774776459,-0.0298,0.2197,1.0,,,,6.948282251717076,,,,
1257,P35557,T,60,H,NONSYN,0.3614886802674268,-0.018857430986500834,0.12335473643412738,-1.2503,100.0,2.0,6.0,-0.181220834936436,0.23369392145006002,0.979064329159,-0.1812,0.23369392145006002,-0.181220834936436,0.23369392145006002,,0.23369392145006002,0.1652465565794138,0.1269,0.30816740342551074,0.29812806844711304,-0.1088,0.1445,1.0,,,,6.948282251717076,,,,
1258,P35557,T,60,Q,NONSYN,0.1843049627657748,0.3564642288947786,0.04313837795091225,-0.8862333333333333,100.0,2.0,6.0,-0.119817011748697,0.18926364153915398,0.9716324280998937,-0.1198,0.18926364153915398,-0.119817011748697,0.18926364153915398,,0.18926364153915398,0.1338296043643957,0.3453,0.4650860361207978,0.3878493309020996,-0.0703,0.1265,1.0,,,,6.948282251717076,,,,
1259,P35557,T,60,*,STOP,,,,,100.0,2.0,6.0,-0.0891011982007357,0.05,0.9669567171462232,-0.0891,0.05,-0.0891011982007357,0.05,,0.05,0.035355339059327376,,,,-0.0891,0.0354,,,,,6.948282251717076,,,,
1260,P35557,Y,61,S,NONSYN,0.38834274260646795,0.0698185229635379,0.0620831544777021,-1.5604666666666667,100.0,2.0,6.0,0.191419441114333,0.11458834734066499,0.8686325987661142,0.1914,0.11458834734066499,0.191419441114333,0.11458834734066499,,0.11458834734066499,0.0810261974495437,0.1562,0.03520928681936536,0.3322032392024994,0.1894,0.0787,1.0,,,,51.04595224507966,,,,
1261,P35557,Y,61,A,NONSYN,0.20972259918765807,0.15740915288156512,0.12143628802420277,-1.7107666666666665,100.0,2.0,6.0,-0.128679910791105,0.128308832723386,0.9728524575522127,-0.1287,0.128308832723386,-0.128679910791105,0.128308832723386,,0.128308832723386,0.09072804570483663,0.242,0.370645413291639,0.3926388621330261,-0.1099,0.0884,1.0,,,,51.04595224507966,,,,
1262,P35557,Y,61,V,NONSYN,0.299959060462427,0.10386680944385474,0.05046192020129623,-1.5651000000000002,100.0,2.0,6.0,0.0892745816733825,0.191501743013658,0.919897352257877,0.0893,0.191501743013658,0.0892745816733825,0.191501743013658,,0.191501743013658,0.1354121810940011,0.2067,0.11745590328908088,0.352688193321228,0.1044,0.1264,1.0,,,,51.04595224507966,,,,
1263,P35557,Y,61,R,NONSYN,0.1371352939524294,0.11615807586809031,0.1240348563805707,-1.7367666666666663,100.0,2.0,6.0,-0.0049266797506806,0.0705792652718051,0.9497634841198973,-0.0049,0.0705792652718051,-0.0049266797506806,0.0705792652718051,,0.0705792652718051,0.04990707708485757,0.1939,0.19887420358300176,0.3756216764450073,-0.0015,0.0495,1.0,,,,51.04595224507966,,,,
1264,P35557,Y,61,D,NONSYN,0.2808273038865437,0.046459072643329664,0.05189866916188405,-2.4846,100.0,2.0,6.0,0.328409410055853,0.28274325379160403,0.7558076735763785,0.3284,0.28274325379160403,0.328409410055853,0.28274325379160403,,0.28274325379160403,0.1999296720907922,0.1146,0.21385485583183872,0.267483115196228,0.2518,0.1601,1.0,,,,51.04595224507966,,,,
1265,P35557,Y,61,F,NONSYN,0.4872780854634644,0.17923787402126234,0.10320262610099283,-0.06290000000000003,100.0,2.0,6.0,0.98021663993056,0.0753156135725024,0.05862636540443172,0.9802,0.0753156135725024,0.98021663993056,0.0753156135725024,,0.0753156135725024,0.053256181086342017,0.3319,0.648356276447131,0.3984604477882385,0.9688,0.0528,0.9990000000000001,,,,51.04595224507966,,,,
1266,P35557,Y,61,T,NONSYN,0.3050153834687861,0.0674767721966079,0.060234502681515374,-1.5653333333333332,100.0,2.0,6.0,0.198444693415123,0.13115143523917,0.8641877009986066,0.1984,0.13115143523917,0.198444693415123,0.13115143523917,,0.13115143523917,0.09273806921996543,0.1521,0.046368776886421215,0.3322032392024994,0.1951,0.0893,1.0,,,,51.04595224507966,,,,
1267,P35557,Y,61,I,NONSYN,0.28896106325248155,-0.14594667125273048,0.06349559747323612,-1.4040666666666668,100.0,2.0,6.0,-0.0730706735977409,0.329223993734393,0.9642141984915121,-0.0731,0.329223993734393,-0.0730706735977409,0.329223993734393,,0.329223993734393,0.2327965184989067,0.1043,0.17737093414156413,0.2814214527606964,-0.001,0.1794,0.9990000000000001,,,,51.04595224507966,,,,
1268,P35557,Y,61,L,NONSYN,0.28126980143421565,-0.17473593712624824,0.09556711075305829,-1.3954666666666666,100.0,2.0,6.0,0.0132971240228124,0.128699519753378,0.944998443629621,0.0133,0.128699519753378,0.0132971240228124,0.128699519753378,,0.128699519753378,0.09100430315306561,0.0989,0.08558242190423533,0.28996971249580383,0.021,0.0868,0.997,,,,51.04595224507966,,,,
1269,P35557,Y,61,K,NONSYN,0.19614719212003395,-0.03397727136413523,0.04298800611539086,-1.7127333333333334,100.0,2.0,6.0,0.4454793619459961,0.49863976714919395,0.6139869478087921,0.4455,0.49863976714919395,0.4454793619459961,0.49863976714919395,,0.49863976714919395,0.3525915607204761,0.1094,0.3360731291121338,0.28046679496765137,0.2396,0.2195,1.0,,,,51.04595224507966,,,,
1270,P35557,Y,61,G,NONSYN,0.19871662093811185,0.16417296239378865,0.08221500750056668,-2.3432,100.0,2.0,6.0,-0.0247322591955239,0.0822113545009427,0.9544789595327251,-0.0247,0.0822113545009427,-0.0247322591955239,0.0822113545009427,,0.0822113545009427,0.05813220625814778,0.242,0.26669776169605797,0.3418639600276947,-0.0172,0.0573,1.0,,,,51.04595224507966,,,,
1271,P35557,Y,61,Y,SYN,,,,,100.0,2.0,6.0,1.05791725124675,0.05,0.036466510196421324,1.0579,0.05,1.05791725124675,0.05,,0.05,0.035355339059327376,,,,1.0579,0.0354,,,,,51.04595224507966,,,,
1272,P35557,Y,61,N,NONSYN,0.3952363274633001,0.10395759046807014,0.12249403763806177,-1.7366333333333335,100.0,2.0,6.0,0.0316747764493799,0.108714519797671,0.9397425884928718,0.0317,0.108714519797671,0.0316747764493799,0.108714519797671,,0.108714519797671,0.07687277416237233,0.1939,0.16227274738294126,0.3744869828224182,0.0382,0.0753,1.0,,,,51.04595224507966,,,,
1273,P35557,Y,61,C,NONSYN,0.4586734907533599,0.11615807586809031,0.1240348563805707,-1.7367666666666668,100.0,2.0,6.0,-0.20122011878685,0.10479468513639399,0.9810280334073213,-0.2012,0.10479468513639399,-0.20122011878685,0.10479468513639399,,0.10479468513639399,0.07410103249225329,0.1898,0.3909856913347626,0.3756216764450073,-0.1866,0.0727,1.0,,,,51.04595224507966,,,,
1274,P35557,Y,61,P,NONSYN,0.23460250402828794,0.09148789373170167,0.07442330560297174,-2.446166666666667,100.0,2.0,6.0,0.193322946790737,0.16949138489872598,0.8674412275555924,0.1933,0.16949138489872598,0.193322946790737,0.16949138489872598,,0.16949138489872598,0.11984850761458833,0.1691,0.024267395500224914,0.3176371455192566,0.1903,0.1121,1.0,,,,51.04595224507966,,,,
1275,P35557,Y,61,E,NONSYN,0.2834825200829025,0.10683741268658002,0.08153152190423973,-2.2428666666666666,100.0,2.0,6.0,-0.0292134696652241,0.114002004939285,0.9554832259913308,-0.0292,0.114002004939285,-0.0292134696652241,0.114002004939285,,0.114002004939285,0.08061159076143071,0.1914,0.22059781495826913,0.32885977625846863,-0.0167,0.0783,1.0,,,,51.04595224507966,,,,
1276,P35557,Y,61,M,NONSYN,0.28510862464089565,0.15971290540094615,0.06101188676935931,-1.5896,100.0,2.0,6.0,-0.0782637061978918,0.12451549588576,0.9651268971349178,-0.0783,0.12451549588576,-0.0782637061978918,0.12451549588576,,0.12451549588576,0.08804575150362655,0.244,0.3222321631814581,0.36015820503234863,-0.0601,0.0855,1.0,,,,51.04595224507966,,,,
1277,P35557,Y,61,W,NONSYN,0.3374643971404331,0.4482518133169077,0.10237896333042912,0.17450000000000002,100.0,2.0,6.0,0.173174822043624,0.0933829742260659,0.8795736764742058,0.1732,0.0933829742260659,0.173174822043624,0.0933829742260659,,0.0933829742260659,0.06603173432261979,0.4062,0.23306796579435818,0.43238264322280884,0.1785,0.0653,1.0,,,,51.04595224507966,,,,
1278,P35557,Y,61,H,NONSYN,0.37993420185509386,0.36010692945881434,0.08259044186477305,0.2750666666666666,100.0,2.0,6.0,0.437609473617904,0.273139632219153,0.6246533844894768,0.4376,0.273139632219153,0.437609473617904,0.273139632219153,,0.273139632219153,0.19313888615296268,0.3606,0.07697523609005669,0.37800318002700806,0.4217,0.172,1.0,,,,51.04595224507966,,,,
1279,P35557,Y,61,Q,NONSYN,0.2421324616458889,-0.0460124185909401,0.088335255686897,-1.3627666666666667,100.0,2.0,6.0,-0.37287343158311204,0.20125297779727697,0.9917508933074471,-0.3729,0.20125297779727697,-0.37287343158311204,0.20125297779727697,,0.20125297779727697,0.14230734533444023,0.1269,0.49982000007218674,0.2966015636920929,-0.2793,0.1283,1.0,,,,51.04595224507966,,,,
1280,P35557,Y,61,*,STOP,,,,,,,,,,,,,,,,,,,,,,,,,,,51.04595224507966,,,,
1281,P35557,V,62,S,NONSYN,0.33699392667600697,0.5621186168567217,0.10606525934986354,-1.4466,100.0,2.0,6.0,0.0763902598351527,0.15419325788378302,0.9248216147696626,0.0764,0.15419325788378302,0.0763902598351527,0.15419325788378302,,0.15419325788378302,0.10903109826286905,0.6093,0.5329139298468542,0.4842912554740906,0.1021,0.1064,1.0,,,,12.993834129040888,,,,
1282,P35557,V,62,A,NONSYN,0.4716545268994549,0.2233343293327162,0.13177450329971782,-0.7901333333333334,100.0,2.0,6.0,0.16858200234637,0.3722212871781211,0.8821948597813769,0.1686,0.3722212871781211,0.16858200234637,0.3722212871781211,,0.3722212871781211,0.26320019626563473,0.3064,0.13785647350087427,0.42224451899528503,0.2072,0.2234,1.0,,,,12.993834129040888,,,,
1283,P35557,V,62,V,SYN,,,,,100.0,2.0,6.0,0.8454698774593241,0.05,0.12688185822487946,0.8455,0.05,0.8454698774593241,0.05,,0.05,0.035355339059327376,,,,0.8455,0.0354,,,,,12.993834129040888,,,,
1284,P35557,V,62,R,NONSYN,0.17643841508486408,-0.11708730860233323,0.10227068815326523,-1.9857333333333334,100.0,2.0,6.0,0.0198182548735218,0.129568265713595,0.9431871834829759,0.0198,0.129568265713595,0.0198182548735218,0.129568265713595,,0.129568265713595,0.09161859931266346,0.0851,0.06524907691740227,0.28370481729507446,0.026,0.0872,1.0,,,,12.993834129040888,,,,
1285,P35557,V,62,D,NONSYN,0.27348180848279724,0.04237929857650807,0.15775084610041823,-2.3809,,,,,,,,,,,,,,0.1268,,0.3059113025665283,0.1268,0.3059,1.0,,,,12.993834129040888,,,,
1286,P35557,V,62,F,NONSYN,0.4053248813429461,0.1691423312845639,0.10359120699625922,-0.9184666666666667,100.0,2.0,6.0,0.365119352896642,0.40816566809077204,0.715605054196055,0.3651,0.40816566809077204,0.365119352896642,0.40816566809077204,,0.40816566809077204,0.2886167117545225,0.2532,0.11193923648161819,0.394231915473938,0.3261,0.2329,1.0,,,,12.993834129040888,,,,
1287,P35557,V,62,T,NONSYN,0.3185872156759129,1.1437717632081015,0.11606911087870836,-0.1374,100.0,2.0,6.0,0.0424289034293377,0.339302081853892,0.9364418440722755,0.0424,0.339302081853892,0.0424289034293377,0.339302081853892,,0.339302081853892,0.23992280294960003,0.8405,0.7980521394326008,0.473403662443161,0.2055,0.214,0.9990000000000001,,,,12.993834129040888,,,,
1288,P35557,V,62,I,NONSYN,0.4306262074024321,1.1017207302357572,0.11032122519789855,-0.1123,100.0,2.0,6.0,0.646503254852397,0.446001114008118,0.3283572315238029,0.6465,0.446001114008118,0.646503254852397,0.446001114008118,,0.446001114008118,0.3153704121318947,0.8559,0.20937223724355025,0.45115840435028076,0.7152,0.2585,0.996,,,,12.993834129040888,,,,
1289,P35557,V,62,L,NONSYN,0.4667115524229356,0.39415856354238726,0.1397316542767826,-0.29109999999999997,100.0,2.0,6.0,2.29126850242648,0.0785732908108216,5.53100471310622e-06,2.2913,0.0785732908108216,2.29126850242648,0.0785732908108216,,0.0785732908108216,0.05555970675247459,0.4277,1.863539819670056,0.517971932888031,2.2701,0.0552,0.998,,,,12.993834129040888,,,,
1290,P35557,V,62,K,NONSYN,0.1909141340536438,0.17283781484842167,0.04802196507755627,-1.7571333333333332,100.0,2.0,6.0,0.0209182891999532,0.125001248601243,0.9428759136599045,0.0209,0.125001248601243,0.0209182891999532,0.125001248601243,,0.125001248601243,0.08838923054272436,0.2481,0.22714485786807048,0.3577701151371002,0.034,0.0858,1.0,,,,12.993834129040888,,,,
1291,P35557,V,62,G,NONSYN,0.3807983932718594,0.07193827785500663,0.15790882531776326,-2.1775333333333333,100.0,2.0,6.0,-0.0688586829619739,0.126056802509599,0.963456271826947,-0.0689,0.126056802509599,-0.0688586829619739,0.126056802509599,,0.126056802509599,0.08913561986923085,0.1453,0.21414694175294374,0.35374629497528076,-0.0561,0.0864,1.0,,,,12.993834129040888,,,,
1292,P35557,V,62,Y,NONSYN,0.33250944557826595,0.17283781484842167,0.04802196507755627,-1.7571333333333332,100.0,2.0,6.0,1.10726870430765,0.12107115737342099,0.026749099113228175,1.1073,0.12107115737342099,1.10726870430765,0.12107115737342099,,0.12107115737342099,0.08561023638484964,0.2481,0.8592055572396262,0.3577701151371002,1.0607,0.0833,1.0,,,,12.993834129040888,,,,
1293,P35557,V,62,N,NONSYN,0.2445312890805706,-0.04686898072205172,0.1713293543303451,-2.1033666666666666,100.0,2.0,6.0,-0.0078792196378889,0.21576383372565802,0.9504960562659359,-0.0079,0.21576383372565802,-0.0078792196378889,0.21576383372565802,,0.21576383372565802,0.15256806996221947,0.1189,0.12677892266370677,0.3059113025665283,0.0174,0.1365,1.0,,,,12.993834129040888,,,,
1294,P35557,V,62,C,NONSYN,0.4349501020449153,0.20336387169272155,0.1351796048089229,-0.9503666666666666,100.0,2.0,6.0,0.262454731672169,0.175602504536811,0.8172731323195296,0.2625,0.175602504536811,0.262454731672169,0.175602504536811,,0.175602504536811,0.12416972175132053,0.2713,0.008860604555248008,0.41387566924095154,0.2632,0.1189,1.0,,,,12.993834129040888,,,,
1295,P35557,V,62,P,NONSYN,0.17175025849116904,0.074453747950734,0.04933290113891118,-1.883333333333333,100.0,2.0,6.0,-0.36430099536906396,0.3550886392160421,0.9914057524893113,-0.3643,0.3550886392160421,-0.36430099536906396,0.3550886392160421,,0.3550886392160421,0.2510855847119668,0.137,0.5012876384450069,0.2898947298526764,-0.1494,0.1898,1.0,,,,12.993834129040888,,,,
1296,P35557,V,62,E,NONSYN,0.32079411141973807,0.13917026078151773,0.0517788918422912,-1.7854,100.0,2.0,6.0,0.12192095140066499,0.0942141760180916,0.9060062210293367,0.1219,0.0942141760180916,0.12192095140066499,0.0942141760180916,,0.0942141760180916,0.06661948274629556,0.242,0.12004455109986907,0.35568878054618835,0.126,0.0655,1.0,,,,12.993834129040888,,,,
1297,P35557,V,62,M,NONSYN,0.4348220015603004,0.8340931360673959,0.12014998760987693,-0.2969,100.0,2.0,6.0,0.971464784851454,0.312688733960389,0.06177508719276556,0.9715,0.312688733960389,0.971464784851454,0.312688733960389,,0.312688733960389,0.22110432418402734,0.746,0.2254459578899367,0.5027453303337097,0.9349,0.2024,1.0,,,,12.993834129040888,,,,
1298,P35557,V,62,W,NONSYN,0.20407639127029992,0.11893567798883041,0.05041014651837925,-1.7649666666666668,100.0,2.0,6.0,0.182624699778727,0.10674261002135,0.874013630242974,0.1826,0.10674261002135,0.182624699778727,0.10674261002135,,0.10674261002135,0.07547842338764771,0.1947,0.01207977323991924,0.33924850821495056,0.1832,0.0737,1.0,,,,12.993834129040888,,,,
1299,P35557,V,62,H,NONSYN,0.2484595230317529,-0.01897321590878033,0.06634601423302859,-2.2815999999999996,100.0,2.0,6.0,0.20387579832938701,0.620879682880849,0.8606604658820564,0.2039,0.620879682880849,0.20387579832938701,0.620879682880849,,0.620879682880849,0.4390282340660015,0.1067,0.0972193065729478,0.2646900415420532,0.1326,0.2267,1.0,,,,12.993834129040888,,,,
1300,P35557,V,62,Q,NONSYN,0.31633139311143543,0.10848798012644839,0.04465647141656185,-1.7866,100.0,2.0,6.0,0.21396779336587302,0.145738356589618,0.8538913422621003,0.214,0.145738356589618,0.21396779336587302,0.145738356589618,,0.145738356589618,0.10305258022350205,0.1914,0.022583448072827972,0.3371671736240387,0.212,0.0986,1.0,,,,12.993834129040888,,,,
1301,P35557,V,62,*,STOP,,,,,100.0,2.0,6.0,-0.0500267439562818,0.05,0.9598651534634454,-0.05,0.05,-0.0500267439562818,0.05,,0.05,0.035355339059327376,,,,-0.05,0.0354,,,,,12.993834129040888,,,,
1302,P35557,R,63,S,NONSYN,0.4030125793742561,1.8533939574758331,0.04522618223027431,-0.8416666666666667,100.0,2.0,6.0,1.63758749581004,0.16866063740466503,0.0007401597615702875,1.6376,0.16866063740466503,1.63758749581004,0.16866063740466503,,0.16866063740466503,0.1192610804280841,1.2191,0.41850466347361426,0.6784330606460571,1.625,0.1175,0.9690000000000001,,,,97.72884115789213,,,,
1303,P35557,R,63,A,NONSYN,0.3189859929557896,1.53430155239875,0.06057608660821424,-1.0746,100.0,2.0,6.0,1.0089635159651,0.151110501201111,0.049283969488121776,1.009,0.151110501201111,1.0089635159651,0.151110501201111,,0.151110501201111,0.10685126010780352,1.0838,0.07487041691148688,0.48458412289619446,1.0124,0.1043,0.774,,,,97.72884115789213,,,,
1304,P35557,R,63,V,NONSYN,0.398009908378716,1.0540142604895644,0.022968251977839915,-1.9711666666666667,100.0,2.0,6.0,1.0514929443902699,0.168599710824925,0.03795093081042104,1.0515,0.168599710824925,1.0514929443902699,0.168599710824925,,0.168599710824925,0.11921799883039542,0.9103,0.1411518007821766,0.38003265857696533,1.0388,0.1138,0.8320000000000001,,,,97.72884115789213,,,,
1305,P35557,R,63,R,SYN,,,,,100.0,2.0,6.0,0.9037723636882571,0.05,0.09171322819347213,0.9038,0.05,0.9037723636882571,0.05,,0.05,0.035355339059327376,,,,0.9038,0.0354,,,,,97.72884115789213,,,,
1306,P35557,R,63,D,NONSYN,0.1122725979085614,1.5059332153659166,0.10957354680600401,-1.7069333333333334,100.0,2.0,6.0,2.2540572233997698,0.22379448259832896,7.4058603077332745e-06,2.2541,0.22379448259832896,2.2540572233997698,0.22379448259832896,,0.22379448259832896,0.1582465962374132,1.0452,1.2088511534534807,0.5415522456169128,2.159,0.1519,0.997,,,,97.72884115789213,,,,
1307,P35557,R,63,F,NONSYN,0.3436253892885596,0.8072025947860803,0.0715686794506604,-2.1555666666666666,100.0,2.0,6.0,0.937523075085263,0.0612311193920374,0.07547819481610592,0.9375,0.0612311193920374,0.937523075085263,0.0612311193920374,,0.0612311193920374,0.043296939741752756,0.7841,0.15343732450542902,0.4004663825035095,0.9358,0.043,0.9790000000000001,,,,97.72884115789213,,,,
1308,P35557,R,63,T,NONSYN,0.292232657128476,1.28028089512913,0.054110225646696146,-1.0614333333333332,100.0,2.0,6.0,1.77102548777396,0.19021621134746106,0.00028354074188578445,1.771,0.19021621134746106,1.77102548777396,0.19021621134746106,,0.19021621134746106,0.1345031729354032,1.0512,0.7197919577294043,0.5100095272064209,1.7242,0.1301,0.943,,,,97.72884115789213,,,,
1309,P35557,R,63,I,NONSYN,0.35928103966798514,1.0396960540907576,0.04650735635605623,-2.1296999999999997,100.0,2.0,6.0,0.24004269717123103,0.238775627477934,0.8350636882594076,0.24,0.238775627477934,0.24004269717123103,0.238775627477934,,0.238775627477934,0.16883986537172005,0.8628,0.6227140319547455,0.3854493498802185,0.3403,0.1547,0.96,,,,97.72884115789213,,,,
1310,P35557,R,63,L,NONSYN,0.3775202648814329,1.4875303466803598,0.10702572739225012,-1.8647666666666665,100.0,2.0,6.0,0.6294360378521899,0.0687672568146895,0.3512230363348703,0.6294,0.0687672568146895,0.6294360378521899,0.0687672568146895,,0.0687672568146895,0.04862579361726376,1.0838,0.454397895024397,0.5051658153533936,0.6336,0.0484,0.868,,,,97.72884115789213,,,,
1311,P35557,R,63,K,NONSYN,0.4996982892545154,2.0436505245350833,0.10773715990590438,-0.31583333333333335,100.0,2.0,6.0,1.4786905875014198,0.10106388103918199,0.0022572213352397776,1.4787,0.10106388103918199,1.4786905875014198,0.10106388103918199,,0.10106388103918199,0.07146295561583613,1.2664,0.21226473949421765,0.6232389807701111,1.4759,0.071,0.623,,,,97.72884115789213,,,,
1312,P35557,R,63,G,NONSYN,0.4710347881166008,1.1656478031206767,0.10798469651098336,-1.865,100.0,2.0,6.0,1.59508366853124,0.0318989841326719,0.0010003486395501067,1.5951,0.0318989841326719,1.59508366853124,0.0318989841326719,,0.0318989841326719,0.02255598799317438,0.9355,0.6596277502191672,0.450082391500473,1.5934,0.0225,0.985,,,,97.72884115789213,,,,
1313,P35557,R,63,Y,NONSYN,0.3907391645635834,1.65194748079265,0.0704985355107664,-1.6721666666666666,100.0,2.0,6.0,1.8160144271195702,0.42040183889961696,0.00020421778157748912,1.816,0.42040183889961696,1.8160144271195702,0.42040183889961696,,0.42040183889961696,0.2972689911092136,1.1969,0.6191250266373924,0.609139084815979,1.6969,0.2672,0.993,,,,97.72884115789213,,,,
1314,P35557,R,63,N,NONSYN,0.4070897773431755,1.5692625950316235,0.11173888495686,-0.6592999999999999,100.0,2.0,6.0,2.87992921287419,0.111172752923991,4.423760858680612e-08,2.8799,0.111172752923991,2.87992921287419,0.111172752923991,,0.111172752923991,0.0786110074757306,1.052,1.8279229682147662,0.5363644957542419,2.8415,0.0778,0.997,,,,97.72884115789213,,,,
1315,P35557,R,63,C,NONSYN,0.3945781846907973,0.7692126383510779,0.061246656734768624,-2.1973999999999996,100.0,2.0,6.0,1.24400251583009,0.0461686111461512,0.011040347730805474,1.244,0.0461686111461512,1.24400251583009,0.0461686111461512,,0.0461686111461512,0.032646138019408334,0.8718,0.37224655822663544,0.3874019682407379,1.2414,0.0325,0.18,,,,97.72884115789213,,,,
1316,P35557,R,63,P,NONSYN,0.180066694070857,1.8883851063501933,0.11250659777698215,-1.7161666666666668,100.0,2.0,6.0,1.10670155044694,0.195855220851475,0.026845396053378382,1.1067,0.195855220851475,1.10670155044694,0.195855220851475,,0.195855220851475,0.13849055479486685,1.2068,0.10014444831709812,0.6902463436126709,1.1106,0.1358,0.9990000000000001,,,,97.72884115789213,,,,
1317,P35557,R,63,E,NONSYN,0.2774716424939038,1.84216007488311,0.05946061963635054,-0.8858,100.0,2.0,6.0,1.67128914358821,0.0402935664631208,0.0005820138880657788,1.6713,0.0402935664631208,1.67128914358821,0.0402935664631208,,0.0402935664631208,0.02849185408426357,1.2191,0.45220631125178423,0.7244171500205994,1.6706,0.0285,0.968,,,,97.72884115789213,,,,
1318,P35557,R,63,M,NONSYN,0.37044865400284027,1.4725254998497002,0.06970692666139221,-1.0532666666666668,100.0,2.0,6.0,1.19429167361225,0.0377054792922178,0.015291162778981768,1.1943,0.0377054792922178,1.19429167361225,0.0377054792922178,,0.0377054792922178,0.026661800095416147,1.0452,0.1490856036659609,0.5100095272064209,1.1939,0.0266,0.993,,,,97.72884115789213,,,,
1319,P35557,R,63,W,NONSYN,0.38841440406711497,0.743019572215588,0.07039133183288478,-2.1376333333333335,100.0,2.0,6.0,1.13007214279674,0.0822052494788222,0.02313709232893083,1.1301,0.0822052494788222,1.13007214279674,0.0822052494788222,,0.0822052494788222,0.058127889355607074,0.731,0.3990435263683647,0.4036778211593628,1.122,0.0575,1.0,,,,97.72884115789213,,,,
1320,P35557,R,63,H,NONSYN,0.3580838527509595,2.134443190498947,0.029706399837752934,-0.45376666666666665,100.0,2.0,6.0,1.3989111456966201,0.44121472017281704,0.003904713068241267,1.3989,0.44121472017281704,1.3989111456966201,0.44121472017281704,,0.44121472017281704,0.3119859205935239,1.2721,0.12685265875814355,0.6433032751083374,1.3748,0.2807,0.998,,,,97.72884115789213,,,,
1321,P35557,R,63,Q,NONSYN,0.3675437003413988,1.9833765007196735,0.10766547517095976,-0.5823,100.0,2.0,6.0,1.8521112150344399,0.0436063178077601,0.00015667765198328995,1.8521,0.0436063178077601,1.8521112150344399,0.0436063178077601,,0.0436063178077601,0.03083432302444287,1.2329,0.6191739982757118,0.6569701433181763,1.8508,0.0308,0.996,,,,97.72884115789213,,,,
1322,P35557,R,63,*,STOP,,,,,100.0,2.0,6.0,0.357976921876074,0.05,0.7237566346472146,0.358,0.05,0.357976921876074,0.05,,0.05,0.035355339059327376,,,,0.358,0.0354,,,,,97.72884115789213,,,,
1323,P35557,S,64,S,SYN,,,,,100.0,2.0,6.0,1.3999403701572999,0.05,0.0038774063034658765,1.3999,0.05,1.3999403701572999,0.05,,0.05,0.035355339059327376,,,,1.3999,0.0354,,,,,50.5538638708303,,,,
1324,P35557,S,64,A,NONSYN,0.4563330621977513,1.8285430105515834,0.17241239821899498,-0.01466666666666668,100.0,2.0,6.0,1.6964421267019099,0.168416049155884,0.00048600820176862266,1.6964,0.168416049155884,1.6964421267019099,0.168416049155884,,0.168416049155884,0.1190881304187725,1.2225,0.4739100927816218,0.5835162997245789,1.6775,0.1167,0.9359999999999999,,,,50.5538638708303,,,,
1325,P35557,S,64,V,NONSYN,0.3566796973350173,2.6128248066923967,0.052756628429293066,-1.3498999999999999,100.0,2.0,6.0,3.1569936013987303,0.11139156746665402,3.9736351468577245e-09,3.157,0.11139156746665402,3.1569936013987303,0.11139156746665402,,0.11139156746665402,0.07876573272266986,2.2377,0.9193088746836424,0.9451244473457336,3.1507,0.0785,1.0,,,,50.5538638708303,,,,
1326,P35557,S,64,R,NONSYN,0.5078165034060199,2.387405650427977,0.055134133902564934,-0.9542999999999999,100.0,2.0,6.0,1.4963790178801,0.30888404094398697,0.0019967701493926065,1.4964,0.30888404094398697,1.4963790178801,0.30888404094398697,,0.30888404094398697,0.21841399995179636,1.727,0.23059368128524427,0.7609292268753052,1.5139,0.2099,1.0,,,,50.5538638708303,,,,
1327,P35557,S,64,D,NONSYN,0.26426002389568154,1.8171061950527694,0.02574123704626313,-0.6365333333333334,100.0,2.0,6.0,1.68303071227047,0.20551257113501,0.0005350905156269753,1.683,0.20551257113501,1.68303071227047,0.20551257113501,,0.20551257113501,0.1453193326686483,1.2091,0.4739328500268176,0.6372767090797424,1.6596,0.1417,0.998,,,,50.5538638708303,,,,
1328,P35557,S,64,F,NONSYN,0.4400921079880442,3.6791385837052473,0.06641008202156139,-1.7383,100.0,2.0,6.0,4.47877521872973,0.0437909629709851,1.2051669928020864e-14,4.4788,0.0437909629709851,4.47877521872973,0.0437909629709851,,0.0437909629709851,0.030964886871472565,2.4162,2.0626103436992125,1.325954794883728,4.4777,0.031,1.0,,,,50.5538638708303,,,,
1329,P35557,S,64,T,NONSYN,0.5032644910640633,1.70579899352877,0.17107448610200046,-0.06083333333333333,100.0,2.0,6.0,2.06467417777035,0.19140522556970302,3.1922443330872674e-05,2.0647,0.19140522556970302,2.06467417777035,0.19140522556970302,,0.19140522556970302,0.13534393295487776,1.2077,0.8569577127740122,0.6487269401550293,2.0289,0.1325,0.982,,,,50.5538638708303,,,,
1330,P35557,S,64,I,NONSYN,0.40690641070991895,3.7693112501356634,0.06254821968760448,-1.7275666666666665,100.0,2.0,6.0,4.20825721943848,0.104316797220373,1.910145996792151e-13,4.2083,0.104316797220373,4.20825721943848,0.104316797220373,,0.104316797220373,0.07376311470618774,2.4788,1.7294573994921913,1.1660135984420776,4.2014,0.0736,1.0,,,,50.5538638708303,,,,
1331,P35557,S,64,L,NONSYN,0.393745075519064,3.8831573727679767,0.03960533265998009,-1.7093,100.0,2.0,6.0,3.86671885154154,0.23036611638862398,5.548654689338682e-12,3.8667,0.23036611638862398,3.86671885154154,0.23036611638862398,,0.23036611638862398,0.16289344305400547,2.4982,1.368479334329626,0.9927207231521606,3.8308,0.1607,1.0,,,,50.5538638708303,,,,
1332,P35557,S,64,K,NONSYN,0.33912790346884786,1.9449022750468001,0.16660943478841314,-0.6167666666666666,100.0,2.0,6.0,0.6633269376645989,0.0905200850720871,0.306517151612074,0.6633,0.0905200850720871,0.6633269376645989,0.0905200850720871,,0.0905200850720871,0.06400736598805595,1.2102,0.5468687229265266,0.6994978189468384,0.6679,0.0637,1.0,,,,50.5538638708303,,,,
1333,P35557,S,64,G,NONSYN,0.4188135801978989,1.5785066213015764,0.053451384237323846,-0.6509999999999999,100.0,2.0,6.0,2.3988294335240496,0.0523021169233935,2.3577334356344113e-06,2.3988,0.0523021169233935,2.3988294335240496,0.0523021169233935,,0.0523021169233935,0.03698318154694323,1.0625,1.3363547058934344,0.5181198716163635,2.3921,0.0369,0.9990000000000001,,,,50.5538638708303,,,,
1334,P35557,S,64,Y,NONSYN,0.3987520148682556,3.9079172884831634,0.04819639289774455,-1.6658,100.0,2.0,6.0,2.9624396801357205,0.12423703204639001,2.178208451111659e-08,2.9624,0.12423703204639001,2.9624396801357205,0.12423703204639001,,0.12423703204639001,0.08784884783449279,2.5092,0.45322527889060327,0.6300303936004639,2.9538,0.087,1.0,,,,50.5538638708303,,,,
1335,P35557,S,64,N,NONSYN,0.3577198430860929,1.7107731727727533,0.17082888154652656,-0.23683333333333337,100.0,2.0,6.0,2.37423967623771,0.0500911202833614,2.868527809648861e-06,2.3742,0.0500911202833614,2.37423967623771,0.0500911202833614,,0.0500911202833614,0.03541977082959586,1.2077,1.1665232112413721,0.7038329243659973,2.3713,0.0354,0.987,,,,50.5538638708303,,,,
1336,P35557,S,64,C,NONSYN,0.4413057931247456,2.2730935521679467,0.08958974558600685,-0.9221333333333334,100.0,2.0,6.0,1.8393153126601898,0.0751761563014234,0.00017213873557730738,1.8393,0.0751761563014234,1.8393153126601898,0.0751761563014234,,0.0751761563014234,0.05315756990427629,1.5775,0.26184310272976985,0.7389407157897949,1.838,0.053,1.0,,,,50.5538638708303,,,,
1337,P35557,S,64,P,NONSYN,0.3754690196139504,1.9989019689440035,0.07607147545289669,-0.9290666666666666,100.0,2.0,6.0,2.66189006233202,0.21438659224583498,2.7707904604543344e-07,2.6619,0.21438659224583498,2.66189006233202,0.21438659224583498,,0.21438659224583498,0.1515942131725052,1.2572,1.4046990003584483,0.7665673494338989,2.609,0.1487,0.9990000000000001,,,,50.5538638708303,,,,
1338,P35557,S,64,E,NONSYN,0.32956968841657797,1.3696238496117796,0.16780493761818127,-0.6321,100.0,2.0,6.0,2.38916221396966,0.0315848996827306,2.5469010962686287e-06,2.3892,0.0315848996827306,2.38916221396966,0.0315848996827306,,0.0315848996827306,0.02233389674875564,1.0099,1.3792714192156317,0.6480706930160522,2.3875,0.0223,0.9990000000000001,,,,50.5538638708303,,,,
1339,P35557,S,64,M,NONSYN,0.4679817126368144,3.5327361667547272,0.04066159112609292,-1.5591333333333335,100.0,2.0,6.0,3.0367194272812794,0.170330321933956,1.1434222258593565e-08,3.0367,0.170330321933956,3.0367194272812794,0.170330321933956,,0.170330321933956,0.12044172568118802,2.4162,0.6205545522507618,0.9326982498168945,3.0265,0.1194,1.0,,,,50.5538638708303,,,,
1340,P35557,S,64,W,NONSYN,0.3832492129242465,4.184583763236584,0.06049251110684861,-1.7880333333333336,100.0,2.0,6.0,2.46699031604686,0.0394978285283264,1.364126403769949e-06,2.467,0.0394978285283264,2.46699031604686,0.0394978285283264,,0.0394978285283264,0.02792918239452307,2.4982,0.031249201165054252,0.9335486888885498,2.467,0.0279,1.0,,,,50.5538638708303,,,,
1341,P35557,S,64,H,NONSYN,0.2629764798769622,1.9991947976241036,0.09037650142011612,-0.9429,100.0,2.0,6.0,2.6610115762917204,0.0557031737902727,2.7910413647095977e-07,2.661,0.0557031737902727,2.6610115762917204,0.0557031737902727,,0.0557031737902727,0.03938809192071459,1.2506,1.410448312398593,0.7607483863830566,2.6572,0.0393,1.0,,,,50.5538638708303,,,,
1342,P35557,S,64,Q,NONSYN,0.3963611118941722,1.8171061950527694,0.02574123704626313,-0.6365333333333333,100.0,2.0,6.0,1.04671517764669,0.704218396782294,0.03909120711837161,1.0467,0.704218396782294,1.04671517764669,0.704218396782294,,0.704218396782294,0.49795760380107884,1.2002,0.15350302303690366,0.5775668621063232,1.1122,0.3771,1.0,,,,50.5538638708303,,,,
1343,P35557,S,64,*,STOP,,,,,100.0,2.0,6.0,0.251238074123326,0.05,0.8263670443185006,0.2512,0.05,0.251238074123326,0.05,,0.05,0.035355339059327376,,,,0.2512,0.0354,,,,,50.5538638708303,,,,
1344,P35557,T,65,S,NONSYN,0.5112342370012433,1.4956746008981459,0.05709997245337126,-0.33873333333333333,100.0,2.0,6.0,1.40823925623649,0.20028349479146498,0.0036639023572548834,1.4082,0.20028349479146498,1.40823925623649,0.20028349479146498,,0.20028349479146498,0.14162181732678544,1.0758,0.3324078429674471,0.4905256927013397,1.3827,0.1361,0.941,,,,84.99954854093578,,,,
1345,P35557,T,65,A,NONSYN,0.4371005638552374,2.1146130622627157,0.047806419496250835,-0.5245,100.0,2.0,6.0,1.76247994227298,0.14095223697406,0.00030169781056986575,1.7625,0.14095223697406,1.76247994227298,0.14095223697406,,0.14095223697406,0.09966828258777104,1.279,0.48343841357119777,0.6606574058532715,1.7517,0.0986,0.941,,,,84.99954854093578,,,,
1346,P35557,T,65,V,NONSYN,0.335359974884157,2.4291843977002667,0.05513917075700783,-0.4691,100.0,2.0,6.0,0.818765935960328,0.0792451499276162,0.14637047999141584,0.8188,0.0792451499276162,0.818765935960328,0.0792451499276162,,0.0792451499276162,0.05603478288996206,1.6982,0.8794161700577384,0.6792756915092468,0.8247,0.0558,0.995,,,,84.99954854093578,,,,
1347,P35557,T,65,R,NONSYN,0.3928132642818517,2.478645148597177,0.07163744223479349,-1.2489999999999999,100.0,2.0,6.0,3.6409845271285,0.17397500043429098,4.7796280431584067e-11,3.641,0.17397500043429098,3.6409845271285,0.17397500043429098,,0.17397500043429098,0.12301890256401969,2.1684,1.4725479998763027,0.790829062461853,3.6062,0.1216,1.0,,,,84.99954854093578,,,,
1348,P35557,T,65,D,NONSYN,0.24736015353784535,3.2290021722466933,0.0770239293778118,-1.2412666666666667,100.0,2.0,6.0,1.38991345617995,0.125910978761686,0.004151526109852597,1.3899,0.125910978761686,1.38991345617995,0.125910978761686,,0.125910978761686,0.08903250690822352,2.2283,0.838362796566632,0.8819358348846436,1.3984,0.0886,0.996,,,,84.99954854093578,,,,
1349,P35557,T,65,F,NONSYN,0.2626450658678516,1.6015938531416125,0.12812891701808093,-1.4809,,,,,,,,,,,,,,1.1313,,0.6731554865837097,1.1313,0.6732,1.0,,,,84.99954854093578,,,,
1350,P35557,T,65,T,SYN,,,,,100.0,2.0,6.0,0.7000899392433511,0.05,0.26155358216167973,0.7001,0.05,0.7000899392433511,0.05,,0.05,0.035355339059327376,,,,0.7001,0.0354,,,,,84.99954854093578,,,,
1351,P35557,T,65,I,NONSYN,0.39900335367527456,2.47105093363082,0.07777096540432,-0.8405666666666667,100.0,2.0,6.0,1.0162445821725798,0.18489231358455901,0.04714503512387428,1.0162,0.18489231358455901,1.0162445821725798,0.18489231358455901,,0.18489231358455901,0.1307386087249113,1.7437,0.7274617633855867,0.6839233636856079,1.0419,0.1284,0.9990000000000001,,,,84.99954854093578,,,,
1352,P35557,T,65,L,NONSYN,0.3692076635094301,1.8328163593978732,0.06781308260436457,-1.2598666666666667,100.0,2.0,6.0,4.14201824707706,0.11888610172651598,3.7098815055268995e-13,4.142,0.11888610172651598,4.14201824707706,0.11888610172651598,,0.11888610172651598,0.08406516871965317,1.2191,2.9229354147406346,0.8009084463119507,4.1102,0.0836,0.997,,,,84.99954854093578,,,,
1353,P35557,T,65,K,NONSYN,0.35305220057868336,2.284271659711973,0.04764568220311833,-0.8414,100.0,2.0,6.0,1.57658240392912,0.31967637403223903,0.0011397407154212173,1.5766,0.31967637403223903,1.57658240392912,0.31967637403223903,,0.31967637403223903,0.22604533186332335,1.5722,0.0044111926864442985,0.7314326763153076,1.5762,0.216,0.9990000000000001,,,,84.99954854093578,,,,
1354,P35557,T,65,G,NONSYN,0.43600131382643137,1.6921604996695392,0.13509935942413187,-1.3946666666666667,100.0,2.0,6.0,1.63230380295074,0.171348827985506,0.0007684917048762235,1.6323,0.171348827985506,1.63230380295074,0.171348827985506,,0.171348827985506,0.12116191821691855,1.1865,0.4457811999157668,0.6415356397628784,1.617,0.1191,0.9990000000000001,,,,84.99954854093578,,,,
1355,P35557,T,65,Y,NONSYN,0.2452402164451186,1.9136131416548032,0.07313682055678457,-1.3853333333333335,100.0,2.0,6.0,0.9679458769949479,0.511479798206933,0.06308365645909302,0.9679,0.511479798206933,0.9679458769949479,0.511479798206933,,0.511479798206933,0.3616708337520492,1.2067,0.2388004628030257,0.6186014413833618,1.0288,0.3122,1.0,,,,84.99954854093578,,,,
1356,P35557,T,65,N,NONSYN,0.4084330644454248,2.066847068199999,0.03976717241840805,-0.5004666666666666,100.0,2.0,6.0,1.90577792446113,0.18038845994165398,0.00010536523248354041,1.9058,0.18038845994165398,1.90577792446113,0.18038845994165398,,0.18038845994165398,0.1275539032725414,1.2664,0.6393520764539278,0.6606574058532715,1.8828,0.1252,0.9940000000000001,,,,84.99954854093578,,,,
1357,P35557,T,65,C,NONSYN,0.4354541497454498,0.9751227962664483,0.11219209778940419,-0.9072999999999999,100.0,2.0,6.0,2.43225883368036,0.0304216376830707,1.8039854384607253e-06,2.4323,0.0304216376830707,2.43225883368036,0.0304216376830707,,0.0304216376830707,0.0215113463004995,0.8053,1.6269866121151133,0.48426324129104614,2.4291,0.0215,1.0,,,,84.99954854093578,,,,
1358,P35557,T,65,P,NONSYN,0.34993609822478866,2.4786451485971766,0.07163744223479349,-1.2489999999999999,100.0,2.0,6.0,2.2045318794791497,0.0673375374235018,1.0895087549190497e-05,2.2045,0.0673375374235018,2.2045318794791497,0.0673375374235018,,0.0673375374235018,0.04761482934056104,2.096,0.10858032231972592,0.7801191806793213,2.2041,0.0475,0.9940000000000001,,,,84.99954854093578,,,,
1359,P35557,T,65,E,NONSYN,0.187606014059847,1.6750286065940199,0.0873383038586707,-0.9009666666666667,100.0,2.0,6.0,0.33254140269764504,0.30031491933954807,0.7514948684831004,0.3325,0.30031491933954807,0.33254140269764504,0.30031491933954807,,0.30031491933954807,0.21235471595648547,1.1865,0.8539812003373282,0.6368730068206787,0.418,0.2015,0.9990000000000001,,,,84.99954854093578,,,,
1360,P35557,T,65,M,NONSYN,0.3518740482942453,1.6033673522327831,0.0884234149348886,-0.8553000000000001,100.0,2.0,6.0,3.61929532636669,0.0481495290086534,5.860273697653939e-11,3.6193,0.0481495290086534,3.61929532636669,0.0481495290086534,,0.0481495290086534,0.0340468584729572,1.1313,2.488034692898062,0.6669110059738159,3.6128,0.034,1.0,,,,84.99954854093578,,,,
1361,P35557,T,65,W,NONSYN,0.2914737870902876,1.6015938531416125,0.12812891701808093,-1.4809,100.0,2.0,6.0,2.8098414159832994,0.0893674062424592,8.026023049743784e-08,2.8098,0.0893674062424592,2.8098414159832994,0.0893674062424592,,0.0893674062424592,0.06319229897109589,1.1313,1.6785807825146715,0.6731554865837097,2.7952,0.0629,1.0,,,,84.99954854093578,,,,
1362,P35557,T,65,H,NONSYN,0.3614886802674268,2.5788211942453865,0.043793596502174424,-1.2503,100.0,2.0,6.0,1.90400374253452,0.24977417116773198,0.00010676201708687641,1.904,0.24977417116773198,1.90400374253452,0.24977417116773198,,0.24977417116773198,0.17661701019795273,2.1684,0.2644327847176773,0.7996801137924194,1.9163,0.1725,1.0,,,,84.99954854093578,,,,
1363,P35557,T,65,Q,NONSYN,0.1843049627657748,2.0707074374894634,0.08778019546344344,-0.8452333333333334,100.0,2.0,6.0,2.2172750705966497,0.0660185869312861,9.867530685153977e-06,2.2173,0.0660185869312861,2.2172750705966497,0.0660185869312861,,0.0660185869312861,0.046682190503465976,1.2721,0.9452165836581732,0.6558618545532227,2.2125,0.0466,0.998,,,,84.99954854093578,,,,
1364,P35557,T,65,*,STOP,,,,,100.0,2.0,6.0,0.0711325609517653,0.05,0.9267463045632981,0.0711,0.05,0.0711325609517653,0.05,,0.05,0.035355339059327376,,,,0.0711,0.0354,,,,,84.99954854093578,,,,
1365,P35557,P,66,S,NONSYN,0.4256921542014803,1.2337254357348366,0.05264907199569139,-1.0001,100.0,2.0,6.0,1.7012971717804501,0.265763793283189,0.0004693480782589275,1.7013,0.265763793283189,1.7012971717804501,0.265763793283189,,0.265763793283189,0.18792338042440276,0.9796,0.7216836292236875,0.4558284878730774,1.5965,0.1737,1.0,,,,94.79729312156788,,,,
1366,P35557,P,66,A,NONSYN,0.4817034186214992,1.3136807051416868,0.07348121606382105,-1.0804,100.0,2.0,6.0,1.4614313635598999,0.152755477284716,0.0025431060737858883,1.4614,0.152755477284716,1.4614313635598999,0.152755477284716,,0.152755477284716,0.1080144338514103,1.0141,0.44735536906832274,0.514409601688385,1.4425,0.1057,0.998,,,,94.79729312156788,,,,
1367,P35557,P,66,V,NONSYN,0.4383577870550538,1.7302019787553569,0.07633149458497845,-1.8745,100.0,2.0,6.0,0.896527531454167,0.18470960319352803,0.09557048065687097,0.8965,0.18470960319352803,0.896527531454167,0.18470960319352803,,0.18470960319352803,0.13060941296842005,1.1799,0.28336727350036184,0.6036445498466492,0.9092,0.1277,1.0,,,,94.79729312156788,,,,
1368,P35557,P,66,R,NONSYN,0.33291698217037546,0.8371812077999058,0.16584607752612338,-1.6794333333333331,100.0,2.0,6.0,1.22388706907727,0.292066851664171,0.012602075215185344,1.2239,0.292066851664171,1.22388706907727,0.292066851664171,,0.292066851664171,0.2065224513715408,0.7769,0.4469637702415157,0.5283169150352478,1.1646,0.1923,1.0,,,,94.79729312156788,,,,
1369,P35557,P,66,D,NONSYN,0.13167158673135695,1.0960028001389672,0.1734121651187436,-1.6679666666666666,100.0,2.0,6.0,0.447422292060085,0.197736211641597,0.6113336319891712,0.4474,0.197736211641597,0.447422292060085,0.197736211641597,,0.197736211641597,0.13982061613791158,0.8523,0.40485415237503464,0.5200358033180237,0.4747,0.135,0.998,,,,94.79729312156788,,,,
1370,P35557,P,66,F,NONSYN,0.305723171027891,1.433497057868787,0.08419993437807731,-2.4105666666666665,100.0,2.0,6.0,2.72224136429472,0.0407971321135077,1.6765558154023705e-07,2.7222,0.0407971321135077,2.72224136429472,0.0407971321135077,,0.0407971321135077,0.02884792877042476,0.9911,1.7311527355257992,0.507062554359436,2.7167,0.0288,1.0,,,,94.79729312156788,,,,
1371,P35557,P,66,T,NONSYN,0.3905683468454612,0.8636992051090556,0.09360150640891803,-1.1884333333333332,100.0,2.0,6.0,1.1658434607826298,0.37194202623015704,0.018388360178273704,1.1658,0.37194202623015704,1.1658434607826298,0.37194202623015704,,0.37194202623015704,0.2630027289556088,0.7769,0.3889201619468754,0.44893401861190796,1.0665,0.2269,1.0,,,,94.79729312156788,,,,
1372,P35557,P,66,I,NONSYN,0.29395116310669084,1.63260869265208,0.08404856662715136,-2.2228666666666665,100.0,2.0,6.0,1.8975717010238897,0.11517585840105199,0.00011197951898737836,1.8976,0.11517585840105199,1.8975717010238897,0.11517585840105199,,0.11517585840105199,0.08144163050436544,1.1725,0.7250546397903692,0.581482470035553,1.8836,0.0807,1.0,,,,94.79729312156788,,,,
1373,P35557,P,66,L,NONSYN,0.3804758514067072,1.5861516709140322,0.057109068359249164,-2.067833333333333,100.0,2.0,6.0,1.66011728050983,0.125374080078098,0.0006303807235477097,1.6601,0.125374080078098,1.66011728050983,0.125374080078098,,0.125374080078098,0.08865286220824832,1.0524,0.6077088237074619,0.48930931091308594,1.6408,0.0872,1.0,,,,94.79729312156788,,,,
1374,P35557,P,66,K,NONSYN,0.2878654235137882,1.059374477614219,0.11060653610797276,-1.1502000000000001,100.0,2.0,6.0,1.11427135426496,0.0901345933597613,0.025586705514600957,1.1143,0.0901345933597613,1.11427135426496,0.0901345933597613,,0.0901345933597613,0.06373478218417918,0.8086,0.30563206631635165,0.471278578042984,1.1088,0.0632,1.0,,,,94.79729312156788,,,,
1375,P35557,P,66,G,NONSYN,0.4312798460663611,1.484738837662629,0.05920856536466807,-2.113766666666667,100.0,2.0,6.0,1.96435578026404,0.106409146830408,6.807336609136263e-05,1.9644,0.106409146830408,1.96435578026404,0.106409146830408,,0.106409146830408,0.07524262930405651,0.9911,0.973267151495119,0.49370935559272766,1.9423,0.0744,1.0,,,,94.79729312156788,,,,
1376,P35557,P,66,Y,NONSYN,0.20942896620986876,1.91645984023957,0.04025225019436834,-2.4152666666666667,100.0,2.0,6.0,1.2733530171823702,0.316406923838294,0.00909151874556091,1.2734,0.316406923838294,1.2733530171823702,0.316406923838294,,0.316406923838294,0.22373348146043315,1.2067,0.06660667738439652,0.5780572295188904,1.2647,0.2087,1.0,,,,94.79729312156788,,,,
1377,P35557,P,66,N,NONSYN,0.21903311575636186,0.9868829542645997,0.1650095306796208,-1.8017666666666665,100.0,2.0,6.0,1.51089281488897,0.238416556278603,0.0018051470284408484,1.5109,0.238416556278603,1.51089281488897,0.238416556278603,,0.238416556278603,0.1685859636917443,0.8121,0.6988042657518545,0.5239892601966858,1.4453,0.1605,1.0,,,,94.79729312156788,,,,
1378,P35557,P,66,C,NONSYN,0.4219649037795377,1.7475351176037737,0.07899107484795628,-2.593,100.0,2.0,6.0,1.1295664554001001,0.119308429189535,0.0232119208796618,1.1296,0.119308429189535,1.1295664554001001,0.119308429189535,,0.119308429189535,0.08436379933263523,1.0678,0.06180932573091069,0.515975296497345,1.128,0.0833,1.0,,,,94.79729312156788,,,,
1379,P35557,P,66,P,SYN,,,,,100.0,2.0,6.0,1.46177912607882,0.05,0.0025370121058560452,1.4618,0.05,1.46177912607882,0.05,,0.05,0.035355339059327376,,,,1.4618,0.0354,,,,,94.79729312156788,,,,
1380,P35557,P,66,E,NONSYN,0.187686271514566,1.13519613480908,0.09571406523594939,-1.1939,100.0,2.0,6.0,0.351352671682557,0.36213525898576,0.7311760642087146,0.3514,0.36213525898576,0.351352671682557,0.36213525898576,,0.36213525898576,0.2560682973355775,0.8646,0.5132100781801139,0.4379642605781555,0.4821,0.2211,0.9990000000000001,,,,94.79729312156788,,,,
1381,P35557,P,66,M,NONSYN,0.2411349625055221,0.769026365725209,0.1691842279421246,-1.6978,100.0,2.0,6.0,1.71535734111306,0.19160267833058897,0.0004241871718617726,1.7154,0.19160267833058897,1.71535734111306,0.19160267833058897,,0.19160267833058897,0.13548355314106422,0.7326,0.982732989134758,0.5304530262947083,1.6552,0.1313,1.0,,,,94.79729312156788,,,,
1382,P35557,P,66,W,NONSYN,0.30546275679376184,1.7083869456257303,0.08028153541588406,-2.4996333333333336,100.0,2.0,6.0,1.2470109713342301,0.102639518997016,0.010823419236745745,1.247,0.102639518997016,1.2470109713342301,0.102639518997016,,0.102639518997016,0.07257709990051547,1.1191,0.12794997813965003,0.5559554696083069,1.2449,0.072,1.0,,,,94.79729312156788,,,,
1383,P35557,P,66,H,NONSYN,0.3015928613207122,1.1288889007501384,0.09460862116543504,-1.6375666666666666,100.0,2.0,6.0,0.348763990226572,0.6475163241313621,0.7340383447180585,0.3488,0.6475163241313621,0.348763990226572,0.6475163241313621,,0.6475163241313621,0.4578631837222726,0.8492,0.5004460336534329,0.4512992203235626,0.6026,0.3214,1.0,,,,94.79729312156788,,,,
1384,P35557,P,66,Q,NONSYN,0.32572451857320683,0.8771558289100488,0.1241878195845595,-1.2209666666666668,100.0,2.0,6.0,1.12547358937965,0.13577984134445,0.023826063416737105,1.1255,0.13577984134445,1.12547358937965,0.13577984134445,,0.13577984134445,0.09601084656309414,0.7769,0.3485502905438955,0.4871045649051666,1.1124,0.0942,1.0,,,,94.79729312156788,,,,
1385,P35557,P,66,*,STOP,,,,,100.0,2.0,6.0,-0.0767265852425743,0.05,0.964859213424279,-0.0767,0.05,-0.0767265852425743,0.05,,0.05,0.035355339059327376,,,,-0.0767,0.0354,,,,,94.79729312156788,,,,
1386,P35557,E,67,S,NONSYN,0.4382670271083193,0.7918876699920062,0.06977096746857682,-0.6747666666666666,100.0,2.0,6.0,2.9006493870926,0.167174925348893,3.7054553012263796e-08,2.9006,0.167174925348893,2.9006493870926,0.167174925348893,,0.167174925348893,0.11821052335855708,0.8715,2.029195982666025,0.40968501567840576,2.7447,0.1136,0.634,,,,112.66065838228552,,,,
1387,P35557,E,67,A,NONSYN,0.4725389201357859,1.6955232852200701,0.08669863669769624,-0.8022,100.0,2.0,6.0,0.97696928008909,0.0547597313306921,0.05977731055094661,0.977,0.0547597313306921,0.97696928008909,0.0547597313306921,,0.0547597313306921,0.038720977359885826,1.2063,0.22937389389162288,0.6287181377410889,0.9778,0.0386,0.396,,,,112.66065838228552,,,,
1388,P35557,E,67,V,NONSYN,0.5148579282991502,1.4432460486878542,0.05345780851439174,-1.6669666666666665,100.0,2.0,6.0,2.57628013766029,0.0796036276413444,5.610488842974407e-07,2.5763,0.0796036276413444,2.57628013766029,0.0796036276413444,,0.0796036276413444,0.05628826491224352,1.0838,1.492446204783703,0.4860571324825287,2.5565,0.0559,0.7390000000000001,,,,112.66065838228552,,,,
1389,P35557,E,67,R,NONSYN,0.4513055748960305,0.5576754362399695,0.0544400731727964,-0.7211333333333333,100.0,2.0,6.0,1.6796059813452,0.19306843914882,0.0005483810590273139,1.6796,0.19306843914882,1.6796059813452,0.19306843914882,,0.19306843914882,0.13652000255523292,0.8015,0.8780857529592747,0.421546995639801,1.5963,0.1299,0.617,,,,112.66065838228552,,,,
1390,P35557,E,67,D,NONSYN,0.4800060668498122,1.9609943034470219,0.1322459157637669,-0.020166666666666666,100.0,2.0,6.0,0.480554771911076,0.5215793088874161,0.5650270400702034,0.4806,0.5215793088874161,0.480554771911076,0.5215793088874161,,0.5215793088874161,0.3688122662408848,1.2256,0.7450561995397297,0.5660123229026794,0.7026,0.309,0.001,,,,112.66065838228552,,,,
1391,P35557,E,67,F,NONSYN,0.4134101209643438,2.3893894960449136,0.05011866018887615,-2.4431333333333334,100.0,2.0,6.0,2.06547146082676,0.0988995295245254,3.172942922939374e-05,2.0655,0.0988995295245254,2.06547146082676,0.0988995295245254,,0.0988995295245254,0.06993252798295108,1.6234,0.44210164786136685,0.8034019470214844,2.0621,0.0697,0.986,,,,112.66065838228552,,,,
1392,P35557,E,67,T,NONSYN,0.4070866311137473,1.7305427817908,0.05231991655174766,-0.9768666666666667,100.0,2.0,6.0,2.8008404027683698,0.246983727908197,8.660603048427653e-08,2.8008,0.246983727908197,2.8008404027683698,0.246983727908197,,0.246983727908197,0.17464386884661923,1.2043,1.5965731393558942,0.6719737648963928,2.6998,0.169,0.706,,,,112.66065838228552,,,,
1393,P35557,E,67,I,NONSYN,0.377366298627538,1.8852632346036866,0.07590404888359054,-2.3962999999999997,100.0,2.0,6.0,2.65790621022027,0.0252171695415306,2.863799812886373e-07,2.6579,0.0252171695415306,2.65790621022027,0.0252171695415306,,0.0252171695415306,0.017831231585147145,1.2191,1.4388233778838444,0.748774528503418,2.6571,0.0178,0.915,,,,112.66065838228552,,,,
1394,P35557,E,67,L,NONSYN,0.4309220950052253,2.11774936585751,0.05826969740800452,-2.375633333333333,100.0,2.0,6.0,1.9604478164588002,0.20790649738746497,7.009507548825184e-05,1.9604,0.20790649738746497,1.9604478164588002,0.20790649738746497,,0.20790649738746497,0.1470120941554197,1.279,0.681406287757018,0.7442499399185181,1.9349,0.1442,0.841,,,,112.66065838228552,,,,
1395,P35557,E,67,K,NONSYN,0.4890082107053284,1.198902138574473,0.06595276748344987,-0.6217666666666667,100.0,2.0,6.0,2.3134173915631,0.0324371746660065,4.645370145580278e-06,2.3134,0.0324371746660065,2.3134173915631,0.0324371746660065,,0.0324371746660065,0.02293654616886568,1.0758,1.237642006660146,0.49293386936187744,2.3107,0.0229,0.008,,,,112.66065838228552,,,,
1396,P35557,E,67,G,NONSYN,0.4522640708552875,1.5700406838151089,0.061808810202904164,-1.9225,100.0,2.0,6.0,0.8063705742370071,0.19783608898549299,0.156192950790699,0.8064,0.19783608898549299,0.8063705742370071,0.19783608898549299,,0.19783608898549299,0.13989124008506731,1.0906,0.28426341414342504,0.47113972902297974,0.8294,0.1341,0.813,,,,112.66065838228552,,,,
1397,P35557,E,67,Y,NONSYN,0.4671477233180428,1.8082415336386923,0.0679052180128409,-2.2137666666666664,100.0,2.0,6.0,1.14552742589659,0.243161895287865,0.02095753335123488,1.1455,0.243161895287865,1.14552742589659,0.243161895287865,,0.243161895287865,0.17194142508422253,1.2191,0.07355540643983582,0.748774528503418,1.1492,0.1676,0.995,,,,112.66065838228552,,,,
1398,P35557,E,67,N,NONSYN,0.4945297857128286,1.5567296418406595,0.06605883616768266,-0.6558999999999999,100.0,2.0,6.0,0.60612347154664,0.192414606637626,0.383447566108241,0.6061,0.192414606637626,0.60612347154664,0.192414606637626,,0.192414606637626,0.13605767315280742,1.0872,0.4810530898089508,0.49833574891090393,0.6395,0.1313,0.259,,,,112.66065838228552,,,,
1399,P35557,E,67,C,NONSYN,0.4263241553322161,2.1919112462470767,0.05495404801831703,-2.5622,100.0,2.0,6.0,0.195508426012107,0.147954621851764,0.8660615062825032,0.1955,0.147954621851764,0.195508426012107,0.147954621851764,,0.147954621851764,0.10461971641927366,1.1315,0.9359636847361841,0.6786688566207886,0.2172,0.1034,0.993,,,,112.66065838228552,,,,
1400,P35557,E,67,P,NONSYN,0.2784783599621833,2.1180299401725833,0.06251058912985226,-1.2109666666666667,100.0,2.0,6.0,2.53505308393811,0.0948613496261882,7.856922388237462e-07,2.5351,0.0948613496261882,2.53505308393811,0.0948613496261882,,0.0948613496261882,0.06707710359318564,1.279,1.2560115552363276,0.7963838577270508,2.5262,0.0668,0.614,,,,112.66065838228552,,,,
1401,P35557,E,67,E,SYN,,,,,100.0,2.0,6.0,0.935225003151509,0.05,0.07649719506177624,0.9352,0.05,0.935225003151509,0.05,,0.05,0.035355339059327376,,,,0.9352,0.0354,,,,,112.66065838228552,,,,
1402,P35557,E,67,M,NONSYN,0.4318399535430367,1.5093927125979623,0.0762319424733652,-1.9440333333333335,100.0,2.0,6.0,0.9883144878884459,0.0574584848645256,0.055843439901639196,0.9883,0.0574584848645256,0.9883144878884459,0.0574584848645256,,0.0574584848645256,0.040629284284410656,1.0452,0.05689158205784317,0.5000735521316528,0.9887,0.0405,0.9570000000000001,,,,112.66065838228552,,,,
1403,P35557,E,67,W,NONSYN,0.3886512979012191,2.22794182916861,0.054590462249871054,-2.4843333333333333,100.0,2.0,6.0,2.54981446145567,0.0367807624811456,6.966008383611089e-07,2.5498,0.0367807624811456,2.54981446145567,0.0367807624811456,,0.0367807624811456,0.026007926567629795,1.3901,1.1597535598138244,0.8429238796234131,2.5487,0.026,0.9990000000000001,,,,112.66065838228552,,,,
1404,P35557,E,67,H,NONSYN,0.3874690850586482,1.72879294666148,0.07536808148026365,-0.6659666666666667,100.0,2.0,6.0,0.0899335570841784,0.115433873642652,0.9196373642601721,0.0899,0.115433873642652,0.0899335570841784,0.115433873642652,,0.115433873642652,0.0816240748313503,1.2043,1.1143337063282972,0.5929832458496094,0.1107,0.0809,0.9420000000000001,,,,112.66065838228552,,,,
1405,P35557,E,67,Q,NONSYN,0.4979236622050323,1.8982071835222587,0.12932401199768562,-0.02876666666666668,100.0,2.0,6.0,0.668916131685366,0.534604577501756,0.29942827670943817,0.6689,0.534604577501756,0.668916131685366,0.534604577501756,,0.534604577501756,0.37802252200486086,1.2191,0.5501667006510598,0.5813690423965454,0.8324,0.3169,0.634,,,,112.66065838228552,,,,
1406,P35557,E,67,*,STOP,,,,,100.0,2.0,6.0,0.221876335299529,0.05,0.8483876133856828,0.2219,0.05,0.221876335299529,0.05,,0.05,0.035355339059327376,,,,0.2219,0.0354,,,,,112.66065838228552,,,,
1407,P35557,G,68,S,NONSYN,0.36837526824294986,1.5202675081498598,0.15644885233185696,-0.9379,100.0,2.0,6.0,1.47228065887903,0.11402656236155599,0.0023595413704659844,1.4723,0.11402656236155599,1.47228065887903,0.11402656236155599,,0.11402656236155599,0.08062895548124699,0.9945,0.4777427093169573,0.635464072227478,1.4647,0.08,1.0,,,,30.793571150902444,,,,
1408,P35557,G,68,A,NONSYN,0.4089269105168704,1.7377518462328432,0.04911263225452034,-1.0059,100.0,2.0,6.0,0.8198276446300801,0.640435419387285,0.1455523861316817,0.8198,0.640435419387285,0.8198276446300801,0.640435419387285,,0.640435419387285,0.4528562279607997,1.1865,0.3666949584048931,0.6119101047515869,0.9496,0.364,0.9990000000000001,,,,30.793571150902444,,,,
1409,P35557,G,68,V,NONSYN,0.3988573139738447,0.8396512018578562,0.1048185634668804,-2.7219333333333338,100.0,2.0,6.0,1.5662846233123702,0.147008686255525,0.0012253574481591576,1.5663,0.147008686255525,1.5662846233123702,0.147008686255525,,0.147008686255525,0.10395083894460731,0.7769,0.7893613244766158,0.4718615412712097,1.5297,0.1015,1.0,,,,30.793571150902444,,,,
1410,P35557,G,68,R,NONSYN,0.3362652746103357,1.9868210186955169,0.034775768948953026,-1.9470333333333334,100.0,2.0,6.0,2.6925180675317204,0.0788464057852842,2.1483334630883548e-07,2.6925,0.0788464057852842,2.6925180675317204,0.0788464057852842,,0.0788464057852842,0.05575282820296068,1.2141,1.4784453632165349,0.7754824161529541,2.6849,0.0556,1.0,,,,30.793571150902444,,,,
1411,P35557,G,68,D,NONSYN,0.3623286966209139,1.6299244420177146,0.0757452031351623,-1.5976,,,,,,,,,,,,,,1.1725,,0.5903024673461914,1.1725,0.5903,1.0,,,,30.793571150902444,,,,
1412,P35557,G,68,F,NONSYN,0.3709207412708021,1.264129821238658,0.10950825015322464,-2.717866666666667,100.0,2.0,6.0,0.29284876516996505,0.05932362898610599,0.7906658908730083,0.2928,0.05932362898610599,0.29284876516996505,0.05932362898610599,,0.05932362898610599,0.041948140340670376,0.9822,0.6893397576457393,0.5255116820335388,0.2972,0.0418,1.0,,,,30.793571150902444,,,,
1413,P35557,G,68,T,NONSYN,0.21962954488217865,1.9695436194042213,0.07211785179691536,-1.7053,100.0,2.0,6.0,1.6736605353722,0.125980467567756,0.0005722239540387856,1.6737,0.125980467567756,1.6736605353722,0.125980467567756,,0.125980467567756,0.08908164291421218,1.2141,0.4595878310570145,0.7910841703414917,1.6679,0.0885,1.0,,,,30.793571150902444,,,,
1414,P35557,G,68,I,NONSYN,0.29686370150880703,0.8396512018578562,0.1048185634668804,-2.721933333333333,100.0,2.0,6.0,1.90855219465377,0.20163342827047798,0.00010321688479908104,1.9086,0.20163342827047798,1.90855219465377,0.20163342827047798,,0.20163342827047798,0.14257636444394628,0.7769,1.1316288958180156,0.4718615412712097,1.8139,0.1365,1.0,,,,30.793571150902444,,,,
1415,P35557,G,68,L,NONSYN,0.33670580158540125,0.9059523771535831,0.10758743896100309,-2.6893,100.0,2.0,6.0,1.3673810974251899,0.10500138039991198,0.004837942824467647,1.3674,0.10500138039991198,1.3673810974251899,0.10500138039991198,,0.10500138039991198,0.074247188114726,0.7827,0.584669949163166,0.4661416709423065,1.3529,0.0733,1.0,,,,30.793571150902444,,,,
1416,P35557,G,68,K,NONSYN,0.4007452768135149,1.6943109400287313,0.06918537917712354,-1.7154,100.0,2.0,6.0,2.49935857349867,0.152740628567324,1.0500147009448945e-06,2.4994,0.152740628567324,2.49935857349867,0.152740628567324,,0.152740628567324,0.1080039342226505,1.1799,1.319463768544141,0.611369788646698,2.4594,0.1064,1.0,,,,30.793571150902444,,,,
1417,P35557,G,68,G,SYN,,,,,100.0,2.0,6.0,1.32549622596432,0.05,0.006417779055985433,1.3255,0.05,1.32549622596432,0.05,,0.05,0.035355339059327376,,,,1.3255,0.0354,,,,,30.793571150902444,,,,
1418,P35557,G,68,Y,NONSYN,0.28089736795090275,1.0755048286358417,0.04481823579535427,-2.6748999999999996,100.0,2.0,6.0,0.858723742978414,0.42804226381132,0.11802797175806345,0.8587,0.42804226381132,0.858723742978414,0.42804226381132,,0.42804226381132,0.3026715873754255,0.8131,0.04567120792134616,0.4028931260108948,0.8422,0.242,1.0,,,,30.793571150902444,,,,
1419,P35557,G,68,N,NONSYN,0.382875509440285,1.59715562566926,0.15749590522805887,-0.891,100.0,2.0,6.0,1.24161630632083,0.0841733634012832,0.01121537934725086,1.2416,0.0841733634012832,1.24161630632083,0.0841733634012832,,0.0841733634012832,0.0595195560563269,1.0633,0.17829137803713868,0.6356188058853149,1.2401,0.0593,1.0,,,,30.793571150902444,,,,
1420,P35557,G,68,C,NONSYN,0.3672992043124827,1.1615476999940717,0.08949640059672725,-2.438433333333333,100.0,2.0,6.0,1.6633134122057598,0.205246463277022,0.000616156296170962,1.6633,0.205246463277022,1.6633134122057598,0.205246463277022,,0.205246463277022,0.14513116599773795,0.8813,0.7819749350710552,0.4142335057258606,1.5778,0.137,1.0,,,,30.793571150902444,,,,
1421,P35557,G,68,P,NONSYN,0.2021261040610908,2.016406040430877,0.029698478155463188,-1.8968333333333334,100.0,2.0,6.0,2.60376300232564,0.110041522742943,4.477512374397057e-07,2.6038,0.110041522742943,2.60376300232564,0.110041522742943,,0.110041522742943,0.07781110694362868,1.2506,1.3531997384325125,0.7835540771484375,2.5905,0.0774,1.0,,,,30.793571150902444,,,,
1422,P35557,G,68,E,NONSYN,0.4108810729254607,2.456219488682023,0.03837382958784007,-1.9435333333333331,100.0,2.0,6.0,1.2843226575722,0.0384605676353906,0.008452069032035534,1.2843,0.0384605676353906,1.2843226575722,0.0384605676353906,,0.0384605676353906,0.027195728183268552,1.716,0.4316751575599411,0.7893224954605103,1.2848,0.0272,1.0,,,,30.793571150902444,,,,
1423,P35557,G,68,M,NONSYN,0.2878381921366005,1.4649516986461715,0.09652962166718054,-2.275,100.0,2.0,6.0,1.79057979526273,0.0952532155406417,0.00024591991646623373,1.7906,0.0952532155406417,1.79057979526273,0.0952532155406417,,0.0952532155406417,0.06735419463861157,0.9875,0.803033112904942,0.4565076529979706,1.7735,0.0666,1.0,,,,30.793571150902444,,,,
1424,P35557,G,68,W,NONSYN,0.355895468841822,1.6733926102602865,0.06360068116036934,-2.4539666666666666,100.0,2.0,6.0,0.127778681407115,0.33688005884951194,0.9032845085269504,0.1278,0.33688005884951194,0.127778681407115,0.33688005884951194,,0.33688005884951194,0.23821017405901307,1.1799,1.052116123547414,0.6309042572975159,0.2591,0.2229,1.0,,,,30.793571150902444,,,,
1425,P35557,G,68,H,NONSYN,0.3218287257213429,2.1935345758098532,0.03317052548379509,-1.9332999999999998,100.0,2.0,6.0,2.07237739618871,0.0904434736032141,3.0104742261551443e-05,2.0724,0.0904434736032141,2.07237739618871,0.0904434736032141,,0.0904434736032141,0.06395319349889919,1.2632,0.8091985708102922,0.7726932168006897,2.0669,0.0637,1.0,,,,30.793571150902444,,,,
1426,P35557,G,68,Q,NONSYN,0.29754150588632416,1.8835004201587067,0.03618398139806908,-1.7754,100.0,2.0,6.0,0.7167542171822741,0.25312302649114,0.24254025150859876,0.7168,0.25312302649114,0.7167542171822741,0.25312302649114,,0.25312302649114,0.1789850085063472,1.2002,0.4834639835013197,0.6306107640266418,0.7528,0.1722,1.0,,,,30.793571150902444,,,,
1427,P35557,G,68,*,STOP,,,,,100.0,2.0,6.0,-0.0066992902142197,0.05,0.9502045763177542,-0.0067,0.05,-0.0066992902142197,0.05,,0.05,0.035355339059327376,,,,-0.0067,0.0354,,,,,30.793571150902444,,,,
1428,P35557,S,69,S,SYN,,,,,100.0,2.0,6.0,1.07922936218369,0.05,0.031921606573262755,1.0792,0.05,1.07922936218369,0.05,,0.05,0.035355339059327376,,,,1.0792,0.0354,,,,,45.84606516797685,,,,
1429,P35557,S,69,A,NONSYN,0.4563330621977513,1.8790426290742175,0.06420936099147179,-0.01466666666666668,100.0,2.0,6.0,0.849678000881616,0.19504824421615602,0.12401325393087655,0.8497,0.19504824421615602,0.849678000881616,0.19504824421615602,,0.19504824421615602,0.1379199361437737,1.2139,0.36426524214511735,0.5516387224197388,0.8711,0.1338,0.965,,,,45.84606516797685,,,,
1430,P35557,S,69,V,NONSYN,0.3566796973350173,0.6819892925400426,0.04201598060071729,-1.3498999999999999,100.0,2.0,6.0,1.30577061657339,0.18543262684210501,0.007325000665022284,1.3058,0.18543262684210501,1.30577061657339,0.18543262684210501,,0.18543262684210501,0.13112066789328705,0.6715,0.6342469859543409,0.42218467593193054,1.25,0.1252,1.0,,,,45.84606516797685,,,,
1431,P35557,S,69,R,NONSYN,0.5078165034060199,1.1237511112932803,0.07751087561165221,-0.9542999999999999,100.0,2.0,6.0,2.25395532824198,0.0622942397313559,7.4117661362087054e-06,2.254,0.0622942397313559,2.25395532824198,0.0622942397313559,,0.0622942397313559,0.04404867934290221,0.8449,1.409100377337134,0.42932745814323425,2.2393,0.0438,1.0,,,,45.84606516797685,,,,
1432,P35557,S,69,D,NONSYN,0.26426002389568154,1.7227962532829917,0.0648279741848504,-0.6365333333333334,100.0,2.0,6.0,1.20400626344504,0.120117544779245,0.014352948261351863,1.204,0.120117544779245,1.20400626344504,0.120117544779245,,0.120117544779245,0.0849359304528829,1.1865,0.01748366041006677,0.5996239185333252,1.2037,0.0841,0.9990000000000001,,,,45.84606516797685,,,,
1433,P35557,S,69,F,NONSYN,0.4400921079880442,0.6858685866121927,0.08477006563225235,-1.7383,100.0,2.0,6.0,1.1088888627904199,0.0778230295746287,0.026475807383393276,1.1089,0.0778230295746287,1.1088888627904199,0.0778230295746287,,0.0778230295746287,0.055029191944701183,0.6715,0.4373652321713708,0.44367948174476624,1.1023,0.0546,1.0,,,,45.84606516797685,,,,
1434,P35557,S,69,T,NONSYN,0.5032644910640633,1.1977898875916226,0.05206502639846617,-0.06083333333333333,100.0,2.0,6.0,2.8934362253294,0.251915003012699,3.941430273943188e-08,2.8934,0.251915003012699,2.8934362253294,0.251915003012699,,0.251915003012699,0.17813080691290897,1.0253,1.8681385835752495,0.524467408657074,2.7002,0.1687,0.991,,,,45.84606516797685,,,,
1435,P35557,S,69,I,NONSYN,0.40690641070991895,0.8809967374197853,0.0350497294069924,-1.7275666666666665,100.0,2.0,6.0,0.5235044103676421,0.336587392598783,0.5029241063661285,0.5235,0.336587392598783,0.5235044103676421,0.336587392598783,,0.336587392598783,0.2380032277684982,0.7769,0.25341888846811234,0.42152154445648193,0.5848,0.2072,1.0,,,,45.84606516797685,,,,
1436,P35557,S,69,L,NONSYN,0.393745075519064,0.837757382475257,0.0820809825349988,-1.7093,100.0,2.0,6.0,0.6532224752012271,0.118880603687541,0.31954675665770993,0.6532,0.118880603687541,0.6532224752012271,0.118880603687541,,0.118880603687541,0.08406128101901073,0.7769,0.12370082363452728,0.4292234778404236,0.6578,0.0825,1.0,,,,45.84606516797685,,,,
1437,P35557,S,69,K,NONSYN,0.33912790346884786,0.8993553152937124,0.06751087225508812,-0.6167666666666666,100.0,2.0,6.0,2.43729944071069,0.0588341140345185,1.7324251385143587e-06,2.4373,0.0588341140345185,2.43729944071069,0.0588341140345185,,0.0588341140345185,0.041602000998910656,0.7759,1.661410997717526,0.42828986048698425,2.4218,0.0414,1.0,,,,45.84606516797685,,,,
1438,P35557,S,69,G,NONSYN,0.4188135801978989,1.5462082874654184,0.05909983906835267,-0.6509999999999999,100.0,2.0,6.0,1.73377016089776,0.16494235121978199,0.000371421290622837,1.7338,0.16494235121978199,1.73377016089776,0.16494235121978199,,0.16494235121978199,0.11663185505236104,0.9964,0.7373208691916748,0.5225198864936829,1.6988,0.1138,1.0,,,,45.84606516797685,,,,
1439,P35557,S,69,Y,NONSYN,0.3987520148682556,0.6782894106025433,0.08279341296635177,-1.6658,100.0,2.0,6.0,0.8808788742677091,0.0438597959613729,0.10438097439402251,0.8809,0.0438597959613729,0.8808788742677091,0.0438597959613729,,0.0438597959613729,0.031013559145745124,0.6699,0.21097398659147004,0.43135958909988403,0.8798,0.0309,1.0,,,,45.84606516797685,,,,
1440,P35557,S,69,N,NONSYN,0.3577198430860929,0.6046579286216645,0.0718318870904165,-0.23683333333333337,100.0,2.0,6.0,2.7767150351503997,0.0299600657629468,1.0615175960957259e-07,2.7767,0.0299600657629468,2.7767150351503997,0.0299600657629468,,0.0299600657629468,0.021184965665774595,0.6986,2.0781329223612457,0.4345468282699585,2.7718,0.0212,0.993,,,,45.84606516797685,,,,
1441,P35557,S,69,C,NONSYN,0.4413057931247456,1.6208648724729902,0.0692053792018032,-0.9221333333333334,100.0,2.0,6.0,0.7626140447028509,0.160668902407595,0.1949595856666739,0.7626,0.160668902407595,0.7626140447028509,0.160668902407595,,0.160668902407595,0.11361007041821002,1.1421,0.3794734148613581,0.600667417049408,0.7757,0.1116,1.0,,,,45.84606516797685,,,,
1442,P35557,S,69,P,NONSYN,0.3754690196139504,1.474802999869827,0.04160670784372097,-0.9290666666666666,100.0,2.0,6.0,1.20079966251234,0.284364714605326,0.014656360517564956,1.2008,0.284364714605326,1.20079966251234,0.284364714605326,,0.284364714605326,0.20107621802760325,0.9911,0.20971103374341915,0.5124569535255432,1.1728,0.1872,1.0,,,,45.84606516797685,,,,
1443,P35557,S,69,E,NONSYN,0.32956968841657797,1.3793487427837674,0.047445767061822464,-0.6321,100.0,2.0,6.0,0.997319158240525,0.212086209038383,0.052890600598780785,0.9973,0.212086209038383,0.997319158240525,0.212086209038383,,0.212086209038383,0.14996759660718825,1.0029,0.00558036930921868,0.5121709704399109,0.9978,0.1439,0.9990000000000001,,,,45.84606516797685,,,,
1444,P35557,S,69,M,NONSYN,0.4679817126368144,1.0985127845438396,0.04851423887863012,-1.5591333333333335,100.0,2.0,6.0,0.40247495864956795,0.063545175760893,0.6705057047645875,0.4025,0.063545175760893,0.40247495864956795,0.063545175760893,,0.063545175760893,0.044933224692218464,0.8258,0.4233647992697436,0.41924378275871277,0.4073,0.0447,1.0,,,,45.84606516797685,,,,
1445,P35557,S,69,W,NONSYN,0.3832492129242465,0.761871916119763,0.08611365058963744,-1.7880333333333336,100.0,2.0,6.0,1.64202560478174,0.12368870128341099,0.0007171524443455519,1.642,0.12368870128341099,1.64202560478174,0.12368870128341099,,0.12368870128341099,0.08746111943365713,0.731,0.9109969883533648,0.44553953409194946,1.6082,0.0858,1.0,,,,45.84606516797685,,,,
1446,P35557,S,69,H,NONSYN,0.2629764798769622,1.4057896784857238,0.07837174923867564,-0.9429,100.0,2.0,6.0,1.4078396266646498,0.0382760757144801,0.0036739164161889997,1.4078,0.0382760757144801,1.4078396266646498,0.0382760757144801,,0.0382760757144801,0.027065272694918603,0.9911,0.4167509978957289,0.514409601688385,1.4067,0.027,1.0,,,,45.84606516797685,,,,
1447,P35557,S,69,Q,NONSYN,0.3963611118941722,1.7227962532829917,0.06482797418485038,-0.6365333333333333,100.0,2.0,6.0,-0.0330233732571477,0.0992591679261331,0.9563196467214404,-0.033,0.0992591679261331,-0.0330233732571477,0.0992591679261331,,0.0992591679261331,0.07018683073550297,1.1799,1.2129181782116765,0.6224113702774048,-0.0178,0.0697,1.0,,,,45.84606516797685,,,,
1448,P35557,S,69,*,STOP,,,,,100.0,2.0,6.0,-0.0580652486778352,0.05,0.9614394889295618,-0.0581,0.05,-0.0580652486778352,0.05,,0.05,0.035355339059327376,,,,-0.0581,0.0354,,,,,45.84606516797685,,,,
1449,P35557,E,70,S,NONSYN,0.4382670271083193,0.4613002463032903,0.05407049124135097,-0.6747666666666666,100.0,2.0,6.0,0.419972039442861,0.118613010088459,0.6480522014632212,0.42,0.118613010088459,0.419972039442861,0.118613010088459,,0.118613010088459,0.08387206377049772,0.4543,0.034348540324366184,0.4243622422218323,0.4213,0.0823,0.997,,,,81.18577570603084,,,,
1450,P35557,E,70,A,NONSYN,0.4725389201357859,0.8152638215179553,0.05808723309274416,-0.8022,100.0,2.0,6.0,0.830519932409423,0.10889995676090801,0.13751511525567775,0.8305,0.10889995676090801,0.830519932409423,0.10889995676090801,,0.10889995676090801,0.07700389789655986,0.8078,0.022745984693663734,0.421546995639801,0.8298,0.0758,0.995,,,,81.18577570603084,,,,
1451,P35557,E,70,V,NONSYN,0.5148579282991502,1.171535923223055,0.0685703395540089,-1.6669666666666665,100.0,2.0,6.0,1.83640753566863,0.0258309386318086,0.00017585508910507753,1.8364,0.0258309386318086,1.83640753566863,0.0258309386318086,,0.0258309386318086,0.01826523187096542,0.9034,0.9330487781727499,0.3960433304309845,1.8344,0.0182,0.998,,,,81.18577570603084,,,,
1452,P35557,E,70,R,NONSYN,0.4513055748960305,0.5950581762001667,0.053362657120552964,-0.7211333333333333,100.0,2.0,6.0,0.42924614271879397,0.115013076859126,0.6358393161666266,0.4292,0.115013076859126,0.42924614271879397,0.115013076859126,,0.115013076859126,0.08132652657221758,0.6529,0.22367136159181394,0.43632248044013977,0.4368,0.0799,0.9990000000000001,,,,81.18577570603084,,,,
1453,P35557,E,70,D,NONSYN,0.4800060668498122,0.6497423619991681,0.042146309182655606,-0.020166666666666666,,,,,,,,,,,,,,0.7266,,0.4037288427352905,0.7266,0.4037,0.965,,,,81.18577570603084,,,,
1454,P35557,E,70,F,NONSYN,0.4134101209643438,2.11395660656988,0.05395164133252345,-2.4431333333333334,100.0,2.0,6.0,1.37623644915764,0.10450994260550801,0.0045559586420794735,1.3762,0.10450994260550801,1.37623644915764,0.10450994260550801,,0.10450994260550801,0.07389968911777159,1.2632,0.11305762377922202,0.7556928396224976,1.3752,0.0735,1.0,,,,81.18577570603084,,,,
1455,P35557,E,70,T,NONSYN,0.4070866311137473,1.199936092996599,0.05566967122621073,-0.9768666666666667,100.0,2.0,6.0,1.3672077181756699,0.170918474233579,0.004843629436561844,1.3672,0.170918474233579,1.3672077181756699,0.170918474233579,,0.170918474233579,0.12085761216062191,0.9901,0.3771327259957993,0.471931517124176,1.344,0.1171,0.9990000000000001,,,,81.18577570603084,,,,
1456,P35557,E,70,I,NONSYN,0.377366298627538,1.2787924675559736,0.06329979993137451,-2.3962999999999997,100.0,2.0,6.0,2.9531217108823298,0.14198043348511402,2.3605696782818075e-08,2.9531,0.14198043348511402,2.9531217108823298,0.14198043348511402,,0.14198043348511402,0.10039532731312968,0.9975,1.9555804024793146,0.49370935559272766,2.8755,0.0984,0.9990000000000001,,,,81.18577570603084,,,,
1457,P35557,E,70,L,NONSYN,0.4309220950052253,1.820155644022477,0.0598987411622098,-2.375633333333333,100.0,2.0,6.0,1.32903218148282,0.166434798363336,0.006267085302094301,1.329,0.166434798363336,1.32903218148282,0.166434798363336,,0.166434798363336,0.11768717454813057,1.2068,0.12218618271878201,0.6561201810836792,1.3252,0.1158,0.9990000000000001,,,,81.18577570603084,,,,
1458,P35557,E,70,K,NONSYN,0.4890082107053284,0.45820887854464604,0.05450084745982287,-0.6217666666666667,100.0,2.0,6.0,0.7366969244894491,0.087023730249971,0.22098027684150248,0.7367,0.087023730249971,0.7366969244894491,0.087023730249971,,0.087023730249971,0.06153506978390337,0.4543,0.28237634472222195,0.42789363861083984,0.731,0.0609,0.997,,,,81.18577570603084,,,,
1459,P35557,E,70,G,NONSYN,0.4522640708552875,0.8950727335438656,0.06930660578802426,-1.9225,100.0,2.0,6.0,0.773384194685229,0.0896166544056946,0.18481767519374648,0.7734,0.0896166544056946,0.773384194685229,0.0896166544056946,,0.0896166544056946,0.06336854403751795,0.7759,0.002504248307935053,0.4144420623779297,0.7734,0.0626,1.0,,,,81.18577570603084,,,,
1460,P35557,E,70,Y,NONSYN,0.4671477233180428,1.6851793623501263,0.055722591840560644,-2.2137666666666664,100.0,2.0,6.0,0.44762929384061106,0.19971974046758398,0.6110504921146612,0.4476,0.19971974046758398,0.44762929384061106,0.19971974046758398,,0.19971974046758398,0.14122318282144594,1.1799,0.7322655111139178,0.5933348536491394,0.4869,0.1374,1.0,,,,81.18577570603084,,,,
1461,P35557,E,70,N,NONSYN,0.4945297857128286,0.38484505823111,0.05185504560790732,-0.6558999999999999,100.0,2.0,6.0,0.649337603659402,0.13525216075071197,0.3246269108080766,0.6493,0.13525216075071197,0.649337603659402,0.13525216075071197,,0.13525216075071197,0.09563772003696144,0.4232,0.22609196505046947,0.4221726953983307,0.6383,0.0933,0.998,,,,81.18577570603084,,,,
1462,P35557,E,70,C,NONSYN,0.4263241553322161,1.5883281859949834,0.04896592775441139,-2.5622,100.0,2.0,6.0,0.7201778705868359,0.145332749387697,0.23874534224415822,0.7202,0.145332749387697,0.7201778705868359,0.145332749387697,,0.145332749387697,0.10276577262052561,1.0397,0.319527644321001,0.5184014439582825,0.7323,0.1008,1.0,,,,81.18577570603084,,,,
1463,P35557,E,70,P,NONSYN,0.2784783599621833,1.344711728751241,0.04815459064735764,-1.2109666666666667,100.0,2.0,6.0,2.34004220386158,0.17520505948370402,3.7635632751186208e-06,2.34,0.17520505948370402,2.34004220386158,0.17520505948370402,,0.17520505948370402,0.12388868565911954,1.0452,1.294836133915291,0.5080569386482239,2.2674,0.1204,0.992,,,,81.18577570603084,,,,
1464,P35557,E,70,E,SYN,,,,,100.0,2.0,6.0,0.692564092362666,0.05,0.27042871576553207,0.6926,0.05,0.692564092362666,0.05,,0.05,0.035355339059327376,,,,0.6926,0.0354,,,,,81.18577570603084,,,,
1465,P35557,E,70,M,NONSYN,0.4318399535430367,1.0191403413981568,0.05195423032177727,-1.9440333333333335,100.0,2.0,6.0,0.40118137112235597,0.214257062386236,0.6721336832141215,0.4012,0.214257062386236,0.40118137112235597,0.214257062386236,,0.214257062386236,0.15150262173041665,0.8316,0.4304452229442639,0.40807557106018066,0.4533,0.142,0.998,,,,81.18577570603084,,,,
1466,P35557,E,70,W,NONSYN,0.3886512979012191,1.8861301138409299,0.0571456782181741,-2.4843333333333333,100.0,2.0,6.0,2.05971592734449,0.0673427594151988,3.3148879505084906e-05,2.0597,0.0673427594151988,2.05971592734449,0.0673427594151988,,0.0673427594151988,0.04761852184630128,1.2002,0.8594977266608961,0.6081168055534363,2.0545,0.0475,1.0,,,,81.18577570603084,,,,
1467,P35557,E,70,H,NONSYN,0.3874690850586482,0.49951859527368564,0.050326821321893624,-0.6659666666666667,100.0,2.0,6.0,0.305316992531675,0.145272053675573,0.7789048718377943,0.3053,0.145272053675573,0.305316992531675,0.145272053675573,,0.145272053675573,0.10272285427089378,0.4494,0.14413224862967144,0.4183545708656311,0.3135,0.0998,1.0,,,,81.18577570603084,,,,
1468,P35557,E,70,Q,NONSYN,0.4979236622050323,0.48732865215466176,0.04873177458062492,-0.4386666666666667,100.0,2.0,6.0,0.792558122065194,0.10164363733208001,0.16773498421345437,0.7926,0.10164363733208001,0.792558122065194,0.10164363733208001,,0.10164363733208001,0.0718729052219799,0.4696,0.3229299668337182,0.4235328733921051,0.7835,0.0709,0.9990000000000001,,,,81.18577570603084,,,,
1469,P35557,E,70,*,STOP,,,,,100.0,2.0,6.0,0.0861502630755417,0.05,0.9211190866803298,0.0862,0.05,0.0861502630755417,0.05,,0.05,0.035355339059327376,,,,0.0862,0.0354,,,,,81.18577570603084,,,,
1470,P35557,V,71,S,NONSYN,0.33699392667600697,1.9241602050981903,0.05586138281981475,-1.4466,100.0,2.0,6.0,3.04022736358953,0.18519801081543,1.108972051729825e-08,3.0402,0.18519801081543,3.04022736358953,0.18519801081543,,0.18519801081543,0.13095476930985012,1.2134,1.8268532257111119,0.7572544813156128,2.9872,0.129,0.9990000000000001,,,,66.6071094260799,,,,
1471,P35557,V,71,A,NONSYN,0.4716545268994549,1.8892214190493835,0.14662851617594871,-0.7901333333333334,100.0,2.0,6.0,2.74178372307968,0.0612780082306711,1.4235716302767208e-07,2.7418,0.0612780082306711,2.74178372307968,0.0612780082306711,,0.0612780082306711,0.043330095157512606,1.2191,1.5227008907432542,0.7581295967102051,2.7368,0.0433,0.995,,,,66.6071094260799,,,,
1472,P35557,V,71,V,SYN,,,,,100.0,2.0,6.0,0.8867471523745469,0.05,0.10099888290237145,0.8867,0.05,0.8867471523745469,0.05,,0.05,0.035355339059327376,,,,0.8867,0.0354,,,,,66.6071094260799,,,,
1473,P35557,V,71,R,NONSYN,0.17643841508486408,2.52140449374073,0.0708105115651645,-1.9857333333333334,100.0,2.0,6.0,3.5028169179761295,0.164268129759288,1.7350891299696002e-10,3.5028,0.164268129759288,3.5028169179761295,0.164268129759288,,0.164268129759288,0.11615510848562426,2.2292,1.273642780860651,1.0080318450927734,3.4861,0.1154,0.9990000000000001,,,,66.6071094260799,,,,
1474,P35557,V,71,D,NONSYN,0.27348180848279724,2.3523413764980234,0.1498904071952929,-2.3809,100.0,2.0,6.0,2.5182176776458,0.261977292468182,9.010163238086165e-07,2.5182,0.261977292468182,2.5182176776458,0.261977292468182,,0.261977292468182,0.18524592002114293,1.574,0.9442051597167227,0.9122820496559143,2.4808,0.1815,0.9990000000000001,,,,66.6071094260799,,,,
1475,P35557,V,71,F,NONSYN,0.4053248813429461,2.7858501625525562,0.046942196048728575,-0.9184666666666667,100.0,2.0,6.0,2.07426874715919,0.0597371112133316,2.96741968240221e-05,2.0743,0.0597371112133316,2.07426874715919,0.0597371112133316,,0.0597371112133316,0.04224051642744172,2.2258,0.15153772752647887,0.7418377995491028,2.0748,0.0422,0.9990000000000001,,,,66.6071094260799,,,,
1476,P35557,V,71,T,NONSYN,0.3185872156759129,1.7321398563821815,0.057475361106978866,-0.1374,100.0,2.0,6.0,1.0178561090005,0.6179151323572629,0.04668332557279893,1.0179,0.6179151323572629,1.0178561090005,0.6179151323572629,,0.6179151323572629,0.43693198028760366,1.2043,0.18641115441197553,0.5922571420669556,1.0836,0.3516,0.991,,,,66.6071094260799,,,,
1477,P35557,V,71,I,NONSYN,0.4306262074024321,1.1574973183557882,0.15590695674774405,-0.1123,,,,,,,,,,,,,,0.973,,0.5705965161323547,0.973,0.5706,0.929,,,,66.6071094260799,,,,
1478,P35557,V,71,L,NONSYN,0.4667115524229356,1.74943937476794,0.14870920810289306,-0.29109999999999997,100.0,2.0,6.0,0.9659575538432249,0.207896380132697,0.06383406312009057,0.966,0.207896380132697,0.9659575538432249,0.207896380132697,,0.207896380132697,0.14700494017596627,1.2043,0.23830970956925068,0.6669845581054688,0.977,0.1436,0.929,,,,66.6071094260799,,,,
1479,P35557,V,71,K,NONSYN,0.1909141340536438,2.3064681979906165,0.03617121984081734,-1.7571333333333332,100.0,2.0,6.0,2.8790284389641405,0.0505084040455876,4.45791797919434e-08,2.879,0.0505084040455876,2.8790284389641405,0.0505084040455876,,0.0505084040455876,0.03571483500754504,1.5841,1.2949284309532763,0.8570894002914429,2.8768,0.0357,0.9990000000000001,,,,66.6071094260799,,,,
1480,P35557,V,71,G,NONSYN,0.3807983932718594,2.3537826823615036,0.1619602705310018,-2.365066666666667,100.0,2.0,6.0,2.51389376005536,0.0296680074402875,9.332253026093714e-07,2.5139,0.0296680074402875,2.51389376005536,0.0296680074402875,,0.0296680074402875,0.020978449245320236,1.6022,0.9116838344038096,0.8747020959854126,2.5134,0.021,1.0,,,,66.6071094260799,,,,
1481,P35557,V,71,Y,NONSYN,0.33250944557826595,2.3064681979906165,0.03617121984081734,-1.7571333333333332,100.0,2.0,6.0,1.13255720308878,0.19900601426114,0.02277268292584959,1.1326,0.19900601426114,1.13255720308878,0.19900601426114,,0.19900601426114,0.14071850218095888,1.5841,0.4515428049220842,0.8570894002914429,1.1444,0.1389,0.9990000000000001,,,,66.6071094260799,,,,
1482,P35557,V,71,N,NONSYN,0.2445312890805706,2.672750408677103,0.16597125194057172,-2.1033666666666666,100.0,2.0,6.0,2.35644055182079,0.10578100337057199,3.304586941357325e-06,2.3564,0.10578100337057199,2.35644055182079,0.10578100337057199,,0.10578100337057199,0.07479846480404849,2.1399,0.2165584641132705,0.8956586122512817,2.3549,0.0745,0.992,,,,66.6071094260799,,,,
1483,P35557,V,71,C,NONSYN,0.4349501020449153,2.6187599446094665,0.048086623202776395,-0.9503666666666666,100.0,2.0,6.0,2.57553940098846,0.0401367456961886,5.644635425984492e-07,2.5755,0.0401367456961886,2.57553940098846,0.0401367456961886,,0.0401367456961886,0.028380965056534934,2.2233,0.3521974591549637,0.766208827495575,2.5751,0.0284,1.0,,,,66.6071094260799,,,,
1484,P35557,V,71,P,NONSYN,0.17175025849116904,2.847779637315497,0.040770114863779426,-1.883333333333333,100.0,2.0,6.0,2.3287444904372596,0.276610907798026,4.115617456689715e-06,2.3287,0.276610907798026,2.3287444904372596,0.276610907798026,,0.276610907798026,0.19559344865415101,2.1618,0.16692503242944712,0.7671957015991211,2.3186,0.1895,0.992,,,,66.6071094260799,,,,
1485,P35557,V,71,E,NONSYN,0.32079411141973807,2.53539221967232,0.029751376994299347,-1.7854,100.0,2.0,6.0,2.19225637391903,0.10084110119448801,1.1983885550234764e-05,2.1923,0.10084110119448801,2.19225637391903,0.10084110119448801,,0.10084110119448801,0.07130542647694132,2.1652,0.027056855715294592,0.7765507698059082,2.192,0.071,0.997,,,,66.6071094260799,,,,
1486,P35557,V,71,M,NONSYN,0.4348220015603004,1.5751991286411349,0.15434359396437022,-0.2969,100.0,2.0,6.0,1.4886782922236397,0.111739022967807,0.002106346089568391,1.4887,0.111739022967807,1.4886782922236397,0.111739022967807,,0.111739022967807,0.0790114208636957,1.0132,0.475436762758918,0.6540272235870361,1.4818,0.0784,0.9990000000000001,,,,66.6071094260799,,,,
1487,P35557,V,71,W,NONSYN,0.20407639127029992,2.545646492643257,0.037798445023046176,-1.7649666666666668,100.0,2.0,6.0,2.16149355500622,0.0196092696002991,1.5203210828287623e-05,2.1615,0.0196092696002991,2.16149355500622,0.0196092696002991,,0.0196092696002991,0.013865847508486713,2.2267,0.06521628767566456,0.8343238830566406,2.1615,0.0139,1.0,,,,66.6071094260799,,,,
1488,P35557,V,71,H,NONSYN,0.2484595230317529,2.79249171581424,0.07703020363527636,-2.2657666666666665,100.0,2.0,6.0,2.18668981761792,0.6263693827970129,1.2512139011099566e-05,2.1867,0.6263693827970129,2.18668981761792,0.6263693827970129,,0.6263693827970129,0.44291003810340024,2.2124,0.02567724018237305,0.8683580756187439,2.192,0.3946,1.0,,,,66.6071094260799,,,,
1489,P35557,V,71,Q,NONSYN,0.31633139311143543,2.410926122629797,0.02698204137694234,-1.7866,100.0,2.0,6.0,2.5656546650466,0.114004287031388,6.120333056772768e-07,2.5657,0.114004287031388,2.5656546650466,0.114004287031388,,0.114004287031388,0.08061320444423202,1.7338,0.8318982420500789,0.7800418734550476,2.5569,0.0802,0.998,,,,66.6071094260799,,,,
1490,P35557,V,71,*,STOP,,,,,100.0,2.0,6.0,0.40641999938114703,0.05,0.665513040843434,0.4064,0.05,0.40641999938114703,0.05,,0.05,0.035355339059327376,,,,0.4064,0.0354,,,,,66.6071094260799,,,,
1491,P35557,G,72,S,NONSYN,0.36837526824294986,0.35359373666235494,0.17176112256482542,-0.8648000000000001,100.0,2.0,6.0,0.265295042678871,0.242333036002482,0.8149090490748921,0.2653,0.242333036002482,0.265295042678871,0.242333036002482,,0.242333036002482,0.17135533306287876,0.3793,0.11401857526584641,0.4433940649032593,0.2801,0.1598,1.0,,,,26.05130835702956,,,,
1492,P35557,G,72,A,NONSYN,0.4089269105168704,0.4468718796568904,0.17074390552805932,-0.9328,100.0,2.0,6.0,-0.0145393863047352,0.254944181015678,0.952109857584349,-0.0145,0.254944181015678,-0.0145393863047352,0.254944181015678,,0.254944181015678,0.18027275922023658,0.4137,0.42823662904155163,0.5052295327186584,0.0338,0.1698,1.0,,,,26.05130835702956,,,,
1493,P35557,G,72,V,NONSYN,0.3988573139738447,-0.2534527991198495,0.12672948311455698,-2.7219333333333338,100.0,2.0,6.0,-0.15789186774849498,0.169154669240087,0.9765083286176749,-0.1579,0.169154669240087,-0.15789186774849498,0.169154669240087,,0.169154669240087,0.11961041368903302,0.086,0.24387913762688243,0.2947961091995239,-0.1234,0.1108,1.0,,,,26.05130835702956,,,,
1494,P35557,G,72,R,NONSYN,0.3362652746103357,0.17192751460611466,0.07390243730647554,-1.9470333333333334,100.0,2.0,6.0,0.191016670130054,0.112001067393055,0.8688834577011669,0.191,0.112001067393055,0.191016670130054,0.112001067393055,,0.112001067393055,0.0791967142537607,0.2464,0.05542773399515963,0.34916526079177856,0.1937,0.0772,1.0,,,,26.05130835702956,,,,
1495,P35557,G,72,D,NONSYN,0.3623286966209139,0.2772725829539217,0.09412464196292088,-1.5976,100.0,2.0,6.0,0.396485241189917,0.643065027107761,0.6780053255301998,0.3965,0.643065027107761,0.396485241189917,0.643065027107761,,0.643065027107761,0.4547156414118088,0.3022,0.09432754112811892,0.3920026421546936,0.3424,0.2969,1.0,,,,26.05130835702956,,,,
1496,P35557,G,72,F,NONSYN,0.3709207412708021,-0.13891078662119088,0.056279328356688856,-2.717866666666667,100.0,2.0,6.0,-0.5015179052444709,0.510575445697669,0.9955018908339427,-0.5015,0.510575445697669,-0.5015179052444709,0.510575445697669,,0.510575445697669,0.3610313599601656,0.0833,0.5847862496467842,0.2690693736076355,-0.1256,0.2157,1.0,,,,26.05130835702956,,,,
1497,P35557,G,72,T,NONSYN,0.21962954488217865,0.30431202465143936,0.17606487850872496,-1.5144,100.0,2.0,6.0,0.315366916097364,0.12257059653731299,0.7690628485893571,0.3154,0.12257059653731299,0.315366916097364,0.12257059653731299,,0.12257059653731299,0.08667049998561437,0.3327,0.01733852203969044,0.4360451102256775,0.316,0.085,1.0,,,,26.05130835702956,,,,
1498,P35557,G,72,I,NONSYN,0.29686370150880703,-0.2534527991198496,0.12672948311455698,-2.721933333333333,100.0,2.0,6.0,0.249978145156373,0.0972841627135132,0.8273645899738563,0.25,0.0972841627135132,0.249978145156373,0.0972841627135132,,0.0972841627135132,0.06879029115678066,0.086,0.16399087527798556,0.2947961091995239,0.2415,0.067,1.0,,,,26.05130835702956,,,,
1499,P35557,G,72,L,NONSYN,0.33670580158540125,-0.2797801358050713,0.1305579625205119,-2.6893,100.0,2.0,6.0,-0.0789098576928297,0.104321367702309,0.965238807180975,-0.0789,0.104321367702309,-0.0789098576928297,0.104321367702309,,0.104321367702309,0.07376634652495798,0.086,0.16489712757121716,0.317121297121048,-0.0704,0.0718,1.0,,,,26.05130835702956,,,,
1500,P35557,G,72,K,NONSYN,0.4007452768135149,0.3453426693455457,0.16229911518986886,-1.5245,100.0,2.0,6.0,0.19227498201504503,0.314427490667264,0.8680983176371414,0.1923,0.314427490667264,0.19227498201504503,0.314427490667264,,0.314427490667264,0.22233381084229223,0.3591,0.16683286996707167,0.4405509829521179,0.2261,0.1985,1.0,,,,26.05130835702956,,,,
1501,P35557,G,72,G,SYN,,,,,100.0,2.0,6.0,0.669110307320097,0.05,0.29918355784112194,0.6691,0.05,0.669110307320097,0.05,,0.05,0.035355339059327376,,,,0.6691,0.0354,,,,,26.05130835702956,,,,
1502,P35557,G,72,Y,NONSYN,0.28089736795090275,-0.24610654356193185,0.12913892941634106,-2.6748999999999996,100.0,2.0,6.0,-0.179930634422248,0.132349085829999,0.978930702684598,-0.1799,0.132349085829999,-0.179930634422248,0.132349085829999,,0.132349085829999,0.09358493607423268,0.086,0.26591790430063544,0.317121297121048,-0.1586,0.0898,1.0,,,,26.05130835702956,,,,
1503,P35557,G,72,N,NONSYN,0.382875509440285,0.21574696585468425,0.17276420424977448,-0.8179,100.0,2.0,6.0,0.678835355101883,0.22913911390738503,0.2870642345453889,0.6788,0.22913911390738503,0.678835355101883,0.22913911390738503,,0.22913911390738503,0.16202582127898868,0.2783,0.40056356078273014,0.4144967794418335,0.6257,0.1509,1.0,,,,26.05130835702956,,,,
1504,P35557,G,72,C,NONSYN,0.3672992043124827,0.07016502588083766,0.05900723886697893,-2.438433333333333,,,,,,,,,,,,,,0.137,,0.2859046459197998,0.137,0.2859,1.0,,,,26.05130835702956,,,,
1505,P35557,G,72,P,NONSYN,0.2021261040610908,0.278971129223829,0.06541328738249756,-1.8968333333333334,100.0,2.0,6.0,-0.130114173723089,0.183935685561355,0.9730448158388642,-0.1301,0.183935685561355,-0.130114173723089,0.183935685561355,,0.183935685561355,0.13006217056263064,0.3005,0.430653130842077,0.3628612756729126,-0.0811,0.1224,1.0,,,,26.05130835702956,,,,
1506,P35557,G,72,E,NONSYN,0.4108810729254607,0.22455004702892098,0.07121159959721342,-1.9435333333333331,100.0,2.0,6.0,0.0331490728616351,0.139902998197931,0.9393002064526986,0.0331,0.139902998197931,0.0331490728616351,0.139902998197931,,0.139902998197931,0.09892635873408634,0.2585,0.2253329065084821,0.34916526079177856,0.0499,0.0952,1.0,,,,26.05130835702956,,,,
1507,P35557,G,72,M,NONSYN,0.2878381921366005,-0.08514957872554833,0.07032525426468755,-2.3474999999999997,100.0,2.0,6.0,0.33582964009606897,0.0865110845298869,0.7480238773252859,0.3358,0.0865110845298869,0.33582964009606897,0.0865110845298869,,0.0865110845298869,0.06117257451888565,0.0872,0.24865114158952295,0.2668485939502716,0.3234,0.0596,1.0,,,,26.05130835702956,,,,
1508,P35557,G,72,W,NONSYN,0.355895468841822,-0.10786004429896563,0.12840577081650054,-2.530533333333333,100.0,2.0,6.0,0.032557305294939,0.163021183974428,0.9394781548886723,0.0326,0.163021183974428,0.032557305294939,0.163021183974428,,0.163021183974428,0.11527338466537776,0.0932,0.060649666588834805,0.2949094772338867,0.0406,0.1074,1.0,,,,26.05130835702956,,,,
1509,P35557,G,72,H,NONSYN,0.3218287257213429,0.031350523089533365,0.06052980185407276,-1.9332999999999998,100.0,2.0,6.0,0.6127476446797979,0.21190346620425998,0.3741869900893431,0.6127,0.21190346620425998,0.6127476446797979,0.21190346620425998,,0.21190346620425998,0.14983837790996662,0.1067,0.5060911529233587,0.27267351746559143,0.4954,0.1313,1.0,,,,26.05130835702956,,,,
1510,P35557,G,72,Q,NONSYN,0.29754150588632416,0.179844219696351,0.05117542766334179,-1.7754,100.0,2.0,6.0,0.324175850749356,0.213499110117208,0.760169947682548,0.3242,0.213499110117208,0.324175850749356,0.213499110117208,,0.213499110117208,0.15096666854117122,0.2481,0.07611270368133233,0.3577701151371002,0.3127,0.1391,1.0,,,,26.05130835702956,,,,
1511,P35557,G,72,*,STOP,,,,,100.0,2.0,6.0,0.137674466627597,0.05,0.898518389720225,0.1377,0.05,0.137674466627597,0.05,,0.05,0.035355339059327376,,,,0.1377,0.0354,,,,,26.05130835702956,,,,
1512,P35557,D,73,S,NONSYN,0.3690767940714815,1.9166311441412631,0.1619412766577384,-0.9239999999999999,100.0,2.0,6.0,1.66371231922527,0.29271335177682106,0.0006144031172741592,1.6637,0.29271335177682106,1.66371231922527,0.29271335177682106,,0.29271335177682106,0.20697959598523352,1.2102,0.4535166586341446,0.7562993764877319,1.6321,0.1996,1.0,,,,43.145043816443184,,,,
1513,P35557,D,73,A,NONSYN,0.4216252277516441,0.6256267332817086,0.08122210072139675,-1.4927333333333335,100.0,2.0,6.0,0.27808748955464596,0.13405955993510799,0.8039505793834941,0.2781,0.13405955993510799,0.27808748955464596,0.13405955993510799,,0.13405955993510799,0.09479442391299925,0.6715,0.3934361410644031,0.43135958909988403,0.2962,0.0926,1.0,,,,43.145043816443184,,,,
1514,P35557,D,73,V,NONSYN,0.4506084315132353,1.3274766571170915,0.0314207678136373,-2.6115333333333335,100.0,2.0,6.0,0.256407862483543,0.191804662160352,0.822223413925694,0.2564,0.191804662160352,0.256407862483543,0.191804662160352,,0.191804662160352,0.13562637727677967,0.9911,0.7346807662853778,0.5228014588356018,0.3027,0.1313,1.0,,,,43.145043816443184,,,,
1515,P35557,D,73,R,NONSYN,0.35823216117602164,0.41307641422020197,0.058113305075276685,-1.472133333333333,100.0,2.0,6.0,0.9157384467391659,0.275553419773438,0.08563789932842746,0.9157,0.275553419773438,0.9157384467391659,0.275553419773438,,0.275553419773438,0.1948456917009413,0.3726,0.5431791973380734,0.3856036067008972,0.8053,0.1739,1.0,,,,43.145043816443184,,,,
1516,P35557,D,73,D,SYN,,,,,100.0,2.0,6.0,0.44240558578643396,0.05,0.618168643013906,0.4424,0.05,0.44240558578643396,0.05,,0.05,0.035355339059327376,,,,0.4424,0.0354,,,,,43.145043816443184,,,,
1517,P35557,D,73,F,NONSYN,0.29646296686588297,1.002867938020656,0.049277417584861705,-2.6194333333333333,100.0,2.0,6.0,1.23023401977285,0.104168335963616,0.012087694682257106,1.2302,0.104168335963616,1.23023401977285,0.104168335963616,,0.104168335963616,0.07365813674479138,0.7846,0.4456764984296189,0.4028931260108948,1.2158,0.0725,1.0,,,,43.145043816443184,,,,
1518,P35557,D,73,T,NONSYN,0.33041122774515563,1.31582809799637,0.16412360897294728,-1.1000666666666665,100.0,2.0,6.0,2.9413372510706606,0.0752510003044144,2.6128539625172e-08,2.9413,0.0752510003044144,2.9413372510706606,0.0752510003044144,,0.0752510003044144,0.053210492606322365,0.991,1.9503412479197206,0.6409057378768921,2.928,0.053,1.0,,,,43.145043816443184,,,,
1519,P35557,D,73,I,NONSYN,0.3169485018080975,1.1125223860512754,0.05060000287325599,-2.7128666666666668,100.0,2.0,6.0,0.6687264786604139,0.725630756225228,0.29966739761190825,0.6687,0.725630756225228,0.6687264786604139,0.725630756225228,,0.725630756225228,0.5130984283643812,0.8086,0.1398660792466906,0.4028931260108948,0.7552,0.3169,1.0,,,,43.145043816443184,,,,
1520,P35557,D,73,L,NONSYN,0.37713817620354506,1.0787970499630488,0.17697723807575438,-2.7055000000000002,100.0,2.0,6.0,0.7699024869250931,0.0940718303708338,0.18805315405467835,0.7699,0.0940718303708338,0.7699024869250931,0.0940718303708338,,0.0940718303708338,0.06651882917384719,0.7924,0.022517542715104644,0.5436516404151917,0.7702,0.066,1.0,,,,43.145043816443184,,,,
1521,P35557,D,73,K,NONSYN,0.3517044245741117,2.228266901931463,0.17445640293762496,-0.8664,100.0,2.0,6.0,0.7288050458546701,0.0994989265332982,0.2293540695794265,0.7288,0.0994989265332982,0.7288050458546701,0.0994989265332982,,0.0994989265332982,0.07035636567247726,1.4498,0.7209506227854666,0.8152220249176025,0.7341,0.0701,1.0,,,,43.145043816443184,,,,
1522,P35557,D,73,G,NONSYN,0.41616550742326497,2.022048006557452,0.16410912125943503,-1.2674333333333332,100.0,2.0,6.0,0.37195996908739,0.11755951015221301,0.7076522558600803,0.372,0.11755951015221301,0.37195996908739,0.11755951015221301,,0.11755951015221301,0.08312712682159859,1.254,0.8820526155988893,0.8588517904281616,0.3801,0.0827,1.0,,,,43.145043816443184,,,,
1523,P35557,D,73,Y,NONSYN,0.4224113195979475,0.6425270083632094,0.05482894845094873,-2.560966666666667,100.0,2.0,6.0,2.1834508539188002,0.18062147408943602,1.2829951221653244e-05,2.1835,0.18062147408943602,2.1834508539188002,0.18062147408943602,,0.18062147408943602,0.1277186691565505,0.6699,1.5135459662425612,0.40805715322494507,2.0484,0.1219,1.0,,,,43.145043816443184,,,,
1524,P35557,D,73,N,NONSYN,0.4295009636980524,2.100525142724623,0.07159479959409332,-0.2961,100.0,2.0,6.0,1.94893873419494,0.12806401490255098,7.639685207670367e-05,1.9489,0.12806401490255098,1.94893873419494,0.12806401490255098,,0.12806401490255098,0.09055493336356887,1.2632,0.685759908816522,0.6827181577682495,1.9371,0.0898,1.0,,,,43.145043816443184,,,,
1525,P35557,D,73,C,NONSYN,0.3461355508488411,0.5650122760230167,0.1782910435956647,-2.7265333333333337,100.0,2.0,6.0,2.3112568087451897,0.0211647711576945,4.7252372375057206e-06,2.3113,0.0211647711576945,2.3112568087451897,0.0211647711576945,,0.0211647711576945,0.014965753207867236,0.6231,1.6881602830760918,0.5831989645957947,2.3101,0.015,1.0,,,,43.145043816443184,,,,
1526,P35557,D,73,P,NONSYN,0.2905290433283012,0.5219286351270673,0.07735987015460047,-1.4699,100.0,2.0,6.0,0.5891817840185699,0.17028390424428302,0.4074504700186763,0.5892,0.17028390424428302,0.5891817840185699,0.17028390424428302,,0.17028390424428302,0.12040890341805324,0.5811,0.008089485987716638,0.44677841663360596,0.5886,0.1163,0.9990000000000001,,,,43.145043816443184,,,,
1527,P35557,D,73,E,NONSYN,0.4869275421620544,1.9290067203140933,0.07567961041522668,-0.3505,100.0,2.0,6.0,2.46349400142653,0.074644531257708,1.4031385513446693e-06,2.4635,0.074644531257708,2.46349400142653,0.074644531257708,,0.074644531257708,0.05278165423081653,1.2256,1.2378830299757242,0.6562738418579102,2.4555,0.0526,0.996,,,,43.145043816443184,,,,
1528,P35557,D,73,M,NONSYN,0.2886817698329022,1.223364245391731,0.0667766540816459,-2.5042666666666666,100.0,2.0,6.0,0.440939142833235,0.0804473364654589,0.620156646538722,0.4409,0.0804473364654589,0.440939142833235,0.0804473364654589,,0.0804473364654589,0.05688485714312181,0.9765,0.5355514739651659,0.45633071660995483,0.4491,0.0564,1.0,,,,43.145043816443184,,,,
1529,P35557,D,73,W,NONSYN,0.2933207242208761,1.249961924776899,0.1725362202211261,-2.7770999999999995,100.0,2.0,6.0,1.83301396578363,0.0265543784000184,0.00018029167902308137,1.833,0.0265543784000184,1.83301396578363,0.0265543784000184,,0.0265543784000184,0.018776781036846595,0.9856,0.8473761817794185,0.6536752581596375,1.8323,0.0188,1.0,,,,43.145043816443184,,,,
1530,P35557,D,73,H,NONSYN,0.4359397753198172,1.34736742200424,0.04040282433425355,-1.1262,100.0,2.0,6.0,2.8467192790470497,0.679071268419583,5.870577234824519e-08,2.8467,0.679071268419583,2.8467192790470497,0.679071268419583,,0.679071268419583,0.4801758988084373,0.9875,1.8591725966892616,0.453875869512558,1.8648,0.3298,1.0,,,,43.145043816443184,,,,
1531,P35557,D,73,Q,NONSYN,0.3596090029508326,1.7464122147089967,0.17586594172877515,-0.9040333333333331,100.0,2.0,6.0,2.17436910752207,0.0318082310955353,1.3763895444361316e-05,2.1744,0.0318082310955353,2.17436910752207,0.0318082310955353,,0.0318082310955353,0.022491815905201815,1.1833,0.9910249817743892,0.7085583209991455,2.1734,0.0225,1.0,,,,43.145043816443184,,,,
1532,P35557,D,73,*,STOP,,,,,100.0,2.0,6.0,0.445467416083984,0.05,0.6140032374723037,0.4455,0.05,0.445467416083984,0.05,,0.05,0.035355339059327376,,,,0.4455,0.0354,,,,,43.145043816443184,,,,
1533,P35557,F,74,S,NONSYN,0.3509668135339838,0.6392986664960413,0.10532697397626282,-1.8094999999999999,100.0,2.0,6.0,0.535566499227245,0.138565193387989,0.4852883076139924,0.5356,0.138565193387989,0.535566499227245,0.138565193387989,,0.138565193387989,0.09798038788107237,0.6699,0.13433838844899404,0.4694748818874359,0.5412,0.0959,1.0,,,,2.182687266447047,,,,
1534,P35557,F,74,A,NONSYN,0.21205940102164186,0.461769690200923,0.06782668830638083,-1.7977999999999998,100.0,2.0,6.0,1.0681534281126,0.36889012622403994,0.0342128755416924,1.0682,0.36889012622403994,1.0681534281126,0.36889012622403994,,0.36889012622403994,0.2608447097657801,0.409,0.659176456009481,0.4097971022129059,0.8781,0.22,1.0,,,,2.182687266447047,,,,
1535,P35557,F,74,V,NONSYN,0.3686871445054262,0.46614300153093735,0.1687987174354222,-1.0737666666666665,100.0,2.0,6.0,0.26101362412827694,0.154825512640038,0.8184630937746576,0.261,0.154825512640038,0.26101362412827694,0.154825512640038,,0.154825512640038,0.10947816988845438,0.418,0.15696367913824832,0.5052295327186584,0.2681,0.107,1.0,,,,2.182687266447047,,,,
1536,P35557,F,74,R,NONSYN,0.12156869505678705,0.09561346937393171,0.10933764643878698,-2.1628666666666665,100.0,2.0,6.0,1.9096768638140902,0.07704731118643202,0.00010235823119045007,1.9097,0.07704731118643202,1.9096768638140902,0.07704731118643202,,0.07704731118643202,0.05448067621211621,0.1883,1.7213397761828646,0.3631035387516022,1.8718,0.0539,1.0,,,,2.182687266447047,,,,
1537,P35557,F,74,D,NONSYN,0.1992068019592559,0.008560855447004015,0.08679633472935272,-2.6122333333333336,100.0,2.0,6.0,1.00947100575732,0.0506522113549932,0.049132041141464154,1.0095,0.0506522113549932,1.00947100575732,0.0506522113549932,,0.0506522113549932,0.03581652213120993,0.1067,0.9028145140008808,0.29179662466049194,0.9961,0.0355,1.0,,,,2.182687266447047,,,,
1538,P35557,F,74,F,SYN,,,,,,,,,,,,,,,,,,,,,,,,,,,2.182687266447047,,,,
1539,P35557,F,74,T,NONSYN,0.18720675519309532,0.6499320806087473,0.11694827724073646,-1.6453666666666666,100.0,2.0,6.0,0.500397988653939,0.143488666877885,0.5365344236459666,0.5004,0.143488666877885,0.500397988653939,0.143488666877885,,0.143488666877885,0.10146180937277004,0.6699,0.16950689902229998,0.48121654987335205,0.5076,0.0993,1.0,,,,2.182687266447047,,,,
1540,P35557,F,74,I,NONSYN,0.40023011164303374,0.45481229353002134,0.0814852349523961,-0.511,100.0,2.0,6.0,0.29928959018353696,0.543430139283401,0.7846524088126609,0.2993,0.543430139283401,0.29928959018353696,0.543430139283401,,0.543430139283401,0.38426313658844286,0.409,0.10968738191958194,0.4171104431152344,0.3496,0.2826,1.0,,,,2.182687266447047,,,,
1541,P35557,F,74,L,NONSYN,0.4640274525972558,0.302681900920411,0.13704060000901394,-0.3554666666666666,100.0,2.0,6.0,0.689784258281014,0.301989031286419,0.2737511993306516,0.6898,0.301989031286419,0.689784258281014,0.301989031286419,,0.301989031286419,0.21353849186658333,0.3595,0.33029037681700946,0.44082239270210266,0.627,0.1922,1.0,,,,2.182687266447047,,,,
1542,P35557,F,74,K,NONSYN,0.1539819943883161,1.109058291549425,0.10138901339905304,-1.9918333333333333,100.0,2.0,6.0,-0.0514253835286539,0.3863512603494821,0.9601436374501847,-0.0514,0.3863512603494821,-0.0514253835286539,0.3863512603494821,,0.3863512603494821,0.2731915961130881,0.8291,0.880557702025358,0.44802799820899963,0.1872,0.2332,1.0,,,,2.182687266447047,,,,
1543,P35557,F,74,G,NONSYN,0.22544940105055214,0.21521948387641598,0.08684132496330886,-2.584433333333333,100.0,2.0,6.0,0.389495120469084,0.0492445990373956,0.6866316020301939,0.3895,0.0492445990373956,0.389495120469084,0.0492445990373956,,0.0492445990373956,0.03482118991615496,0.2585,0.13101314109896683,0.3744969367980957,0.3884,0.0347,1.0,,,,2.182687266447047,,,,
1544,P35557,F,74,Y,NONSYN,0.41795167961904656,0.4328467902862367,0.08625650624435466,-0.19666666666666666,100.0,2.0,6.0,1.9969968803601101,0.203167908011078,5.3274304133597645e-05,1.997,0.203167908011078,1.9969968803601101,0.203167908011078,,0.203167908011078,0.14366140547411793,0.411,1.5859620578961209,0.43668222427368164,1.8421,0.1365,1.0,,,,2.182687266447047,,,,
1545,P35557,F,74,N,NONSYN,0.06350654443895225,0.9210651176722751,0.05848017717816936,-2.4017,100.0,2.0,6.0,-0.011078791071136003,0.151323220446601,0.9512779614598831,-0.0111,0.151323220446601,-0.011078791071136003,0.151323220446601,,0.151323220446601,0.10700167532877837,0.7553,0.7664274734747004,0.4036778211593628,0.0392,0.1034,1.0,,,,2.182687266447047,,,,
1546,P35557,F,74,C,NONSYN,0.42192151878195305,0.5963425292680208,0.09616050423713418,-1.5309000000000001,100.0,2.0,6.0,0.346076314486397,0.301502825605552,0.7369878658166841,0.3461,0.301502825605552,0.346076314486397,0.301502825605552,,0.301502825605552,0.21319469253259085,0.6487,0.3026531290637129,0.4672771394252777,0.3982,0.194,1.0,,,,2.182687266447047,,,,
1547,P35557,F,74,P,NONSYN,0.14474630447280185,0.4626291117184227,0.03936255559668306,-2.5313999999999997,100.0,2.0,6.0,-0.15595251655458497,0.23034067277407103,0.976281972602287,-0.156,0.23034067277407103,-0.15595251655458497,0.23034067277407103,,0.23034067277407103,0.16287545170161719,0.4042,0.5601374540316968,0.39354369044303894,-0.074,0.1505,1.0,,,,2.182687266447047,,,,
1548,P35557,F,74,E,NONSYN,0.14341137314980398,0.41433786989060634,0.05678786186008241,-2.5673,100.0,2.0,6.0,-0.207860037573487,0.28306008361429497,0.981637341015472,-0.2079,0.28306008361429497,-0.207860037573487,0.28306008361429497,,0.28306008361429497,0.2001537046068991,0.3678,0.5756272523485725,0.3714963495731354,-0.0784,0.1762,1.0,,,,2.182687266447047,,,,
1549,P35557,F,74,M,NONSYN,0.21680558431241104,0.39473032095382465,0.1536393278354953,-0.25303333333333333,100.0,2.0,6.0,0.413638998180773,0.065945954332993,0.6562705309102478,0.4136,0.065945954332993,0.413638998180773,0.065945954332993,,0.065945954332993,0.04663083150067773,0.3908,0.022877235323335854,0.5128253698348999,0.4135,0.0464,1.0,,,,2.182687266447047,,,,
1550,P35557,F,74,W,NONSYN,0.32132997916102696,0.4675709488817746,0.14735870071808063,-0.3639333333333333,100.0,2.0,6.0,0.195117114396923,0.195900698672782,0.8663094819354015,0.1951,0.195900698672782,0.195117114396923,0.195900698672782,,0.195900698672782,0.13852271247070663,0.4152,0.2200980202237435,0.4940812587738037,0.2112,0.1334,1.0,,,,2.182687266447047,,,,
1551,P35557,F,74,H,NONSYN,0.3132585296390889,0.36916264242287095,0.08675120579846429,-1.3437666666666666,100.0,2.0,6.0,0.753063099922878,0.355884610529136,0.20428350455062075,0.7531,0.355884610529136,0.753063099922878,0.355884610529136,,0.355884610529136,0.2516484214250854,0.3482,0.40485067898247884,0.3949846625328064,0.6362,0.2122,1.0,,,,2.182687266447047,,,,
1552,P35557,F,74,Q,NONSYN,0.15363519183063878,0.9754683027993454,0.12721013013476742,-2.0034333333333336,100.0,2.0,6.0,0.34934458272158503,0.20741013306478895,0.733398212897963,0.3493,0.20741013306478895,0.34934458272158503,0.20741013306478895,,0.20741013306478895,0.14666111157691641,0.7957,0.44636669619382024,0.4815489947795868,0.3872,0.1403,1.0,,,,2.182687266447047,,,,
1553,P35557,F,74,*,STOP,,,,,100.0,2.0,6.0,-0.130582094863961,0.05,0.9731072712689395,-0.1306,0.05,-0.130582094863961,0.05,,0.05,0.035355339059327376,,,,-0.1306,0.0354,,,,,2.182687266447047,E,78.0,,
1554,P35557,L,75,S,NONSYN,0.3696688568840947,-0.008243089205499966,0.03677155800586266,-1.8501333333333332,100.0,2.0,6.0,0.730747626613645,0.114992255826178,0.2272735349903805,0.7307,0.114992255826178,0.730747626613645,0.114992255826178,,0.114992255826178,0.08131180387862874,0.1067,0.6240911348572058,0.27067720890045166,0.6791,0.0779,1.0,,,,0.5213083654022376,,,,
1555,P35557,L,75,A,NONSYN,0.2800117097075371,0.591025479023393,0.05308993799828964,-1.3620666666666665,100.0,2.0,6.0,1.9023242660309398,0.178841962161526,0.000108100937442574,1.9023,0.178841962161526,1.9023242660309398,0.178841962161526,,0.178841962161526,0.12646036420512297,0.6376,1.2647674747253979,0.4357013404369354,1.8041,0.1214,1.0,,,,0.5213083654022376,,,,
1556,P35557,L,75,V,NONSYN,0.45006845647116095,1.2677991848895849,0.03831826202506438,0.4434,100.0,2.0,6.0,1.1823424308591999,0.131896718858261,0.016525899282011636,1.1823,0.131896718858261,1.1823424308591999,0.131896718858261,,0.131896718858261,0.09326506432093191,0.9975,0.18480112245618474,0.47480645775794983,1.1755,0.0915,0.9990000000000001,,,,0.5213083654022376,,,,
1557,P35557,L,75,R,NONSYN,0.2792328090176149,0.20085103794112705,0.03629258128363684,-1.8351333333333333,100.0,2.0,6.0,0.103465245173764,0.11769939377531899,0.9141172154441194,0.1035,0.11769939377531899,0.103465245173764,0.11769939377531899,,0.11769939377531899,0.08322603948007377,0.2585,0.1550167341963532,0.3508964478969574,0.1117,0.081,1.0,,,,0.5213083654022376,,,,
1558,P35557,L,75,D,NONSYN,0.15709418040401155,0.29770634641856897,0.039100104577731186,-2.512333333333333,100.0,2.0,6.0,0.20746248648466398,0.0721507884858075,0.8582869750676019,0.2075,0.0721507884858075,0.20746248648466398,0.0721507884858075,,0.0721507884858075,0.051018311806270755,0.3107,0.10327339484391879,0.35753196477890015,0.2095,0.0505,1.0,,,,0.5213083654022376,,,,
1559,P35557,L,75,F,NONSYN,0.463424518412456,1.4990528811672668,0.038583966329660845,0.48950000000000005,100.0,2.0,6.0,0.488581342026155,0.13049500331296499,0.5535560743103248,0.4886,0.13049500331296499,0.488581342026155,0.13049500331296499,,0.13049500331296499,0.09227390175355853,0.9911,0.5025072867427659,0.47480645775794983,0.5069,0.0906,1.0,,,,0.5213083654022376,,,,
1560,P35557,L,75,T,NONSYN,0.3205067496312658,0.985140577721077,0.0453815867114081,-1.3817666666666666,100.0,2.0,6.0,0.7199789699378879,0.21365252936881896,0.2389647589698047,0.72,0.21365252936881896,0.7199789699378879,0.21365252936881896,,0.21365252936881896,0.15107515233434987,0.8042,0.08421011602250028,0.4204462170600891,0.7296,0.1422,1.0,,,,0.5213083654022376,,,,
1561,P35557,L,75,I,NONSYN,0.3599458773266949,1.133983537120545,0.04492690967975932,0.27723333333333333,100.0,2.0,6.0,1.58378937416632,0.0865693957934526,0.0010833230577652288,1.5838,0.0865693957934526,1.58378937416632,0.0865693957934526,,0.0865693957934526,0.06121380680877251,0.8722,0.7115921037729485,0.3889135718345642,1.5666,0.0605,0.998,,,,0.5213083654022376,,,,
1562,P35557,L,75,L,SYN,,,,,100.0,2.0,6.0,0.9624027155327579,0.05,0.0651957589322731,0.9624,0.05,0.9624027155327579,0.05,,0.05,0.035355339059327376,,,,0.9624,0.0354,,,,,0.5213083654022376,,,,
1563,P35557,L,75,K,NONSYN,0.16637828819819184,0.2610892313707808,0.04172644195860587,-1.8327,100.0,2.0,6.0,-0.0772493351151973,0.0788805822351628,0.9649504800029051,-0.0772,0.0788805822351628,-0.0772493351151973,0.0788805822351628,,0.0788805822351628,0.05577699460242672,0.2875,0.36471818572783765,0.3566987216472626,-0.0685,0.0551,1.0,,,,0.5213083654022376,,,,
1564,P35557,L,75,G,NONSYN,0.3375782897720982,0.1466118907869613,0.041402241047132866,-2.5354666666666663,100.0,2.0,6.0,0.6607458533794871,0.043241685164745004,0.3098196237016435,0.6607,0.043241685164745004,0.6607458533794871,0.043241685164745004,,0.043241685164745004,0.03057648880992492,0.242,0.41878035087895304,0.3436085283756256,0.6575,0.0305,1.0,,,,0.5213083654022376,,,,
1565,P35557,L,75,Y,NONSYN,0.3932294491632085,1.2109259008255793,0.06637663745323742,-1.3710666666666667,100.0,2.0,6.0,0.0426230006243811,0.0584187532983338,0.9363806762611295,0.0426,0.0584187532983338,0.0426230006243811,0.0584187532983338,,0.0584187532983338,0.04130829660571582,0.9747,0.932099146363534,0.4643125534057617,0.0499,0.0411,1.0,,,,0.5213083654022376,,,,
1566,P35557,L,75,N,NONSYN,0.1790631080953343,0.5234925625802244,0.02861284683117279,-2.4369,100.0,2.0,6.0,-0.117047433006715,0.145284386902262,0.971239863566496,-0.117,0.145284386902262,-0.117047433006715,0.145284386902262,,0.145284386902262,0.10273157517911949,0.5707,0.6877545157551281,0.40619897842407227,-0.0757,0.0996,1.0,,,,0.5213083654022376,,,,
1567,P35557,L,75,C,NONSYN,0.3444819501115762,0.6202646246856672,0.1074681862312835,-1.3948999999999998,100.0,2.0,6.0,1.01047446650791,0.0409095741519593,0.04883289904338788,1.0105,0.0409095741519593,1.01047446650791,0.0409095741519593,,0.0409095741519593,0.028927437298304326,0.6363,0.3741860024385435,0.4842912554740906,1.0091,0.0289,1.0,,,,0.5213083654022376,,,,
1568,P35557,L,75,P,NONSYN,0.3101239067988947,0.04636695247310609,0.042984048435636,-2.2839666666666667,100.0,2.0,6.0,0.560311215478251,0.0912432788860071,0.44914260513298676,0.5603,0.0912432788860071,0.560311215478251,0.0912432788860071,,0.0912432788860071,0.06451874123799095,0.1146,0.44575666125423674,0.263060599565506,0.535,0.0627,1.0,,,,0.5213083654022376,,,,
1569,P35557,L,75,E,NONSYN,0.22335052551716408,0.3680032119503411,0.041701806752307745,-2.4328000000000003,100.0,2.0,6.0,0.34942061888293496,0.06738939672053901,0.7333143011133882,0.3494,0.06738939672053901,0.34942061888293496,0.06738939672053901,,0.06738939672053901,0.047651499401163616,0.3434,0.006000232568542874,0.35315263271331787,0.3493,0.0472,1.0,,,,0.5213083654022376,,,,
1570,P35557,L,75,M,NONSYN,0.4855550162170784,1.0849043823505582,0.04825853443420328,0.15566666666666665,100.0,2.0,6.0,1.73102683847628,0.0436577542424326,0.00037885497443658934,1.731,0.0436577542424326,1.73102683847628,0.0436577542424326,,0.0436577542424326,0.030870694076199856,0.8182,0.9128670198269879,0.40051740407943726,1.7256,0.0308,1.0,,,,0.5213083654022376,,,,
1571,P35557,L,75,W,NONSYN,0.28885364138641745,0.25232117889073724,0.043010665633866685,-1.8677333333333335,100.0,2.0,6.0,-0.0509451776750666,0.0652944182788814,0.9600482424593159,-0.0509,0.0652944182788814,-0.0509451776750666,0.0652944182788814,,0.0652944182788814,0.0461701259386279,0.2623,0.31325776875096384,0.3508964478969574,-0.0456,0.0458,1.0,,,,0.5213083654022376,,,,
1572,P35557,L,75,H,NONSYN,0.29725486605293433,0.1955090418456059,0.03972169117099172,-1.9786333333333335,100.0,2.0,6.0,-0.0932723284569017,0.0872263015986777,0.9676348539211627,-0.0933,0.0872263015986777,-0.0932723284569017,0.0872263015986777,,0.0872263015986777,0.06167830935824799,0.2585,0.3517543078270189,0.3460119664669037,-0.0824,0.0607,1.0,,,,0.5213083654022376,,,,
1573,P35557,L,75,Q,NONSYN,0.3225298006389851,0.9539511849545943,0.04589928693797182,-1.5422,100.0,2.0,6.0,-0.0841533925983194,0.415321803865914,0.9661336629344089,-0.0842,0.415321803865914,-0.0841533925983194,0.415321803865914,,0.415321803865914,0.293676863888217,0.7867,0.8708623435947184,0.4204462170600891,0.2014,0.2408,1.0,,,,0.5213083654022376,,,,
1574,P35557,L,75,*,STOP,,,,,100.0,2.0,6.0,-0.0247662759283257,0.05,0.9544866673099832,-0.0248,0.05,-0.0247662759283257,0.05,,0.05,0.035355339059327376,,,,-0.0248,0.0354,,,,,0.5213083654022376,,,,
1575,P35557,S,76,S,SYN,,,,,100.0,2.0,6.0,1.0580362180348,0.05,0.03643953941990627,1.058,0.05,1.0580362180348,0.05,,0.05,0.035355339059327376,,,,1.058,0.0354,,,,,0.8892622562336742,,,,
1576,P35557,S,76,A,NONSYN,0.4563330621977513,-0.009475369377016698,0.029581787216375725,-0.01466666666666668,100.0,2.0,6.0,0.8926219357961999,0.096322657375244,0.09770735237715496,0.8926,0.096322657375244,0.8926219357961999,0.096322657375244,,0.096322657375244,0.06811040421194343,0.3852,0.5073789968008385,0.38770556449890137,0.8774,0.0671,0.004,,,,0.8892622562336742,,,,
1577,P35557,S,76,V,NONSYN,0.3566796973350173,-0.04635795416076403,0.06151328908261688,-1.3498999999999999,100.0,2.0,6.0,0.0432765742065389,0.0944685908688371,0.9361742864235192,0.0433,0.0944685908688371,0.0432765742065389,0.0944685908688371,,0.0944685908688371,0.06679938121249228,0.1338,0.09055206577759195,0.28801873326301575,0.0479,0.0651,0.992,,,,0.8892622562336742,,,,
1578,P35557,S,76,R,NONSYN,0.5078165034060199,0.06430730527692713,0.0364395185757515,-0.9542999999999999,100.0,2.0,6.0,0.07440317440888,0.041792481275877,0.925554686427454,0.0744,0.041792481275877,0.07440317440888,0.041792481275877,,0.041792481275877,0.029551746912784442,0.1736,0.09920784067252564,0.3210894465446472,0.0752,0.0294,1.0,,,,0.8892622562336742,,,,
1579,P35557,S,76,D,NONSYN,0.26426002389568154,0.8411166655810581,0.030728306699859934,-0.6365333333333334,100.0,2.0,6.0,0.0243822026620108,0.0831128733557345,0.9418847615856418,0.0244,0.0831128733557345,0.0243822026620108,0.0831128733557345,,0.0831128733557345,0.05876967635373859,0.7385,0.7141148161520761,0.42373618483543396,0.0379,0.0582,0.9990000000000001,,,,0.8892622562336742,,,,
1580,P35557,S,76,F,NONSYN,0.4400921079880442,0.016083031798797467,0.10685148983032274,-1.7383,100.0,2.0,6.0,-0.0248102284221838,0.0683982544698581,0.9544966244840777,-0.0248,0.0683982544698581,-0.0248102284221838,0.0683982544698581,,0.0683982544698581,0.04836486955695975,0.1067,0.13146672017862301,0.2947787046432495,-0.0214,0.0477,1.0,,,,0.8892622562336742,,,,
1581,P35557,S,76,T,NONSYN,0.5032644910640633,0.28617751516247675,0.030041819491324357,-0.06083333333333333,100.0,2.0,6.0,0.0056632821777195,0.0937247897944279,0.9470465415902016,0.0057,0.0937247897944279,0.0056632821777195,0.0937247897944279,,0.0937247897944279,0.0662734344289237,0.6355,0.6298671896240383,0.42558515071868896,0.0206,0.0655,0.365,,,,0.8892622562336742,,,,
1582,P35557,S,76,I,NONSYN,0.40690641070991895,0.02120006152680053,0.029562620048614638,-1.7275666666666665,100.0,2.0,6.0,-0.040161317606193,0.440973450404101,0.9578446805872829,-0.0402,0.440973450404101,-0.040161317606193,0.440973450404101,,0.440973450404101,0.3118153171039695,0.1189,0.159109151382667,0.28044694662094116,0.0478,0.2085,0.998,,,,0.8892622562336742,,,,
1583,P35557,S,76,L,NONSYN,0.393745075519064,-0.005762285985257398,0.10581615646362726,-1.7093,100.0,2.0,6.0,0.0407257249299808,0.0929601828664747,0.9369761281900383,0.0407,0.0929601828664747,0.0407257249299808,0.0929601828664747,,0.0929601828664747,0.06573277568522577,0.1241,0.08334098554212613,0.3002758324146271,0.0445,0.0642,0.997,,,,0.8892622562336742,,,,
1584,P35557,S,76,K,NONSYN,0.33912790346884786,0.8580606041951482,0.022744530969292475,-0.6167666666666666,100.0,2.0,6.0,0.0139141931230782,0.102307303877595,0.9448295163659588,0.0139,0.102307303877595,0.0139141931230782,0.102307303877595,,0.102307303877595,0.07234218833676019,0.7385,0.7245828256910087,0.4209858477115631,0.0347,0.0713,0.9990000000000001,,,,0.8892622562336742,,,,
1585,P35557,S,76,G,NONSYN,0.4188135801978989,0.010759524320511733,0.03462904683940166,-0.6509999999999999,100.0,2.0,6.0,2.51545362644365,0.0481538448608171,9.214774366274621e-07,2.5155,0.0481538448608171,2.51545362644365,0.0481538448608171,,0.0481538448608171,0.03404991024128875,0.3647,2.1507677035825505,0.39472687244415283,2.4996,0.0339,0.9390000000000001,,,,0.8892622562336742,,,,
1586,P35557,S,76,Y,NONSYN,0.3987520148682556,-0.10900079641820892,0.12087587053043307,-1.6658,100.0,2.0,6.0,0.0476846880726046,0.0491035259569581,0.9347651134754152,0.0477,0.0491035259569581,0.0476846880726046,0.0491035259569581,,0.0491035259569581,0.03472143618433472,0.1061,0.05841455985982948,0.293643981218338,0.0485,0.0345,0.9990000000000001,,,,0.8892622562336742,,,,
1587,P35557,S,76,N,NONSYN,0.3577198430860929,0.31711670731266484,0.03006558382305892,-0.23683333333333337,100.0,2.0,6.0,-0.0988353992741181,0.0646902648398693,0.968517440463327,-0.0988,0.0646902648398693,-0.0988353992741181,0.0646902648398693,,0.0646902648398693,0.045742924945025264,0.4744,0.5732495690624787,0.4295969605445862,-0.0924,0.0455,0.991,,,,0.8892622562336742,,,,
1588,P35557,S,76,C,NONSYN,0.4413057931247456,0.06401759918943603,0.03637047031626677,-0.9221333333333334,100.0,2.0,6.0,0.0752722926713533,0.0428614599063572,0.9252349037228492,0.0753,0.0428614599063572,0.0752722926713533,0.0428614599063572,,0.0428614599063572,0.0303076289513405,0.1765,0.10124632638916306,0.3210894465446472,0.0762,0.0302,0.9990000000000001,,,,0.8892622562336742,,,,
1589,P35557,S,76,P,NONSYN,0.3754690196139504,0.0719163729184997,0.02193067283373852,-0.9290666666666666,100.0,2.0,6.0,0.0515759714841623,0.130347709403931,0.9334960150089948,0.0516,0.130347709403931,0.0515759714841623,0.130347709403931,,0.130347709403931,0.09216974923165312,0.2282,0.1766727439165335,0.34586378931999207,0.0633,0.0891,0.96,,,,0.8892622562336742,,,,
1590,P35557,S,76,E,NONSYN,0.32956968841657797,0.8647046095106922,0.029408888530688987,-0.6321,100.0,2.0,6.0,-0.0060178228235538,0.0648886876577853,0.9500354577018361,-0.006,0.0648886876577853,-0.0060178228235538,0.0648886876577853,,0.0648886876577853,0.04588323106511581,0.7385,0.7445148416376407,0.42373618483543396,0.0026,0.0456,0.9990000000000001,,,,0.8892622562336742,,,,
1591,P35557,S,76,M,NONSYN,0.4679817126368144,0.022050344618986566,0.029827086996621833,-1.5591333333333335,100.0,2.0,6.0,-0.26203084322625,0.252708654780557,0.9859141503909615,-0.262,0.252708654780557,-0.26203084322625,0.252708654780557,,0.252708654780557,0.17869200345986208,0.1269,0.3889774117153247,0.28201717138290405,-0.1506,0.1509,1.0,,,,0.8892622562336742,,,,
1592,P35557,S,76,W,NONSYN,0.3832492129242465,-0.008081940366132,0.10743925952586471,-1.7880333333333336,100.0,2.0,6.0,0.150725331504668,0.0535326273057508,0.8918983356484185,0.1507,0.0535326273057508,0.150725331504668,0.0535326273057508,,0.0535326273057508,0.037853283782628526,0.1067,0.04406883974822878,0.2903916835784912,0.15,0.0375,1.0,,,,0.8892622562336742,,,,
1593,P35557,S,76,H,NONSYN,0.2629764798769622,0.06708381285479853,0.0338084814994292,-0.9429,100.0,2.0,6.0,0.0660736516752658,0.0712282469279554,0.9285533057813731,0.0661,0.0712282469279554,0.0660736516752658,0.0712282469279554,,0.0712282469279554,0.050365976414787135,0.1736,0.10753736340613984,0.3210894465446472,0.0687,0.0498,1.0,,,,0.8892622562336742,,,,
1594,P35557,S,76,Q,NONSYN,0.3963611118941722,0.8411166655810581,0.03072830669985993,-0.6365333333333333,100.0,2.0,6.0,0.0647460089653485,0.0527476240356532,0.9290203485084976,0.0647,0.0527476240356532,0.0647460089653485,0.0527476240356532,,0.0527476240356532,0.0372982026470889,0.7256,0.6608625782996661,0.42373618483543396,0.0698,0.0372,1.0,,,,0.8892622562336742,,,,
1595,P35557,S,76,*,STOP,,,,,100.0,2.0,6.0,-0.0127763387261859,0.05,0.9516878148621265,-0.0128,0.05,-0.0127763387261859,0.05,,0.05,0.035355339059327376,,,,-0.0128,0.0354,,,,,0.8892622562336742,,,,
1596,P35557,L,77,S,NONSYN,0.3696688568840947,-0.10258149439301863,0.04043079590804175,-1.8501333333333332,100.0,2.0,6.0,-0.0396825482966272,0.11309576715082402,0.9577440769923666,-0.0397,0.11309576715082402,-0.0396825482966272,0.11309576715082402,,0.11309576715082402,0.07997078387584244,0.0851,0.12474988008755128,0.27067720890045166,-0.0297,0.0767,1.0,,,,0.4182178445569156,,,,
1597,P35557,L,77,A,NONSYN,0.2800117097075371,-0.09668527081018212,0.039614049974920636,-1.3620666666666665,100.0,2.0,6.0,0.240688075273505,0.0521923820500621,0.8345725353648914,0.2407,0.0521923820500621,0.240688075273505,0.0521923820500621,,0.0521923820500621,0.03690558727387795,0.1075,0.1332194702320011,0.27426838874816895,0.2383,0.0366,1.0,,,,0.4182178445569156,,,,
1598,P35557,L,77,V,NONSYN,0.45006845647116095,0.024458789812724247,0.0245025648601544,0.4434,100.0,2.0,6.0,0.171665433561937,0.12723821178180303,0.8804408916154671,0.1717,0.12723821178180303,0.171665433561937,0.12723821178180303,,0.12723821178180303,0.08997100237696298,0.2324,0.060713645303114266,0.3581444025039673,0.1753,0.0873,0.9990000000000001,,,,0.4182178445569156,,,,
1599,P35557,L,77,R,NONSYN,0.2792328090176149,-0.06806319498184003,0.0384284520353241,-1.8351333333333333,100.0,2.0,6.0,-0.143237446530163,0.125031646082545,0.9747416976467842,-0.1432,0.125031646082545,-0.143237446530163,0.125031646082545,,0.125031646082545,0.08841072480788399,0.1048,0.24802294848710268,0.27067720890045166,-0.1193,0.084,1.0,,,,0.4182178445569156,,,,
1600,P35557,L,77,D,NONSYN,0.15709418040401155,0.1361711641631906,0.022629467052897357,-2.512333333333333,100.0,2.0,6.0,0.125938517610404,0.125800181655598,0.9041473776052389,0.1259,0.125800181655598,0.125938517610404,0.125800181655598,,0.125800181655598,0.08895416152317286,0.242,0.11602698489013005,0.34085819125175476,0.1333,0.0861,1.0,,,,0.4182178445569156,,,,
1601,P35557,L,77,F,NONSYN,0.463424518412456,0.017108085721443244,0.03609774279401031,0.48950000000000005,100.0,2.0,6.0,0.19371754583578002,0.0595103204133103,0.8671930525675551,0.1937,0.0595103204133103,0.19371754583578002,0.0595103204133103,,0.0595103204133103,0.042080151114835936,0.2201,0.026370250613881235,0.3598419427871704,0.1941,0.0418,1.0,,,,0.4182178445569156,,,,
1602,P35557,L,77,T,NONSYN,0.3205067496312658,-0.02161432417699054,0.021749918208217946,-1.3817666666666666,100.0,2.0,6.0,0.0154752353739303,0.14985291783740398,0.9443998836846038,0.0155,0.14985291783740398,0.0154752353739303,0.14985291783740398,,0.14985291783740398,0.1059620143834189,0.1269,0.1114713331151444,0.2770218253135681,0.0297,0.099,1.0,,,,0.4182178445569156,,,,
1603,P35557,L,77,I,NONSYN,0.3599458773266949,0.07593933603170235,0.03663249209505465,0.27723333333333333,100.0,2.0,6.0,0.0172237949050027,0.0533049179232455,0.9439147288492492,0.0172,0.0533049179232455,0.0172237949050027,0.0533049179232455,,0.0533049179232455,0.03769226893411923,0.2616,0.24441883996361913,0.34601330757141113,0.0201,0.0375,0.9990000000000001,,,,0.4182178445569156,,,,
1604,P35557,L,77,L,SYN,,,,,100.0,2.0,6.0,1.1029308087783798,0.05,0.027494002964737606,1.1029,0.05,1.1029308087783798,0.05,,0.05,0.035355339059327376,,,,1.1029,0.0354,,,,,0.4182178445569156,,,,
1605,P35557,L,77,K,NONSYN,0.16637828819819184,-0.10852834007274974,0.04196251752285638,-1.8327,100.0,2.0,6.0,-0.0218420112574339,0.10256211485565199,0.9538192934395174,-0.0218,0.10256211485565199,-0.0218420112574339,0.10256211485565199,,0.10256211485565199,0.07252236690726506,0.0851,0.10690934304835797,0.2731638550758362,-0.0148,0.0701,1.0,,,,0.4182178445569156,,,,
1606,P35557,L,77,G,NONSYN,0.3375782897720982,0.18322582822037614,0.03566401643011192,-2.5354666666666663,100.0,2.0,6.0,-0.0152254745611526,0.0463547031665309,0.9522731031545446,-0.0152,0.0463547031665309,-0.0152254745611526,0.0463547031665309,,0.0463547031665309,0.03277772494894352,0.2481,0.26328862162917627,0.3436085283756256,-0.0129,0.0326,1.0,,,,0.4182178445569156,,,,
1607,P35557,L,77,Y,NONSYN,0.3932294491632085,0.0591768666192679,0.038900449644598156,-1.3710666666666667,100.0,2.0,6.0,-0.22689833701484502,0.0610945845030827,0.983275252728173,-0.2269,0.0610945845030827,-0.22689833701484502,0.0610945845030827,,0.0610945845030827,0.043200394995904334,0.1348,0.3617429381691724,0.28381168842315674,-0.2187,0.0427,1.0,,,,0.4182178445569156,,,,
1608,P35557,L,77,N,NONSYN,0.1790631080953343,0.05031320554252313,0.03975962053549391,-2.4369,100.0,2.0,6.0,0.0037438180797415,0.06311532140175599,0.9475495564123811,0.0037,0.06311532140175599,0.0037438180797415,0.06311532140175599,,0.06311532140175599,0.044629271759950094,0.1146,0.11081073614427278,0.263060599565506,0.0068,0.044,1.0,,,,0.4182178445569156,,,,
1609,P35557,L,77,C,NONSYN,0.3444819501115762,-0.03708925585854134,0.02825886834729811,-1.3948999999999998,100.0,2.0,6.0,-0.0786327107896316,0.0453703422677316,0.9651908512208296,-0.0786,0.0453703422677316,-0.0786327107896316,0.0453703422677316,,0.0453703422677316,0.032081676682267656,0.1269,0.2055792792787063,0.27977216243743896,-0.076,0.0319,1.0,,,,0.4182178445569156,,,,
1610,P35557,L,77,P,NONSYN,0.3101239067988947,0.09223804437628082,0.03182148595550411,-2.2839666666666667,100.0,2.0,6.0,-0.253830057782261,0.15238361927765198,0.9853393050465532,-0.2538,0.15238361927765198,-0.253830057782261,0.15238361927765198,,0.15238361927765198,0.10775149053297682,0.1674,0.4212668363276406,0.30754679441452026,-0.2078,0.1017,1.0,,,,0.4182178445569156,,,,
1611,P35557,L,77,E,NONSYN,0.22335052551716408,-0.08843723808789068,0.04038224976222745,-2.4328000000000003,100.0,2.0,6.0,0.41999514897098295,0.0555460864729718,0.6480220285425935,0.42,0.0555460864729718,0.41999514897098295,0.0555460864729718,,0.0555460864729718,0.03927701441341272,0.0872,0.3328166504644369,0.25900998711586,0.4125,0.0388,1.0,,,,0.4182178445569156,,,,
1612,P35557,L,77,M,NONSYN,0.4855550162170784,0.1275355914342399,0.03541221936620948,0.15566666666666665,100.0,2.0,6.0,-0.13756497130260997,0.0665121779418666,0.9740219967534393,-0.1376,0.0665121779418666,-0.13756497130260997,0.0665121779418666,,0.0665121779418666,0.04703121205418018,0.2908,0.4283819042192512,0.35776448249816895,-0.1303,0.0466,1.0,,,,0.4182178445569156,,,,
1613,P35557,L,77,W,NONSYN,0.28885364138641745,-0.0682540020280747,0.04651317165492428,-1.8677333333333335,100.0,2.0,6.0,-0.142665025391459,0.0571995342102043,0.9746700024729474,-0.1427,0.0571995342102043,-0.142665025391459,0.0571995342102043,,0.0571995342102043,0.04044617852074737,0.1048,0.2474505273483987,0.27067720890045166,-0.1373,0.04,1.0,,,,0.4182178445569156,,,,
1614,P35557,L,77,H,NONSYN,0.29725486605293433,-0.13963650518995263,0.052372950689120644,-1.9786333333333335,100.0,2.0,6.0,-0.14702483392188198,0.10563150057338198,0.9752108789307724,-0.147,0.10563150057338198,-0.14702483392188198,0.10563150057338198,,0.10563150057338198,0.07469275036234908,0.0833,0.2302931783241952,0.2714728116989136,-0.1308,0.072,1.0,,,,0.4182178445569156,,,,
1615,P35557,L,77,Q,NONSYN,0.3225298006389851,0.00646344636413813,0.021153275836951865,-1.5422,100.0,2.0,6.0,-0.125057505834284,0.0889806300561798,0.9723603921336712,-0.1251,0.0889806300561798,-0.125057505834284,0.0889806300561798,,0.0889806300561798,0.06291880690697627,0.1269,0.2520040743233587,0.2792668342590332,-0.1129,0.0614,1.0,,,,0.4182178445569156,,,,
1616,P35557,L,77,*,STOP,,,,,100.0,2.0,6.0,-0.0450750810128637,0.05,0.9588634572772597,-0.0451,0.05,-0.0450750810128637,0.05,,0.05,0.035355339059327376,,,,-0.0451,0.0354,,,,,0.4182178445569156,,,,
1617,P35557,D,78,S,NONSYN,0.3690767940714815,-0.07762240028202566,0.11871119398215313,-0.9239999999999999,100.0,2.0,6.0,-0.171220872372737,0.10421424612302499,0.9780054771009629,-0.1712,0.10421424612302499,-0.171220872372737,0.10421424612302499,,0.10421424612302499,0.07369060012983483,0.1758,0.34698495623504166,0.35964709520339966,-0.1572,0.0722,1.0,,,,19.458605383588946,,,,
1618,P35557,D,78,A,NONSYN,0.4216252277516441,-0.02380122622954334,0.041487200545173956,-1.4927333333333335,100.0,2.0,6.0,-0.20693961820945497,0.155371852844075,0.98155409444011,-0.2069,0.155371852844075,-0.20693961820945497,0.155371852844075,,0.155371852844075,0.1098644907515638,0.1269,0.33388618669852965,0.28461822867393494,-0.1636,0.1025,1.0,,,,19.458605383588946,,,,
1619,P35557,D,78,V,NONSYN,0.4506084315132353,0.10633209334536858,0.13373346154380922,-2.6115333333333335,100.0,2.0,6.0,0.0079095462619185,0.253239294983843,0.9464518312884197,0.0079,0.253239294983843,0.0079095462619185,0.253239294983843,,0.253239294983843,0.17906722274597583,0.1898,0.1818560262859941,0.39974409341812134,0.0383,0.1634,1.0,,,,19.458605383588946,,,,
1620,P35557,D,78,R,NONSYN,0.35823216117602164,-0.05772143983441366,0.05138186532804504,-1.472133333333333,100.0,2.0,6.0,-0.10517897739484401,0.0871783441971179,0.9694941696843514,-0.1052,0.0871783441971179,-0.10517897739484401,0.0871783441971179,,0.0871783441971179,0.061644398354396966,0.1269,0.2321255458839187,0.2867890000343323,-0.0949,0.0603,1.0,,,,19.458605383588946,,,,
1621,P35557,D,78,D,SYN,,,,,,,,,,,,,,,,,,,,,,,,,,,19.458605383588946,,,,
1622,P35557,D,78,F,NONSYN,0.29646296686588297,0.16146801779808573,0.14465538673504863,-2.6194333333333333,100.0,2.0,6.0,-0.15749822709623298,0.0969555639163017,0.976462563091416,-0.1575,0.0969555639163017,-0.15749822709623298,0.0969555639163017,,0.0969555639163017,0.06855793671898266,0.2426,0.40007643554273564,0.4220711290836334,-0.1472,0.0677,1.0,,,,19.458605383588946,,,,
1623,P35557,D,78,T,NONSYN,0.33041122774515563,-0.04896607649315401,0.11572904185239362,-1.1000666666666665,100.0,2.0,6.0,0.895077816467805,0.209311903689925,0.09635892025065926,0.8951,0.209311903689925,0.895077816467805,0.209311903689925,,0.209311903689925,0.1480058664822115,0.1269,0.7681312479787303,0.3035814166069031,0.7476,0.133,1.0,,,,19.458605383588946,,,,
1624,P35557,D,78,I,NONSYN,0.3169485018080975,0.08864729879182039,0.14858838441861924,-2.7128666666666668,100.0,2.0,6.0,0.23215951416486497,0.0945467561117589,0.8409637254763923,0.2322,0.0945467561117589,0.23215951416486497,0.0945467561117589,,0.0945467561117589,0.06685465238581537,0.1755,0.05668251607412095,0.3848070502281189,0.2305,0.0659,1.0,,,,19.458605383588946,,,,
1625,P35557,D,78,L,NONSYN,0.37713817620354506,0.10300679913318972,0.1453838481154673,-2.7055000000000002,100.0,2.0,6.0,0.18908101314075698,0.16092201072007,0.8700830859672217,0.1891,0.16092201072007,0.18908101314075698,0.16092201072007,,0.16092201072007,0.11378904502233579,0.192,0.0029160380982566902,0.39974409341812134,0.1893,0.1094,1.0,,,,19.458605383588946,,,,
1626,P35557,D,78,K,NONSYN,0.3517044245741117,-0.092491053209915,0.10140496065788535,-0.8664,100.0,2.0,6.0,-0.126614913589069,0.28183235557070196,0.9725730516819443,-0.1266,0.28183235557070196,-0.126614913589069,0.28183235557070196,,0.28183235557070196,0.1992855697818216,0.129,0.2556186171832768,0.3083130717277527,-0.0513,0.1674,1.0,,,,19.458605383588946,,,,
1627,P35557,D,78,G,NONSYN,0.41616550742326497,0.269772387425931,0.11202155459982026,-1.2674333333333332,100.0,2.0,6.0,-0.141462279909836,0.0610024002150479,0.9745186831096493,-0.1415,0.0610024002150479,-0.141462279909836,0.0610024002150479,,0.0610024002150479,0.043135210860716075,0.2895,0.43093405520318623,0.4066537618637085,-0.1367,0.0429,1.0,,,,19.458605383588946,,,,
1628,P35557,D,78,Y,NONSYN,0.4224113195979475,0.0859848297750795,0.06610871858973934,-2.560966666666667,100.0,2.0,6.0,0.5486429509194211,0.46824820266998707,0.46616530087844926,0.5486,0.46824820266998707,0.5486429509194211,0.46824820266998707,,0.46824820266998707,0.3311014793863607,0.1674,0.3812061723740414,0.3176061809062958,0.3501,0.2292,1.0,,,,19.458605383588946,,,,
1629,P35557,D,78,N,NONSYN,0.4295009636980524,-0.15028490725959537,0.05631950042276356,-0.2961,100.0,2.0,6.0,0.25112754057758496,0.757235539674049,0.826454751284853,0.2511,0.757235539674049,0.25112754057758496,0.757235539674049,,0.757235539674049,0.5354463850589749,0.1985,0.05264231513851331,0.35609057545661926,0.2146,0.2965,1.0,,,,19.458605383588946,,,,
1630,P35557,D,78,C,NONSYN,0.3461355508488411,0.14305002452251347,0.07414892040472808,-2.7265333333333337,100.0,2.0,6.0,0.0689513369727857,0.554425026181478,0.9275307666888405,0.069,0.554425026181478,0.0689513369727857,0.554425026181478,,0.554425026181478,0.3920376956724522,0.242,0.17301416552774834,0.345561146736145,0.1663,0.2592,1.0,,,,19.458605383588946,,,,
1631,P35557,D,78,P,NONSYN,0.2905290433283012,-0.15119362517137833,0.04438578925809284,-1.4699,100.0,2.0,6.0,0.17523757861605,0.14021420767672102,0.8783792997599814,0.1752,0.14021420767672102,0.17523757861605,0.14021420767672102,,0.14021420767672102,0.0991464170669083,0.1036,0.07167915748110126,0.2779863774776459,0.1671,0.0934,1.0,,,,19.458605383588946,,,,
1632,P35557,D,78,E,NONSYN,0.4869275421620544,-0.04917486102386768,0.1826611952567362,-0.3505,100.0,2.0,6.0,-0.0522025981295981,0.172995931454907,0.9602975507243428,-0.0522,0.172995931454907,-0.0522025981295981,0.172995931454907,,0.172995931454907,0.12232659624944789,0.2391,0.2913446286071219,0.4167027771472931,-0.0291,0.1174,0.9990000000000001,,,,19.458605383588946,,,,
1633,P35557,D,78,M,NONSYN,0.2886817698329022,0.13301809002836887,0.12753799024471868,-2.5042666666666666,100.0,2.0,6.0,0.407543170159553,0.0716659349073906,0.6640840136032342,0.4075,0.0716659349073906,0.407543170159553,0.0716659349073906,,0.0716659349073906,0.050675468553089596,0.2403,0.167196410601829,0.398079514503479,0.4049,0.0503,1.0,,,,19.458605383588946,,,,
1634,P35557,D,78,W,NONSYN,0.2933207242208761,0.16339728809280255,0.13788523655598103,-2.7770999999999995,100.0,2.0,6.0,0.0355370708316791,0.0863101478422505,0.9385769018691418,0.0355,0.0863101478422505,0.0355370708316791,0.0863101478422505,,0.0863101478422505,0.061030490824468785,0.242,0.20642843166885497,0.4220711290836334,0.0398,0.0604,1.0,,,,19.458605383588946,,,,
1635,P35557,D,78,H,NONSYN,0.4359397753198172,0.2090002076563,0.08398486719007707,-1.1262,100.0,2.0,6.0,0.121178964019443,0.39740034074820296,0.9063457973720688,0.1212,0.39740034074820296,0.121178964019443,0.39740034074820296,,0.39740034074820296,0.281004475788899,0.2697,0.14851762926516393,0.3686676025390625,0.1758,0.2235,1.0,,,,19.458605383588946,,,,
1636,P35557,D,78,Q,NONSYN,0.3596090029508326,-0.05888560731412101,0.11743014863888444,-0.9040333333333331,100.0,2.0,6.0,-0.227431251276451,0.127693965819504,0.9833188739677736,-0.2274,0.127693965819504,-0.227431251276451,0.127693965819504,,0.127693965819504,0.09029326914757449,0.1538,0.38127128647657005,0.36737823486328125,-0.2057,0.0877,1.0,,,,19.458605383588946,,,,
1637,P35557,D,78,*,STOP,,,,,100.0,2.0,6.0,0.30937880986725896,0.05,0.774966055197232,0.3094,0.05,0.30937880986725896,0.05,,0.05,0.035355339059327376,,,,0.3094,0.0354,,,,,19.458605383588946,,,,
1638,P35557,L,79,S,NONSYN,0.3696688568840947,-0.08711246648130665,0.11949888259794696,-1.8501333333333332,100.0,2.0,6.0,-0.16373303362568697,0.123155748755064,0.9771768490758579,-0.1637,0.123155748755064,-0.16373303362568697,0.123155748755064,,0.123155748755064,0.08708426508681247,0.0872,0.250911532132233,0.2879050374031067,-0.1427,0.0834,1.0,,,,6.374212750059269,,,,
1639,P35557,L,79,A,NONSYN,0.2800117097075371,0.28835359078455297,0.030882031281695522,-1.3620666666666665,100.0,2.0,6.0,0.158893077958833,0.123134254903623,0.8875546877226391,0.1589,0.123134254903623,0.158893077958833,0.123134254903623,,0.123134254903623,0.0870690666387047,0.3069,0.14801085055946228,0.36805495619773865,0.1667,0.0847,1.0,,,,6.374212750059269,,,,
1640,P35557,L,79,V,NONSYN,0.45006845647116095,0.5893482852671397,0.1883073378279614,0.4434,100.0,2.0,6.0,1.12635082645404,0.132840295549158,0.023693148777906653,1.1264,0.132840295549158,1.12635082645404,0.132840295549158,,0.132840295549158,0.09393227379763476,0.6918,0.4345927898405757,0.49771472811698914,1.1114,0.0923,0.993,,,,6.374212750059269,,,,
1641,P35557,L,79,R,NONSYN,0.2792328090176149,-0.15029585702123135,0.1207341314751774,-1.8351333333333333,100.0,2.0,6.0,0.0258171379940871,0.09912558880069901,0.9414692436532275,0.0258,0.09912558880069901,0.0258171379940871,0.09912558880069901,,0.09912558880069901,0.07009237603008356,0.0833,0.05745120640822613,0.2879050374031067,0.029,0.0681,1.0,,,,6.374212750059269,,,,
1642,P35557,L,79,D,NONSYN,0.15709418040401155,0.024560448945303463,0.03662744186784537,-2.512333333333333,100.0,2.0,6.0,0.15031576524298002,0.127415275378996,0.8921120215090662,0.1503,0.127415275378996,0.15031576524298002,0.127415275378996,,0.127415275378996,0.09009620524723941,0.1067,0.043659273486540806,0.26338931918144226,0.1457,0.0852,1.0,,,,6.374212750059269,,,,
1643,P35557,L,79,F,NONSYN,0.463424518412456,0.9274677107517629,0.04068138287436049,0.48950000000000005,100.0,2.0,6.0,0.11199255000017,0.791284246230578,0.9104554582162255,0.112,0.791284246230578,0.11199255000017,0.791284246230578,,0.791284246230578,0.5595224563557275,0.7827,0.670718598261854,0.4007755517959595,0.5553,0.3258,1.0,,,,6.374212750059269,,,,
1644,P35557,L,79,T,NONSYN,0.3205067496312658,0.28164781860091465,0.036449304162064926,-1.3817666666666666,100.0,2.0,6.0,0.17901039450974804,0.0917317295705175,0.8761669923434072,0.179,0.0917317295705175,0.17901039450974804,0.0917317295705175,,0.0917317295705175,0.06486412802928347,0.3022,0.12314730555205006,0.37021493911743164,0.1827,0.0639,1.0,,,,6.374212750059269,,,,
1645,P35557,L,79,I,NONSYN,0.3599458773266949,0.7403182492178457,0.1905195517143801,0.27723333333333333,100.0,2.0,6.0,0.673440934601922,0.0506133798603593,0.29375330909475533,0.6734,0.0506133798603593,0.673440934601922,0.0506133798603593,,0.0506133798603593,0.03578906411803069,0.7789,0.10545569520841125,0.49450328946113586,0.674,0.0357,0.993,,,,6.374212750059269,,,,
1646,P35557,L,79,L,SYN,,,,,100.0,2.0,6.0,1.53363901681885,0.05,0.0015403461040876462,1.5336,0.05,1.53363901681885,0.05,,0.05,0.035355339059327376,,,,1.5336,0.0354,,,,,6.374212750059269,,,,
1647,P35557,L,79,K,NONSYN,0.16637828819819184,-0.08837727670360129,0.08318195281469633,-1.8327,100.0,2.0,6.0,-0.15993860295880302,0.384266522711865,0.9767448254050337,-0.1599,0.384266522711865,-0.15993860295880302,0.384266522711865,,0.384266522711865,0.2717174639925342,0.0872,0.24711710146534904,0.2792605757713318,-0.0398,0.1947,1.0,,,,6.374212750059269,,,,
1648,P35557,L,79,G,NONSYN,0.3375782897720982,0.07386521371711964,0.043781370674048296,-2.5354666666666663,100.0,2.0,6.0,0.0024014709275315,0.0766834521537532,0.9478985226191591,0.0024,0.0766834521537532,0.0024014709275315,0.0766834521537532,,0.0766834521537532,0.05422338902271305,0.137,0.13458517214841148,0.28460395336151123,0.0071,0.0533,1.0,,,,6.374212750059269,,,,
1649,P35557,L,79,Y,NONSYN,0.3932294491632085,0.3070315010160816,0.03884681882918899,-1.3710666666666667,100.0,2.0,6.0,0.102859347264247,0.0718699251670308,0.9143719202070836,0.1029,0.0718699251670308,0.102859347264247,0.0718699251670308,,0.0718699251670308,0.050819711448977185,0.3811,0.2782553442316484,0.41926413774490356,0.1069,0.0505,0.9990000000000001,,,,6.374212750059269,,,,
1650,P35557,L,79,N,NONSYN,0.1790631080953343,0.24219642771491112,0.05242513583433959,-2.4369,100.0,2.0,6.0,0.151154894854307,0.10014540348983803,0.8916737971167515,0.1512,0.10014540348983803,0.151154894854307,0.10014540348983803,,0.10014540348983803,0.0708134939123274,0.2623,0.11115769622159022,0.34118181467056274,0.1557,0.0693,1.0,,,,6.374212750059269,,,,
1651,P35557,L,79,C,NONSYN,0.3444819501115762,0.11976300851509003,0.04445557777643546,-1.3948999999999998,100.0,2.0,6.0,0.5831910305796639,0.0598882380438097,0.41603242739751833,0.5832,0.0598882380438097,0.5831910305796639,0.0598882380438097,,0.0598882380438097,0.042347379234092014,0.2079,0.3752961688815133,0.352688193321228,0.5779,0.042,1.0,,,,6.374212750059269,,,,
1652,P35557,L,79,P,NONSYN,0.3101239067988947,0.07964494334995596,0.06287070029734787,-2.2839666666666667,100.0,2.0,6.0,0.8040628311631299,0.18802116500687,0.15807731090562138,0.8041,0.18802116500687,0.8040628311631299,0.18802116500687,,0.18802116500687,0.13295104078295256,0.1475,0.6565973041054822,0.305887907743454,0.6997,0.1219,1.0,,,,6.374212750059269,,,,
1653,P35557,L,79,E,NONSYN,0.22335052551716408,0.31920639898165615,0.053365309250329805,-2.4328000000000003,100.0,2.0,6.0,-0.0798750189459281,0.0907678207611246,0.9654052937896744,-0.0799,0.0907678207611246,-0.0798750189459281,0.0907678207611246,,0.0907678207611246,0.06418254157371629,0.3434,0.42329540526032017,0.3551052510738373,-0.0665,0.0632,1.0,,,,6.374212750059269,,,,
1654,P35557,L,79,M,NONSYN,0.4855550162170784,0.6372614370187107,0.18949333272867566,0.15566666666666665,100.0,2.0,6.0,0.982611371199327,0.0978840645038248,0.05779053861480322,0.9826,0.0978840645038248,0.982611371199327,0.0978840645038248,,0.0978840645038248,0.06921448578075594,0.6785,0.30406637303038164,0.5041091442108154,0.977,0.0686,0.9990000000000001,,,,6.374212750059269,,,,
1655,P35557,L,79,W,NONSYN,0.28885364138641745,-0.09928483286346763,0.09793818381554481,-1.8677333333333335,100.0,2.0,6.0,-0.127215934479204,0.315520284810167,0.9726546736930136,-0.1272,0.315520284810167,-0.127215934479204,0.315520284810167,,0.315520284810167,0.22310653299117988,0.0851,0.21228326627012808,0.2849055230617523,-0.0465,0.1757,1.0,,,,6.374212750059269,,,,
1656,P35557,L,79,H,NONSYN,0.29725486605293433,0.2233137887328047,0.10350485799728709,-1.9786333333333335,100.0,2.0,6.0,0.167654954141489,0.229959018261852,0.882717602174934,0.1677,0.229959018261852,0.167654954141489,0.229959018261852,,0.229959018261852,0.16260558120795665,0.2585,0.09082702522862818,0.37946391105651855,0.1817,0.1495,1.0,,,,6.374212750059269,,,,
1657,P35557,L,79,Q,NONSYN,0.3225298006389851,0.20495605801976433,0.0810698244702098,-1.5422,100.0,2.0,6.0,0.0975366003221901,0.12347485672668598,0.9165788178419275,0.0975,0.12347485672668598,0.0975366003221901,0.12347485672668598,,0.12347485672668598,0.08730990849747705,0.2605,0.16294833353095933,0.360840380191803,0.1065,0.0849,1.0,,,,6.374212750059269,,,,
1658,P35557,L,79,*,STOP,,,,,,,,,,,,,,,,,,,,,,,,,,,6.374212750059269,C,82.0,,
1659,P35557,G,80,S,NONSYN,0.36837526824294986,0.032085199431689436,0.26280691471839085,-0.8648000000000001,100.0,2.0,6.0,-0.34680216464224706,0.254964391699577,0.9906537556610147,-0.3468,0.254964391699577,-0.34680216464224706,0.254964391699577,,0.254964391699577,0.18028705033187398,0.2661,0.6129335657042587,0.42093729972839355,-0.2518,0.1657,1.0,,,,12.338597725508244,,,,
1660,P35557,G,80,A,NONSYN,0.4089269105168704,-0.10543102657105607,0.2279309264697561,-0.9328,100.0,2.0,6.0,0.0657465133659895,0.610799681007303,0.9286686627225347,0.0657,0.610799681007303,0.0657465133659895,0.610799681007303,,0.610799681007303,0.43190059638684397,0.2355,0.16970566177439136,0.48522743582725525,0.1408,0.3226,1.0,,,,12.338597725508244,,,,
1661,P35557,G,80,V,NONSYN,0.3988573139738447,0.26646563627967074,0.11804450464572945,-2.6024,100.0,2.0,6.0,-0.0722958892701678,0.158340083143992,0.9640759779621902,-0.0723,0.158340083143992,-0.0722958892701678,0.158340083143992,,0.158340083143992,0.11196334652475849,0.2875,0.3597647398828082,0.3952637314796448,-0.0456,0.1077,1.0,,,,12.338597725508244,,,,
1662,P35557,G,80,R,NONSYN,0.3362652746103357,0.16688186714140094,0.16626016721118236,-1.9470333333333334,100.0,2.0,6.0,0.090442003182823,0.18419788905054602,0.9194362139105596,0.0904,0.18419788905054602,0.090442003182823,0.18419788905054602,,0.18419788905054602,0.1302475764278884,0.2489,0.15848004681641406,0.4065036475658417,0.1052,0.124,1.0,,,,12.338597725508244,,,,
1663,P35557,G,80,D,NONSYN,0.3623286966209139,0.22165492930750053,0.16137034517158594,-1.3508000000000002,100.0,2.0,6.0,0.0061534973897801,0.886467148227187,0.9469173135256423,0.0062,0.886467148227187,0.0061534973897801,0.886467148227187,,0.886467148227187,0.6268269318105443,0.2691,0.2629066374979152,0.41387566924095154,0.1892,0.3454,1.0,,,,12.338597725508244,,,,
1664,P35557,G,80,F,NONSYN,0.3709207412708021,0.2505849950382667,0.10116114150245448,-2.598333333333333,100.0,2.0,6.0,-0.0246539655459556,0.30280075200635603,0.9544612142034598,-0.0247,0.30280075200635603,-0.0246539655459556,0.30280075200635603,,0.30280075200635603,0.21411246509208043,0.2623,0.28696655662185283,0.3811911344528198,0.0442,0.1867,1.0,,,,12.338597725508244,,,,
1665,P35557,G,80,T,NONSYN,0.21962954488217865,0.21558756592432768,0.25497676472318626,-1.5144,,,,,,,,,,,,,,0.3055,,0.6650381088256836,0.3055,0.665,1.0,,,,12.338597725508244,,,,
1666,P35557,G,80,I,NONSYN,0.29686370150880703,0.05592104430845119,0.0882552205800627,-2.6748999999999996,100.0,2.0,6.0,-0.0646936938064159,0.20306734890310998,0.9626909129455032,-0.0647,0.20306734890310998,-0.0646936938064159,0.20306734890310998,,0.20306734890310998,0.1435902994469637,0.1146,0.17924824803043019,0.29584723711013794,-0.0305,0.1292,1.0,,,,12.338597725508244,,,,
1667,P35557,G,80,L,NONSYN,0.33670580158540125,0.15412934394245584,0.11842738970667717,-2.5697666666666668,100.0,2.0,6.0,0.264712987741477,0.153107262818517,0.815395543828545,0.2647,0.153107262818517,0.264712987741477,0.153107262818517,,0.153107262818517,0.10826318378788431,0.2403,0.024366228183753003,0.3937910199165344,0.263,0.1044,1.0,,,,12.338597725508244,,,,
1668,P35557,G,80,K,NONSYN,0.4007452768135149,0.14956387571253202,0.2568816587247388,-1.6321999999999999,100.0,2.0,6.0,0.28851307381821,0.127977394887597,0.7946394984847149,0.2885,0.127977394887597,0.28851307381821,0.127977394887597,,0.127977394887597,0.09049368376360842,0.2874,0.0011300538940461902,0.5446366667747498,0.2885,0.0893,1.0,,,,12.338597725508244,,,,
1669,P35557,G,80,G,SYN,,,,,100.0,2.0,6.0,1.2274417067718,0.05,0.012311457526067592,1.2274,0.05,1.2274417067718,0.05,,0.05,0.035355339059327376,,,,1.2274,0.0354,,,,,12.338597725508244,,,,
1670,P35557,G,80,Y,NONSYN,0.28089736795090275,0.05592104430845119,0.0882552205800627,-2.6748999999999996,,,,,,,,,,,,,,0.1146,,0.29584723711013794,0.1146,0.2958,1.0,,,,12.338597725508244,,,,
1671,P35557,G,80,N,NONSYN,0.382875509440285,-0.09163405129549247,0.26075819964090613,-0.8179,100.0,2.0,6.0,0.0243555875392987,0.290369220861523,0.9418924411719579,0.0244,0.290369220861523,0.0243555875392987,0.290369220861523,,0.290369220861523,0.20532204511903723,0.1839,0.15959087294615967,0.3912156820297241,0.0588,0.1818,1.0,,,,12.338597725508244,,,,
1672,P35557,G,80,C,NONSYN,0.3672992043124827,-0.08197900932176962,0.10445979744933549,-2.438433333333333,100.0,2.0,6.0,0.5593378866434909,0.36836254158587894,0.4505600692760061,0.5593,0.36836254158587894,0.5593378866434909,0.36836254158587894,,0.36836254158587894,0.2604716510904866,0.0872,0.4721593881369449,0.28226056694984436,0.3422,0.1914,1.0,,,,12.338597725508244,,,,
1673,P35557,G,80,P,NONSYN,0.2021261040610908,0.18874828556470866,0.13494847137263746,-1.8968333333333334,100.0,2.0,6.0,0.0248427479128999,0.451323854106666,0.9417517168992415,0.0248,0.451323854106666,0.0248427479128999,0.451323854106666,,0.451323854106666,0.31913415775007153,0.2601,0.23525797440002735,0.4065036475658417,0.1146,0.251,1.0,,,,12.338597725508244,,,,
1674,P35557,G,80,E,NONSYN,0.4108810729254607,0.19135017834496595,0.15633464856423127,-1.9435333333333331,100.0,2.0,6.0,0.0170370695721279,0.302594510524683,0.9439667357419085,0.017,0.302594510524683,0.0170370695721279,0.302594510524683,,0.302594510524683,0.21396663034182747,0.2671,0.25002011083253517,0.407976359128952,0.071,0.1895,1.0,,,,12.338597725508244,,,,
1675,P35557,G,80,M,NONSYN,0.2878381921366005,0.23914698584300828,0.13882001967098573,-2.275,100.0,2.0,6.0,-0.30690146166777504,0.404781332314025,0.9886719862624433,-0.3069,0.404781332314025,-0.30690146166777504,0.404781332314025,,0.404781332314025,0.28622362497697246,0.2623,0.5692140527436722,0.40244948863983154,-0.1157,0.2332,1.0,,,,12.338597725508244,,,,
1676,P35557,G,80,W,NONSYN,0.355895468841822,0.060046845235182694,0.1342904131110325,-2.4539666666666666,100.0,2.0,6.0,0.13326032297263402,0.0865666112126846,0.9006708406565113,0.1333,0.0865666112126846,0.13326032297263402,0.0865666112126846,,0.0865666112126846,0.06121183781282869,0.1266,0.006660146876671491,0.308163046836853,0.133,0.06,1.0,,,,12.338597725508244,,,,
1677,P35557,G,80,H,NONSYN,0.3218287257213429,0.04410727355595027,0.1352334445435507,-1.9332999999999998,100.0,2.0,6.0,0.458765783939175,0.44978585853076597,0.5956944880182031,0.4588,0.44978585853076597,0.458765783939175,0.44978585853076597,,0.44978585853076597,0.31804663064891775,0.1227,0.336071589622311,0.30996546149253845,0.2864,0.222,1.0,,,,12.338597725508244,,,,
1678,P35557,G,80,Q,NONSYN,0.29754150588632416,0.13199738219105364,0.08877891195190872,-1.7652999999999999,100.0,2.0,6.0,0.35209612656499295,0.606658463543037,0.7303501630323491,0.3521,0.606658463543037,0.35209612656499295,0.606658463543037,,0.606658463543037,0.42897231343549336,0.242,0.11013062406445889,0.3744795024394989,0.2896,0.2821,1.0,,,,12.338597725508244,,,,
1679,P35557,G,80,*,STOP,,,,,100.0,2.0,6.0,-0.473437774186878,0.05,0.9948725593847825,-0.4734,0.05,-0.473437774186878,0.05,,0.05,0.035355339059327376,,,,-0.4734,0.0354,,,,,12.338597725508244,,,,
1680,P35557,G,81,S,NONSYN,0.36837526824294986,0.16905574616492522,0.16729857037421422,-0.8648000000000001,100.0,2.0,6.0,-0.11474119140546199,0.16287831149791798,0.9709087659288211,-0.1147,0.16287831149791798,-0.11474119140546199,0.16287831149791798,,0.16287831149791798,0.11517235856839261,0.3107,0.42544399215619444,0.43752193450927734,-0.0872,0.1114,1.0,,,,35.710037827730154,,,,
1681,P35557,G,81,A,NONSYN,0.4089269105168704,0.1294501398347994,0.15859510586188466,-0.9328,100.0,2.0,6.0,0.0040756275849154,0.27854015362754403,0.9474629412681964,0.0041,0.27854015362754403,0.0040756275849154,0.27854015362754403,,0.27854015362754403,0.1969576314627791,0.3247,0.32066633198692296,0.42944979667663574,0.0598,0.179,0.9990000000000001,,,,35.710037827730154,,,,
1682,P35557,G,81,V,NONSYN,0.3988573139738447,0.39435340086532106,0.1440576764928412,-2.7219333333333338,100.0,2.0,6.0,-0.157448210717079,0.267552610444932,0.9764567415589579,-0.1574,0.267552610444932,-0.157448210717079,0.267552610444932,,0.267552610444932,0.1891882651697741,0.3684,0.5258281612404555,0.4472253918647766,-0.0776,0.1742,1.0,,,,35.710037827730154,,,,
1683,P35557,G,81,R,NONSYN,0.3362652746103357,-0.14725765503711433,0.15442385120371568,-1.9470333333333334,100.0,2.0,6.0,-0.249938627986709,0.207297578675111,0.9850581077598056,-0.2499,0.207297578675111,-0.249938627986709,0.207297578675111,,0.207297578675111,0.14658152360472282,0.0974,0.34732117345790037,0.3033336102962494,-0.1842,0.132,1.0,,,,35.710037827730154,,,,
1684,P35557,G,81,D,NONSYN,0.3623286966209139,-0.13582671049818015,0.17203170088698483,-1.5976,100.0,2.0,6.0,0.539025147456338,0.5692922431216441,0.4802286308484455,0.539,0.5692922431216441,0.539025147456338,0.5692922431216441,,0.5692922431216441,0.40255040558821514,0.1177,0.4213525252525111,0.3173377513885498,0.2792,0.2492,1.0,,,,35.710037827730154,,,,
1685,P35557,G,81,F,NONSYN,0.3709207412708021,-0.02205725861176865,0.15570124862801363,-2.717866666666667,100.0,2.0,6.0,1.09178376771419,0.0935929235326145,0.02949895506998848,1.0918,0.0935929235326145,1.09178376771419,0.0935929235326145,,0.0935929235326145,0.06618019090098572,0.1189,0.9728840646883721,0.3255329132080078,1.0532,0.0649,1.0,,,,35.710037827730154,,,,
1686,P35557,G,81,T,NONSYN,0.21962954488217865,0.045941083626130974,0.21319170698659565,-1.5144,100.0,2.0,6.0,-0.0062782349165954,0.196695951555346,0.9501001508526252,-0.0063,0.196695951555346,-0.0062782349165954,0.196695951555346,,0.196695951555346,0.1390850411767258,0.1549,0.16117568631735224,0.41544485092163086,0.01,0.1319,1.0,,,,35.710037827730154,,,,
1687,P35557,G,81,I,NONSYN,0.29686370150880703,0.39435340086532095,0.1440576764928412,-2.721933333333333,100.0,2.0,6.0,0.8666831165886859,0.14651482334365698,0.11296226397394822,0.8667,0.14651482334365698,0.8666831165886859,0.14651482334365698,,0.14651482334365698,0.10360162513064891,0.3684,0.49830316606530944,0.4472253918647766,0.8413,0.1009,1.0,,,,35.710037827730154,,,,
1688,P35557,G,81,L,NONSYN,0.33670580158540125,0.3846247364314474,0.15248075171902725,-2.6893,100.0,2.0,6.0,-0.128262217415458,0.163170526035782,0.972796175818931,-0.1283,0.163170526035782,-0.128262217415458,0.163170526035782,,0.163170526035782,0.11537898544967755,0.3676,0.49584924734938746,0.4472253918647766,-0.0973,0.1117,1.0,,,,35.710037827730154,,,,
1689,P35557,G,81,K,NONSYN,0.4007452768135149,0.011363683743264205,0.18312549406299786,-1.5245,100.0,2.0,6.0,0.0974539647320049,0.503162925596678,0.9166126493621808,0.0975,0.503162925596678,0.0974539647320049,0.503162925596678,,0.503162925596678,0.35578991673107324,0.1392,0.041735815026448464,0.36559030413627625,0.1178,0.255,1.0,,,,35.710037827730154,,,,
1690,P35557,G,81,G,SYN,,,,,100.0,2.0,6.0,1.21974058172263,0.05,0.012949413506094168,1.2197,0.05,1.21974058172263,0.05,,0.05,0.035355339059327376,,,,1.2197,0.0354,,,,,35.710037827730154,,,,
1691,P35557,G,81,Y,NONSYN,0.28089736795090275,0.26869111319388433,0.07708892961958257,-2.6748999999999996,100.0,2.0,6.0,0.21953865229723105,0.581517668618172,0.8500329076104401,0.2195,0.581517668618172,0.21953865229723105,0.581517668618172,,0.581517668618172,0.41119508685970096,0.2851,0.06554419458272806,0.3534137010574341,0.2572,0.268,1.0,,,,35.710037827730154,,,,
1692,P35557,G,81,N,NONSYN,0.382875509440285,0.14278652787859714,0.15423784296010382,-0.8179,100.0,2.0,6.0,-0.0359335365464778,0.319562723773092,0.956947954043685,-0.0359,0.319562723773092,-0.0359335365464778,0.319562723773092,,0.319562723773092,0.22596496899439686,0.2586,0.29449750210548353,0.41302406787872314,0.0319,0.1982,1.0,,,,35.710037827730154,,,,
1693,P35557,G,81,C,NONSYN,0.3672992043124827,-0.02819511126930427,0.15538174511191472,-2.438433333333333,100.0,2.0,6.0,0.176781262967841,1.00617439875038,0.8774784692760222,0.1768,1.00617439875038,0.176781262967841,1.00617439875038,,1.00617439875038,0.7114727404126909,0.1189,0.057881559942023125,0.3059113025665283,0.1279,0.281,1.0,,,,35.710037827730154,,,,
1694,P35557,G,81,P,NONSYN,0.2021261040610908,-0.3133399201058073,0.14841108536514816,-1.8968333333333334,100.0,2.0,6.0,0.24830816721937002,0.27522362948779,0.8286793967995133,0.2483,0.27522362948779,0.24830816721937002,0.27522362948779,,0.27522362948779,0.19461249475359013,0.0901,0.15824143624326528,0.3033336102962494,0.2022,0.1638,1.0,,,,35.710037827730154,,,,
1695,P35557,G,81,E,NONSYN,0.4108810729254607,-0.10350681462418303,0.13117723741468282,-1.9435333333333331,100.0,2.0,6.0,-0.38119114922550296,0.40308675717724896,0.9920719981506625,-0.3812,0.40308675717724896,-0.38119114922550296,0.40308675717724896,,0.40308675717724896,0.28502537940652795,0.0932,0.47439812110927676,0.3015538454055786,-0.1573,0.2071,1.0,,,,35.710037827730154,,,,
1696,P35557,G,81,M,NONSYN,0.2878381921366005,0.11431914078359273,0.28079172157278237,-2.275,100.0,2.0,6.0,0.154994884745599,0.178721828988881,0.8896474041313747,0.155,0.178721828988881,0.154994884745599,0.178721828988881,,0.178721828988881,0.12637541722410023,0.2403,0.08532749651241187,0.3788474202156067,0.1635,0.1199,1.0,,,,35.710037827730154,,,,
1697,P35557,G,81,W,NONSYN,0.355895468841822,0.05810931233212033,0.24898826525379744,-2.4539666666666666,100.0,2.0,6.0,-0.0821320078364328,0.575375416001939,0.9657914824585954,-0.0821,0.575375416001939,-0.0821320078364328,0.575375416001939,,0.575375416001939,0.4068518583830018,0.1716,0.25376423811826265,0.41226816177368164,0.0431,0.2896,1.0,,,,35.710037827730154,,,,
1698,P35557,G,81,H,NONSYN,0.3218287257213429,-0.12760720333094733,0.12498872530589543,-1.9332999999999998,100.0,2.0,6.0,-0.30888998310521004,0.43705158131560295,0.9887804066164144,-0.3089,0.43705158131560295,-0.30888998310521004,0.43705158131560295,,0.43705158131560295,0.3090421368765666,0.0833,0.3921583275075233,0.2879050374031067,-0.0989,0.2107,1.0,,,,35.710037827730154,,,,
1699,P35557,G,81,Q,NONSYN,0.29754150588632416,-0.21246933737626908,0.1164618481388498,-1.7754,100.0,2.0,6.0,-0.49865586130995,0.490760718607318,0.995441622915105,-0.4987,0.490760718607318,-0.49865586130995,0.490760718607318,,0.490760718607318,0.3470202320672176,0.0778,0.5765034910954877,0.2947787046432495,-0.1638,0.2247,1.0,,,,35.710037827730154,,,,
1700,P35557,G,81,*,STOP,,,,,100.0,2.0,6.0,0.0737441545104151,0.05,0.9257962871807158,0.0737,0.05,0.0737441545104151,0.05,,0.05,0.035355339059327376,,,,0.0737,0.0354,,,,,35.710037827730154,,,,
1701,P35557,T,82,S,NONSYN,0.5112342370012433,0.035655620712225965,0.1254007724912988,-0.33873333333333333,100.0,2.0,6.0,0.7721645043115271,0.16268946766417802,0.18594642231339267,0.7722,0.16268946766417802,0.7721645043115271,0.16268946766417802,,0.16268946766417802,0.11503882581296981,0.3217,0.450420211337055,0.41257330775260925,0.7397,0.1108,0.941,,,,90.96269223059623,,,,
1702,P35557,T,82,A,NONSYN,0.4371005638552374,0.07993177320046783,0.11841204167728246,-0.5245,100.0,2.0,6.0,-0.0989601948235601,0.19448411318331,0.9685369575765839,-0.099,0.19448411318331,-0.0989601948235601,0.19448411318331,,0.19448411318331,0.1375210352649705,0.3633,0.46224090838175713,0.4230276048183441,-0.0548,0.1308,0.941,,,,90.96269223059623,,,,
1703,P35557,T,82,V,NONSYN,0.335359974884157,0.08426290642433713,0.12614124740299132,-0.4691,100.0,2.0,6.0,-0.11195359449516801,0.061647562815534004,0.9705033919722459,-0.112,0.061647562815534004,-0.11195359449516801,0.061647562815534004,,0.061647562815534004,0.04359140971048774,0.2862,0.39815486292969254,0.4001283049583435,-0.1073,0.0433,0.995,,,,90.96269223059623,,,,
1704,P35557,T,82,R,NONSYN,0.3928132642818517,-0.021994345055852463,0.13656316542849659,-1.2489999999999999,100.0,2.0,6.0,-0.0687679554873314,0.0990145883718745,0.963439769251477,-0.0688,0.0990145883718745,-0.0687679554873314,0.0990145883718745,,0.0990145883718745,0.07001388687414713,0.1351,0.20385416406925583,0.32941943407058716,-0.06,0.0685,1.0,,,,90.96269223059623,,,,
1705,P35557,T,82,D,NONSYN,0.24736015353784535,-0.02833294969284553,0.06309426315312526,-1.2412666666666667,100.0,2.0,6.0,-0.0497521415763522,0.523296194017044,0.9598102485278737,-0.0498,0.523296194017044,-0.0497521415763522,0.523296194017044,,0.523296194017044,0.370026287358563,0.1282,0.1779473379665042,0.28658032417297363,0.0615,0.2266,0.996,,,,90.96269223059623,,,,
1706,P35557,T,82,F,NONSYN,0.2626450658678516,-0.15786392133665947,0.04602442366473663,-1.4809,100.0,2.0,6.0,-0.0822743143692764,0.0680010130029836,0.9658156859294186,-0.0823,0.0680010130029836,-0.0822743143692764,0.0680010130029836,,0.0680010130029836,0.04808397742196429,0.1036,0.18583273550422513,0.2779863774776459,-0.0769,0.0474,1.0,,,,90.96269223059623,,,,
1707,P35557,T,82,T,SYN,,,,,100.0,2.0,6.0,1.14136444608744,0.05,0.021524586639786125,1.1414,0.05,1.14136444608744,0.05,,0.05,0.035355339059327376,,,,1.1414,0.0354,,,,,90.96269223059623,,,,
1708,P35557,T,82,I,NONSYN,0.39900335367527456,0.02401143283098517,0.05148396425675072,-0.8405666666666667,,,,,,,,,,,,,,0.1608,,0.327842116355896,0.1608,0.3278,0.9990000000000001,,,,90.96269223059623,,,,
1709,P35557,T,82,L,NONSYN,0.3692076635094301,-0.09938018048732428,0.13928813120062686,-1.2598666666666667,100.0,2.0,6.0,-0.0266841401473896,0.0971503348969921,0.9549191346999095,-0.0267,0.0971503348969921,-0.0266841401473896,0.0971503348969921,,0.0971503348969921,0.0686956606002072,0.1142,0.1409230281726734,0.3110385239124298,-0.0201,0.0671,0.997,,,,90.96269223059623,,,,
1710,P35557,T,82,K,NONSYN,0.35305220057868336,-0.05449823331420333,0.04129490201145824,-0.8824,100.0,2.0,6.0,0.224687817547988,0.14273160077437197,0.8463881721824583,0.2247,0.14273160077437197,0.224687817547988,0.14273160077437197,,0.14273160077437197,0.1009264827971695,0.1471,0.07757544801063448,0.325442373752594,0.2179,0.0964,0.9990000000000001,,,,90.96269223059623,,,,
1711,P35557,T,82,G,NONSYN,0.43600131382643137,-0.20436058452372677,0.04708841253650353,-1.4976,100.0,2.0,6.0,0.0572156751919256,0.053299712773804006,0.9316139949402255,0.0572,0.053299712773804006,0.0572156751919256,0.053299712773804006,,0.053299712773804006,0.03768858833765206,0.0989,0.04166387073512213,0.2779863774776459,0.058,0.0373,0.9990000000000001,,,,90.96269223059623,,,,
1712,P35557,T,82,Y,NONSYN,0.2452402164451186,-0.09463342853971861,0.04111874462322348,-1.4882666666666668,100.0,2.0,6.0,-0.27196579276009897,0.110991320500728,0.9865794905196572,-0.272,0.110991320500728,-0.27196579276009897,0.110991320500728,,0.110991320500728,0.07848271537891424,0.1075,0.3794343978016029,0.2779863774776459,-0.244,0.0755,1.0,,,,90.96269223059623,,,,
1713,P35557,T,82,N,NONSYN,0.4084330644454248,-0.05901517555918754,0.05205638197202683,-0.5004666666666666,100.0,2.0,6.0,0.317880651455406,0.49135717666852796,0.7665505006270993,0.3179,0.49135717666852796,0.317880651455406,0.49135717666852796,,0.49135717666852796,0.3474419916069926,0.2188,0.0990432114415205,0.3529595732688904,0.2691,0.2476,0.9940000000000001,,,,90.96269223059623,,,,
1714,P35557,T,82,C,NONSYN,0.4354541497454498,0.03858229923542167,0.061144661874549595,-0.9026333333333333,100.0,2.0,6.0,-0.0108411808875775,0.0579342409757361,0.9512203184568395,-0.0108,0.0579342409757361,-0.0108411808875775,0.0579342409757361,,0.0579342409757361,0.04096569465683854,0.1505,0.16137968501126523,0.33846136927604675,-0.0085,0.0407,1.0,,,,90.96269223059623,,,,
1715,P35557,T,82,P,NONSYN,0.34993609822478866,-0.02199434505585247,0.13656316542849659,-1.2489999999999999,100.0,2.0,6.0,-0.258841646441805,0.151553699122838,0.985693416728751,-0.2588,0.151553699122838,-0.258841646441805,0.151553699122838,,0.151553699122838,0.10716464836366446,0.1427,0.4015779919713613,0.3654848337173462,-0.227,0.1028,0.9940000000000001,,,,90.96269223059623,,,,
1716,P35557,T,82,E,NONSYN,0.187606014059847,0.04835956039102637,0.043161566524642876,-0.9996666666666666,100.0,2.0,6.0,0.077580861854475,0.163518781164273,0.9243790572803938,0.0776,0.163518781164273,0.077580861854475,0.163518781164273,,0.163518781164273,0.11562523901261654,0.1624,0.08484575886734201,0.3250501751899719,0.0871,0.1089,0.9990000000000001,,,,90.96269223059623,,,,
1717,P35557,T,82,M,NONSYN,0.3518740482942453,0.009108284988070838,0.04939300369234675,-0.8963,100.0,2.0,6.0,0.0338682626411655,0.0845760722103028,0.9390832516513348,0.0339,0.0845760722103028,0.0338682626411655,0.0845760722103028,,0.0845760722103028,0.059804314186028225,0.1485,0.11461343420293546,0.325442373752594,0.0376,0.0588,1.0,,,,90.96269223059623,,,,
1718,P35557,T,82,W,NONSYN,0.2914737870902876,-0.09900814397914992,0.03315290365840045,-1.5825333333333333,100.0,2.0,6.0,-0.34361653493169897,0.0846606677418937,0.9905096506384109,-0.3436,0.0846606677418937,-0.34361653493169897,0.0846606677418937,,0.0846606677418937,0.05986413226007422,0.0988,0.44246058629278295,0.2779863774776459,-0.324,0.0585,1.0,,,,90.96269223059623,,,,
1719,P35557,T,82,H,NONSYN,0.3614886802674268,-0.11175930938851562,0.1304363654901707,-1.2503,100.0,2.0,6.0,0.0104532465561844,0.22894076196692298,0.9457704093798344,0.0105,0.22894076196692298,0.0104532465561844,0.22894076196692298,,0.22894076196692298,0.16188556527682646,0.1135,0.1030438020602249,0.30925875902175903,0.0326,0.1434,1.0,,,,90.96269223059623,,,,
1720,P35557,T,82,Q,NONSYN,0.1843049627657748,0.08257163310052533,0.04142047140644058,-0.8862333333333333,100.0,2.0,6.0,-0.18652178169619799,0.142075165002508,0.9796042986800838,-0.1865,0.142075165002508,-0.18652178169619799,0.142075165002508,,0.142075165002508,0.10046231261147105,0.1984,0.3849237692488408,0.3459421396255493,-0.1566,0.0965,0.998,,,,90.96269223059623,,,,
1721,P35557,T,82,*,STOP,,,,,100.0,2.0,6.0,0.20070690148645104,0.05,0.8627282275843725,0.2007,0.05,0.20070690148645104,0.05,,0.05,0.035355339059327376,,,,0.2007,0.0354,,,,,90.96269223059623,,,,
1722,P35557,N,83,S,NONSYN,0.4614809963725863,0.05068228508840301,0.12949823233221247,-0.21126666666666663,100.0,2.0,6.0,0.47581694646907596,0.13737230385580498,0.5717577767446379,0.4758,0.13737230385580498,0.47581694646907596,0.13737230385580498,,0.13737230385580498,0.0971368876036586,0.2717,0.2040861658675745,0.41809383034706116,0.4654,0.0946,0.9890000000000001,,,,51.31215840299996,,,,
1723,P35557,N,83,A,NONSYN,0.4106254114956999,0.2673497058494386,0.0925092207195332,-1.0525333333333333,100.0,2.0,6.0,0.0416564488105221,0.11081766709805001,0.9366847073392173,0.0417,0.11081766709805001,0.0416564488105221,0.11081766709805001,,0.11081766709805001,0.07835992388030451,0.3758,0.334142015010889,0.39575785398483276,0.0543,0.0769,0.992,,,,51.31215840299996,,,,
1724,P35557,N,83,V,NONSYN,0.4102202219640225,0.048017031850710275,0.051760537293251335,-2.3712,100.0,2.0,6.0,0.7126610369597951,0.18963364092153,0.24712754595398573,0.7127,0.18963364092153,0.7126610369597951,0.18963364092153,,0.18963364092153,0.13409123343670865,0.1295,0.5831971557055989,0.2692510485649109,0.5968,0.12,0.9940000000000001,,,,51.31215840299996,,,,
1725,P35557,N,83,R,NONSYN,0.3307848248630052,0.04313878985576291,0.13634248534117405,-0.6087666666666667,100.0,2.0,6.0,0.827566690296141,0.14374077199677102,0.13969856615801393,0.8276,0.14374077199677102,0.827566690296141,0.14374077199677102,,0.14374077199677102,0.10164007461190618,0.2403,0.5872906218471207,0.4165555238723755,0.7946,0.0987,1.0,,,,51.31215840299996,,,,
1726,P35557,N,83,D,NONSYN,0.4678114494578813,0.19712188318248158,0.12765628881464935,-0.12283333333333335,100.0,2.0,6.0,0.0840623270046475,0.16451373753537502,0.9219255835010068,0.0841,0.16451373753537502,0.0840623270046475,0.16451373753537502,,0.16451373753537502,0.11632877940960752,0.4449,0.36086739196660494,0.48296940326690674,0.1038,0.1131,0.988,,,,51.31215840299996,,,,
1727,P35557,N,83,F,NONSYN,0.4766309376333202,0.2898182295471364,0.06656709148024219,-2.3051,100.0,2.0,6.0,-0.0127425561294832,0.0665167476550389,0.9516796919281727,-0.0127,0.0665167476550389,-0.0127425561294832,0.0665167476550389,,0.0665167476550389,0.04703444332935239,0.3053,0.31802774170496845,0.3551052510738373,-0.0073,0.0466,1.0,,,,51.31215840299996,,,,
1728,P35557,N,83,T,NONSYN,0.41339841489256257,0.32073532245763237,0.13933196411215468,-0.23133333333333336,100.0,2.0,6.0,0.0364981521868402,0.165520704822523,0.9382834245010456,0.0365,0.165520704822523,0.0364981521868402,0.165520704822523,,0.165520704822523,0.1170408128067829,0.4838,0.44733855826619323,0.5216891169548035,0.0579,0.1142,0.993,,,,51.31215840299996,,,,
1729,P35557,N,83,I,NONSYN,0.408580276197032,0.22793324356981828,0.0655257475971376,-2.3165333333333336,100.0,2.0,6.0,0.17291240180247103,0.08306895315433299,0.8797248580425541,0.1729,0.08306895315433299,0.17291240180247103,0.08306895315433299,,0.08306895315433299,0.0587386200814965,0.2801,0.10718377148396696,0.3444974422454834,0.1759,0.0579,0.9990000000000001,,,,51.31215840299996,,,,
1730,P35557,N,83,L,NONSYN,0.3056093223191409,0.290943627544261,0.05125418490551483,-2.2992666666666666,100.0,2.0,6.0,-0.016118750120857,0.19209328275394802,0.952484817641186,-0.0161,0.19209328275394802,-0.016118750120857,0.19209328275394802,,0.19209328275394802,0.13583046285570152,0.3398,0.355954811121681,0.35315263271331787,0.0298,0.1268,0.9990000000000001,,,,51.31215840299996,,,,
1731,P35557,N,83,K,NONSYN,0.42687331501914416,0.0349732116648284,0.11183071571502141,-0.41683333333333333,100.0,2.0,6.0,0.290169319576601,0.42338854489442207,0.793128623740544,0.2902,0.42338854489442207,0.290169319576601,0.42338854489442207,,0.42338854489442207,0.29938091117155086,0.2201,0.07008152312693977,0.39448046684265137,0.2646,0.2385,1.0,,,,51.31215840299996,,,,
1732,P35557,N,83,G,NONSYN,0.3767377141694753,0.24714164019569604,0.06639222701177788,-0.8320333333333334,100.0,2.0,6.0,-0.0329547314897373,0.33007320999001505,0.9563047168644022,-0.033,0.33007320999001505,-0.0329547314897373,0.33007320999001505,,0.33007320999001505,0.2333970050719509,0.2925,0.3254810064092472,0.37131571769714355,0.0592,0.1976,0.9990000000000001,,,,51.31215840299996,,,,
1733,P35557,N,83,Y,NONSYN,0.484545468725929,0.1644040554953321,0.12174863971226528,-1.7925666666666666,100.0,2.0,6.0,0.0074371587419121,0.156312101384043,0.9465774435884778,0.0074,0.156312101384043,0.0074371587419121,0.156312101384043,,0.156312101384043,0.11052934687017592,0.2403,0.2329096008158119,0.38938653469085693,0.0248,0.1063,1.0,,,,51.31215840299996,,,,
1734,P35557,N,83,N,SYN,,,,,100.0,2.0,6.0,0.554009943939121,0.05,0.4583280422365127,0.554,0.05,0.554009943939121,0.05,,0.05,0.035355339059327376,,,,0.554,0.0354,,,,,51.31215840299996,,,,
1735,P35557,N,83,C,NONSYN,0.3246931060135203,0.16933702341137824,0.12526570121364292,-1.7648,100.0,2.0,6.0,-0.0073617450062263,0.0937854451470971,0.9503684325347791,-0.0074,0.0937854451470971,-0.0073617450062263,0.0937854451470971,,0.0937854451470971,0.06631632424011133,0.2403,0.2477085045639503,0.3979487121105194,-0.0007,0.0654,1.0,,,,51.31215840299996,,,,
1736,P35557,N,83,P,NONSYN,0.19454249209923347,0.1660312981478946,0.11015891464418405,-1.746833333333333,100.0,2.0,6.0,0.0025554307842246,0.26983861727102304,0.9478586149492353,0.0026,0.26983861727102304,0.0025554307842246,0.26983861727102304,,0.26983861727102304,0.19080471609834182,0.262,0.2594055524921426,0.39377355575561523,0.0519,0.1717,0.997,,,,51.31215840299996,,,,
1737,P35557,N,83,E,NONSYN,0.4910285186421727,0.36159375946100164,0.13099355230849177,-0.6100333333333333,100.0,2.0,6.0,-0.127798218519575,0.21540829988935,0.9727335155015989,-0.1278,0.21540829988935,-0.127798218519575,0.21540829988935,,0.21540829988935,0.1523166695756248,0.4038,0.5316229651283091,0.478773295879364,-0.0789,0.1451,0.997,,,,51.31215840299996,,,,
1738,P35557,N,83,M,NONSYN,0.37063326035798777,0.0008769481733034663,0.076754320229936,-1.7604999999999997,100.0,2.0,6.0,0.498018480707998,0.4303493624951579,0.5399734033682975,0.498,0.4303493624951579,0.498018480707998,0.4303493624951579,,0.4303493624951579,0.30430295249963385,0.1067,0.39136198895155877,0.28565943241119385,0.29,0.2083,1.0,,,,51.31215840299996,,,,
1739,P35557,N,83,W,NONSYN,0.5592228368220948,0.048017031850710275,0.051760537293251335,-2.3712,100.0,2.0,6.0,0.41677737419657,0.0635186417278082,0.6522105172612782,0.4168,0.0635186417278082,0.41677737419657,0.0635186417278082,,0.0635186417278082,0.04491446229749198,0.1146,0.30222281997255573,0.2652313709259033,0.4084,0.0443,1.0,,,,51.31215840299996,,,,
1740,P35557,N,83,H,NONSYN,0.4549298465836239,0.23617826666104538,0.10476968809871658,-0.22196666666666665,100.0,2.0,6.0,-0.0806709982488512,0.350923115879002,0.965541991761083,-0.0807,0.350923115879002,-0.0806709982488512,0.350923115879002,,0.350923115879002,0.2481401149131549,0.3327,0.413375542316234,0.40941593050956726,0.0304,0.2122,0.9990000000000001,,,,51.31215840299996,,,,
1741,P35557,N,83,Q,NONSYN,0.3943650294167221,0.26749480607750575,0.11193403651243601,-0.25233333333333335,100.0,2.0,6.0,0.19621970132722003,0.38898858878615705,0.8656097205672437,0.1962,0.38898858878615705,0.19621970132722003,0.38898858878615705,,0.38898858878615705,0.27505646893487706,0.363,0.1667672209368791,0.43169277906417847,0.2444,0.232,0.9990000000000001,,,,51.31215840299996,,,,
1742,P35557,N,83,*,STOP,,,,,100.0,2.0,6.0,0.14347252260562698,0.05,0.8956251385247154,0.1435,0.05,0.14347252260562698,0.05,,0.05,0.035355339059327376,,,,0.1435,0.0354,,,,,51.31215840299996,E,91.0,,
1743,P35557,F,84,S,NONSYN,0.3509668135339838,-0.016516551062511996,0.09994540360901384,-1.8094999999999999,100.0,2.0,6.0,0.0146444140194457,0.170236545293586,0.9446289524074829,0.0146,0.170236545293586,0.0146444140194457,0.170236545293586,,0.170236545293586,0.12037541558286549,0.1458,0.1311187149764497,0.3338821530342102,0.0297,0.1132,0.953,,,,1.225191011881081,,,,
1744,P35557,F,84,A,NONSYN,0.21205940102164186,-0.04178886583198277,0.10411589863117111,-1.7977999999999998,100.0,2.0,6.0,0.090461358327858,0.11688379588188401,0.9194285471677252,0.0905,0.11688379588188401,0.090461358327858,0.11688379588188401,,0.11688379588188401,0.08264932467890443,0.1907,0.10020186017037198,0.36499935388565063,0.0953,0.0806,0.907,,,,1.225191011881081,,,,
1745,P35557,F,84,V,NONSYN,0.3686871445054262,0.039457570810332944,0.043176798328998046,-1.0737666666666665,100.0,2.0,6.0,0.0340827629582919,0.0521105981050133,0.9390183974623247,0.0341,0.0521105981050133,0.0340827629582919,0.0521105981050133,,0.0521105981050133,0.03684775729174175,0.2403,0.20620007061791049,0.3825099468231201,0.036,0.0367,0.526,,,,1.225191011881081,,,,
1746,P35557,F,84,R,NONSYN,0.12156869505678705,-0.335304077545821,0.134525770625921,-2.1628666666666665,100.0,2.0,6.0,0.0811808005799553,0.0895364948534877,0.9230256397969129,0.0812,0.0895364948534877,0.0811808005799553,0.0895364948534877,,0.0895364948534877,0.06331186267457556,0.0867,0.0055483087073066595,0.29927945137023926,0.0814,0.0619,0.997,,,,1.225191011881081,,,,
1747,P35557,F,84,D,NONSYN,0.1992068019592559,-0.04186321076483531,0.0933744823387767,-2.6122333333333336,100.0,2.0,6.0,0.171310049364275,0.150568736002819,0.8806442502922898,0.1713,0.150568736002819,0.171310049364275,0.150568736002819,,0.150568736002819,0.10646817426228038,0.1067,0.06465355760783578,0.29179662466049194,0.1637,0.1,1.0,,,,1.225191011881081,,,,
1748,P35557,F,84,F,SYN,,,,,100.0,2.0,6.0,1.03093778622634,0.05,0.04308693073179304,1.0309,0.05,1.03093778622634,0.05,,0.05,0.035355339059327376,,,,1.0309,0.0354,,,,,1.225191011881081,,,,
1749,P35557,F,84,T,NONSYN,0.18720675519309532,-0.04669311113473911,0.05272056340615005,-1.6453666666666666,100.0,2.0,6.0,0.098215899699713,0.10347264757714199,0.9163002126239862,0.0982,0.10347264757714199,0.098215899699713,0.10347264757714199,,0.10347264757714199,0.07316621076912289,0.1256,0.027361311680291878,0.2887280583381653,0.0999,0.0709,0.998,,,,1.225191011881081,,,,
1750,P35557,F,84,I,NONSYN,0.40023011164303374,0.6774226857586786,0.03388256014605314,-0.511,100.0,2.0,6.0,0.28593208105470197,0.102873523918646,0.7969766000179527,0.2859,0.102873523918646,0.28593208105470197,0.102873523918646,,0.102873523918646,0.07274256636743108,0.83,0.5440738627204751,0.42071762681007385,0.3017,0.0717,0.606,,,,1.225191011881081,,,,
1751,P35557,F,84,L,NONSYN,0.4640274525972558,0.7577913172536878,0.0374972750923391,-0.3554666666666666,100.0,2.0,6.0,0.172574214682724,0.0766345733628939,0.8799194353399364,0.1726,0.0766345733628939,0.172574214682724,0.0766345733628939,,0.0766345733628939,0.05418882649824024,0.8877,0.7151179983757476,0.4064828157424927,0.1851,0.0537,0.004,,,,1.225191011881081,,,,
1752,P35557,F,84,K,NONSYN,0.1539819943883161,-0.02219491743576457,0.0991950104480679,-1.9918333333333333,100.0,2.0,6.0,-0.34754350369173603,0.123833828747516,0.9906869633569171,-0.3475,0.123833828747516,-0.34754350369173603,0.123833828747516,,0.123833828747516,0.0875637400476622,0.108,0.4555901247759493,0.28370481729507446,-0.3079,0.0837,0.997,,,,1.225191011881081,,,,
1753,P35557,F,84,G,NONSYN,0.22544940105055214,-0.03671193626452598,0.09096320256894573,-2.584433333333333,100.0,2.0,6.0,0.155856225863347,0.175133547355511,0.8891881034227802,0.1559,0.175133547355511,0.155856225863347,0.175133547355511,,0.175133547355511,0.12383811894833717,0.1366,0.019254688397297798,0.3130112290382385,0.1533,0.1152,0.9640000000000001,,,,1.225191011881081,,,,
1754,P35557,F,84,Y,NONSYN,0.41795167961904656,0.7200053617963617,0.03382858539705281,-0.19666666666666666,100.0,2.0,6.0,0.30606545370075,0.182361512428791,0.7781830477959186,0.3061,0.182361512428791,0.30606545370075,0.182361512428791,,0.182361512428791,0.12894906206583298,0.7367,0.430655942745478,0.4281826317310333,0.3419,0.1235,0.971,,,,1.225191011881081,,,,
1755,P35557,F,84,N,NONSYN,0.06350654443895225,-0.01412354601377224,0.09214897525499276,-2.4017,100.0,2.0,6.0,-0.42014181773062,0.393674205495913,0.9934112737102243,-0.4201,0.393674205495913,-0.42014181773062,0.393674205495913,,0.393674205495913,0.27836970028438646,0.1067,0.5267983094870592,0.27926105260849,-0.1576,0.1972,1.0,,,,1.225191011881081,,,,
1756,P35557,F,84,C,NONSYN,0.42192151878195305,0.06349535028232553,0.05541380557295512,-1.5309000000000001,100.0,2.0,6.0,-0.24518510575152103,0.0859531117078428,0.9847070463498577,-0.2452,0.0859531117078428,-0.24518510575152103,0.0859531117078428,,0.0859531117078428,0.06077802815270047,0.155,0.4001686560616559,0.3322032392024994,-0.2322,0.0598,0.998,,,,1.225191011881081,,,,
1757,P35557,F,84,P,NONSYN,0.14474630447280185,-0.030991847500999332,0.10757996605720528,-2.5313999999999997,100.0,2.0,6.0,-0.294861487985547,0.34951119775721,0.987991914868544,-0.2949,0.34951119775721,-0.294861487985547,0.34951119775721,,0.34951119775721,0.24714173803475561,0.1067,0.4015179797419862,0.2947961091995239,-0.1291,0.1894,1.0,,,,1.225191011881081,,,,
1758,P35557,F,84,E,NONSYN,0.14341137314980398,0.01076826241402499,0.09874230800660744,-2.5673,100.0,2.0,6.0,0.0134156298276941,0.0640972259120223,0.9449660413781947,0.0134,0.0640972259120223,0.0134156298276941,0.0640972259120223,,0.0640972259120223,0.04532358309763705,0.1216,0.10815018895892699,0.298428475856781,0.0159,0.0448,0.996,,,,1.225191011881081,,,,
1759,P35557,F,84,M,NONSYN,0.21680558431241104,0.20677902893625566,0.03257943261841516,-0.25303333333333333,100.0,2.0,6.0,1.82561107963502,0.109891444651262,0.00019035334389786308,1.8256,0.109891444651262,1.82561107963502,0.109891444651262,,0.109891444651262,0.0777049857072935,0.5605,1.265066588820811,0.43706798553466797,1.7868,0.0765,0.04,,,,1.225191011881081,,,,
1760,P35557,F,84,W,NONSYN,0.32132997916102696,0.761372458457482,0.03981341856815389,-0.3639333333333333,100.0,2.0,6.0,0.161830791071341,0.0514755279460868,0.8859536113947254,0.1618,0.0514755279460868,0.161830791071341,0.0514755279460868,,0.0514755279460868,0.03639869487583561,0.7581,0.5963149584975982,0.4239290654659271,0.1662,0.0363,0.9940000000000001,,,,1.225191011881081,,,,
1761,P35557,F,84,H,NONSYN,0.3132585296390889,-0.037628814364505374,0.034001667151729933,-1.3437666666666666,100.0,2.0,6.0,0.0776257371278179,0.124841287702716,0.9243623278271392,0.0776,0.124841287702716,0.0776257371278179,0.124841287702716,,0.124841287702716,0.08827612110665123,0.1269,0.04932083136125681,0.280900239944458,0.0821,0.0842,1.0,,,,1.225191011881081,,,,
1762,P35557,F,84,Q,NONSYN,0.15363519183063878,-0.05863378159464091,0.04534645814459779,-2.0034333333333336,100.0,2.0,6.0,-0.238226911215107,0.39425257907825395,0.9841777496942288,-0.2382,0.39425257907825395,-0.238226911215107,0.39425257907825395,,0.39425257907825395,0.2787786721665189,0.1053,0.34351404586247636,0.26281219720840454,-0.0564,0.1912,0.9990000000000001,,,,1.225191011881081,,,,
1763,P35557,F,84,*,STOP,,,,,100.0,2.0,6.0,0.0003312422713798,0.05,0.9484322177855157,0.0003,0.05,0.0003312422713798,0.05,,0.05,0.035355339059327376,,,,0.0003,0.0354,,,,,1.225191011881081,,,,
1764,P35557,R,85,S,NONSYN,0.4030125793742561,-0.18177557261373112,0.060792333119816834,-0.8416666666666667,100.0,2.0,6.0,-0.139389287346456,0.14568990813170002,0.9742557104626618,-0.1394,0.14568990813170002,-0.139389287346456,0.14568990813170002,,0.14568990813170002,0.10301832199037021,0.1197,0.2590620924173331,0.292654812335968,-0.1108,0.0972,1.0,,,,56.79477988936018,,,,
1765,P35557,R,85,A,NONSYN,0.3189859929557896,-0.09640356824185241,0.052770781458480236,-1.0746,100.0,2.0,6.0,-0.245057352485117,0.13241550891018902,0.9846974948200309,-0.2451,0.13241550891018902,-0.245057352485117,0.13241550891018902,,0.13241550891018902,0.09363190428466235,0.1167,0.36173755735343366,0.29203367233276367,-0.2113,0.0892,1.0,,,,56.79477988936018,,,,
1766,P35557,R,85,V,NONSYN,0.398009908378716,-0.0553309600412833,0.05089864245244854,-1.9711666666666667,100.0,2.0,6.0,-0.0936538035437622,0.0864405040059311,0.9676961669445083,-0.0937,0.0864405040059311,-0.0936538035437622,0.0864405040059311,,0.0864405040059311,0.061122666551776804,0.1067,0.2003102953002014,0.26579275727272034,-0.0836,0.0596,1.0,,,,56.79477988936018,,,,
1767,P35557,R,85,R,SYN,,,,,100.0,2.0,6.0,1.1777423447446203,0.05,0.017026206071253217,1.1777,0.05,1.1777423447446203,0.05,,0.05,0.035355339059327376,,,,1.1777,0.0354,,,,,56.79477988936018,,,,
1768,P35557,R,85,D,NONSYN,0.1122725979085614,0.19814319938384342,0.07678913570628233,-1.7069333333333334,100.0,2.0,6.0,-0.11564706253210601,0.10755502074682999,0.9710392772014907,-0.1156,0.10755502074682999,-0.11564706253210601,0.10755502074682999,,0.10755502074682999,0.07605288452074328,0.2601,0.37574778484503324,0.36312490701675415,-0.0999,0.0744,1.0,,,,56.79477988936018,,,,
1769,P35557,R,85,F,NONSYN,0.3436253892885596,-0.18553473195495906,0.03267335125023297,-2.1555666666666666,100.0,2.0,6.0,-0.0636543061722772,0.203719595011202,0.9624974137775881,-0.0637,0.203719595011202,-0.0636543061722772,0.203719595011202,,0.203719595011202,0.14405150709299808,0.0778,0.1415019359578149,0.25900998711586,-0.0302,0.1259,1.0,,,,56.79477988936018,,,,
1770,P35557,R,85,T,NONSYN,0.292232657128476,-0.16307686975206334,0.05327233730918401,-1.0614333333333332,100.0,2.0,6.0,-0.0450374479544842,0.128749792855515,0.9588557491893461,-0.045,0.128749792855515,-0.0450374479544842,0.128749792855515,,0.128749792855515,0.09103985160449796,0.0998,0.1448398525965893,0.2854018211364746,-0.0317,0.0867,1.0,,,,56.79477988936018,,,,
1771,P35557,R,85,I,NONSYN,0.35928103966798514,-0.11521877540229612,0.05511167290555633,-2.1296999999999997,100.0,2.0,6.0,-0.274602175830266,0.0777573047245426,0.9867505333326186,-0.2746,0.0777573047245426,-0.274602175830266,0.0777573047245426,,0.0777573047245426,0.05498271745751284,0.0851,0.3596695076211901,0.2646900415420532,-0.2597,0.0538,1.0,,,,56.79477988936018,,,,
1772,P35557,R,85,L,NONSYN,0.3775202648814329,0.07157311894863705,0.07463310667225466,-1.8647666666666665,100.0,2.0,6.0,-0.114359702387635,0.0444052724505122,0.9708536252693559,-0.1144,0.0444052724505122,-0.114359702387635,0.0444052724505122,,0.0444052724505122,0.031399269270193354,0.137,0.251346345463578,0.29973042011260986,-0.1116,0.0312,1.0,,,,56.79477988936018,,,,
1773,P35557,R,85,K,NONSYN,0.4996982892545154,0.09794662423366544,0.07616953739125379,-0.31583333333333335,100.0,2.0,6.0,0.10185575212722699,0.0928986821948554,0.9147922292444683,0.1019,0.0928986821948554,0.10185575212722699,0.0928986821948554,,0.0928986821948554,0.06568928814327624,0.3103,0.2084414986204537,0.3856428265571594,0.1077,0.0648,0.995,,,,56.79477988936018,,,,
1774,P35557,R,85,G,NONSYN,0.4710347881166008,0.029446175340737946,0.07419008932736218,-1.865,100.0,2.0,6.0,0.0120211284360623,0.0562013420667795,0.9453461414853914,0.012,0.0562013420667795,0.0120211284360623,0.0562013420667795,,0.0562013420667795,0.03974035008720456,0.1067,0.0946353633203769,0.2785158157348633,0.0139,0.0393,1.0,,,,56.79477988936018,,,,
1775,P35557,R,85,Y,NONSYN,0.3907391645635834,0.06081016788860442,0.03949339437603611,-1.6721666666666666,100.0,2.0,6.0,0.29635203195361104,0.299384801593254,0.7874114784573799,0.2964,0.299384801593254,0.29635203195361104,0.299384801593254,,0.299384801593254,0.21169702339077898,0.1427,0.15365982366351094,0.3193991184234619,0.2495,0.1765,1.0,,,,56.79477988936018,,,,
1776,P35557,R,85,N,NONSYN,0.4070897773431755,0.08205559626730523,0.05654784798263843,-0.6592999999999999,100.0,2.0,6.0,-0.215115973452588,0.205137804553256,0.9822802229392193,-0.2151,0.205137804553256,-0.215115973452588,0.205137804553256,,0.205137804553256,0.14505433267732792,0.255,0.47014743993665786,0.35930633544921875,-0.1492,0.1345,1.0,,,,56.79477988936018,,,,
1777,P35557,R,85,C,NONSYN,0.3945781846907973,-0.1755348994977974,0.054388302732046145,-2.1973999999999996,,,,,,,,,,,,,,0.0778,,0.2646900415420532,0.0778,0.2647,1.0,,,,56.79477988936018,,,,
1778,P35557,R,85,P,NONSYN,0.180066694070857,0.06424203261918911,0.07614238590481148,-1.7161666666666668,100.0,2.0,6.0,0.28605643776185696,0.115535424222106,0.7968644786600456,0.2861,0.115535424222106,0.28605643776185696,0.115535424222106,,0.115535424222106,0.08169588193471564,0.1383,0.1477572408033151,0.31813740730285645,0.2769,0.0791,1.0,,,,56.79477988936018,,,,
1779,P35557,R,85,E,NONSYN,0.2774716424939038,-0.19985420442805366,0.0670161403395967,-0.8858,100.0,2.0,6.0,-0.0851533919034883,0.08311049232100501,0.9663016633638928,-0.0852,0.08311049232100501,-0.0851533919034883,0.08311049232100501,,0.08311049232100501,0.058767992707935125,0.1307,0.21584116513117996,0.29687654972076416,-0.077,0.0576,0.9990000000000001,,,,56.79477988936018,,,,
1780,P35557,R,85,M,NONSYN,0.37044865400284027,-0.14316136259535242,0.055445631774491765,-1.0532666666666668,100.0,2.0,6.0,-0.104783969424617,0.11101143306675698,0.9694342559757223,-0.1048,0.11101143306675698,-0.104783969424617,0.11101143306675698,,0.11101143306675698,0.07849693711074039,0.1036,0.20834239055956572,0.2854018211364746,-0.0901,0.0757,1.0,,,,56.79477988936018,,,,
1781,P35557,R,85,W,NONSYN,0.38841440406711497,-0.1439700951821018,0.05528704517855121,-2.1376333333333335,100.0,2.0,6.0,-0.18834821649084899,0.0754831286033842,0.9797870197247184,-0.1883,0.0754831286033842,-0.18834821649084899,0.0754831286033842,,0.0754831286033842,0.05337463210062921,0.0833,0.2716165608931622,0.2646900415420532,-0.1777,0.0523,1.0,,,,56.79477988936018,,,,
1782,P35557,R,85,H,NONSYN,0.3580838527509595,-0.08734099575145064,0.06745976779114896,-0.45376666666666665,100.0,2.0,6.0,0.47070946805186,0.17153705355156798,0.5789769492865224,0.4707,0.17153705355156798,0.47070946805186,0.17153705355156798,,0.17153705355156798,0.12129501379107366,0.2024,0.26831405870623315,0.3539992570877075,0.4425,0.1147,1.0,,,,56.79477988936018,,,,
1783,P35557,R,85,Q,NONSYN,0.3675437003413988,0.05681336756526121,0.0660024551445387,-0.5823,100.0,2.0,6.0,0.0382463781017244,0.18145493125587303,0.9377460640415434,0.0382,0.18145493125587303,0.0382463781017244,0.18145493125587303,,0.18145493125587303,0.12830801237076664,0.228,0.18973945101318954,0.3628377914428711,0.0593,0.121,1.0,,,,56.79477988936018,,,,
1784,P35557,R,85,*,STOP,,,,,100.0,2.0,6.0,-0.0608293552632433,0.05,0.9619663893903437,-0.0608,0.05,-0.0608293552632433,0.05,,0.05,0.035355339059327376,,,,-0.0608,0.0354,,,,,56.79477988936018,,,,
1785,P35557,V,86,S,NONSYN,0.33699392667600697,0.07676987922008777,0.0547750387251005,-1.4466,100.0,2.0,6.0,-0.142164849702216,0.0701536753198767,0.9746071861325091,-0.1422,0.0701536753198767,-0.142164849702216,0.0701536753198767,,0.0701536753198767,0.049606139543844144,0.1573,0.2994415695107945,0.3322032392024994,-0.1356,0.0491,1.0,,,,0.3302723676844906,,,,
1786,P35557,V,86,A,NONSYN,0.4716545268994549,0.214458495819468,0.03094254026728468,-0.7901333333333334,100.0,2.0,6.0,0.0035631377414854,0.111851136509158,0.9475966616116237,0.0036,0.111851136509158,0.0035631377414854,0.111851136509158,,0.111851136509158,0.07909069710904784,0.3064,0.30287533810575884,0.368676096200943,0.0169,0.0773,1.0,,,,0.3302723676844906,,,,
1787,P35557,V,86,V,SYN,,,,,100.0,2.0,6.0,1.09094123413616,0.05,0.029655966884221056,1.0909,0.05,1.09094123413616,0.05,,0.05,0.035355339059327376,,,,1.0909,0.0354,,,,,0.3302723676844906,,,,
1788,P35557,V,86,R,NONSYN,0.17643841508486408,-0.10402506958483304,0.08111597184404537,-1.9857333333333334,100.0,2.0,6.0,-0.103769483876391,0.0853326711533361,0.969279834636316,-0.1038,0.0853326711533361,-0.103769483876391,0.0853326711533361,,0.0853326711533361,0.06033931042928565,0.0851,0.18883681566731508,0.270046591758728,-0.0948,0.0589,1.0,,,,0.3302723676844906,,,,
1789,P35557,V,86,D,NONSYN,0.27348180848279724,-0.05846946184563237,0.06786954454962063,-2.3809,100.0,2.0,6.0,0.39129205611423,0.467861581198319,0.6844272027933934,0.3913,0.467861581198319,0.39129205611423,0.467861581198319,,0.467861581198319,0.33082809672199187,0.1067,0.2846355643577908,0.2646900415420532,0.2177,0.2067,1.0,,,,0.3302723676844906,,,,
1790,P35557,V,86,F,NONSYN,0.4053248813429461,-0.06124434989069053,0.0345588058233851,-0.9184666666666667,100.0,2.0,6.0,0.367827060571001,0.0665137176285912,0.7124740364972878,0.3678,0.0665137176285912,0.367827060571001,0.0665137176285912,,0.0665137176285912,0.04703230077710405,0.1362,0.23166889225511356,0.30434083938598633,0.3624,0.0465,1.0,,,,0.3302723676844906,,,,
1791,P35557,V,86,T,NONSYN,0.3185872156759129,0.07871922866130593,0.058527997110177636,-0.1374,100.0,2.0,6.0,0.320679764598744,0.0935119006066863,0.7637291052492479,0.3207,0.0935119006066863,0.320679764598744,0.0935119006066863,,0.0935119006066863,0.0661228990406303,0.2567,0.0640295551718641,0.35951244831085205,0.3186,0.065,1.0,,,,0.3302723676844906,,,,
1792,P35557,V,86,I,NONSYN,0.4306262074024321,0.18442477094705878,0.05671237119585001,-0.1123,100.0,2.0,6.0,0.833788987007247,0.0934792361575832,0.1351303369959522,0.8338,0.0934792361575832,0.833788987007247,0.0934792361575832,,0.0934792361575832,0.06609980178716578,0.3319,0.5019286235238181,0.37143221497535706,0.8184,0.0651,0.998,,,,0.3302723676844906,,,,
1793,P35557,V,86,L,NONSYN,0.4667115524229356,0.12291412472705593,0.04806756547273106,-0.29109999999999997,100.0,2.0,6.0,0.188095076401494,0.16975015837883897,0.8706903404455186,0.1881,0.16975015837883897,0.188095076401494,0.16975015837883897,,0.16975015837883897,0.12003148809716747,0.3406,0.15246857849810316,0.38106560707092285,0.2019,0.1145,0.993,,,,0.3302723676844906,,,,
1794,P35557,V,86,K,NONSYN,0.1909141340536438,-0.16411414353641432,0.05965357822708748,-1.7571333333333332,100.0,2.0,6.0,-0.27033751292557395,0.14658716108570002,0.9864727121346364,-0.2703,0.14658716108570002,-0.27033751292557395,0.14658716108570002,,0.14658716108570002,0.10365277563858327,0.0778,0.3481851427111117,0.2832309305667877,-0.2292,0.0973,1.0,,,,0.3302723676844906,,,,
1795,P35557,V,86,G,NONSYN,0.3807983932718594,0.054883445194547,0.12745714234310143,-2.365066666666667,100.0,2.0,6.0,0.0512333349936919,0.0969102375255107,0.9336087195795614,0.0512,0.0969102375255107,0.0512333349936919,0.0969102375255107,,0.0969102375255107,0.06852588612068763,0.1227,0.07146085932317212,0.2819197177886963,0.0552,0.0666,1.0,,,,0.3302723676844906,,,,
1796,P35557,V,86,Y,NONSYN,0.33250944557826595,-0.16411414353641432,0.05965357822708748,-1.7571333333333332,100.0,2.0,6.0,0.0229253732030053,0.0636777884718843,0.9423036557672969,0.0229,0.0636777884718843,0.0229253732030053,0.0636777884718843,,0.0636777884718843,0.045026996039431944,0.0844,0.06143561374500801,0.2832309305667877,0.0244,0.0445,1.0,,,,0.3302723676844906,,,,
1797,P35557,V,86,N,NONSYN,0.2445312890805706,-0.04594609721407774,0.051812081836311134,-2.1033666666666666,100.0,2.0,6.0,-0.117155304296836,0.254392206423767,0.9712552561985801,-0.1172,0.254392206423767,-0.117155304296836,0.254392206423767,,0.254392206423767,0.1798824542432536,0.1067,0.22381179605327522,0.2611807584762573,-0.0451,0.1481,1.0,,,,0.3302723676844906,,,,
1798,P35557,V,86,C,NONSYN,0.4349501020449153,0.07640844953675681,0.034845922391813285,-0.9503666666666666,100.0,2.0,6.0,-0.045131337711341,0.0637603652719687,0.9588749772047276,-0.0451,0.0637603652719687,-0.045131337711341,0.0637603652719687,,0.0637603652719687,0.04508538665474031,0.1788,0.22394312627030097,0.3210894465446472,-0.0408,0.0446,1.0,,,,0.3302723676844906,,,,
1799,P35557,V,86,P,NONSYN,0.17175025849116904,-0.17922612472994195,0.04531706866025656,-1.883333333333333,100.0,2.0,6.0,0.0754176084679108,0.179536139825256,0.9251813074486627,0.0754,0.179536139825256,0.0754176084679108,0.179536139825256,,0.179536139825256,0.1269512219384947,0.0778,0.0024300213176269153,0.2686800956726074,0.0759,0.1148,1.0,,,,0.3302723676844906,,,,
1800,P35557,V,86,E,NONSYN,0.32079411141973807,-0.19811722880905933,0.06464017854575803,-1.7854,100.0,2.0,6.0,-0.16832825710763902,0.101643182883973,0.9776890815142555,-0.1683,0.101643182883973,-0.16832825710763902,0.101643182883973,,0.101643182883973,0.07187258387864173,0.0778,0.24617588689317674,0.28114959597587585,-0.1532,0.0696,1.0,,,,0.3302723676844906,,,,
1801,P35557,V,86,M,NONSYN,0.4348220015603004,0.17077932624724113,0.05274164945125647,-0.2969,100.0,2.0,6.0,0.0444994718409384,0.142596223705574,0.9357863560176235,0.0445,0.142596223705574,0.0444994718409384,0.142596223705574,,0.142596223705574,0.10083075675380529,0.301,0.25651805097095126,0.39369630813598633,0.0603,0.0977,1.0,,,,0.3302723676844906,,,,
1802,P35557,V,86,W,NONSYN,0.20407639127029992,-0.19970285538231866,0.06555137283779647,-1.7649666666666668,100.0,2.0,6.0,-0.16357137738786098,0.0905317637844473,0.9771586117287818,-0.1636,0.0905317637844473,-0.16357137738786098,0.0905317637844473,,0.0905317637844473,0.06401562408476139,0.0778,0.2414190071733987,0.2832309305667877,-0.1518,0.0624,1.0,,,,0.3302723676844906,,,,
1803,P35557,V,86,H,NONSYN,0.2484595230317529,0.05678908931366766,0.1271245055964836,-2.2657666666666665,100.0,2.0,6.0,-0.109486416233753,0.0938400904001566,0.970139833847963,-0.1095,0.0938400904001566,-0.109486416233753,0.0938400904001566,,0.0938400904001566,0.06635496426910938,0.1227,0.232180610550617,0.2916896939277649,-0.0981,0.0647,1.0,,,,0.3302723676844906,,,,
1804,P35557,V,86,Q,NONSYN,0.31633139311143543,-0.20074571580702463,0.0471493682506709,-1.7866,100.0,2.0,6.0,-0.160442796113743,0.21336952039737697,0.9768027096781257,-0.1604,0.21336952039737697,-0.160442796113743,0.21336952039737697,,0.21336952039737697,0.15087503477150663,0.0778,0.23829042589928073,0.2754695415496826,-0.1055,0.1323,1.0,,,,0.3302723676844906,,,,
1805,P35557,V,86,*,STOP,,,,,100.0,2.0,6.0,-0.159387499816668,0.05,0.9766813867270302,-0.1594,0.05,-0.159387499816668,0.05,,0.05,0.035355339059327376,,,,-0.1594,0.0354,,,,,0.3302723676844906,,,,
1806,P35557,M,87,S,NONSYN,0.31494457442558743,1.9339503179135242,0.14118380112567486,-1.5281333333333336,100.0,2.0,6.0,0.46710552357349894,0.12681223239815598,0.5840465296428579,0.4671,0.12681223239815598,0.46710552357349894,0.12681223239815598,,0.12681223239815598,0.08966978946614049,1.2067,0.7396408162244748,0.6776635050773621,0.4798,0.0889,1.0,,,,4.466724555370772,,,,
1807,P35557,M,87,A,NONSYN,0.38040172866410704,0.21897205249602367,0.060613700918891456,-1.3250666666666666,100.0,2.0,6.0,0.7224631904213961,0.179247084663988,0.23623364366660135,0.7225,0.179247084663988,0.7224631904213961,0.179247084663988,,0.179247084663988,0.12674682907382512,0.3462,0.3762373624890383,0.3820708096027374,0.6852,0.1203,0.992,,,,4.466724555370772,,,,
1808,P35557,M,87,V,NONSYN,0.43335182923768345,0.5853207289155167,0.13401104672942699,-0.17053333333333334,100.0,2.0,6.0,0.3410144294065,0.235355884655672,0.7424811785746132,0.341,0.235355884655672,0.3410144294065,0.235355884655672,,0.235355884655672,0.16642174203218457,0.617,0.2760015880304812,0.5162083506584167,0.367,0.1584,0.998,,,,4.466724555370772,,,,
1809,P35557,M,87,R,NONSYN,0.4133638176812908,0.35486581968830966,0.05403660681240733,-1.3127666666666666,100.0,2.0,6.0,0.31478188884453806,0.213781904986575,0.7696446476026848,0.3148,0.213781904986575,0.31478188884453806,0.213781904986575,,0.213781904986575,0.15116663471098538,0.3434,0.02863849746985403,0.37260866165161133,0.3188,0.1401,1.0,,,,4.466724555370772,,,,
1810,P35557,M,87,D,NONSYN,,0.2798190526931517,0.06414300541809832,-1.9705666666666666,100.0,2.0,6.0,-0.12877734128468502,0.142388483938819,0.9728655686922885,-0.1288,0.142388483938819,-0.12877734128468502,0.142388483938819,,0.142388483938819,0.10068386255601072,0.3022,0.4309350413464831,0.36117464303970337,-0.0977,0.097,1.0,,,,4.466724555370772,,,,
1811,P35557,M,87,F,NONSYN,0.3024433202519795,0.21516460095868697,0.13571828605961453,-0.4272,100.0,2.0,6.0,1.8487551777803501,0.0534269574109134,0.00016059593469645297,1.8488,0.0534269574109134,1.8487551777803501,0.0534269574109134,,0.0534269574109134,0.03777856388342173,0.334,1.5147342651331028,0.4311941862106323,1.8372,0.0376,0.997,,,,4.466724555370772,,,,
1812,P35557,M,87,T,NONSYN,0.4428972613017431,0.2166651215503784,0.11157055541386611,-0.9479666666666667,100.0,2.0,6.0,0.69172908808436,0.36045275121572895,0.2714242336133202,0.6917,0.36045275121572895,0.69172908808436,0.36045275121572895,,0.36045275121572895,0.2548785846819895,0.2697,0.422032494799753,0.39420878887176514,0.5673,0.214,1.0,,,,4.466724555370772,,,,
1813,P35557,M,87,I,NONSYN,0.5092966528428504,0.7272227792650688,0.08272102343645577,0.1806,100.0,2.0,6.0,0.29445672358099895,0.417343111917384,0.7891770106872139,0.2945,0.417343111917384,0.29445672358099895,0.417343111917384,,0.417343111917384,0.29510614451827843,0.7152,0.42071908389504475,0.4087350368499756,0.4386,0.2393,0.996,,,,4.466724555370772,,,,
1814,P35557,M,87,L,NONSYN,0.4802407566174219,0.8280754435892831,0.11363247415464951,0.0198,100.0,2.0,6.0,-0.0081012693916436,0.254799895428751,0.950550720100464,-0.0081,0.254799895428751,-0.0081012693916436,0.254799895428751,,0.254799895428751,0.180170733903293,0.8719,0.8800407496963616,0.449377179145813,0.1138,0.1672,0.7659999999999999,,,,4.466724555370772,,,,
1815,P35557,M,87,K,NONSYN,0.4908604207297649,0.3040912747786561,0.06756912032144967,-1.2170333333333332,,,,,,,,,,,,,,0.3241,,0.37260866165161133,0.3241,0.3726,1.0,,,,4.466724555370772,,,,
1816,P35557,M,87,G,NONSYN,0.2313069645088376,0.11641839787670534,0.06019047305342315,-2.044633333333333,100.0,2.0,6.0,0.361424623164654,0.170646588352886,0.7198413513437145,0.3614,0.170646588352886,0.361424623164654,0.170646588352886,,0.170646588352886,0.12066535981067499,0.2106,0.15077623549413705,0.34264498949050903,0.3448,0.1138,0.9990000000000001,,,,4.466724555370772,,,,
1817,P35557,M,87,Y,NONSYN,,1.2150852740871436,0.14279963181815739,-1.5137666666666665,100.0,2.0,6.0,2.62370065505264,0.0884403620406115,3.7995589779824397e-07,2.6237,0.0884403620406115,2.62370065505264,0.0884403620406115,,0.0884403620406115,0.06253677972950972,0.9765,1.6472100382542392,0.5827041268348694,2.6049,0.0622,1.0,,,,4.466724555370772,,,,
1818,P35557,M,87,N,NONSYN,0.3182579182514713,0.9372505645424961,0.15832035775077116,-1.7266666666666666,100.0,2.0,6.0,0.41270265970932396,0.117147903956613,0.6574769717438205,0.4127,0.117147903956613,0.41270265970932396,0.117147903956613,,0.117147903956613,0.08283607728951142,0.7518,0.3391040166784629,0.5175603628158569,0.4212,0.0818,1.0,,,,4.466724555370772,,,,
1819,P35557,M,87,C,NONSYN,,1.7719836510375295,0.14393484236587636,-1.5218999999999998,100.0,2.0,6.0,0.9530055242014821,0.0443015309790041,0.06892203800642613,0.953,0.0443015309790041,0.9530055242014821,0.0443015309790041,,0.0443015309790041,0.03132591297219971,1.1938,0.24078515000811263,0.6712875962257385,0.9535,0.0313,1.0,,,,4.466724555370772,,,,
1820,P35557,M,87,P,NONSYN,0.29396488881585514,0.9010591031337505,0.14793858594344855,-1.7313666666666665,100.0,2.0,6.0,0.5212770439355611,0.266373459290446,0.5061766622076111,0.5213,0.266373459290446,0.5212770439355611,0.266373459290446,,0.266373459290446,0.1883544793923931,0.7518,0.2305296324522258,0.5175603628158569,0.5482,0.177,1.0,,,,4.466724555370772,,,,
1821,P35557,M,87,E,NONSYN,0.3715633530173947,1.053041492710445,0.15522129552783712,-1.7125666666666666,100.0,2.0,6.0,0.0653298752054771,0.17667473807900302,0.9288153188204418,0.0653,0.17667473807900302,0.0653298752054771,0.17667473807900302,,0.17667473807900302,0.12492790536002017,0.7915,0.7262189133420388,0.5143489241600037,0.1058,0.1214,1.0,,,,4.466724555370772,,,,
1822,P35557,M,87,M,SYN,,,,,,,,,,,,,,,,,,,,,,,,,,,4.466724555370772,,,,
1823,P35557,M,87,W,NONSYN,0.17309253470131644,0.5782976455398398,0.05951034962862275,-1.3791,100.0,2.0,6.0,-0.124971254929966,0.0659418540688228,0.972348565936548,-0.125,0.0659418540688228,-0.124971254929966,0.0659418540688228,,0.0659418540688228,0.04662793217607833,0.6093,0.7342754446119728,0.43717435002326965,-0.1167,0.0464,1.0,,,,4.466724555370772,,,,
1824,P35557,M,87,H,NONSYN,,1.347937234275874,0.0379075377807355,-1.4892,100.0,2.0,6.0,2.2251447744864503,0.590768363506659,9.281096275148526e-06,2.2251,0.590768363506659,2.2251447744864503,0.590768363506659,,0.590768363506659,0.41773631594603783,0.9875,1.2375980921286622,0.4553488790988922,1.6596,0.3078,1.0,,,,4.466724555370772,,,,
1825,P35557,M,87,Q,NONSYN,0.13890249407095925,0.9604995650904034,0.10224508085945849,-0.3912,100.0,2.0,6.0,-0.387249714614799,0.382402378099596,0.9922976729405777,-0.3872,0.382402378099596,-0.387249714614799,0.382402378099596,,0.382402378099596,0.2703993146960864,0.7995,1.186768895866325,0.4687017798423767,-0.0909,0.2342,1.0,,,,4.466724555370772,,,,
1826,P35557,M,87,*,STOP,,,,,100.0,2.0,6.0,0.0125316849427453,0.05,0.9452072800276894,0.0125,0.05,0.0125316849427453,0.05,,0.05,0.035355339059327376,,,,0.0125,0.0354,,,,,4.466724555370772,,,,
1827,P35557,L,88,S,NONSYN,0.3696688568840947,1.248120659276918,0.039496168979838556,-1.8501333333333332,100.0,2.0,6.0,0.264968155103313,0.145961996019209,0.815182398210136,0.265,0.145961996019209,0.264968155103313,0.145961996019209,,0.145961996019209,0.10321071718070654,0.9796,0.7146453874534497,0.4476236402988434,0.301,0.1006,1.0,,,,8.42675192857221,,,,
1828,P35557,L,88,A,NONSYN,0.2800117097075371,0.682257870936562,0.07816424033423512,-1.3620666666666665,100.0,2.0,6.0,0.33026298752665995,0.10404064407414398,0.7538797200726151,0.3303,0.10404064407414398,0.33026298752665995,0.10404064407414398,,0.10404064407414398,0.07356784494384319,0.6715,0.3412606430923891,0.43374136090278625,0.3398,0.0725,1.0,,,,8.42675192857221,,,,
1829,P35557,L,88,V,NONSYN,0.45006845647116095,0.19600290390271838,0.20924574817175737,0.4434,100.0,2.0,6.0,0.656789733702126,0.084141044556569,0.3149160472563319,0.6568,0.084141044556569,0.656789733702126,0.084141044556569,,0.084141044556569,0.05949670318206938,0.3879,0.26884485655445145,0.5130192041397095,0.6532,0.0591,0.993,,,,8.42675192857221,,,,
1830,P35557,L,88,R,NONSYN,0.2792328090176149,1.0921423572726143,0.03635513356172049,-1.8351333333333333,100.0,2.0,6.0,0.732903061116224,0.159979478628333,0.22497978356187784,0.7329,0.159979478628333,0.732903061116224,0.159979478628333,,0.159979478628333,0.11312257418878262,0.8223,0.08941954592418122,0.41296178102493286,0.7391,0.1091,1.0,,,,8.42675192857221,,,,
1831,P35557,L,88,D,NONSYN,0.15709418040401155,0.5563300829866177,0.046978032866310034,-2.512333333333333,100.0,2.0,6.0,0.0306927222935342,0.0988339003945127,0.9400355127138597,0.0307,0.0988339003945127,0.0306927222935342,0.0988339003945127,,0.0988339003945127,0.06988612118007573,0.5885,0.557833169010482,0.4176686108112335,0.0459,0.0689,1.0,,,,8.42675192857221,,,,
1832,P35557,L,88,F,NONSYN,0.463424518412456,0.2673707455892297,0.20839823128379845,0.48950000000000005,100.0,2.0,6.0,0.44268620864259206,0.115978451629791,0.6177876927522477,0.4427,0.115978451629791,0.44268620864259206,0.115978451629791,,0.115978451629791,0.08200914961894121,0.3572,0.08550769940720998,0.4306296706199646,0.4397,0.0806,1.0,,,,8.42675192857221,,,,
1833,P35557,L,88,T,NONSYN,0.3205067496312658,0.6488338800226489,0.04975186750429791,-1.3817666666666666,100.0,2.0,6.0,0.430534960268399,0.276122542112907,0.6341259310085863,0.4305,0.276122542112907,0.430534960268399,0.276122542112907,,0.276122542112907,0.19524812196650457,0.6715,0.24098867035065008,0.42365768551826477,0.4728,0.1773,1.0,,,,8.42675192857221,,,,
1834,P35557,L,88,I,NONSYN,0.3599458773266949,0.47684658905314437,0.2085333631688935,0.27723333333333333,100.0,2.0,6.0,-0.18574132174915198,0.111520705255976,0.9795257038560081,-0.1857,0.111520705255976,-0.18574132174915198,0.111520705255976,,0.111520705255976,0.07885704692920688,0.5381,0.7238012716240299,0.4964642822742462,-0.1679,0.0779,0.993,,,,8.42675192857221,,,,
1835,P35557,L,88,L,SYN,,,,,100.0,2.0,6.0,0.5486363777801571,0.05,0.46617490545421325,0.5486,0.05,0.5486363777801571,0.05,,0.05,0.035355339059327376,,,,0.5486,0.0354,,,,,8.42675192857221,,,,
1836,P35557,L,88,K,NONSYN,0.16637828819819184,0.9584729573368692,0.051250347912568266,-1.8327,100.0,2.0,6.0,1.13391126092346,0.0458823488343357,0.02257642366395757,1.1339,0.0458823488343357,1.13391126092346,0.0458823488343357,,0.0458823488343357,0.032443719997525454,0.7995,0.3343920796719342,0.4171938896179199,1.1319,0.0323,1.0,,,,8.42675192857221,,,,
1837,P35557,L,88,G,NONSYN,0.3375782897720982,0.39086168001149874,0.05073349443430567,-2.5354666666666663,100.0,2.0,6.0,0.527097931218891,0.0562406074620049,0.49767320139597226,0.5271,0.0562406074620049,0.527097931218891,0.0562406074620049,,0.0562406074620049,0.0397681149144344,0.3678,0.1593307164438056,0.36954373121261597,0.5253,0.0395,1.0,,,,8.42675192857221,,,,
1838,P35557,L,88,Y,NONSYN,0.3932294491632085,0.5091219928379597,0.07012895097277665,-1.3710666666666667,100.0,2.0,6.0,0.849670621822467,0.179646520322855,0.12401823695272582,0.8497,0.179646520322855,0.849670621822467,0.179646520322855,,0.179646520322855,0.12702927273685768,0.5277,0.32192299074946895,0.4267677664756775,0.8235,0.1218,0.9990000000000001,,,,8.42675192857221,,,,
1839,P35557,L,88,N,NONSYN,0.1790631080953343,0.21464873772717855,0.08850522596310366,-2.4369,100.0,2.0,6.0,1.01980833361094,0.11545787352166198,0.04612958890040006,1.0198,0.11545787352166198,1.01980833361094,0.11545787352166198,,0.11545787352166198,0.0816410453085459,0.2601,0.7597076112980128,0.36196136474609375,0.983,0.0796,1.0,,,,8.42675192857221,,,,
1840,P35557,L,88,C,NONSYN,0.3444819501115762,0.787491099406829,0.04998777639177896,-1.3948999999999998,100.0,2.0,6.0,0.76656803071882,0.038172527811257004,0.19119041841501003,0.7666,0.038172527811257004,0.76656803071882,0.038172527811257004,,0.038172527811257004,0.026992053270371904,0.731,0.035539414290444715,0.42365768551826477,0.7664,0.0269,1.0,,,,8.42675192857221,,,,
1841,P35557,L,88,P,NONSYN,0.3101239067988947,1.080865148875694,0.04735799966397749,-2.2839666666666667,100.0,2.0,6.0,-0.0052357021673773,0.338530398446578,0.9498406582949659,-0.0052,0.338530398446578,-0.0052357021673773,0.338530398446578,,0.338530398446578,0.23937714037935917,0.8035,0.8087272945746039,0.3985137939453125,0.2092,0.2052,1.0,,,,8.42675192857221,,,,
1842,P35557,L,88,E,NONSYN,0.22335052551716408,0.5138901875541513,0.0853412617274637,-2.4328000000000003,100.0,2.0,6.0,0.12208398413002199,0.15241822007209802,0.9059314529029648,0.1221,0.15241822007209802,0.12208398413002199,0.15241822007209802,,0.15241822007209802,0.10777595698936406,0.5161,0.3940059320992261,0.45086565613746643,0.1434,0.1048,1.0,,,,8.42675192857221,,,,
1843,P35557,L,88,M,NONSYN,0.4855550162170784,0.3045782068651887,0.042796407119643276,0.15566666666666665,100.0,2.0,6.0,0.331063824814715,0.8730522477836129,0.7530433576114327,0.3311,0.8730522477836129,0.331063824814715,0.8730522477836129,,0.8730522477836129,0.6173411647379506,0.3986,0.06758059270962274,0.3911679983139038,0.3793,0.3304,0.9990000000000001,,,,8.42675192857221,,,,
1844,P35557,L,88,W,NONSYN,0.28885364138641745,0.7105941590476658,0.05217679763109936,-1.8677333333333335,100.0,2.0,6.0,1.8775476557910702,0.019504590145973,0.00012987238983059335,1.8775,0.019504590145973,1.8775476557910702,0.019504590145973,,0.019504590145973,0.01379182795648182,0.7002,1.177352104872491,0.42398419976234436,1.8763,0.0138,1.0,,,,8.42675192857221,,,,
1845,P35557,L,88,H,NONSYN,0.29725486605293433,0.6205262066241023,0.08891364543106724,-1.9786333333333335,100.0,2.0,6.0,2.10070312888612,0.0617106798781917,2.4252514903825792e-05,2.1007,0.0617106798781917,2.10070312888612,0.0617106798781917,,0.0617106798781917,0.04363604021350157,0.6699,1.4307982412098812,0.43884676694869995,2.0867,0.0434,1.0,,,,8.42675192857221,,,,
1846,P35557,L,88,Q,NONSYN,0.3225298006389851,0.9914595580121833,0.026522554904192485,-1.5422,100.0,2.0,6.0,1.1825396888713602,0.0433667189354721,0.016504762928013356,1.1825,0.0433667189354721,1.1825396888713602,0.0433667189354721,,0.0433667189354721,0.030664901037083376,0.8086,0.3739004009227518,0.4059790074825287,1.1804,0.0306,1.0,,,,8.42675192857221,,,,
1847,P35557,L,88,*,STOP,,,,,100.0,2.0,6.0,0.328796190087877,0.05,0.755406279144153,0.3288,0.05,0.328796190087877,0.05,,0.05,0.035355339059327376,,,,0.3288,0.0354,,,,,8.42675192857221,,,,
1848,P35557,V,89,S,NONSYN,0.33699392667600697,0.07574488821180059,0.03876805193790833,-1.4466,100.0,2.0,6.0,0.63164174890772,0.133297616647345,0.3482307246069089,0.6316,0.133297616647345,0.63164174890772,0.133297616647345,,0.133297616647345,0.09425564864734247,0.1573,0.47436502909914147,0.32652318477630615,0.5952,0.0906,1.0,,,,0.2161160696025192,,,,
1849,P35557,V,89,A,NONSYN,0.4716545268994549,1.0481805997617017,0.03607245686866455,-0.7901333333333334,100.0,2.0,6.0,1.3534032899385902,0.12042813227748901,0.005317823080113609,1.3534,0.12042813227748901,1.3534032899385902,0.12042813227748901,,0.12042813227748901,0.08515554897904301,0.824,0.5294111567980262,0.4195943772792816,1.3325,0.0835,0.9990000000000001,,,,0.2161160696025192,,,,
1850,P35557,V,89,V,SYN,,,,,100.0,2.0,6.0,0.8486718912379692,0.05,0.12469419669382771,0.8487,0.05,0.8486718912379692,0.05,,0.05,0.035355339059327376,,,,0.8487,0.0354,,,,,0.2161160696025192,,,,
1851,P35557,V,89,R,NONSYN,0.17643841508486408,0.021076277495835894,0.07314655756620535,-1.9857333333333334,100.0,2.0,6.0,0.198614797296523,0.12050956665597,0.8640784379707235,0.1986,0.12050956665597,0.198614797296523,0.12050956665597,,0.12050956665597,0.08521313178028864,0.1067,0.0919583055400838,0.27363136410713196,0.1905,0.0814,1.0,,,,0.2161160696025192,,,,
1852,P35557,V,89,D,NONSYN,0.27348180848279724,-0.020976668289069328,0.05333565926899495,-2.3809,,,,,,,,,,,,,,0.1067,,0.2646900415420532,0.1067,0.2647,1.0,,,,0.2161160696025192,,,,
1853,P35557,V,89,F,NONSYN,0.4053248813429461,1.3178785656031466,0.043480339850786816,-0.9184666666666667,100.0,2.0,6.0,0.33537539846028497,0.0857363429424896,0.7485054118846537,0.3354,0.0857363429424896,0.33537539846028497,0.0857363429424896,,0.0857363429424896,0.06062474948876978,0.9911,0.6557132303086359,0.5213904976844788,0.3441,0.0602,1.0,,,,0.2161160696025192,,,,
1854,P35557,V,89,T,NONSYN,0.3185872156759129,1.5866597392993034,0.03472330326555836,-0.1374,100.0,2.0,6.0,0.8405757428616899,0.11963590006593401,0.1302863559597124,0.8406,0.11963590006593401,0.8405757428616899,0.11963590006593401,,0.11963590006593401,0.08459535620997806,1.0524,0.21183271394067826,0.49183905124664307,0.8467,0.0834,1.0,,,,0.2161160696025192,,,,
1855,P35557,V,89,I,NONSYN,0.4306262074024321,1.415717223607003,0.034570824046711704,-0.1123,100.0,2.0,6.0,0.255482083324747,0.15664855737556801,0.8229714168992709,0.2555,0.15664855737556801,0.255482083324747,0.15664855737556801,,0.15664855737556801,0.1107672571833541,1.0452,0.7897239866215421,0.48053425550460815,0.2953,0.1079,0.996,,,,0.2161160696025192,,,,
1856,P35557,V,89,L,NONSYN,0.4667115524229356,1.1225413142549068,0.043714819491848356,-0.29109999999999997,100.0,2.0,6.0,2.2329310179948796,0.0402212732393327,8.734578691329764e-06,2.2329,0.0402212732393327,2.2329310179948796,0.0402212732393327,,0.0402212732393327,0.028440735055489167,0.899,1.3339586259126652,0.4128268361091614,2.2266,0.0284,0.987,,,,0.2161160696025192,,,,
1857,P35557,V,89,K,NONSYN,0.1909141340536438,-0.017528060322652503,0.03569284083993177,-1.7571333333333332,100.0,2.0,6.0,0.0991673004793277,0.0984927974780226,0.9159085191038235,0.0992,0.0984927974780226,0.0991673004793277,0.0984927974780226,,0.0984927974780226,0.06964492499474306,0.1067,0.0074891912771115066,0.2775508761405945,0.0996,0.0676,1.0,,,,0.2161160696025192,,,,
1858,P35557,V,89,G,NONSYN,0.3807983932718594,0.10297116463453566,0.04916818048923454,-2.1775333333333333,100.0,2.0,6.0,-0.17322870147429198,0.14903637825129998,0.9782223913337033,-0.1732,0.14903637825129998,-0.17322870147429198,0.14903637825129998,,0.14903637825129998,0.1053846337049775,0.1914,0.364613046767337,0.32070761919021606,-0.1377,0.1001,1.0,,,,0.2161160696025192,,,,
1859,P35557,V,89,Y,NONSYN,0.33250944557826595,-0.017528060322652503,0.03569284083993177,-1.7571333333333332,100.0,2.0,6.0,-0.17248773867831602,0.0809206173866909,0.9781425980830565,-0.1725,0.0809206173866909,-0.17248773867831602,0.0809206173866909,,0.0809206173866909,0.05721951729193117,0.1132,0.2856575875972308,0.2816014885902405,-0.1612,0.0561,1.0,,,,0.2161160696025192,,,,
1860,P35557,V,89,N,NONSYN,0.2445312890805706,-0.062484542214554996,0.07603570467251798,-2.1033666666666666,100.0,2.0,6.0,0.230214326277726,0.1141406529889,0.8423915284138185,0.2302,0.1141406529889,0.230214326277726,0.1141406529889,,0.1141406529889,0.08070962973751175,0.1067,0.1235578345212868,0.26711857318878174,0.2199,0.0773,1.0,,,,0.2161160696025192,,,,
1861,P35557,V,89,C,NONSYN,0.4349501020449153,0.7734734791021983,0.04691713152455266,-0.9503666666666666,100.0,2.0,6.0,1.9685906579631298,0.0419348246212099,6.594700717206699e-05,1.9686,0.0419348246212099,1.9685906579631298,0.0419348246212099,,0.0419348246212099,0.029652398857526113,0.731,1.2375620415347546,0.42218467593193054,1.9625,0.0296,1.0,,,,0.2161160696025192,,,,
1862,P35557,V,89,P,NONSYN,0.17175025849116904,0.08407232913662792,0.03947926905570648,-1.883333333333333,100.0,2.0,6.0,-0.266152794269546,0.27125379276311,0.9861942406992753,-0.2662,0.27125379276311,-0.266152794269546,0.27125379276311,,0.27125379276311,0.19180539628536553,0.1475,0.4136183213271937,0.30987799167633057,-0.1516,0.1631,1.0,,,,0.2161160696025192,,,,
1863,P35557,V,89,E,NONSYN,0.32079411141973807,0.039316398322264495,0.03850463116243501,-1.7854,100.0,2.0,6.0,-0.0713660754554233,0.0771072755834266,0.9639093902369749,-0.0714,0.0771072755834266,-0.0713660754554233,0.0771072755834266,,0.0771072755834266,0.05452307744386085,0.1123,0.18369287627863495,0.2795201539993286,-0.0646,0.0535,1.0,,,,0.2161160696025192,,,,
1864,P35557,V,89,M,NONSYN,0.4348220015603004,1.4756366835983865,0.04111868624240456,-0.2969,100.0,2.0,6.0,1.17364490996444,0.0747131470977993,0.017484007814310986,1.1736,0.0747131470977993,1.17364490996444,0.0747131470977993,,0.0747131470977993,0.052830172956641906,0.9911,0.18255628119551903,0.5310201644897461,1.1719,0.0526,1.0,,,,0.2161160696025192,,,,
1865,P35557,V,89,W,NONSYN,0.20407639127029992,0.030716076625779066,0.04000056222010185,-1.7649666666666668,100.0,2.0,6.0,-0.045565110365967006,0.0619002546235077,0.9589636942856264,-0.0456,0.0619002546235077,-0.045565110365967006,0.0619002546235077,,0.0619002546235077,0.04377008980145623,0.1067,0.1522216021224062,0.2775508761405945,-0.0419,0.0432,1.0,,,,0.2161160696025192,,,,
1866,P35557,V,89,H,NONSYN,0.2484595230317529,0.08520014069998567,0.052579297976488554,-2.2815999999999996,100.0,2.0,6.0,-0.119915629670642,0.126350841654707,0.9716463055679103,-0.1199,0.126350841654707,-0.119915629670642,0.126350841654707,,0.126350841654707,0.08934353694267101,0.1475,0.2673811567282897,0.305887907743454,-0.0989,0.0858,1.0,,,,0.2161160696025192,,,,
1867,P35557,V,89,Q,NONSYN,0.31633139311143543,-0.005921295114020869,0.032895461207859626,-1.7866,100.0,2.0,6.0,0.0643470048534328,0.11469283543313,0.929160133624621,0.0643,0.11469283543313,0.0643470048534328,0.11469283543313,,0.11469283543313,0.08110008168827895,0.1067,0.04230948690300641,0.2754695415496826,0.0677,0.0778,1.0,,,,0.2161160696025192,,,,
1868,P35557,V,89,*,STOP,,,,,100.0,2.0,6.0,0.27589778871205,0.05,0.8058626518548334,0.2759,0.05,0.27589778871205,0.05,,0.05,0.035355339059327376,,,,0.2759,0.0354,,,,,0.2161160696025192,,,,
1869,P35557,K,90,S,NONSYN,0.39799365034538775,2.2710996229318936,0.05873195595488581,-0.8266,100.0,2.0,6.0,2.60823851059709,0.133978038290386,4.3156687336135265e-07,2.6082,0.133978038290386,2.60823851059709,0.133978038290386,,0.133978038290386,0.09473677940520284,1.5841,1.0241385025862257,0.7333852648735046,2.5914,0.094,0.9990000000000001,,,,82.25494581066067,,,,
1870,P35557,K,90,A,NONSYN,0.4253782567817681,2.0333696313770395,0.05598011718411893,-0.8658,100.0,2.0,6.0,1.57626765646749,0.11869784066095801,0.0011422688788772725,1.5763,0.11869784066095801,1.57626765646749,0.11869784066095801,,0.11869784066095801,0.08393204804356372,1.2572,0.31907659449391823,0.7175358533859253,1.572,0.0834,0.9990000000000001,,,,82.25494581066067,,,,
1871,P35557,K,90,V,NONSYN,0.4018371367991864,0.30218728263072864,0.028163800516461123,-1.8981333333333332,100.0,2.0,6.0,1.37838487208252,0.158325900985176,0.004489988714033665,1.3784,0.158325900985176,1.37838487208252,0.158325900985176,,0.158325900985176,0.11195331822408781,0.4082,0.9701694089210515,0.39992859959602356,1.3079,0.1078,0.995,,,,82.25494581066067,,,,
1872,P35557,K,90,R,NONSYN,0.4425642104838123,2.3072962723899435,0.07099768414657823,0.014233333333333356,100.0,2.0,6.0,1.8437980473115,0.21346184590736103,0.00016655956575605026,1.8438,0.21346184590736103,1.8437980473115,0.21346184590736103,,0.21346184590736103,0.15094031876569286,1.5889,0.2548923552109752,0.5901692509651184,1.8281,0.1462,0.996,,,,82.25494581066067,,,,
1873,P35557,K,90,D,NONSYN,0.3868073539125079,2.2710996229318936,0.05873195595488581,-0.8266,100.0,2.0,6.0,0.863077681802928,0.0916904195184693,0.1152339150942596,0.8631,0.0916904195184693,0.863077681802928,0.0916904195184693,,0.0916904195184693,0.06483491741134902,1.5775,0.7143945281274919,0.7333852648735046,0.8686,0.0646,1.0,,,,82.25494581066067,,,,
1874,P35557,K,90,F,NONSYN,0.39391394066408775,0.6940325836705054,0.04361649525193246,-1.9194666666666667,100.0,2.0,6.0,0.9558523586014871,0.0414192557936724,0.06777350091414547,0.9559,0.0414192557936724,0.9558523586014871,0.0414192557936724,,0.0414192557936724,0.029287836643405948,0.6699,0.2859474709252481,0.41248947381973267,0.9544,0.0292,1.0,,,,82.25494581066067,,,,
1875,P35557,K,90,T,NONSYN,0.4423640368257771,1.6608517339451228,0.036036715760246064,-0.8377,100.0,2.0,6.0,2.69382134876324,0.217074855399023,2.1251484723162777e-07,2.6938,0.217074855399023,2.69382134876324,0.217074855399023,,0.217074855399023,0.15349510227773838,1.1791,1.514676489449275,0.6421624422073364,2.612,0.1493,0.9990000000000001,,,,82.25494581066067,,,,
1876,P35557,K,90,I,NONSYN,0.4603939774498695,0.8239804232769368,0.04197018245414593,-1.9278666666666666,100.0,2.0,6.0,0.566008839782193,0.0652058181560321,0.4408570511365749,0.566,0.0652058181560321,0.566008839782193,0.0652058181560321,,0.0652058181560321,0.0461074761909472,0.8078,0.24176510793356631,0.4092780351638794,0.569,0.0458,0.9940000000000001,,,,82.25494581066067,,,,
1877,P35557,K,90,L,NONSYN,0.4356747906628182,0.7157475602759676,0.043729216392462154,-1.8765,100.0,2.0,6.0,0.13770403914680301,0.0701732584461344,0.8985038239752662,0.1377,0.0701732584461344,0.13770403914680301,0.0701732584461344,,0.0701732584461344,0.0496199869052178,0.7378,0.6001094336009998,0.4141761064529419,0.1462,0.0493,0.9940000000000001,,,,82.25494581066067,,,,
1878,P35557,K,90,K,SYN,,,,,100.0,2.0,6.0,1.91391765192522,0.05,9.918296609657638e-05,1.9139,0.05,1.91391765192522,0.05,,0.05,0.035355339059327376,,,,1.9139,0.0354,,,,,82.25494581066067,,,,
1879,P35557,K,90,G,NONSYN,0.3929842999811576,0.9550237493687034,0.04611904799635696,-1.5884666666666665,100.0,2.0,6.0,1.16715185114738,0.033756801391317995,0.018233635863350747,1.1672,0.033756801391317995,1.16715185114738,0.033756801391317995,,0.033756801391317995,0.023869663174968435,0.7995,0.3676326698958541,0.4204462170600891,1.166,0.0238,1.0,,,,82.25494581066067,,,,
1880,P35557,K,90,Y,NONSYN,0.3944793974738757,0.8944135874589009,0.04158719004419016,-1.7455,100.0,2.0,6.0,0.20284896896319002,0.0714248482617414,0.8613334841285992,0.2028,0.0714248482617414,0.20284896896319002,0.0714248482617414,,0.0714248482617414,0.05050499455109753,0.7981,0.5952150244907894,0.4215809404850006,0.2113,0.0501,0.9990000000000001,,,,82.25494581066067,,,,
1881,P35557,K,90,N,NONSYN,0.4560364383708069,2.0721549400179398,0.04500234572706644,-0.5051666666666667,100.0,2.0,6.0,2.5873204881864904,0.292371621382711,5.124977781963993e-07,2.5873,0.292371621382711,2.5873204881864904,0.292371621382711,,0.292371621382711,0.20673795610622073,1.2632,1.3241416628080724,0.6721003651618958,2.4729,0.1976,1.0,,,,82.25494581066067,,,,
1882,P35557,K,90,C,NONSYN,0.4535515939759026,0.9336790019644269,0.018887715151895863,-2.2871333333333332,100.0,2.0,6.0,1.3577137581414198,0.334077432751013,0.005165117382114158,1.3577,0.334077432751013,1.3577137581414198,0.334077432751013,,0.334077432751013,0.23622841813963408,0.7827,0.5750026098793959,0.39576345682144165,1.2067,0.2028,1.0,,,,82.25494581066067,,,,
1883,P35557,K,90,P,NONSYN,0.27870648767165224,1.6135788125421893,0.059463071916584447,-0.9779666666666667,100.0,2.0,6.0,-0.0941033615897025,0.15254122595722103,0.9677682718975251,-0.0941,0.15254122595722103,-0.0941033615897025,0.15254122595722103,,0.15254122595722103,0.10786293528486038,1.1313,1.2253639950583304,0.65665203332901,-0.0619,0.1064,1.0,,,,82.25494581066067,,,,
1884,P35557,K,90,E,NONSYN,0.4020218445230145,2.4993895582592267,0.07610945607192392,-0.16533333333333333,100.0,2.0,6.0,2.03195865298924,0.0664417643894048,4.091670043747545e-05,2.032,0.0664417643894048,2.03195865298924,0.0664417643894048,,0.0664417643894048,0.046981422153747,2.1652,0.1332408652144954,0.621562123298645,2.0327,0.0468,0.997,,,,82.25494581066067,,,,
1885,P35557,K,90,M,NONSYN,0.43998119930382734,1.154265222992155,0.06616370753018254,-0.9419333333333334,100.0,2.0,6.0,1.2838374070604,0.0900932778493737,0.00847941348788435,1.2838,0.0900932778493737,1.2838374070604,0.0900932778493737,,0.0900932778493737,0.06370556770661591,0.8771,0.4067777685601863,0.40548861026763916,1.274,0.0629,0.9990000000000001,,,,82.25494581066067,,,,
1886,P35557,K,90,W,NONSYN,0.4169292295856069,0.9598583188416999,0.08082047476606091,-2.216833333333333,100.0,2.0,6.0,1.2791758075096,0.0213089331963294,0.008746490254423141,1.2792,0.0213089331963294,1.2791758075096,0.0213089331963294,,0.0213089331963294,0.01506769116297565,0.7995,0.47965662625807415,0.40621569752693176,1.2785,0.0151,1.0,,,,82.25494581066067,,,,
1887,P35557,K,90,H,NONSYN,0.4436698866414692,1.7110555623445525,0.06219047946767781,-0.8412999999999999,100.0,2.0,6.0,2.5432098635649503,0.0296529506302279,7.351628623281407e-07,2.5432,0.0296529506302279,2.5432098635649503,0.0296529506302279,,0.0296529506302279,0.020967802472824055,1.1799,1.3633150586104215,0.6441150307655334,2.5418,0.021,1.0,,,,82.25494581066067,,,,
1888,P35557,K,90,Q,NONSYN,0.4867518824335938,2.154359062829077,0.08675048277269137,0.19553333333333334,100.0,2.0,6.0,2.3026096759941,0.0289207145495865,5.058596209639672e-06,2.3026,0.0289207145495865,2.3026096759941,0.0289207145495865,,0.0289207145495865,0.020450033374773063,1.2721,1.0305511890556236,0.6329355239868164,2.3015,0.0204,0.998,,,,82.25494581066067,,,,
1889,P35557,K,90,*,STOP,,,,,100.0,2.0,6.0,0.03233414702322,0.05,0.9395451273363191,0.0323,0.05,0.03233414702322,0.05,,0.05,0.035355339059327376,,,,0.0323,0.0354,,,,,82.25494581066067,,,,
1890,P35557,V,91,S,NONSYN,0.33699392667600697,0.8175999713378607,0.02397941719804464,-1.4466,100.0,2.0,6.0,0.44348859262919205,0.132506317694314,0.6166975276931631,0.4435,0.132506317694314,0.44348859262919205,0.132506317694314,,0.132506317694314,0.09369611579170845,0.7613,0.31780219602132065,0.41830629110336304,0.4587,0.0914,1.0,,,,9.507297525947068,,,,
1891,P35557,V,91,A,NONSYN,0.4716545268994549,0.8212904053502753,0.05917897744718006,-0.7901333333333334,100.0,2.0,6.0,0.93685114636614,0.0362642135498279,0.07577488558264002,0.9369,0.0362642135498279,0.93685114636614,0.0362642135498279,,0.0362642135498279,0.025642671315480387,0.7742,0.16267192616655501,0.4247584342956543,0.9363,0.0256,0.9990000000000001,,,,9.507297525947068,,,,
1892,P35557,V,91,V,SYN,,,,,100.0,2.0,6.0,1.17387910256751,0.05,0.017457527884507988,1.1739,0.05,1.17387910256751,0.05,,0.05,0.035355339059327376,,,,1.1739,0.0354,,,,,9.507297525947068,,,,
1893,P35557,V,91,R,NONSYN,0.17643841508486408,0.4033419877348324,0.05234083740629983,-1.9857333333333334,100.0,2.0,6.0,0.700031203379228,0.0675510426591543,0.26162216396133264,0.7,0.0675510426591543,0.700031203379228,0.0675510426591543,,0.0675510426591543,0.047765800340509756,0.3678,0.3322639886041425,0.381278932094574,0.6949,0.0474,1.0,,,,9.507297525947068,,,,
1894,P35557,V,91,D,NONSYN,0.27348180848279724,0.043581871987333765,0.0402434765606352,-2.3809,100.0,2.0,6.0,-0.0364233424846272,0.5596479093527421,0.9570528124161989,-0.0364,0.5596479093527421,-0.0364233424846272,0.5596479093527421,,0.5596479093527421,0.3957308317801982,0.1146,0.15097789670864148,0.263060599565506,0.0683,0.2191,1.0,,,,9.507297525947068,,,,
1895,P35557,V,91,F,NONSYN,0.4053248813429461,0.6238624192651053,0.03482374259215503,-0.9184666666666667,100.0,2.0,6.0,1.5150348710226298,0.0628560712150909,0.0017538300851768726,1.515,0.0628560712150909,1.5150348710226298,0.0628560712150909,,0.0628560712150909,0.04444595419493533,0.6715,0.8435112404035807,0.42991578578948975,1.5061,0.0442,1.0,,,,9.507297525947068,,,,
1896,P35557,V,91,T,NONSYN,0.3185872156759129,1.72672287842881,0.08199079391308604,-0.1374,100.0,2.0,6.0,0.45758882622821206,0.23692273328860303,0.5973284548675617,0.4576,0.23692273328860303,0.45758882622821206,0.23692273328860303,,0.23692273328860303,0.16752967132562296,1.1917,0.7341036452759994,0.5836650729179382,0.5135,0.161,0.998,,,,9.507297525947068,,,,
1897,P35557,V,91,I,NONSYN,0.4306262074024321,1.5669687717161676,0.09883266259511625,-0.1123,100.0,2.0,6.0,2.0577874957892,0.0502812937467206,3.363825482565081e-05,2.0578,0.0502812937467206,2.0577874957892,0.0502812937467206,,0.0502812937467206,0.03555424377513888,1.0826,0.9751561462256015,0.4779603183269501,2.0524,0.0355,0.94,,,,9.507297525947068,,,,
1898,P35557,V,91,L,NONSYN,0.4667115524229356,0.8634826651382941,0.0943148672037634,-0.29109999999999997,100.0,2.0,6.0,3.04730946609976,0.130468047980974,1.0425072089256747e-08,3.0473,0.130468047980974,3.04730946609976,0.130468047980974,,0.130468047980974,0.09225484145551856,0.8286,2.2187332589388102,0.46143820881843567,2.962,0.0905,0.995,,,,9.507297525947068,,,,
1899,P35557,V,91,K,NONSYN,0.1909141340536438,0.19842909806683515,0.04392410625793938,-1.7571333333333332,100.0,2.0,6.0,0.8848425598956059,0.137637299466163,0.10208616137756718,0.8848,0.137637299466163,0.8848425598956059,0.137637299466163,,0.137637299466163,0.09732426779672743,0.2601,0.6247418375826786,0.3577701151371002,0.8418,0.0939,1.0,,,,9.507297525947068,,,,
1900,P35557,V,91,G,NONSYN,0.3807983932718594,-0.03092850987893496,0.1374920938218381,-2.365066666666667,100.0,2.0,6.0,0.187107803114179,0.0456518367868565,0.8712958696628391,0.1871,0.0456518367868565,0.187107803114179,0.0456518367868565,,0.0456518367868565,0.032280723365607715,0.1148,0.07231167126489005,0.30333006381988525,0.1863,0.0321,1.0,,,,9.507297525947068,,,,
1901,P35557,V,91,Y,NONSYN,0.33250944557826595,0.19842909806683515,0.04392410625793938,-1.7571333333333332,100.0,2.0,6.0,0.513393914281279,0.053464158844668,0.5176707029776118,0.5134,0.053464158844668,0.513393914281279,0.053464158844668,,0.053464158844668,0.03780486926949947,0.2601,0.25329319196835176,0.3577701151371002,0.5106,0.0376,1.0,,,,9.507297525947068,,,,
1902,P35557,V,91,N,NONSYN,0.2445312890805706,0.27764771975383834,0.04470597833601456,-2.1033666666666666,100.0,2.0,6.0,0.0679546301372133,0.114069272737594,0.9278865203082071,0.068,0.114069272737594,0.0679546301372133,0.114069272737594,,0.114069272737594,0.08065915627777048,0.3005,0.23258432698177472,0.35123857855796814,0.0796,0.0786,1.0,,,,9.507297525947068,,,,
1903,P35557,V,91,C,NONSYN,0.4349501020449153,0.9651248700059872,0.03560891204139349,-0.9503666666666666,100.0,2.0,6.0,0.491247518799984,0.0543641191683459,0.5497284643193975,0.4912,0.0543641191683459,0.491247518799984,0.0543641191683459,,0.0543641191683459,0.03844123731717096,0.7995,0.30827166245154186,0.41897323727607727,0.4938,0.0383,1.0,,,,9.507297525947068,,,,
1904,P35557,V,91,P,NONSYN,0.17175025849116904,0.574410197289045,0.05352807256898793,-1.883333333333333,100.0,2.0,6.0,0.257228773171678,0.13174336226105302,0.8215579511776292,0.2572,0.13174336226105302,0.257228773171678,0.13174336226105302,,0.13174336226105302,0.09315662483110647,0.6093,0.3520754165103288,0.4276927709579468,0.2732,0.091,1.0,,,,9.507297525947068,,,,
1905,P35557,V,91,E,NONSYN,0.32079411141973807,0.4825235057325266,0.05299494771729218,-1.7854,100.0,2.0,6.0,0.0325593368985314,0.0558529631294721,0.9394775448466974,0.0326,0.0558529631294721,0.0325593368985314,0.0558529631294721,,0.0558529631294721,0.03949400897821193,0.424,0.39146941733578255,0.4121027886867523,0.0361,0.0393,1.0,,,,9.507297525947068,,,,
1906,P35557,V,91,M,NONSYN,0.4348220015603004,1.4805831462313706,0.06432097734422598,-0.2969,100.0,2.0,6.0,1.19600802282053,0.32041819615716804,0.015121235089741931,1.196,0.32041819615716804,1.19600802282053,0.32041819615716804,,0.32041819615716804,0.22656987931829486,0.9875,0.208461340462742,0.47588300704956055,1.1575,0.2046,1.0,,,,9.507297525947068,,,,
1907,P35557,V,91,W,NONSYN,0.20407639127029992,0.44725767516793674,0.03771567741371525,-1.7649666666666668,100.0,2.0,6.0,0.138356828592301,0.167533317237014,0.8981818010509802,0.1384,0.167533317237014,0.138356828592301,0.167533317237014,,0.167533317237014,0.11846394469296971,0.3999,0.2615480483551019,0.4122315049171448,0.1583,0.1139,1.0,,,,9.507297525947068,,,,
1908,P35557,V,91,H,NONSYN,0.2484595230317529,0.24385416367727134,0.1355607130874735,-2.2657666666666665,100.0,2.0,6.0,-0.124316817289391,0.118557092227575,0.9722586656608925,-0.1243,0.118557092227575,-0.124316817289391,0.118557092227575,,0.118557092227575,0.0838325238718772,0.2623,0.3866294083652882,0.40244948863983154,-0.1082,0.0821,1.0,,,,9.507297525947068,,,,
1909,P35557,V,91,Q,NONSYN,0.31633139311143543,0.3519195751288127,0.05277362139844655,-1.7866,100.0,2.0,6.0,0.424371128709673,0.0595056477594972,0.6422849311612586,0.4244,0.0595056477594972,0.424371128709673,0.0595056477594972,,0.0595056477594972,0.04207684704963856,0.3434,0.08095074239528088,0.3715648055076599,0.4233,0.0418,1.0,,,,9.507297525947068,,,,
1910,P35557,V,91,*,STOP,,,,,100.0,2.0,6.0,0.10205256919324002,0.05,0.9147099564288624,0.1021,0.05,0.10205256919324002,0.05,,0.05,0.035355339059327376,,,,0.1021,0.0354,,,,,9.507297525947068,,,,
1911,P35557,G,92,S,NONSYN,0.36837526824294986,0.6515763712563359,0.029492144376071953,-0.8648000000000001,100.0,2.0,6.0,1.01879297216523,0.0748654896892701,0.0464168295908574,1.0188,0.0748654896892701,1.01879297216523,0.0748654896892701,,0.0748654896892701,0.05293789543613445,0.6699,0.348888084488991,0.420204758644104,1.0133,0.0525,1.0,,,,18.932784258381744,,,,
1912,P35557,G,92,A,NONSYN,0.4089269105168704,0.6613428675603643,0.03227809026783391,-0.9328,100.0,2.0,6.0,0.9894934832531451,0.0500724273478498,0.05544844754733023,0.9895,0.0500724273478498,0.9894934832531451,0.0500724273478498,,0.0500724273478498,0.035406552928135326,0.6699,0.3195885955769061,0.41958361864089966,0.9872,0.0353,1.0,,,,18.932784258381744,,,,
1913,P35557,G,92,V,NONSYN,0.3988573139738447,0.5370642587806,0.04435478732964307,-2.7219333333333338,100.0,2.0,6.0,0.36036272967540994,0.0468065008708192,0.7210511587055053,0.3604,0.0468065008708192,0.36036272967540994,0.0468065008708192,,0.0468065008708192,0.0330971941693703,0.5801,0.21974543606555685,0.4223131537437439,0.3617,0.033,1.0,,,,18.932784258381744,,,,
1914,P35557,G,92,R,NONSYN,0.3362652746103357,0.6849153524553867,0.039936778713904504,-1.9470333333333334,100.0,2.0,6.0,1.56311360238752,0.13626224569778,0.0012529628380931461,1.5631,0.13626224569778,1.56311360238752,0.13626224569778,,0.13626224569778,0.09635195795260769,0.6699,0.893208714711281,0.41248947381973267,1.5169,0.0938,1.0,,,,18.932784258381744,,,,
1915,P35557,G,92,D,NONSYN,0.3623286966209139,0.29147396481770843,0.04788259554823727,-1.5976,100.0,2.0,6.0,0.7723899358252929,0.0781615270583505,0.1857374189840445,0.7724,0.0781615270583505,0.7723899358252929,0.0781615270583505,,0.0781615270583505,0.055268545810855454,0.3053,0.4671047502498077,0.37212902307510376,0.7623,0.0547,1.0,,,,18.932784258381744,,,,
1916,P35557,G,92,F,NONSYN,0.3709207412708021,0.42866862312653464,0.044623108438575365,-2.717866666666667,100.0,2.0,6.0,0.685549636637606,0.0419655199638485,0.27885763498635124,0.6855,0.0419655199638485,0.685549636637606,0.0419655199638485,,0.0419655199638485,0.02967410374245671,0.3922,0.29336365059558334,0.3981882333755493,0.6839,0.0296,1.0,,,,18.932784258381744,,,,
1917,P35557,G,92,T,NONSYN,0.21962954488217865,0.5340102741243119,0.03393944529435434,-1.5144,100.0,2.0,6.0,0.0447810079054825,0.16323189174897798,0.9356967214430575,0.0448,0.16323189174897798,0.0447810079054825,0.16323189174897798,,0.16323189174897798,0.11542237756161078,0.5753,0.530535182814122,0.43522173166275024,0.0796,0.1116,1.0,,,,18.932784258381744,,,,
1918,P35557,G,92,I,NONSYN,0.29686370150880703,0.5370642587806,0.04435478732964307,-2.721933333333333,100.0,2.0,6.0,0.0472553460731254,0.0868477083195412,0.934903686020515,0.0473,0.0868477083195412,0.0472553460731254,0.0868477083195412,,0.0868477083195412,0.06141060348325891,0.5801,0.5328528196678414,0.4223131537437439,0.0583,0.0608,1.0,,,,18.932784258381744,,,,
1919,P35557,G,92,L,NONSYN,0.33670580158540125,0.520159438167754,0.02635653373564775,-2.6893,100.0,2.0,6.0,0.411077191513948,0.158426934947191,0.6595659651881576,0.4111,0.158426934947191,0.411077191513948,0.158426934947191,,0.158426934947191,0.11202476002375879,0.5707,0.15962989123446508,0.398712158203125,0.4228,0.1078,1.0,,,,18.932784258381744,,,,
1920,P35557,G,92,K,NONSYN,0.4007452768135149,0.27894404473798134,0.04748568104639352,-1.5245,100.0,2.0,6.0,0.8099796960644742,0.08240497101526,0.15328112894918128,0.81,0.08240497101526,0.8099796960644742,0.08240497101526,,0.08240497101526,0.058269113808371235,0.3005,0.5094407389454861,0.37021493911743164,0.7977,0.0576,1.0,,,,18.932784258381744,,,,
1921,P35557,G,92,G,SYN,,,,,100.0,2.0,6.0,0.778800094965726,0.05,0.179866563531367,0.7788,0.05,0.778800094965726,0.05,,0.05,0.035355339059327376,,,,0.7788,0.0354,,,,,18.932784258381744,,,,
1922,P35557,G,92,Y,NONSYN,0.28089736795090275,0.48566318594232133,0.04017395999232425,-2.6748999999999996,100.0,2.0,6.0,0.514565948190246,0.0924772960268839,0.5159638244885117,0.5146,0.0924772960268839,0.514565948190246,0.0924772960268839,,0.0924772960268839,0.06539132312640537,0.4288,0.08574515932992499,0.40165331959724426,0.5124,0.0645,1.0,,,,18.932784258381744,,,,
1923,P35557,G,92,N,NONSYN,0.382875509440285,0.926892130414556,0.02810823706774024,-0.8179,100.0,2.0,6.0,0.19284569469057,0.0839028375299927,0.8677408330960837,0.1928,0.0839028375299927,0.19284569469057,0.0839028375299927,,0.0839028375299927,0.05932826537825099,0.7827,0.5898654535714539,0.41699331998825073,0.2045,0.0587,1.0,,,,18.932784258381744,,,,
1924,P35557,G,92,C,NONSYN,0.3672992043124827,0.7536808805851477,0.01849804744477247,-2.438433333333333,100.0,2.0,6.0,0.336499123377847,0.18838639219420703,0.7473129733368874,0.3365,0.18838639219420703,0.336499123377847,0.18838639219420703,,0.18838639219420703,0.13320929540379225,0.731,0.39452949305052826,0.3989748954772949,0.3761,0.1264,1.0,,,,18.932784258381744,,,,
1925,P35557,G,92,P,NONSYN,0.2021261040610908,0.8695560914384867,0.03957559134580819,-1.8968333333333334,100.0,2.0,6.0,1.00919138543822,0.138146079020418,0.04921569837961795,1.0092,0.138146079020418,1.00919138543822,0.138146079020418,,0.138146079020418,0.09768402926967021,0.7769,0.23226808660246556,0.41203999519348145,0.9968,0.095,1.0,,,,18.932784258381744,,,,
1926,P35557,G,92,E,NONSYN,0.4108810729254607,0.9380054246345653,0.050315311318248596,-1.9435333333333331,100.0,2.0,6.0,0.8038433858499839,0.0413168602442389,0.15825741212218852,0.8038,0.0413168602442389,0.8038433858499839,0.0413168602442389,,0.0413168602442389,0.029215432056038194,0.7827,0.021132237587960012,0.4092780351638794,0.8037,0.0291,1.0,,,,18.932784258381744,,,,
1927,P35557,G,92,M,NONSYN,0.2878381921366005,0.9659040971191489,0.055445736369650285,-2.275,100.0,2.0,6.0,0.34865812953865305,0.0566214516541958,0.7341549475232019,0.3487,0.0566214516541958,0.34865812953865305,0.0566214516541958,,0.0566214516541958,0.0400374124253081,0.7995,0.45086105171287283,0.4004663825035095,0.3531,0.0398,1.0,,,,18.932784258381744,,,,
1928,P35557,G,92,W,NONSYN,0.355895468841822,0.34850666086397,0.04765983055592344,-2.4539666666666666,100.0,2.0,6.0,1.55202178254138,0.0276109100835979,0.001354378473867399,1.552,0.0276109100835979,1.55202178254138,0.0276109100835979,,0.0276109100835979,0.019523861754844097,0.3482,1.2038093616009808,0.36486655473709106,1.5486,0.0195,1.0,,,,18.932784258381744,,,,
1929,P35557,G,92,H,NONSYN,0.3218287257213429,1.1253827912252412,0.04676110782581783,-1.9332999999999998,100.0,2.0,6.0,0.24171128607795603,0.08898095978142301,0.833791302175437,0.2417,0.08898095978142301,0.24171128607795603,0.08898095978142301,,0.08898095978142301,0.06291904005793165,0.8449,0.6031436648268902,0.40807557106018066,0.2557,0.0622,1.0,,,,18.932784258381744,,,,
1930,P35557,G,92,Q,NONSYN,0.29754150588632416,0.8039126653809955,0.051055053633305265,-1.7754,100.0,2.0,6.0,0.0196611904831687,0.0885106970025284,0.943231490712412,0.0197,0.0885106970025284,0.0196611904831687,0.0885106970025284,,0.0885106970025284,0.06258651405803564,0.7286,0.7089814520148476,0.4247923791408539,0.0347,0.0619,1.0,,,,18.932784258381744,,,,
1931,P35557,G,92,*,STOP,,,,,100.0,2.0,6.0,-0.5011836374861429,0.05,0.9954948952228114,-0.5012,0.05,-0.5011836374861429,0.05,,0.05,0.035355339059327376,,,,-0.5012,0.0354,,,,,18.932784258381744,C,98.0,,
1932,P35557,E,93,S,NONSYN,0.4382670271083193,0.7683564033766513,0.035634109701527146,-0.6747666666666666,100.0,2.0,6.0,0.651166196699395,0.128460265255511,0.32223093474812103,0.6512,0.128460265255511,0.651166196699395,0.128460265255511,,0.128460265255511,0.09083512467519446,0.7757,0.12450635827039258,0.4228058159351349,0.6567,0.0888,0.9940000000000001,,,,133.50815100471252,,,,
1933,P35557,E,93,A,NONSYN,0.4725389201357859,0.5179420409808809,0.042289227576007005,-0.8022,100.0,2.0,6.0,0.41492064493571007,0.0517161575440552,0.6546155318492333,0.4149,0.0517161575440552,0.41492064493571007,0.0517161575440552,,0.0517161575440552,0.03656884569631326,0.6086,0.19364009601201332,0.43436986207962036,0.4163,0.0364,0.992,,,,133.50815100471252,,,,
1934,P35557,E,93,V,NONSYN,0.5148579282991502,1.3351759704550668,0.061432765030204194,-1.6669666666666665,100.0,2.0,6.0,0.356473563391151,0.0462639871429511,0.7254524002330408,0.3565,0.0462639871429511,0.356473563391151,0.0462639871429511,,0.0462639871429511,0.032713579033507974,1.0452,0.6887325065551381,0.5114825367927551,0.3593,0.0326,0.996,,,,133.50815100471252,,,,
1935,P35557,E,93,R,NONSYN,0.4513055748960305,0.7237788194536225,0.023690385120180558,-0.7211333333333333,100.0,2.0,6.0,0.5486533967047961,0.12421174919678699,0.4661500376746473,0.5487,0.12421174919678699,0.5486533967047961,0.12421174919678699,,0.12421174919678699,0.08783097016009077,0.7072,0.15858652915656257,0.41745442152023315,0.5554,0.0859,0.9990000000000001,,,,133.50815100471252,,,,
1936,P35557,E,93,D,NONSYN,0.4800060668498122,0.40997277761428697,0.04592175734129338,-0.020166666666666666,100.0,2.0,6.0,0.986687306042663,0.056236740715409,0.0563927962242819,0.9867,0.056236740715409,0.986687306042663,0.056236740715409,,0.056236740715409,0.03976538071169532,0.6569,0.3297561441621698,0.4276365637779236,0.9839,0.0396,0.941,,,,133.50815100471252,,,,
1937,P35557,E,93,F,NONSYN,0.4134101209643438,0.5569494975080326,0.02228796514910387,-2.4431333333333334,100.0,2.0,6.0,0.43722244144157796,0.0321994187183341,0.6251745053998986,0.4372,0.0321994187183341,0.43722244144157796,0.0321994187183341,,0.0321994187183341,0.022768427325999093,0.6141,0.17687378286643596,0.4105389416217804,0.4378,0.0227,1.0,,,,133.50815100471252,,,,
1938,P35557,E,93,T,NONSYN,0.4070866311137473,0.9408690328254687,0.06377639481097258,-0.9768666666666667,100.0,2.0,6.0,0.451423609178849,0.10245874473038001,0.6058454016949243,0.4514,0.10245874473038001,0.451423609178849,0.10245874473038001,,0.10245874473038001,0.07244927319071315,0.7912,0.33981761940162586,0.4209258556365967,0.4612,0.0714,0.9990000000000001,,,,133.50815100471252,,,,
1939,P35557,E,93,I,NONSYN,0.377366298627538,0.5807642994380304,0.02089391300661377,-2.3962999999999997,100.0,2.0,6.0,0.553963944973099,0.059429496688305,0.45839516597750246,0.554,0.059429496688305,0.553963944973099,0.059429496688305,,0.059429496688305,0.04202300011080393,0.6247,0.07070095771397378,0.4105389416217804,0.5547,0.0418,0.998,,,,133.50815100471252,,,,
1940,P35557,E,93,L,NONSYN,0.4309220950052253,0.513515039078692,0.022055446140429775,-2.375633333333333,100.0,2.0,6.0,0.755711726051114,0.0513215082549906,0.2016667483428518,0.7557,0.0513215082549906,0.755711726051114,0.0513215082549906,,0.0513215082549906,0.03628978650782523,0.5498,0.20592414508416457,0.40013235807418823,0.754,0.0361,0.998,,,,133.50815100471252,,,,
1941,P35557,E,93,K,NONSYN,0.4890082107053284,0.8025273367081843,0.03646131667562152,-0.6217666666666667,100.0,2.0,6.0,-0.128516267305314,0.10535359474539699,0.9728304216794634,-0.1285,0.10535359474539699,-0.128516267305314,0.10535359474539699,,0.10535359474539699,0.07449624126684963,0.7757,0.9041888222751016,0.42633724212646484,-0.1017,0.0734,0.996,,,,133.50815100471252,,,,
1942,P35557,E,93,G,NONSYN,0.4522640708552875,0.6966596594483176,0.01905325582987275,-1.9225,100.0,2.0,6.0,1.03839779033859,0.10428476606440701,0.04115262111159166,1.0384,0.10428476606440701,1.03839779033859,0.10428476606440701,,0.10428476606440701,0.07374046525859494,0.6769,0.36144852771957137,0.4097391366958618,1.0271,0.0726,0.9990000000000001,,,,133.50815100471252,,,,
1943,P35557,E,93,Y,NONSYN,0.4671477233180428,0.782691153787601,0.03076891894907047,-2.2137666666666664,100.0,2.0,6.0,0.6254083507630921,0.0494803482298802,0.35671393117016853,0.6254,0.0494803482298802,0.6254083507630921,0.0494803482298802,,0.0494803482298802,0.03498788976882007,0.731,0.10562026566528315,0.40172523260116577,0.6262,0.0349,1.0,,,,133.50815100471252,,,,
1944,P35557,E,93,N,NONSYN,0.4945297857128286,0.8008287632567836,0.04287824549049696,-0.6558999999999999,100.0,2.0,6.0,0.5537491170589979,0.0791483722593517,0.4587086644387618,0.5537,0.0791483722593517,0.5537491170589979,0.0791483722593517,,0.0791483722593517,0.05596635074446481,0.7757,0.22192343791078972,0.4347335696220398,0.5574,0.0555,0.996,,,,133.50815100471252,,,,
1945,P35557,E,93,C,NONSYN,0.4263241553322161,0.5180356629975257,0.01892455565007683,-2.5622,100.0,2.0,6.0,2.15197707287752,0.0296701987327922,1.636091231431843e-05,2.152,0.0296701987327922,2.15197707287752,0.0296701987327922,,0.0296701987327922,0.020979998723109874,0.5392,1.612783204240435,0.4045116901397705,2.1477,0.021,1.0,,,,133.50815100471252,,,,
1946,P35557,E,93,P,NONSYN,0.2784783599621833,0.40760593916857,0.029166868408073584,-1.2109666666666667,100.0,2.0,6.0,1.8590330568359,0.23475645686942,0.00014888938871219167,1.859,0.23475645686942,1.8590330568359,0.23475645686942,,0.23475645686942,0.16599788257969414,0.5815,1.277563580612908,0.43114766478538513,1.6941,0.1549,0.987,,,,133.50815100471252,,,,
1947,P35557,E,93,E,SYN,,,,,100.0,2.0,6.0,0.541338990795762,0.05,0.47684398810494777,0.5413,0.05,0.541338990795762,0.05,,0.05,0.035355339059327376,,,,0.5413,0.0354,,,,,133.50815100471252,,,,
1948,P35557,E,93,M,NONSYN,0.4318399535430367,0.6734265681642776,0.029310572419844846,-1.9440333333333335,100.0,2.0,6.0,1.10809706419071,0.0441114120338613,0.026609038311432506,1.1081,0.0441114120338613,1.10809706419071,0.0441114120338613,,0.0441114120338613,0.0311914785768572,0.69,0.41808401315768995,0.41248947381973267,1.1057,0.0311,0.997,,,,133.50815100471252,,,,
1949,P35557,E,93,W,NONSYN,0.3886512979012191,0.5822993708219303,0.020003561977239796,-2.4843333333333333,100.0,2.0,6.0,0.361172821499885,0.0526858495479167,0.7201285403611832,0.3612,0.0526858495479167,0.361172821499885,0.0526858495479167,,0.0526858495479167,0.037254521487906096,0.6141,0.2529234028081289,0.4127907156944275,0.3632,0.0371,1.0,,,,133.50815100471252,,,,
1950,P35557,E,93,H,NONSYN,0.3874690850586482,0.5845229034877296,0.04606460633317483,-0.6659666666666667,100.0,2.0,6.0,1.2026666963661599,0.0341056075468251,0.014478959919076485,1.2027,0.0341056075468251,1.2026666963661599,0.0341056075468251,,0.0341056075468251,0.02411630637284712,0.6397,0.5629216993416237,0.43436986207962036,1.2009,0.0241,1.0,,,,133.50815100471252,,,,
1951,P35557,E,93,Q,NONSYN,0.4979236622050323,0.503112411812248,0.041341390801730764,-0.02876666666666668,100.0,2.0,6.0,0.7072684034487801,0.10176993994463099,0.2532539931583919,0.7073,0.10176993994463099,0.7072684034487801,0.10176993994463099,,0.10176993994463099,0.07196221465579626,0.4984,0.20889498440237808,0.4033326506614685,0.7008,0.0708,0.998,,,,133.50815100471252,,,,
1952,P35557,E,93,*,STOP,,,,,100.0,2.0,6.0,0.0246857562050664,0.05,0.9417971030375164,0.0247,0.05,0.0246857562050664,0.05,,0.05,0.035355339059327376,,,,0.0247,0.0354,,,,,133.50815100471252,,,,
1953,P35557,G,94,S,NONSYN,0.36837526824294986,0.40719699493842104,0.07086274498855057,-0.8648000000000001,100.0,2.0,6.0,0.6528565951336159,0.0494466867956821,0.3200235706901488,0.6529,0.0494466867956821,0.6528565951336159,0.0494466867956821,,0.0494466867956821,0.034964087540434126,0.6938,0.0409163764964805,0.4247584342956543,0.6531,0.0348,0.18,,,,42.91540364832693,,,,
1954,P35557,G,94,A,NONSYN,0.4089269105168704,0.38091563506603004,0.06904636083132863,-0.9328,100.0,2.0,6.0,0.7317006747507891,0.0837812099088572,0.2262574123730268,0.7317,0.0837812099088572,0.7317006747507891,0.0837812099088572,,0.0837812099088572,0.059242261662566485,0.7186,0.013149456241115076,0.42413729429244995,0.7314,0.0587,0.083,,,,42.91540364832693,,,,
1955,P35557,G,94,V,NONSYN,0.3988573139738447,0.6550026035745814,0.02722437105451046,-2.7219333333333338,100.0,2.0,6.0,1.35260861036201,0.0984335761189778,0.005346449971454983,1.3526,0.0984335761189778,1.35260861036201,0.0984335761189778,,0.0984335761189778,0.06960304917017139,0.802,0.5505779874028731,0.40753763914108276,1.337,0.0686,0.898,,,,42.91540364832693,,,,
1956,P35557,G,94,R,NONSYN,0.3362652746103357,1.5460072316356266,0.06001044701485536,-1.9470333333333334,100.0,2.0,6.0,1.02797221893291,0.0484814937529531,0.043879008403882605,1.028,0.0484814937529531,1.02797221893291,0.0484814937529531,,0.0484814937529531,0.03428159299476638,1.0865,0.05847907310505396,0.4746481478214264,1.0283,0.0342,0.8140000000000001,,,,42.91540364832693,,,,
1957,P35557,G,94,D,NONSYN,0.3623286966209139,1.0616315669751812,0.17201595730402497,-1.5976,100.0,2.0,6.0,0.7213825785851741,0.100258077713806,0.23741915376355127,0.7214,0.100258077713806,0.7213825785851741,0.100258077713806,,0.100258077713806,0.0708931666201601,0.9245,0.20315531852481128,0.5188300609588623,0.7251,0.0702,0.001,,,,42.91540364832693,,,,
1958,P35557,G,94,F,NONSYN,0.3709207412708021,0.939587694197214,0.034308408513238325,-2.717866666666667,100.0,2.0,6.0,0.49885333849411206,0.0429297056874865,0.538767426379152,0.4989,0.0429297056874865,0.49885333849411206,0.0429297056874865,,0.0429297056874865,0.030355886005964398,0.8406,0.3417520396568279,0.4063352048397064,0.5008,0.0303,0.986,,,,42.91540364832693,,,,
1959,P35557,G,94,T,NONSYN,0.21962954488217865,1.0116434943402093,0.16327757027071743,-1.5144,100.0,2.0,6.0,0.87134679649009,0.25057997763921,0.11007973778387857,0.8713,0.25057997763921,0.87134679649009,0.25057997763921,,0.25057997763921,0.17718680141825885,0.9138,0.042443608306510394,0.4998873174190521,0.8761,0.167,0.768,,,,42.91540364832693,,,,
1960,P35557,G,94,I,NONSYN,0.29686370150880703,0.6550026035745814,0.02722437105451046,-2.721933333333333,100.0,2.0,6.0,1.25448896429973,0.120665338420749,0.010301846748304692,1.2545,0.120665338420749,1.25448896429973,0.120665338420749,,0.120665338420749,0.08532327905148127,0.7249,0.5295428230567489,0.4107491075992584,1.2326,0.0835,0.9590000000000001,,,,42.91540364832693,,,,
1961,P35557,G,94,L,NONSYN,0.33670580158540125,0.6730359339225713,0.029759071858194926,-2.6893,100.0,2.0,6.0,1.29850861931804,0.0841981074235926,0.007689284058278631,1.2985,0.0841981074235926,1.29850861931804,0.0841981074235926,,0.0841981074235926,0.05953705272229571,0.802,0.496477996358903,0.4028931260108948,1.2879,0.0589,0.9209999999999999,,,,42.91540364832693,,,,
1962,P35557,G,94,K,NONSYN,0.4007452768135149,0.7535949714205926,0.17005658016958103,-1.5245,100.0,2.0,6.0,1.64549236524894,0.14871504999600302,0.000699667966448834,1.6455,0.14871504999600302,1.64549236524894,0.14871504999600302,,0.14871504999600302,0.10515742031667018,0.8652,0.7802424930412983,0.5200358033180237,1.6148,0.1031,0.624,,,,42.91540364832693,,,,
1963,P35557,G,94,G,SYN,,,,,100.0,2.0,6.0,0.7306221823967941,0.05,0.2274075073585485,0.7306,0.05,0.7306221823967941,0.05,,0.05,0.035355339059327376,,,,0.7306,0.0354,,,,,42.91540364832693,,,,
1964,P35557,G,94,Y,NONSYN,0.28089736795090275,1.0499901893913874,0.03216403256200907,-2.6748999999999996,100.0,2.0,6.0,0.16764585291159198,0.0663981468379725,0.8827227236721737,0.1676,0.0663981468379725,0.16764585291159198,0.0663981468379725,,0.0663981468379725,0.04695057988735047,0.8628,0.6951108762143846,0.3898286819458008,0.1776,0.0466,0.986,,,,42.91540364832693,,,,
1965,P35557,G,94,N,NONSYN,0.382875509440285,0.7019799494898598,0.032927486083252216,-0.8179,100.0,2.0,6.0,-0.2314922685207,0.270770275346026,0.9836474596790835,-0.2315,0.270770275346026,-0.2314922685207,0.270770275346026,,0.270770275346026,0.19146349784092362,0.835,1.06647442527424,0.4195943772792816,-0.0477,0.1742,0.624,,,,42.91540364832693,,,,
1966,P35557,G,94,C,NONSYN,0.3672992043124827,1.1549766475592962,0.03082447358491712,-2.438433333333333,100.0,2.0,6.0,1.04432229881668,0.0971833369604276,0.03967420909726812,1.0443,0.0971833369604276,1.04432229881668,0.0971833369604276,,0.0971833369604276,0.06871899658305558,0.9355,0.10886638050460729,0.37562090158462524,1.0408,0.0676,0.987,,,,42.91540364832693,,,,
1967,P35557,G,94,P,NONSYN,0.2021261040610908,1.1087953807258932,0.0570043237622181,-1.8968333333333334,100.0,2.0,6.0,2.3396077716621098,0.0931780556598348,3.776537064553197e-06,2.3396,0.0931780556598348,2.3396077716621098,0.0931780556598348,,0.0931780556598348,0.06588683501484674,0.9308,1.4087735975059208,0.39002442359924316,2.3005,0.065,0.898,,,,42.91540364832693,,,,
1968,P35557,G,94,E,NONSYN,0.4108810729254607,1.5021933333257298,0.03112628329670486,-1.9435333333333331,100.0,2.0,6.0,1.1594139138626,0.22301077000792197,0.01916706859241897,1.1594,0.22301077000792197,1.1594139138626,0.22301077000792197,,0.22301077000792197,0.15769242775023515,1.0881,0.07131276525725339,0.4691871106624603,1.1522,0.1495,0.01,,,,42.91540364832693,,,,
1969,P35557,G,94,M,NONSYN,0.2878381921366005,1.377196214046706,0.0361050830335611,-2.275,100.0,2.0,6.0,1.3646627606545503,0.0455616379032305,0.004927850746588536,1.3647,0.0455616379032305,1.3646627606545503,0.0455616379032305,,0.0455616379032305,0.032216943123340315,1.0452,0.3194566907082612,0.48735669255256653,1.3633,0.0321,0.996,,,,42.91540364832693,,,,
1970,P35557,G,94,W,NONSYN,0.355895468841822,1.25386455661108,0.03432656303697027,-2.4539666666666666,100.0,2.0,6.0,0.7476585716613281,0.0730591221968542,0.209696917387039,0.7477,0.0730591221968542,0.7476585716613281,0.0730591221968542,,0.0730591221968542,0.051660600732932216,1.0363,0.28864733272709964,0.4896084666252136,0.7508,0.0514,0.996,,,,42.91540364832693,,,,
1971,P35557,G,94,H,NONSYN,0.3218287257213429,1.5089979681525396,0.05810259548256532,-1.9332999999999998,100.0,2.0,6.0,1.13900000938217,0.080041326329192,0.021853119203950673,1.139,0.080041326329192,1.13900000938217,0.080041326329192,,0.080041326329192,0.05659776462253701,1.0452,0.09379393943588088,0.5000735521316528,1.1378,0.0562,0.9890000000000001,,,,42.91540364832693,,,,
1972,P35557,G,94,Q,NONSYN,0.29754150588632416,1.0195776430952,0.07988692841542104,-1.7754,100.0,2.0,6.0,0.6680555391865141,0.6691071072115301,0.3005141472382265,0.6681,0.6691071072115301,0.6680555391865141,0.6691071072115301,,0.6691071072115301,0.4731301728493872,0.9103,0.2422856044215792,0.4101704955101013,0.8064,0.3099,0.853,,,,42.91540364832693,,,,
1973,P35557,G,94,*,STOP,,,,,100.0,2.0,6.0,0.0539712009790929,0.05,0.9327029332557734,0.054,0.05,0.0539712009790929,0.05,,0.05,0.035355339059327376,,,,0.054,0.0354,,,,,42.91540364832693,,,,
1974,P35557,E,95,S,NONSYN,0.4382670271083193,0.6632400128435583,0.0437913588004994,-0.6747666666666666,100.0,2.0,6.0,1.21280625830794,0.15854765696822198,0.013550920718676479,1.2128,0.15854765696822198,1.21280625830794,0.15854765696822198,,0.15854765696822198,0.11211012338346833,0.8276,0.3852510787119927,0.4195943772792816,1.1871,0.1083,0.779,,,,170.47814232970228,,,,
1975,P35557,E,95,A,NONSYN,0.4725389201357859,0.6210462018240982,0.05011239967895845,-0.8022,100.0,2.0,6.0,0.933787357814288,0.123455275523545,0.07714085085899985,0.9338,0.123455275523545,0.933787357814288,0.123455275523545,,0.123455275523545,0.08729606249595227,0.8371,0.09672917128322112,0.4195943772792816,0.9298,0.0855,0.5670000000000001,,,,170.47814232970228,,,,
1976,P35557,E,95,V,NONSYN,0.5148579282991502,0.8778015527523308,0.030784369396933662,-1.6669666666666665,100.0,2.0,6.0,0.752027786269317,0.134730600662376,0.2053128413716894,0.752,0.134730600662376,0.752027786269317,0.134730600662376,,0.134730600662376,0.09526892136170281,0.8913,0.13927813719259707,0.4024079144001007,0.7594,0.0927,0.28800000000000003,,,,170.47814232970228,,,,
1977,P35557,E,95,R,NONSYN,0.4513055748960305,0.7606817129252472,0.033327638631400425,-0.7211333333333333,100.0,2.0,6.0,0.641462257569221,0.172529226549805,0.33504029432884924,0.6415,0.172529226549805,0.641462257569221,0.172529226549805,,0.172529226549805,0.12199658604623723,0.7841,0.14262349301061295,0.4195943772792816,0.6526,0.1171,0.958,,,,170.47814232970228,,,,
1978,P35557,E,95,D,NONSYN,0.4800060668498122,0.9630044103964703,0.06976720468554214,-0.020166666666666666,100.0,2.0,6.0,1.0047342599807,0.307252650416398,0.050566972473396185,1.0047,0.307252650416398,1.0047342599807,0.307252650416398,,0.307252650416398,0.2172604326469747,0.9102,0.09455452575065859,0.3731837868690491,0.9808,0.1878,0.511,,,,170.47814232970228,,,,
1979,P35557,E,95,F,NONSYN,0.4134101209643438,0.7317301354479709,0.020962898736526573,-2.4431333333333334,100.0,2.0,6.0,1.05966384468088,0.0363514234492647,0.03607240847138678,1.0597,0.0363514234492647,1.05966384468088,0.0363514234492647,,0.0363514234492647,0.025704338026758748,0.8508,0.20885820446023784,0.3882877230644226,1.0588,0.0256,0.919,,,,170.47814232970228,,,,
1980,P35557,E,95,T,NONSYN,0.4070866311137473,0.7261829284958514,0.056171751038156865,-0.9768666666666667,100.0,2.0,6.0,0.781912300225056,0.113295534120914,0.17706639776479657,0.7819,0.113295534120914,0.781912300225056,0.113295534120914,,0.113295534120914,0.08011204045505016,0.8506,0.06873562610551043,0.41345012187957764,0.7844,0.0786,0.706,,,,170.47814232970228,,,,
1981,P35557,E,95,I,NONSYN,0.377366298627538,0.8007043437167,0.02267183387450401,-2.3962999999999997,100.0,2.0,6.0,0.680010138018719,0.0553092491774451,0.28561872600694566,0.68,0.0553092491774451,0.680010138018719,0.0553092491774451,,0.0553092491774451,0.0391095451557079,0.8578,0.17781275703132982,0.38269904255867004,0.6818,0.0389,0.726,,,,170.47814232970228,,,,
1982,P35557,E,95,L,NONSYN,0.4309220950052253,0.7425240509473202,0.02317608266709373,-2.375633333333333,100.0,2.0,6.0,0.8545510163268579,0.0514098767408882,0.12075845752380639,0.8546,0.0514098767408882,0.8545510163268579,0.0514098767408882,,0.0514098767408882,0.036352272463446605,0.8859,0.03138786650090086,0.38032621145248413,0.8548,0.0362,0.005,,,,170.47814232970228,,,,
1983,P35557,E,95,K,NONSYN,0.4890082107053284,0.8536880130897978,0.0407494522232661,-0.6217666666666667,100.0,2.0,6.0,0.36712817043330104,0.22578790529295803,0.7132843186019754,0.3671,0.22578790529295803,0.36712817043330104,0.22578790529295803,,0.22578790529295803,0.15965615894255658,0.8818,0.5146561494443235,0.4088909924030304,0.4352,0.1487,0.831,,,,170.47814232970228,,,,
1984,P35557,E,95,G,NONSYN,0.4522640708552875,0.8413456572622132,0.0362676884582721,-1.9225,100.0,2.0,6.0,1.1450290654605302,0.0644082729066872,0.02102466028547071,1.145,0.0644082729066872,1.1450290654605302,0.0644082729066872,,0.0644082729066872,0.0455435265368323,0.8324,0.3126760695880326,0.40807557106018066,1.1412,0.0453,0.9690000000000001,,,,170.47814232970228,,,,
1985,P35557,E,95,Y,NONSYN,0.4671477233180428,0.893196739935369,0.023393391861221937,-2.2137666666666664,100.0,2.0,6.0,0.8869327628249059,0.0663426992583738,0.10089345443157217,0.8869,0.0663426992583738,0.8869327628249059,0.0663426992583738,,0.0663426992583738,0.046911372527815846,0.8406,0.04632738467396591,0.3945610225200653,0.8863,0.0466,0.9840000000000001,,,,170.47814232970228,,,,
1986,P35557,E,95,N,NONSYN,0.4945297857128286,0.9209207497201989,0.05630044437752262,-0.6558999999999999,100.0,2.0,6.0,0.4397640476780179,0.0509934776504705,0.621746361519902,0.4398,0.0509934776504705,0.4397640476780179,0.0509934776504705,,0.0509934776504705,0.03605783384293234,0.8731,0.43331322569081754,0.4216127395629883,0.4429,0.0359,0.938,,,,170.47814232970228,,,,
1987,P35557,E,95,C,NONSYN,0.4263241553322161,0.8582813710020246,0.01851769298700368,-2.5622,100.0,2.0,6.0,0.738879095904664,0.0337790920031065,0.21870173281379598,0.7389,0.0337790920031065,0.738879095904664,0.0337790920031065,,0.0337790920031065,0.023885425017720882,0.8302,0.09132539094225978,0.3989403545856476,0.7392,0.0238,0.993,,,,170.47814232970228,,,,
1988,P35557,E,95,P,NONSYN,0.2784783599621833,0.8225758147695537,0.050678407554775255,-1.2109666666666667,100.0,2.0,6.0,0.6032991701040451,0.10856906555736698,0.38741860893548136,0.6033,0.10856906555736698,0.6032991701040451,0.10856906555736698,,0.10856906555736698,0.07676992248270102,0.8719,0.2686403102006729,0.40590882301330566,0.6126,0.0754,0.8290000000000001,,,,170.47814232970228,,,,
1989,P35557,E,95,E,SYN,,,,,100.0,2.0,6.0,0.767544353650024,0.05,0.19026791852153604,0.7675,0.05,0.767544353650024,0.05,,0.05,0.035355339059327376,,,,0.7675,0.0354,,,,,170.47814232970228,,,,
1990,P35557,E,95,M,NONSYN,0.4318399535430367,0.9279965381849177,0.03851559144507726,-1.9440333333333335,100.0,2.0,6.0,0.885076422692417,0.0335041127353261,0.10195211951444559,0.8851,0.0335041127353261,0.885076422692417,0.0335041127353261,,0.0335041127353261,0.02369098531278765,0.8974,0.012290637492061718,0.3938407599925995,0.8851,0.0236,0.486,,,,170.47814232970228,,,,
1991,P35557,E,95,W,NONSYN,0.3886512979012191,0.8647416663421522,0.019753360414361258,-2.4843333333333333,100.0,2.0,6.0,0.6606292519983361,0.0469881660718482,0.3099692379269212,0.6606,0.0469881660718482,0.6606292519983361,0.0469881660718482,,0.0469881660718482,0.03322565086492352,0.7898,0.12918241878184578,0.39801523089408875,0.6615,0.0331,0.9990000000000001,,,,170.47814232970228,,,,
1992,P35557,E,95,H,NONSYN,0.3874690850586482,0.7646775211850597,0.056521396296189345,-0.6659666666666667,100.0,2.0,6.0,0.9084937332834359,0.0463856348876504,0.08927275337639276,0.9085,0.0463856348876504,0.9084937332834359,0.0463856348876504,,0.0463856348876504,0.03279959697870089,0.7757,0.13282117831364826,0.4247584342956543,0.9077,0.0327,0.995,,,,170.47814232970228,,,,
1993,P35557,E,95,Q,NONSYN,0.4979236622050323,0.8615562295739804,0.09733154361784833,-0.02876666666666668,100.0,2.0,6.0,1.3090788024481699,0.10722310192641901,0.007164640012468182,1.3091,0.10722310192641901,1.3090788024481699,0.10722310192641901,,0.10722310192641901,0.07581818247202725,0.8818,0.42729448257054536,0.41801509261131287,1.2955,0.0746,0.915,,,,170.47814232970228,,,,
1994,P35557,E,95,*,STOP,,,,,100.0,2.0,6.0,-0.10044981643669801,0.05,0.9687689798929048,-0.1004,0.05,-0.10044981643669801,0.05,,0.05,0.035355339059327376,,,,-0.1004,0.0354,,,,,170.47814232970228,,,,
1995,P35557,E,96,S,NONSYN,0.4382670271083193,0.7598435235152703,0.044845953968568275,-0.6747666666666666,100.0,2.0,6.0,1.1477232206934198,0.0569649384231579,0.020664190613227468,1.1477,0.0569649384231579,1.1477232206934198,0.0569649384231579,,0.0569649384231579,0.04028029424888906,0.8859,0.261784337865661,0.40535956621170044,1.1452,0.0401,0.012,,,,116.42167277999962,,,,
1996,P35557,E,96,A,NONSYN,0.4725389201357859,0.9942375512490497,0.038605341655958116,-0.8022,100.0,2.0,6.0,1.10358674652831,0.049815558212785,0.027380121948280003,1.1036,0.049815558212785,1.10358674652831,0.049815558212785,,0.049815558212785,0.03522491902085348,0.9167,0.186911417319936,0.39444130659103394,1.1021,0.0351,0.0,,,,116.42167277999962,,,,
1997,P35557,E,96,V,NONSYN,0.5148579282991502,1.12109016107482,0.023397006445847805,-1.6669666666666665,100.0,2.0,6.0,1.2203025710608701,0.189453371721613,0.012901804286739066,1.2203,0.189453371721613,1.2203025710608701,0.189453371721613,,0.189453371721613,0.13396376386300823,0.9492,0.27108376145622537,0.38988083600997925,1.1917,0.1267,0.013000000000000001,,,,116.42167277999962,,,,
1998,P35557,E,96,R,NONSYN,0.4513055748960305,0.8864565050500239,0.04497684831547127,-0.7211333333333333,100.0,2.0,6.0,0.7237478019240491,0.0476440814088801,0.23482934657086305,0.7237,0.0476440814088801,0.7237478019240491,0.0476440814088801,,0.0476440814088801,0.03368945304762304,0.8996,0.17581050381630736,0.39444130659103394,0.725,0.0336,0.27,,,,116.42167277999962,,,,
1999,P35557,E,96,D,NONSYN,0.4800060668498122,0.7782708760129485,0.050504222992242394,-0.020166666666666666,100.0,2.0,6.0,1.0458538005706,0.18193825125407603,0.03930014900100639,1.0459,0.18193825125407603,1.0458538005706,0.18193825125407603,,0.18193825125407603,0.12864977121897903,0.8859,0.15991491774284117,0.388655424118042,1.0301,0.1221,0.006,,,,116.42167277999962,,,,
2000,P35557,E,96,F,NONSYN,0.4134101209643438,1.021381565525006,0.025595989576139105,-2.4431333333333334,100.0,2.0,6.0,0.873147114590455,0.0457948634450321,0.10898370381034057,0.8731,0.0457948634450321,0.873147114590455,0.0457948634450321,,0.0457948634450321,0.03238185848549414,0.9145,0.04133702866668609,0.37172913551330566,0.8735,0.0323,0.428,,,,116.42167277999962,,,,
2001,P35557,E,96,T,NONSYN,0.4070866311137473,0.9342012733687369,0.02278070480723762,-0.9768666666666667,100.0,2.0,6.0,1.1627641017261001,0.0924873442203589,0.01875747074835096,1.1628,0.0924873442203589,1.1627641017261001,0.0924873442203589,,0.0924873442203589,0.06539842827215021,0.9077,0.2550849015536758,0.3872663378715515,1.1557,0.0645,0.0,,,,116.42167277999962,,,,
2002,P35557,E,96,I,NONSYN,0.377366298627538,0.824370424762976,0.027409988901090036,-2.3962999999999997,100.0,2.0,6.0,1.66256450637231,0.0603517107667846,0.0006194609150811543,1.6626,0.0603517107667846,1.66256450637231,0.0603517107667846,,0.0603517107667846,0.042675103939402555,0.8865,0.7760674856508745,0.3830765187740326,1.6531,0.0424,0.08,,,,116.42167277999962,,,,
2003,P35557,E,96,L,NONSYN,0.4309220950052253,1.0225959163474128,0.02401907979804063,-2.375633333333333,100.0,2.0,6.0,1.067888031619,0.0823490882907386,0.03426962311452657,1.0679,0.0823490882907386,1.067888031619,0.0823490882907386,,0.0823490882907386,0.05822959875491098,0.9167,0.151212702410626,0.37172913551330566,1.0643,0.0575,0.024,,,,116.42167277999962,,,,
2004,P35557,E,96,K,NONSYN,0.4890082107053284,0.9011686631050605,0.04544588863483398,-0.6217666666666667,100.0,2.0,6.0,0.21429993606438297,0.125068716799949,0.8536637469848591,0.2143,0.125068716799949,0.21429993606438297,0.125068716799949,,0.125068716799949,0.0884369377635438,0.8996,0.6852583696759735,0.3979727327823639,0.2465,0.0863,0.07400000000000001,,,,116.42167277999962,,,,
2005,P35557,E,96,G,NONSYN,0.4522640708552875,1.3258688061842234,0.050294586492953076,-1.9225,100.0,2.0,6.0,0.7022284481650279,0.0315857465126123,0.25906399574951716,0.7022,0.0315857465126123,0.7022284481650279,0.0315857465126123,,0.0315857465126123,0.0223344955479075,1.0881,0.38587270044031874,0.4691871106624603,0.7031,0.0223,0.067,,,,116.42167277999962,,,,
2006,P35557,E,96,Y,NONSYN,0.4671477233180428,1.144226995385446,0.025189681217991367,-2.2137666666666664,100.0,2.0,6.0,1.07153108408622,0.0733012930148347,0.033498303213620115,1.0715,0.0733012930148347,1.07153108408622,0.0733012930148347,,0.0733012930148347,0.051831841360531726,0.9598,0.11175051024131033,0.3832648694515228,1.0695,0.0514,0.667,,,,116.42167277999962,,,,
2007,P35557,E,96,N,NONSYN,0.4945297857128286,0.7770176803807436,0.036088656910896945,-0.6558999999999999,100.0,2.0,6.0,1.096200750097,0.12650231596491598,0.028688552072304495,1.0962,0.12650231596491598,1.096200750097,0.12650231596491598,,0.12650231596491598,0.08945064545459534,0.8859,0.21026186726924112,0.41728731989860535,1.087,0.0875,0.022000000000000002,,,,116.42167277999962,,,,
2008,P35557,E,96,C,NONSYN,0.4263241553322161,0.7582424349310544,0.02386027010225285,-2.5622,100.0,2.0,6.0,1.2211772194608899,0.0222695564867716,0.012828042326112012,1.2212,0.0222695564867716,1.2211772194608899,0.0222695564867716,,0.0222695564867716,0.015746954405813064,0.8652,0.35592734725324826,0.3870783746242523,1.2206,0.0157,0.604,,,,116.42167277999962,,,,
2009,P35557,E,96,P,NONSYN,0.2784783599621833,1.1622178064384265,0.0510599205387782,-1.2109666666666667,100.0,2.0,6.0,0.975269271653852,0.0677476263341648,0.060387969096932004,0.9753,0.0677476263341648,0.975269271653852,0.0677476263341648,,0.0677476263341648,0.04790480599018025,0.9894,0.014105306345262969,0.453875869512558,0.9754,0.0476,0.025,,,,116.42167277999962,,,,
2010,P35557,E,96,E,SYN,,,,,100.0,2.0,6.0,0.602814948735277,0.05,0.38810074059747873,0.6028,0.05,0.602814948735277,0.05,,0.05,0.035355339059327376,,,,0.6028,0.0354,,,,,116.42167277999962,,,,
2011,P35557,E,96,M,NONSYN,0.4318399535430367,0.9980207011040393,0.04845577536790826,-1.9440333333333335,100.0,2.0,6.0,1.6857727634055801,0.0653158337205778,0.0005246766621745591,1.6858,0.0653158337205778,1.6857727634055801,0.0653158337205778,,0.0653158337205778,0.046185268942673524,0.9167,0.7690974341972061,0.38524365425109863,1.6749,0.0459,0.192,,,,116.42167277999962,,,,
2012,P35557,E,96,W,NONSYN,0.3886512979012191,1.2011998841939218,0.02637430446975766,-2.4843333333333333,100.0,2.0,6.0,0.333692158583708,0.0370011209030119,0.7502840689102677,0.3337,0.0370011209030119,0.333692158583708,0.0370011209030119,,0.0370011209030119,0.026163743502023024,1.0288,0.6951474295815752,0.4777422845363617,0.3358,0.0261,0.958,,,,116.42167277999962,,,,
2013,P35557,E,96,H,NONSYN,0.3874690850586482,0.9892239242381562,0.034575038079305453,-0.6659666666666667,100.0,2.0,6.0,0.459582018524762,0.133895773400558,0.5945598380706832,0.4596,0.133895773400558,0.459582018524762,0.133895773400558,,0.133895773400558,0.09467860934375191,0.9124,0.45282609495485227,0.39444130659103394,0.4843,0.0921,0.62,,,,116.42167277999962,,,,
2014,P35557,E,96,Q,NONSYN,0.4979236622050323,0.8026256524428009,0.05374255266284256,-0.02876666666666668,100.0,2.0,6.0,0.972789471281043,0.164392790563828,0.061288868676191245,0.9728,0.164392790563828,0.972789471281043,0.164392790563828,,0.164392790563828,0.11624325698586264,0.8718,0.1010335136775884,0.3906080424785614,0.9646,0.1114,0.10300000000000001,,,,116.42167277999962,,,,
2015,P35557,E,96,*,STOP,,,,,100.0,2.0,6.0,0.25676544918212396,0.05,0.8219337932448298,0.2568,0.05,0.25676544918212396,0.05,,0.05,0.035355339059327376,,,,0.2568,0.0354,,,,,116.42167277999962,,,,
2016,P35557,G,97,S,NONSYN,0.36837526824294986,0.846130064314702,0.16582559083139867,-0.8648000000000001,100.0,2.0,6.0,1.3138584134668703,0.12045446135298599,0.0069389379848349975,1.3139,0.12045446135298599,1.3138584134668703,0.12045446135298599,,0.12045446135298599,0.0851741664468693,0.8324,0.4815054175943727,0.5263897180557251,1.3016,0.0841,0.9740000000000001,,,,40.65750618239233,,,,
2017,P35557,G,97,A,NONSYN,0.4089269105168704,0.832042699424902,0.16747297848883483,-0.9328,100.0,2.0,6.0,1.35612050813627,0.0680145732305286,0.005221058888490703,1.3561,0.0680145732305286,1.35612050813627,0.0680145732305286,,0.0680145732305286,0.0480935659508158,0.8324,0.5237675122637724,0.5245661735534668,1.3518,0.0479,0.966,,,,40.65750618239233,,,,
2018,P35557,G,97,V,NONSYN,0.3988573139738447,0.7243892976860513,0.09363301299040722,-2.7219333333333338,100.0,2.0,6.0,1.1052242205851899,0.054699597033494,0.027097771358546303,1.1052,0.054699597033494,1.1052242205851899,0.054699597033494,,0.054699597033494,0.038678455990555166,0.7072,0.39798429472383123,0.4538135528564453,1.1024,0.0385,0.9990000000000001,,,,40.65750618239233,,,,
2019,P35557,G,97,R,NONSYN,0.3362652746103357,1.7017432293424424,0.15431563392849415,-1.9470333333333334,100.0,2.0,6.0,1.36685725159397,0.0729452536768313,0.004855144093390564,1.3669,0.0729452536768313,1.36685725159397,0.0729452536768313,,0.0729452536768313,0.05158008353026035,1.2085,0.15832277245273474,0.8338558673858643,1.3663,0.0515,0.335,,,,40.65750618239233,,,,
2020,P35557,G,97,D,NONSYN,0.3623286966209139,1.0923009723765311,0.10236132456026374,-1.5976,100.0,2.0,6.0,1.16460821676585,0.685749133741156,0.018535583785565423,1.1646,0.685749133741156,1.16460821676585,0.685749133741156,,0.685749133741156,0.4848978626611721,0.8453,0.3192983036074333,0.4672279357910156,0.999,0.3365,0.998,,,,40.65750618239233,,,,
2021,P35557,G,97,F,NONSYN,0.3709207412708021,0.9472612855057466,0.04520192192575459,-2.717866666666667,100.0,2.0,6.0,0.436608257126104,0.35216862251123704,0.6260007981690221,0.4366,0.35216862251123704,0.436608257126104,0.35216862251123704,,0.35216862251123704,0.24902082109882112,0.7963,0.3596616365201362,0.40753763914108276,0.5344,0.2125,1.0,,,,40.65750618239233,,,,
2022,P35557,G,97,T,NONSYN,0.21962954488217865,1.0844135779626745,0.18632603418731872,-1.5144,100.0,2.0,6.0,1.1882704000074198,0.18422803782917,0.01590188072067349,1.1883,0.18422803782917,1.1882704000074198,0.18422803782917,,0.18422803782917,0.13026889483369788,0.837,0.35130847497766515,0.5223197937011719,1.1677,0.1264,0.9990000000000001,,,,40.65750618239233,,,,
2023,P35557,G,97,I,NONSYN,0.29686370150880703,0.7243892976860513,0.0936330129904072,-2.721933333333333,100.0,2.0,6.0,0.8988325416807992,0.03992256898159299,0.09432833570618997,0.8988,0.03992256898159299,0.8988325416807992,0.03992256898159299,,0.03992256898159299,0.028229519249272125,0.7072,0.19159261581944054,0.4538135528564453,0.8981,0.0282,0.9990000000000001,,,,40.65750618239233,,,,
2024,P35557,G,97,L,NONSYN,0.33670580158540125,0.7042634226363047,0.08763605553899562,-2.6893,100.0,2.0,6.0,1.16560184573443,0.15019713032454302,0.018417069201054823,1.1656,0.15019713032454302,1.16560184573443,0.15019713032454302,,0.15019713032454302,0.10620540936724399,0.6769,0.4886525831154114,0.44541776180267334,1.1393,0.1033,0.9990000000000001,,,,40.65750618239233,,,,
2025,P35557,G,97,K,NONSYN,0.4007452768135149,1.3282206598237198,0.171517537402609,-1.5245,100.0,2.0,6.0,0.45684915442428403,0.359616777626015,0.5983540419868526,0.4568,0.359616777626015,0.45684915442428403,0.359616777626015,,0.359616777626015,0.2542874620878099,1.0487,0.5918062363151568,0.6454296708106995,0.5364,0.2366,0.991,,,,40.65750618239233,,,,
2026,P35557,G,97,G,SYN,,,,,100.0,2.0,6.0,0.7990555187257808,0.05,0.16222658159316028,0.7991,0.05,0.7990555187257808,0.05,,0.05,0.035355339059327376,,,,0.7991,0.0354,,,,,40.65750618239233,,,,
2027,P35557,G,97,Y,NONSYN,0.28089736795090275,0.9024781078152412,0.09115736166859316,-2.6748999999999996,100.0,2.0,6.0,0.57095779019762,0.10595576223463198,0.4336792934974632,0.571,0.10595576223463198,0.57095779019762,0.10595576223463198,,0.10595576223463198,0.07492203798189777,0.7827,0.21175335806440387,0.44220632314682007,0.5769,0.0739,1.0,,,,40.65750618239233,,,,
2028,P35557,G,97,N,NONSYN,0.382875509440285,1.2781957127896633,0.16488836861112946,-0.8179,100.0,2.0,6.0,0.017661468041986,0.141733629545029,0.9437926414938757,0.0177,0.141733629545029,0.017661468041986,0.141733629545029,,0.141733629545029,0.100220810573472,1.001,0.983329161154181,0.6501802802085876,0.0405,0.0991,0.9990000000000001,,,,40.65750618239233,,,,
2029,P35557,G,97,C,NONSYN,0.3672992043124827,1.062238535893143,0.06371901403655107,-2.438433333333333,100.0,2.0,6.0,1.20339124008972,0.18328023130090804,0.014410671728933134,1.2034,0.18328023130090804,1.20339124008972,0.18328023130090804,,0.18328023130090804,0.129598694410311,0.8131,0.3903387050326521,0.4004663825035095,1.1664,0.1233,1.0,,,,40.65750618239233,,,,
2030,P35557,G,97,P,NONSYN,0.2021261040610908,1.046309684080589,0.12237741573625947,-1.8968333333333334,100.0,2.0,6.0,3.3331578873795302,0.405448521884587,8.201468376377356e-10,3.3332,0.405448521884587,3.3331578873795302,0.405448521884587,,0.405448521884587,0.28669539924665377,0.824,2.5091657542389663,0.47461363673210144,2.6624,0.2454,0.9990000000000001,,,,40.65750618239233,,,,
2031,P35557,G,97,E,NONSYN,0.4108810729254607,1.7576391812298724,0.09988887755302117,-1.9435333333333331,100.0,2.0,6.0,1.1991693959316798,0.504341646427387,0.014812966471682093,1.1992,0.504341646427387,1.1991693959316798,0.504341646427387,,0.504341646427387,0.3566233982235934,1.1958,0.0033571705898829407,0.609849214553833,1.1983,0.3079,0.998,,,,40.65750618239233,,,,
2032,P35557,G,97,M,NONSYN,0.2878381921366005,1.9293355946379098,0.10593611270604293,-2.275,100.0,2.0,6.0,0.830033730649759,0.257032782169695,0.13787268232925434,0.83,0.257032782169695,0.830033730649759,0.257032782169695,,0.257032782169695,0.18174962325943603,1.2067,0.3767126091482146,0.5986382961273193,0.8618,0.1739,1.0,,,,40.65750618239233,,,,
2033,P35557,G,97,W,NONSYN,0.355895468841822,1.046216397108223,0.07551656926766133,-2.4539666666666666,100.0,2.0,6.0,1.25145765644448,0.0634360502451326,0.010510286848561128,1.2515,0.0634360502451326,1.25145765644448,0.0634360502451326,,0.0634360502451326,0.044856061300023814,0.8086,0.44281836849587153,0.4058256447315216,1.2461,0.0446,1.0,,,,40.65750618239233,,,,
2034,P35557,G,97,H,NONSYN,0.3218287257213429,1.9663948449683932,0.15349086296611003,-1.9332999999999998,100.0,2.0,6.0,0.5729024047161171,0.0994518352071521,0.43086444788177886,0.5729,0.0994518352071521,0.5729024047161171,0.0994518352071521,,0.0994518352071521,0.07032306707642429,1.2067,0.6338439350818565,0.6920047402381897,0.5794,0.07,1.0,,,,40.65750618239233,,,,
2035,P35557,G,97,Q,NONSYN,0.29754150588632416,1.25143234917769,0.12771963137136025,-1.7754,100.0,2.0,6.0,1.6317833626978897,0.15917580566991,0.0007713390147138741,1.6318,0.15917580566991,1.6317833626978897,0.15917580566991,,0.15917580566991,0.11255429159002545,0.9975,0.6342420542948746,0.5664710998535156,1.6077,0.1104,0.9990000000000001,,,,40.65750618239233,,,,
2036,P35557,G,97,*,STOP,,,,,100.0,2.0,6.0,0.0991709280235525,0.05,0.9159070223033253,0.0992,0.05,0.0991709280235525,0.05,,0.05,0.035355339059327376,,,,0.0992,0.0354,,,,,40.65750618239233,,,,
2037,P35557,Q,98,S,NONSYN,0.4409447200841817,0.764260809008087,0.046086615015644226,-0.6639,100.0,2.0,6.0,0.7249474657195308,0.11110826538208698,0.23352284051901379,0.7249,0.11110826538208698,0.7249474657195308,0.11110826538208698,,0.11110826538208698,0.07856540789754823,0.8859,0.16099141710822795,0.40535956621170044,0.7308,0.0771,0.033,,,,73.7174312374068,,,,
2038,P35557,Q,98,A,NONSYN,0.4409062194732345,0.8324398832248514,0.05413827555685427,-0.7354333333333333,100.0,2.0,6.0,1.2103046611538502,0.13026249954069302,0.013774430993347757,1.2103,0.13026249954069302,1.2103046611538502,0.13026249954069302,,0.13026249954069302,0.09210949675953356,0.8891,0.3211899832478138,0.40731218457221985,1.1947,0.0898,0.555,,,,73.7174312374068,,,,
2039,P35557,Q,98,V,NONSYN,0.3518917047261823,0.8434850804916451,0.03166895568500062,-1.6304999999999998,100.0,2.0,6.0,0.47310385244725206,0.11234167030017099,0.575597518866104,0.4731,0.11234167030017099,0.47310385244725206,0.11234167030017099,,0.11234167030017099,0.07943755687907426,0.8891,0.4160108254587843,0.4024079144001007,0.4887,0.0779,0.419,,,,73.7174312374068,,,,
2040,P35557,Q,98,R,NONSYN,0.4495753804079927,1.2361804407990267,0.05859690092589368,0.14876666666666669,100.0,2.0,6.0,1.2838072762529298,0.11221591471723,0.008481114210011508,1.2838,0.11221591471723,1.2838072762529298,0.11221591471723,,0.11221591471723,0.07934863425360462,1.08,0.20385682440203867,0.45445841550827026,1.2778,0.0782,0.5429999999999999,,,,73.7174312374068,,,,
2041,P35557,Q,98,D,NONSYN,0.3761251669021567,1.1100843986220703,0.05702694184519832,-0.7075333333333332,100.0,2.0,6.0,0.377371114962193,0.10577415988588901,0.701261846085843,0.3774,0.10577415988588901,0.377371114962193,0.10577415988588901,,0.10577415988588901,0.07479362572962221,0.935,0.5576060588430438,0.39753541350364685,0.3964,0.0735,0.428,,,,73.7174312374068,,,,
2042,P35557,Q,98,F,NONSYN,0.46856681542106005,0.796131564078701,0.03363635956962815,-2.0619666666666667,100.0,2.0,6.0,0.197898767393453,0.0716633145024087,0.8645378401419773,0.1979,0.0716633145024087,0.197898767393453,0.0716633145024087,,0.0716633145024087,0.050673615646957444,0.7841,0.586186983186381,0.4014977812767029,0.2071,0.0503,0.96,,,,73.7174312374068,,,,
2043,P35557,Q,98,T,NONSYN,0.4922881604041325,0.7708744139451914,0.04743506574628036,-0.6848333333333333,100.0,2.0,6.0,1.3950010689928303,0.17095008718651197,0.0040101662604564775,1.395,0.17095008718651197,1.3950010689928303,0.17095008718651197,,0.17095008718651197,0.12087996589401413,0.8718,0.5232451113893757,0.40773239731788635,1.3527,0.1159,0.105,,,,73.7174312374068,,,,
2044,P35557,Q,98,I,NONSYN,0.4593577312581562,0.613175534016705,0.033764183702772385,-2.0460000000000003,100.0,2.0,6.0,0.746766857579441,0.0705730342068465,0.2105996206286524,0.7468,0.0705730342068465,0.746766857579441,0.0705730342068465,,0.0705730342068465,0.04990267105657134,0.7486,0.0018525200336266812,0.40470921993255615,0.7468,0.0495,0.945,,,,73.7174312374068,,,,
2045,P35557,Q,98,L,NONSYN,0.47697605168164703,0.6637815621834198,0.044176585520102445,-1.5785,100.0,2.0,6.0,0.5875884538573379,0.061499919169392,0.40972866216069503,0.5876,0.061499919169392,0.5875884538573379,0.061499919169392,,0.061499919169392,0.04348700988710163,0.8312,0.2436022514420395,0.41924378275871277,0.5902,0.0433,0.645,,,,73.7174312374068,,,,
2046,P35557,Q,98,K,NONSYN,0.3813325671505154,1.1219733063068984,0.0691394868909567,0.2974666666666667,100.0,2.0,6.0,1.28743699091575,0.216996060497457,0.00827858937232057,1.2874,0.216996060497457,1.28743699091575,0.216996060497457,,0.216996060497457,0.15343938586851816,0.9507,0.33673706549308147,0.36192047595977783,1.2361,0.1413,0.428,,,,73.7174312374068,,,,
2047,P35557,Q,98,G,NONSYN,0.4132083883745238,0.5351924962116624,0.03506260761155834,-1.6385666666666667,100.0,2.0,6.0,1.3979816052871998,0.0924354061799263,0.003929535580813861,1.398,0.0924354061799263,1.3979816052871998,0.0924354061799263,,0.0924354061799263,0.06536170253155878,0.8196,0.5784105870682057,0.4204462170600891,1.3843,0.0646,0.008,,,,73.7174312374068,,,,
2048,P35557,Q,98,Y,NONSYN,0.4840075968099441,0.3981749638505833,0.03395273963961532,-1.4618333333333335,100.0,2.0,6.0,0.0484778989326625,0.14442265483814098,0.9345083442475374,0.0485,0.14442265483814098,0.0484778989326625,0.14442265483814098,,0.14442265483814098,0.10212223859301363,0.6601,0.6116632114875645,0.4475654065608978,0.0787,0.0996,0.855,,,,73.7174312374068,,,,
2049,P35557,Q,98,N,NONSYN,0.4518295354764143,0.9046204642935596,0.04410375139668451,-0.35083333333333333,100.0,2.0,6.0,1.2192704340924099,0.0514320689369485,0.012989371908656615,1.2193,0.0514320689369485,1.2192704340924099,0.0514320689369485,,0.0514320689369485,0.03636796471577027,0.8953,0.32397940368545797,0.4064828157424927,1.2167,0.0362,0.645,,,,73.7174312374068,,,,
2050,P35557,Q,98,C,NONSYN,0.4511413301447636,0.4725898258067153,0.03554092686878684,-1.9530666666666667,100.0,2.0,6.0,1.16852398220941,0.0525745212889155,0.018072709149192633,1.1685,0.0525745212889155,1.16852398220941,0.0525745212889155,,0.0525745212889155,0.03717580052102865,0.5149,0.6535805017177718,0.41209328174591064,1.1632,0.037,0.993,,,,73.7174312374068,,,,
2051,P35557,Q,98,P,NONSYN,0.4853050517411639,0.6770224739276102,0.05470327818605399,-1.2671333333333334,100.0,2.0,6.0,0.0620512553640149,0.106027771187899,0.9299592545864347,0.0621,0.106027771187899,0.0620512553640149,0.106027771187899,,0.106027771187899,0.07497295600105902,0.8259,0.7638851216844775,0.41972339153289795,0.0857,0.0738,0.735,,,,73.7174312374068,,,,
2052,P35557,Q,98,E,NONSYN,0.4564313440073604,1.2576927215192,0.06313649066675205,0.2536666666666667,100.0,2.0,6.0,0.8802787452788459,0.24775033755858,0.10473222440231797,0.8803,0.24775033755858,0.8802787452788459,0.24775033755858,,0.24775033755858,0.1751859437289281,1.0825,0.20224674643563167,0.45176267623901367,0.9067,0.1633,0.439,,,,73.7174312374068,,,,
2053,P35557,Q,98,M,NONSYN,0.4050622568485636,1.0515075203219302,0.04213643391672944,-0.5147333333333333,100.0,2.0,6.0,0.705106650908218,0.100374687140977,0.2557361300030794,0.7051,0.100374687140977,0.705106650908218,0.100374687140977,,0.100374687140977,0.07097562193686298,0.8628,0.15765007821775856,0.4088556468486786,0.7097,0.0699,0.981,,,,73.7174312374068,,,,
2054,P35557,Q,98,W,NONSYN,0.4710687255935087,0.8195579705305965,0.03722842049005782,-1.6665666666666665,100.0,2.0,6.0,0.5448851823303971,0.0756707684758381,0.4716579598458486,0.5449,0.0756707684758381,0.5448851823303971,0.0756707684758381,,0.0756707684758381,0.053507313526862346,0.7742,0.2292940378691879,0.42365768551826477,0.5485,0.0531,0.9990000000000001,,,,73.7174312374068,,,,
2055,P35557,Q,98,H,NONSYN,0.4843682171858765,1.150507670815842,0.0820094613605416,0.3949666666666667,100.0,2.0,6.0,1.20183389738892,0.109873538122657,0.014557834436182507,1.2018,0.109873538122657,1.20183389738892,0.109873538122657,,0.109873538122657,0.0776923238794894,0.9894,0.212459319389805,0.4064662754535675,1.1943,0.0763,0.006,,,,73.7174312374068,,,,
2056,P35557,Q,98,Q,SYN,,,,,100.0,2.0,6.0,0.731897093348377,0.05,0.22604837181712917,0.7319,0.05,0.731897093348377,0.05,,0.05,0.035355339059327376,,,,0.7319,0.0354,,,,,73.7174312374068,,,,
2057,P35557,Q,98,*,STOP,,,,,100.0,2.0,6.0,0.0968643558387832,0.05,0.916853659821988,0.0969,0.05,0.0968643558387832,0.05,,0.05,0.035355339059327376,,,,0.0969,0.0354,,,,,73.7174312374068,,,,
2058,P35557,W,99,S,NONSYN,0.23327544968867106,2.678942163615236,0.09894104072423103,-2.2239,100.0,2.0,6.0,2.53471877032245,0.0764845299740995,7.87834469153919e-07,2.5347,0.0764845299740995,2.53471877032245,0.0764845299740995,,0.0764845299740995,0.05408272980055151,2.1399,0.39483668261493055,0.7256230115890503,2.5325,0.0539,0.9940000000000001,,,,99.49391111844056,,,,
2059,P35557,W,99,A,NONSYN,0.2536108292191249,2.5917841615020563,0.09803525623691668,-2.1794666666666664,100.0,2.0,6.0,3.0258900983198,0.091271902689008,1.2565601037726217e-08,3.0259,0.091271902689008,3.0258900983198,0.091271902689008,,0.091271902689008,0.06453898132319624,2.1542,0.8716654641492676,0.7420414686203003,3.0193,0.0643,0.99,,,,99.49391111844056,,,,
2060,P35557,W,99,V,NONSYN,0.2698857177948161,1.4797169737770135,0.16889800220848983,-1.702,100.0,2.0,6.0,1.80038271870561,0.0513983683183607,0.00022894386750408734,1.8004,0.0513983683183607,1.80038271870561,0.0513983683183607,,0.0513983683183607,0.036344134779836654,1.0487,0.7517273279661691,0.6454296708106995,1.798,0.0363,0.99,,,,99.49391111844056,,,,
2061,P35557,W,99,R,NONSYN,0.21610500589256476,2.5653321527450634,0.03629111446435882,-2.1348333333333334,100.0,2.0,6.0,3.1052461245907796,0.39701405113066296,6.274224806102577e-09,3.1052,0.39701405113066296,3.1052461245907796,0.39701405113066296,,0.39701405113066296,0.2807313277808345,2.2314,0.873820362414266,1.0767120122909546,3.0496,0.2716,0.998,,,,99.49391111844056,,,,
2062,P35557,W,99,D,NONSYN,0.0,1.7725511656091113,0.13881260360068315,-2.7739333333333334,100.0,2.0,6.0,1.3417320900577099,0.0931384666953654,0.005753596310147884,1.3417,0.0931384666953654,1.3417320900577099,0.0931384666953654,,0.0931384666953654,0.06585884138961028,1.0559,0.2858720474856884,0.6369185447692871,1.3387,0.0655,0.998,,,,99.49391111844056,,,,
2063,P35557,W,99,F,NONSYN,0.4406152869195287,1.4404339947508833,0.1110995242479114,-0.7523666666666666,100.0,2.0,6.0,1.61411127122347,0.037338663160763,0.0008743794495582012,1.6141,0.037338663160763,1.61411127122347,0.037338663160763,,0.037338663160763,0.026402421921415845,1.0881,0.5260101226181233,0.5238638520240784,1.6128,0.0264,0.027000000000000003,,,,99.49391111844056,,,,
2064,P35557,W,99,T,NONSYN,0.08704244438925117,2.50065289937422,0.024107394514269718,-2.3272333333333335,100.0,2.0,6.0,2.7961927766619903,0.0951914316531035,9.00733662626058e-08,2.7962,0.0951914316531035,2.7961927766619903,0.0951914316531035,,0.0951914316531035,0.06731050683276524,2.1542,0.6419681424914581,0.7219781875610352,2.7907,0.067,0.995,,,,99.49391111844056,,,,
2065,P35557,W,99,I,NONSYN,0.08737184453483697,2.8886183310776765,0.09769584329296131,-2.1708,100.0,2.0,6.0,2.13538758959294,0.0976031057771361,1.8589195838944973e-05,2.1354,0.0976031057771361,2.13538758959294,0.0976031057771361,,0.0976031057771361,0.06901581795988082,2.1599,0.02448780332087841,0.7420414686203003,2.1356,0.0687,0.981,,,,99.49391111844056,,,,
2066,P35557,W,99,L,NONSYN,0.282864066326912,1.2256458767977034,0.16351209416919343,-1.7075666666666667,100.0,2.0,6.0,2.5625960096435403,0.186729044482692,6.275356529363686e-07,2.5626,0.186729044482692,2.5625960096435403,0.186729044482692,,0.186729044482692,0.13203737359819598,1.0782,1.484395192535386,0.6211889982223511,2.4984,0.1292,0.9179999999999999,,,,99.49391111844056,,,,
2067,P35557,W,99,K,NONSYN,0.0,2.054298787743686,0.06072721687854175,-2.72,100.0,2.0,6.0,0.495279929097936,0.532470697715031,0.5439245748817955,0.4953,0.532470697715031,0.495279929097936,0.532470697715031,,0.532470697715031,0.3765136411374307,1.0785,0.5832000761663463,0.5082089304924011,0.7019,0.3025,0.998,,,,99.49391111844056,,,,
2068,P35557,W,99,G,NONSYN,0.2578161940803697,2.5169534600529735,0.032615904111172524,-2.3241333333333336,100.0,2.0,6.0,2.74729109462573,0.0193405146560635,1.359330690013395e-07,2.7473,0.0193405146560635,2.74729109462573,0.0193405146560635,,0.0193405146560635,0.013675809064940307,2.0893,0.6580309933073707,0.7341225147247314,2.7471,0.0137,0.9940000000000001,,,,99.49391111844056,,,,
2069,P35557,W,99,Y,NONSYN,0.19858444875175196,1.47305338025168,0.03135584560508497,-1.0095333333333334,100.0,2.0,6.0,1.51625311472108,0.45373191422653397,0.001739009506156615,1.5163,0.45373191422653397,1.51625311472108,0.45373191422653397,,0.45373191422653397,0.3208369133903351,1.0838,0.43241918184449313,0.47350698709487915,1.3802,0.2656,0.816,,,,99.49391111844056,,,,
2070,P35557,W,99,N,NONSYN,0.0,0.9090102940109976,0.13724762989558228,-2.7140999999999997,100.0,2.0,6.0,3.931145410296,0.10411982119937,2.9691097524522055e-12,3.9311,0.10411982119937,3.931145410296,0.10411982119937,,0.10411982119937,0.07362383162600536,0.8057,3.1254469559159648,0.5377326011657715,3.8736,0.0729,0.998,,,,99.49391111844056,,,,
2071,P35557,W,99,C,NONSYN,0.3417489841899213,2.692734213870057,0.02914079566202661,-2.3234666666666666,100.0,2.0,6.0,2.21994883317448,0.0650926849367824,9.664321241461875e-06,2.2199,0.0650926849367824,2.21994883317448,0.0650926849367824,,0.0650926849367824,0.046027478924438266,2.1499,0.07008177537418714,0.7341225147247314,2.2197,0.0459,0.9990000000000001,,,,99.49391111844056,,,,
2072,P35557,W,99,P,NONSYN,0.0,1.9223160449651988,0.12854537291086657,-2.691966666666667,100.0,2.0,6.0,0.891228157433397,0.229074047939714,0.0984798147929639,0.8912,0.229074047939714,0.891228157433397,0.229074047939714,,0.229074047939714,0.16197981269202405,1.0416,0.1503694473181899,0.5946477651596069,0.9016,0.1563,1.0,,,,99.49391111844056,,,,
2073,P35557,W,99,E,NONSYN,0.0,2.2154580575228056,0.12879851593434175,-2.6246,100.0,2.0,6.0,1.3405227955016599,0.0553574841423168,0.005800678858369931,1.3405,0.0553574841423168,1.3405227955016599,0.0553574841423168,,0.0553574841423168,0.03914365242645898,1.0587,0.28183200913996553,0.5946477651596069,1.3393,0.0391,0.998,,,,99.49391111844056,,,,
2074,P35557,W,99,M,NONSYN,0.11121177265777428,1.4797169737770135,0.16889800220848983,-1.702,100.0,2.0,6.0,2.36038106463344,0.0766327926086847,3.2027619784135253e-06,2.3604,0.0766327926086847,2.36038106463344,0.0766327926086847,,0.0766327926086847,0.05418756731486329,1.0099,1.350490269879412,0.6498296856880188,2.3511,0.054,0.9990000000000001,,,,99.49391111844056,,,,
2075,P35557,W,99,W,SYN,,,,,,,,,,,,,,,,,,,,,,,,,,,99.49391111844056,,,,
2076,P35557,W,99,H,NONSYN,0.19612267101694444,1.60254884441576,0.05160758482935812,-1.7359333333333333,100.0,2.0,6.0,1.4318871067893701,0.684236256238723,0.0031162960409966134,1.4319,0.684236256238723,1.4318871067893701,0.684236256238723,,0.684236256238723,0.48382809672009713,1.1313,0.3006264733207422,0.6443344950675964,1.3235,0.3869,1.0,,,,99.49391111844056,,,,
2077,P35557,W,99,Q,NONSYN,0.0,1.9316219450461733,0.16761211549135838,-1.7596999999999998,100.0,2.0,6.0,0.44466780489813,0.10213051598489098,0.6150929364849451,0.4447,0.10213051598489098,0.44466780489813,0.10213051598489098,,0.10213051598489098,0.0722171804189975,1.2191,0.7744073980437645,0.8449650406837463,0.4503,0.072,0.998,,,,99.49391111844056,,,,
2078,P35557,W,99,*,STOP,,,,,,,,,,,,,,,,,,,,,,,,,,,99.49391111844056,E,107.0,,
2079,P35557,S,100,S,SYN,,,,,100.0,2.0,6.0,1.2707073087596898,0.05,0.00925259587867243,1.2707,0.05,1.2707073087596898,0.05,,0.05,0.035355339059327376,,,,1.2707,0.0354,,,,,32.65828310966784,,,,
2080,P35557,S,100,A,NONSYN,0.4563330621977513,0.9886182522875314,0.04312954422716378,-0.01466666666666668,100.0,2.0,6.0,0.39212046603780204,0.20368057289306,0.6834078683203578,0.3921,0.20368057289306,0.39212046603780204,0.20368057289306,,0.20368057289306,0.1440239142886436,0.9167,0.524554863170572,0.3690579831600189,0.4614,0.1342,0.013999999999999999,,,,32.65828310966784,,,,
2081,P35557,S,100,V,NONSYN,0.3566796973350173,0.5975372408131183,0.0979965227955395,-1.3498999999999999,100.0,2.0,6.0,0.6187960687832839,0.139285372022314,0.36580068206294863,0.6188,0.139285372022314,0.6187960687832839,0.139285372022314,,0.139285372022314,0.09848963107706925,0.8153,0.196545284633159,0.45102864503860474,0.6277,0.0962,0.602,,,,32.65828310966784,,,,
2082,P35557,S,100,R,NONSYN,0.5078165034060199,0.6158852825669276,0.1477540676429719,-0.9542999999999999,100.0,2.0,6.0,0.9308545504926621,0.18781268061231,0.07846879484247486,0.9309,0.18781268061231,0.9308545504926621,0.18781268061231,,0.18781268061231,0.1328036200537876,0.7977,0.13310455430735935,0.5128759145736694,0.9225,0.1286,0.8859999999999999,,,,32.65828310966784,,,,
2083,P35557,S,100,D,NONSYN,0.26426002389568154,1.1276910193378689,0.0656722037977397,-0.6365333333333334,100.0,2.0,6.0,1.651679492557,0.0587956340862057,0.0006694923564926297,1.6517,0.0587956340862057,1.651679492557,0.0587956340862057,,0.0587956340862057,0.04157479156651897,0.953,0.6987006431459892,0.399072527885437,1.6442,0.0414,0.684,,,,32.65828310966784,,,,
2084,P35557,S,100,F,NONSYN,0.4400921079880442,0.49300563446769535,0.08171795743696476,-1.7383,100.0,2.0,6.0,0.105682654004099,0.550211502985147,0.9131789244317378,0.1057,0.550211502985147,0.105682654004099,0.550211502985147,,0.550211502985147,0.38905828484763977,0.6031,0.49738361157893934,0.444058358669281,0.3217,0.2926,0.983,,,,32.65828310966784,,,,
2085,P35557,S,100,T,NONSYN,0.5032644910640633,0.8901413568663606,0.05031979645747257,-0.06083333333333333,100.0,2.0,6.0,0.687551152301314,0.171438437431722,0.2764372930349806,0.6876,0.171438437431722,0.687551152301314,0.171438437431722,,0.171438437431722,0.12122528166399625,0.9077,0.2201280478711103,0.3868202567100525,0.7072,0.1157,0.0,,,,32.65828310966784,,,,
2086,P35557,S,100,I,NONSYN,0.40690641070991895,0.5351128916856753,0.15085445675759715,-1.7275666666666665,100.0,2.0,6.0,-0.020639117649841,0.115353075424505,0.9535419493507388,-0.0206,0.115353075424505,-0.020639117649841,0.115353075424505,,0.115353075424505,0.08156694186339077,0.7561,0.7767607530868528,0.5175603628158569,-0.0018,0.0806,0.915,,,,32.65828310966784,,,,
2087,P35557,S,100,L,NONSYN,0.393745075519064,0.30468199542468166,0.15102280522442582,-1.7093,100.0,2.0,6.0,0.6706535711331401,0.111317391605443,0.29724235153772127,0.6707,0.111317391605443,0.6706535711331401,0.111317391605443,,0.111317391605443,0.0787132824682072,0.6306,0.04004995966387126,0.5291244387626648,0.6698,0.0779,0.625,,,,32.65828310966784,,,,
2088,P35557,S,100,K,NONSYN,0.33912790346884786,1.2626696036571687,0.03978661377377742,-0.6167666666666666,100.0,2.0,6.0,0.8523347137296909,0.22763847988991198,0.12222990364728904,0.8523,0.22763847988991198,0.8523347137296909,0.22763847988991198,,0.22763847988991198,0.16096471278915428,1.0847,0.2323819639360195,0.48798680305480957,0.8751,0.1529,0.004,,,,32.65828310966784,,,,
2089,P35557,S,100,G,NONSYN,0.4188135801978989,1.3641958536595737,0.05581878819141018,-0.6509999999999999,100.0,2.0,6.0,0.942164989591886,0.15812889946021,0.07345657763234165,0.9422,0.15812889946021,0.942164989591886,0.15812889946021,,0.15812889946021,0.11181401710988027,1.0859,0.14374497306222778,0.49833574891090393,0.9491,0.1091,0.555,,,,32.65828310966784,,,,
2090,P35557,S,100,Y,NONSYN,0.3987520148682556,0.19614330311170738,0.13837208871700016,-1.6658,100.0,2.0,6.0,0.829002449919787,0.30741331873281197,0.13863359502335057,0.829,0.30741331873281197,0.829002449919787,0.30741331873281197,,0.30741331873281197,0.21737404230303284,0.3997,0.42934490244587953,0.49380987882614136,0.7593,0.199,0.983,,,,32.65828310966784,,,,
2091,P35557,S,100,N,NONSYN,0.3577198430860929,1.0793214291391406,0.04998587043136132,-0.23683333333333337,100.0,2.0,6.0,1.0210331378736899,0.0375495415148795,0.04578528009390088,1.021,0.0375495415148795,1.0210331378736899,0.0375495415148795,,0.0375495415148795,0.026551535435617078,0.9211,0.09994456155685638,0.40337690711021423,1.0206,0.0265,0.16,,,,32.65828310966784,,,,
2092,P35557,S,100,C,NONSYN,0.4413057931247456,0.7727624995515804,0.1450064325781644,-0.9221333333333334,100.0,2.0,6.0,0.460222899538704,0.223053323863933,0.5936681096564329,0.4602,0.223053323863933,0.460222899538704,0.223053323863933,,0.223053323863933,0.1577225178703862,0.7841,0.32386285104113,0.5128759145736694,0.4882,0.1508,0.978,,,,32.65828310966784,,,,
2093,P35557,S,100,P,NONSYN,0.3754690196139504,0.6648284466865951,0.1256067380894045,-0.9290666666666666,100.0,2.0,6.0,0.7840250581336601,0.37980181190627205,0.17518412909057487,0.784,0.37980181190627205,0.7840250581336601,0.37980181190627205,,0.37980181190627205,0.26856043670586255,0.8036,0.019624367372931717,0.4902043640613556,0.7886,0.2355,0.8140000000000001,,,,32.65828310966784,,,,
2094,P35557,S,100,E,NONSYN,0.32956968841657797,1.017256723336389,0.06646041303264284,-0.6321,100.0,2.0,6.0,1.58857335469203,0.0284088711258716,0.0010473879649259847,1.5886,0.0284088711258716,1.58857335469203,0.0284088711258716,,0.0284088711258716,0.020088105418958516,0.9145,0.6740892114348889,0.3999253511428833,1.5869,0.0201,0.384,,,,32.65828310966784,,,,
2095,P35557,S,100,M,NONSYN,0.4679817126368144,0.5178270575690566,0.1521395670302784,-1.5591333333333335,100.0,2.0,6.0,0.5033863729808641,0.169127167596547,0.5322082927354442,0.5034,0.169127167596547,0.5033863729808641,0.169127167596547,,0.169127167596547,0.1195909670903921,0.6515,0.14809305006524798,0.5291244387626648,0.5106,0.1166,0.983,,,,32.65828310966784,,,,
2096,P35557,S,100,W,NONSYN,0.3832492129242465,0.2518990358291327,0.13507828834932592,-1.7880333333333336,100.0,2.0,6.0,0.579664460250306,0.0402946752765783,0.42110394300554904,0.5797,0.0402946752765783,0.579664460250306,0.0402946752765783,,0.0402946752765783,0.028492638133778433,0.2839,0.29573767525808803,0.4105261266231537,0.5782,0.0284,0.998,,,,32.65828310966784,,,,
2097,P35557,S,100,H,NONSYN,0.2629764798769622,0.725034169388342,0.11286073143796328,-0.9429,100.0,2.0,6.0,0.603407890028419,0.44604995177306606,0.38726550496277656,0.6034,0.44604995177306606,0.603407890028419,0.44604995177306606,,0.44604995177306606,0.3154049456466675,0.7515,0.14811572390132954,0.4797435402870178,0.6481,0.2635,0.983,,,,32.65828310966784,,,,
2098,P35557,S,100,Q,NONSYN,0.3963611118941722,1.1276910193378689,0.0656722037977397,-0.6365333333333333,100.0,2.0,6.0,1.25727046668759,0.0517854288131677,0.010114092890369977,1.2573,0.0517854288131677,1.25727046668759,0.0517854288131677,,0.0517854288131677,0.036617827880444105,0.9509,0.30635858714810027,0.399072527885437,1.2547,0.0365,0.89,,,,32.65828310966784,,,,
2099,P35557,S,100,*,STOP,,,,,100.0,2.0,6.0,-0.0679620160962125,0.05,0.9632928458990756,-0.068,0.05,-0.0679620160962125,0.05,,0.05,0.035355339059327376,,,,-0.068,0.0354,,,,,32.65828310966784,,,,
2100,P35557,V,101,S,NONSYN,0.33699392667600697,1.1679063188407006,0.1931127165523727,-1.4466,100.0,2.0,6.0,0.933960702009023,0.155455606823659,0.07706298858540919,0.934,0.155455606823659,0.933960702009023,0.155455606823659,,0.155455606823659,0.109923713758479,0.9834,0.04948744576471964,0.6001476049423218,0.9356,0.1081,0.9329999999999999,,,,51.919745788637435,,,,
2101,P35557,V,101,A,NONSYN,0.4716545268994549,1.0381248545172106,0.040705624892026025,-0.7901333333333334,100.0,2.0,6.0,1.3271144079435802,0.0701217038520265,0.006348385643407897,1.3271,0.0701217038520265,1.3271144079435802,0.0701217038520265,,0.0701217038520265,0.049583532302122785,0.9145,0.41263026468643904,0.39444130659103394,1.3207,0.0492,0.37799999999999995,,,,51.919745788637435,,,,
2102,P35557,V,101,V,SYN,,,,,100.0,2.0,6.0,1.09870388852249,0.05,0.028238652834084214,1.0987,0.05,1.09870388852249,0.05,,0.05,0.035355339059327376,,,,1.0987,0.0354,,,,,51.919745788637435,,,,
2103,P35557,V,101,R,NONSYN,0.17643841508486408,0.8101541601202813,0.04493773701110947,-1.9857333333333334,100.0,2.0,6.0,0.562683595857406,0.0910925089224608,0.44569007591404997,0.5627,0.0910925089224608,0.562683595857406,0.0910925089224608,,0.0910925089224608,0.06441213077436811,0.7911,0.22844033078215087,0.40681734681129456,0.5683,0.0636,0.963,,,,51.919745788637435,,,,
2104,P35557,V,101,D,NONSYN,0.27348180848279724,0.9309586125438383,0.037913838526432056,-2.3809,100.0,2.0,6.0,0.588275738422934,0.629982444180015,0.40874556646485893,0.5883,0.629982444180015,0.588275738422934,0.629982444180015,,0.629982444180015,0.44546485830816424,0.8406,0.25232963972800593,0.39731132984161377,0.7288,0.2965,0.972,,,,51.919745788637435,,,,
2105,P35557,V,101,F,NONSYN,0.4053248813429461,1.1383151474556543,0.041859800183188085,-0.9184666666666667,100.0,2.0,6.0,1.19007012731834,0.10178355806273601,0.015716935163398324,1.1901,0.10178355806273601,1.19007012731834,0.10178355806273601,,0.10178355806273601,0.07197184411945531,0.9509,0.2391582477788503,0.4026927947998047,1.1827,0.0708,0.927,,,,51.919745788637435,,,,
2106,P35557,V,101,T,NONSYN,0.3185872156759129,0.9692643719564251,0.10434173403049941,-0.1374,100.0,2.0,6.0,0.7704341038189321,0.13041586110839098,0.18755646932974687,0.7704,0.13041586110839098,0.7704341038189321,0.13041586110839098,,0.13041586110839098,0.09221793976402619,0.9102,0.13974563041110943,0.44327378273010254,0.7762,0.0903,0.441,,,,51.919745788637435,,,,
2107,P35557,V,101,I,NONSYN,0.4306262074024321,0.7837042705815424,0.10751247931865049,-0.1123,100.0,2.0,6.0,0.6732133647367861,0.0934534499484201,0.294037337711958,0.6732,0.0934534499484201,0.6732133647367861,0.0934534499484201,,0.0934534499484201,0.06608156818380546,0.8859,0.21272551809097273,0.44792258739471436,0.6777,0.0654,0.001,,,,51.919745788637435,,,,
2108,P35557,V,101,L,NONSYN,0.4667115524229356,0.9921825755928647,0.1073349324865443,-0.29109999999999997,100.0,2.0,6.0,0.701679492909613,0.074857677919178,0.25970169590689884,0.7017,0.074857677919178,0.701679492909613,0.074857677919178,,0.074857677919178,0.05293237168052924,0.9167,0.21499583629876107,0.4593346118927002,0.7045,0.0526,0.04,,,,51.919745788637435,,,,
2109,P35557,V,101,K,NONSYN,0.1909141340536438,1.1364289351653274,0.22875337726106135,-1.7571333333333332,100.0,2.0,6.0,0.41285018105944604,0.10555150750572401,0.6572870449639594,0.4129,0.10555150750572401,0.41285018105944604,0.10555150750572401,,0.10555150750572401,0.07463618672176021,0.9731,0.560212870641146,0.6466503143310547,0.4202,0.0741,0.9229999999999999,,,,51.919745788637435,,,,
2110,P35557,V,101,G,NONSYN,0.3807983932718594,0.8297398865159726,0.1505724737125641,-2.365066666666667,100.0,2.0,6.0,0.8919319165065309,0.12105737312944502,0.09808912312123554,0.8919,0.12105737312944502,0.8919319165065309,0.12105737312944502,,0.12105737312944502,0.08560048945246071,0.8307,0.061247373850586095,0.50050950050354,0.8902,0.0844,0.972,,,,51.919745788637435,,,,
2111,P35557,V,101,Y,NONSYN,0.33250944557826595,1.1364289351653274,0.22875337726106137,-1.7571333333333332,100.0,2.0,6.0,0.736079081958812,0.240136067275365,0.2216283152077173,0.7361,0.240136067275365,0.736079081958812,0.240136067275365,,0.240136067275365,0.16980184157787956,0.9255,0.18939949565501857,0.571135401725769,0.7515,0.1628,0.963,,,,51.919745788637435,,,,
2112,P35557,V,101,N,NONSYN,0.2445312890805706,0.6513539014233826,0.04163467051461298,-2.1033666666666666,100.0,2.0,6.0,1.2635890560068201,0.0822291953242677,0.009699760418732493,1.2636,0.0822291953242677,1.2635890560068201,0.0822291953242677,,0.0822291953242677,0.05814482162530284,0.8036,0.45993963050022835,0.3985137939453125,1.254,0.0575,0.845,,,,51.919745788637435,,,,
2113,P35557,V,101,C,NONSYN,0.4349501020449153,1.1503817457569812,0.04681131851256922,-0.9503666666666666,100.0,2.0,6.0,1.15387033241436,0.0495668502202071,0.01986362280462937,1.1539,0.0495668502202071,1.15387033241436,0.0495668502202071,,0.0495668502202071,0.03504905591276635,0.9355,0.21841441410228724,0.39375922083854675,1.1522,0.0349,0.9940000000000001,,,,51.919745788637435,,,,
2114,P35557,V,101,P,NONSYN,0.17175025849116904,0.7843686194928341,0.14043538819291834,-1.883333333333333,100.0,2.0,6.0,0.754023243294578,0.13581768087339,0.2033321589959523,0.754,0.13581768087339,0.754023243294578,0.13581768087339,,0.13581768087339,0.09603760315060451,0.8549,0.10091371406473593,0.5013410449028015,0.7576,0.0943,0.845,,,,51.919745788637435,,,,
2115,P35557,V,101,E,NONSYN,0.32079411141973807,1.1226640032886819,0.22972690105623375,-1.7854,100.0,2.0,6.0,0.45414497668938203,0.0557402408199491,0.6020948424616346,0.4541,0.0557402408199491,0.45414497668938203,0.0557402408199491,,0.0557402408199491,0.03941430226875721,0.9687,0.5145631212453409,0.6413328051567078,0.4561,0.0393,0.807,,,,51.919745788637435,,,,
2116,P35557,V,101,M,NONSYN,0.4348220015603004,0.933076001557375,0.03910741768457589,-0.2969,100.0,2.0,6.0,0.878999215016082,0.43063770038662896,0.1054844781704784,0.879,0.43063770038662896,0.878999215016082,0.43063770038662896,,0.43063770038662896,0.30450683817796603,0.8406,0.038393836865142084,0.4419749975204468,0.8666,0.2508,0.975,,,,51.919745788637435,,,,
2117,P35557,V,101,W,NONSYN,0.20407639127029992,0.8148549683312593,0.18521582830448172,-1.7649666666666668,100.0,2.0,6.0,1.3775720815616501,0.5792743760133039,0.004514836648968502,1.3776,0.5792743760133039,1.3775720815616501,0.5792743760133039,,0.5792743760133039,0.4096088394466131,0.7742,0.6033928613620652,0.527868390083313,1.1508,0.3236,0.9990000000000001,,,,51.919745788637435,,,,
2118,P35557,V,101,H,NONSYN,0.2484595230317529,0.8048494634290534,0.15127924248453234,-2.2657666666666665,100.0,2.0,6.0,0.637354865118164,0.0667662832563885,0.3405302937531091,0.6374,0.0667662832563885,0.637354865118164,0.0667662832563885,,0.0667662832563885,0.04721089164521415,0.7773,0.13991342540155038,0.501711905002594,0.6386,0.047,0.995,,,,51.919745788637435,,,,
2119,P35557,V,101,Q,NONSYN,0.31633139311143543,0.7481890797701594,0.13940486558721274,-1.7866,100.0,2.0,6.0,1.57756974724495,0.776685367312838,0.0011318454006927967,1.5776,0.776685367312838,1.57756974724495,0.776685367312838,,0.776685367312838,0.5491994900752721,0.7841,0.7934839966651159,0.5134022831916809,1.1541,0.375,0.963,,,,51.919745788637435,,,,
2120,P35557,V,101,*,STOP,,,,,100.0,2.0,6.0,-0.47190357557313795,0.05,0.994835622029161,-0.4719,0.05,-0.47190357557313795,0.05,,0.05,0.035355339059327376,,,,-0.4719,0.0354,,,,,51.919745788637435,,,,
2121,P35557,K,102,S,NONSYN,0.39799365034538775,0.5820981237836901,0.10774588011530334,-0.8266,100.0,2.0,6.0,0.930025922913152,0.13152797015602,0.0788476314210625,0.93,0.13152797015602,0.930025922913152,0.13152797015602,,0.13152797015602,0.09300431961302358,0.8038,0.1262668248601735,0.46866393089294434,0.9252,0.0912,0.436,,,,90.07643587115177,,,,
2122,P35557,K,102,A,NONSYN,0.4253782567817681,0.9113384605479835,0.07350727629741222,-0.8658,100.0,2.0,6.0,0.88635444882046,0.377772536202731,0.10122225273397316,0.8864,0.377772536202731,0.88635444882046,0.377772536202731,,0.377772536202731,0.2671255220949916,0.8768,0.009527149225580844,0.41041964292526245,0.8835,0.2239,0.436,,,,90.07643587115177,,,,
2123,P35557,K,102,V,NONSYN,0.4018371367991864,0.5749783609643857,0.10353751031908624,-1.8981333333333332,100.0,2.0,6.0,0.30466619591256106,0.122648331817872,0.7795310490974019,0.3047,0.122648331817872,0.30466619591256106,0.122648331817872,,0.122648331817872,0.0867254671296351,0.8256,0.5209605350063232,0.46094590425491333,0.3225,0.0852,0.035,,,,90.07643587115177,,,,
2124,P35557,K,102,R,NONSYN,0.4425642104838123,1.168992424481252,0.08049338275159569,-0.07929999999999998,100.0,2.0,6.0,0.606738825964206,0.19780892966639801,0.38258411410578747,0.6067,0.19780892966639801,0.606738825964206,0.19780892966639801,,0.19780892966639801,0.13987203554636285,0.9894,0.38263575203490896,0.4297701120376587,0.6434,0.133,0.20800000000000002,,,,90.07643587115177,,,,
2125,P35557,K,102,D,NONSYN,0.3868073539125079,0.5820981237836901,0.10774588011530334,-0.8266,100.0,2.0,6.0,1.8740754591133402,0.17608719110774,0.00013324769784703335,1.8741,0.17608719110774,1.8740754591133402,0.17608719110774,,0.17608719110774,0.12451244691237447,0.8038,1.0703163610603617,0.46866393089294434,1.8035,0.1203,0.27899999999999997,,,,90.07643587115177,,,,
2126,P35557,K,102,F,NONSYN,0.39391394066408775,0.5063728496267174,0.10635142546008179,-1.9194666666666667,100.0,2.0,6.0,0.180922236709008,0.251882417982748,0.8750321071430986,0.1809,0.251882417982748,0.180922236709008,0.251882417982748,,0.251882417982748,0.1781077658172655,0.7452,0.5643127295690682,0.46524277329444885,0.2531,0.1663,0.7240000000000001,,,,90.07643587115177,,,,
2127,P35557,K,102,T,NONSYN,0.4423640368257771,0.8571473556518668,0.1092124053084147,-0.8377,100.0,2.0,6.0,1.0489277635088101,0.158995448445883,0.03855923541184436,1.0489,0.158995448445883,1.0489277635088101,0.158995448445883,,0.158995448445883,0.11242675977387999,0.8708,0.17816160063649567,0.4600377678871155,1.0389,0.1092,0.298,,,,90.07643587115177,,,,
2128,P35557,K,102,I,NONSYN,0.4603939774498695,0.6024517307091163,0.08137458799080653,-1.9278666666666666,100.0,2.0,6.0,-0.10731440653818902,0.384503824128911,0.9698160105501434,-0.1073,0.384503824128911,-0.10731440653818902,0.384503824128911,,0.384503824128911,0.2718852614337126,0.8347,0.941970168256939,0.4157775044441223,0.1748,0.2276,0.027000000000000003,,,,90.07643587115177,,,,
2129,P35557,K,102,L,NONSYN,0.4356747906628182,0.23594483976664601,0.09640696251581804,-1.8765,100.0,2.0,6.0,1.32176675950578,0.20175593791901303,0.0065805204689535395,1.3218,0.20175593791901303,1.32176675950578,0.20175593791901303,,0.20175593791901303,0.1426629918471862,0.5098,0.8119419470935181,0.4478324353694916,1.247,0.1359,0.0,,,,90.07643587115177,,,,
2130,P35557,K,102,K,SYN,,,,,,,,,,,,,,,,,,,,,,,,,,,90.07643587115177,,,,
2131,P35557,K,102,G,NONSYN,0.3929842999811576,0.7123052284479691,0.05781181698854113,-1.8229999999999997,100.0,2.0,6.0,0.797810967963848,0.10913727900388401,0.16327078989238825,0.7978,0.10913727900388401,0.797810967963848,0.10913727900388401,,0.10913727900388401,0.07717171006389459,0.849,0.051218215423908364,0.417944073677063,0.7995,0.0759,0.652,,,,90.07643587115177,,,,
2132,P35557,K,102,Y,NONSYN,0.3944793974738757,0.8080813077940631,0.0613093329181614,-1.7455,100.0,2.0,6.0,0.510482729925566,0.0664201740438164,0.5219068079350534,0.5105,0.0664201740438164,0.510482729925566,0.0664201740438164,,0.0664201740438164,0.04696615547397328,0.8696,0.3590820417266557,0.410469114780426,0.5151,0.0467,0.384,,,,90.07643587115177,,,,
2133,P35557,K,102,N,NONSYN,0.4560364383708069,0.9235905092097321,0.11776350336037134,-0.5051666666666667,,,,,,,,,,,,,,0.8953,,0.46990031003952026,0.8953,0.4699,0.586,,,,90.07643587115177,,,,
2134,P35557,K,102,C,NONSYN,0.4535515939759026,-0.024538076463497,0.11054717617062253,-2.2871333333333332,100.0,2.0,6.0,0.20491019583140602,0.0779627234503961,0.8599795744895191,0.2049,0.0779627234503961,0.20491019583140602,0.0779627234503961,,0.0779627234503961,0.05512797043154655,0.1107,0.09424558973704567,0.28631117939949036,0.2015,0.0541,0.9940000000000001,,,,90.07643587115177,,,,
2135,P35557,K,102,P,NONSYN,0.27870648767165224,0.9113384605479835,0.07350727629741222,-0.8658,100.0,2.0,6.0,0.12632266261522998,0.38972674285946796,0.9039678466711247,0.1263,0.38972674285946796,0.12632266261522998,0.38972674285946796,,0.38972674285946796,0.2755784226856757,0.8695,0.7431742789512373,0.41279247403144836,0.3554,0.2292,0.792,,,,90.07643587115177,,,,
2136,P35557,K,102,E,NONSYN,0.4020218445230145,1.1463135221228773,0.09710267765131995,-0.3035,100.0,2.0,6.0,0.9543911558955841,0.29936043991205796,0.06836085340554748,0.9544,0.29936043991205796,0.9543911558955841,0.29936043991205796,,0.29936043991205796,0.21167979708080417,0.964,0.009656693282730111,0.45192214846611023,0.9561,0.1917,0.0,,,,90.07643587115177,,,,
2137,P35557,K,102,M,NONSYN,0.43998119930382734,1.0164419617457934,0.10754151281109259,-0.9419333333333334,,,,,,,,,,,,,,0.9145,,0.4477226138114929,0.9145,0.4477,0.3720000000000001,,,,90.07643587115177,,,,
2138,P35557,K,102,W,NONSYN,0.4169292295856069,0.09283934200074166,0.10989038212550097,-2.216833333333333,100.0,2.0,6.0,-0.14722205956131,0.0931893964396351,0.9752350663200585,-0.1472,0.0931893964396351,-0.14722205956131,0.0931893964396351,,0.0931893964396351,0.06589485415714748,0.1947,0.3419693585172273,0.3631035387516022,-0.1363,0.0648,0.996,,,,90.07643587115177,,,,
2139,P35557,K,102,H,NONSYN,0.4436698866414692,1.26978589048087,0.10514496358408255,-0.8412999999999999,100.0,2.0,6.0,-0.18898784097820004,0.20241912591756894,0.9798506117243241,-0.189,0.20241912591756894,-0.18898784097820004,0.20241912591756894,,0.20241912591756894,0.1431319365781666,1.0804,1.2694371837058611,0.5218773484230042,-0.1002,0.138,0.847,,,,90.07643587115177,,,,
2140,P35557,K,102,Q,NONSYN,0.4867518824335938,0.8303853015909807,0.09007547840359888,0.10200000000000002,100.0,2.0,6.0,1.6225601946350199,0.0985344817036359,0.0008235416060793829,1.6226,0.0985344817036359,1.6225601946350199,0.0985344817036359,,0.0985344817036359,0.06967440019334274,0.8918,0.7307500754829508,0.41109389066696167,1.6022,0.0687,0.079,,,,90.07643587115177,,,,
2141,P35557,K,102,*,STOP,,,,,,,,,,,,,,,,,,,,,,,,,,,90.07643587115177,,,,
2142,P35557,T,103,S,NONSYN,0.5112342370012433,0.418399599138636,0.03818088494260944,-0.33873333333333333,100.0,2.0,6.0,1.6612920192690301,0.11345713784519801,0.0006251156341875433,1.6613,0.11345713784519801,1.6612920192690301,0.11345713784519801,,0.11345713784519801,0.08022631154435639,0.5883,1.0729619292231012,0.4354931116104126,1.6261,0.0789,0.988,,,,48.03524196071722,,,,
2143,P35557,T,103,A,NONSYN,0.4371005638552374,0.2780197124872787,0.09768207499678211,-0.5245,100.0,2.0,6.0,0.6999943086121879,0.112563590429805,0.2616652489719029,0.7,0.112563590429805,0.6999943086121879,0.112563590429805,,0.112563590429805,0.07959447810762027,0.5261,0.17387328829511028,0.4571419358253479,0.6949,0.0784,0.988,,,,48.03524196071722,,,,
2144,P35557,T,103,V,NONSYN,0.335359974884157,0.523510281134558,0.09894463971793836,-0.4691,100.0,2.0,6.0,-0.036477397329649996,0.0905648426940997,0.9570643689086964,-0.0365,0.0905648426940997,-0.036477397329649996,0.0905648426940997,,0.0905648426940997,0.06403901440609085,0.5859,0.6223617299865103,0.46754854917526245,-0.025,0.0634,0.9990000000000001,,,,48.03524196071722,,,,
2145,P35557,T,103,R,NONSYN,0.3928132642818517,0.6633067521501969,0.17710702077944662,-1.2489999999999999,100.0,2.0,6.0,0.262925466491583,0.16410831160449202,0.8168830469232924,0.2629,0.16410831160449202,0.262925466491583,0.16410831160449202,,0.16410831160449202,0.11604209998461129,0.6715,0.4085751567345828,0.5252606868743896,0.2819,0.1133,1.0,,,,48.03524196071722,,,,
2146,P35557,T,103,D,NONSYN,0.24736015353784535,0.40305287743152457,0.17554609009916092,-1.2412666666666667,100.0,2.0,6.0,1.0436870906476,0.19193734660693898,0.03983032417073815,1.0437,0.19193734660693898,1.0436870906476,0.19193734660693898,,0.19193734660693898,0.13572019934871932,0.4201,0.623564824831865,0.5029008984565735,1.0014,0.131,0.9990000000000001,,,,48.03524196071722,,,,
2147,P35557,T,103,F,NONSYN,0.2626450658678516,0.6455485152809163,0.08409623772003781,-1.4809,100.0,2.0,6.0,-0.0924558030439034,0.071980153712225,0.9675032210713622,-0.0925,0.071980153712225,-0.0924558030439034,0.071980153712225,,0.071980153712225,0.05089765480076434,0.6715,0.7639794336629525,0.4425447881221771,-0.0825,0.0506,1.0,,,,48.03524196071722,,,,
2148,P35557,T,103,T,SYN,,,,,100.0,2.0,6.0,1.0507114496176,0.05,0.03813530009105584,1.0507,0.05,1.0507114496176,0.05,,0.05,0.035355339059327376,,,,1.0507,0.0354,,,,,48.03524196071722,,,,
2149,P35557,T,103,I,NONSYN,0.39900335367527456,0.15003766656644243,0.10561009200125876,-0.8405666666666667,100.0,2.0,6.0,-0.0473497504342054,0.281242639295606,0.9593266845403158,-0.0473,0.281242639295606,-0.0473497504342054,0.281242639295606,,0.281242639295606,0.19886857740472516,0.2561,0.30342894736413706,0.3901214003562927,0.0152,0.1772,1.0,,,,48.03524196071722,,,,
2150,P35557,T,103,L,NONSYN,0.3692076635094301,0.9148598194372872,0.18723550911360523,-1.2598666666666667,100.0,2.0,6.0,0.0914631538891398,0.0548149478524111,0.9190307736881783,0.0915,0.0548149478524111,0.0914631538891398,0.0548149478524111,,0.0548149478524111,0.03876002133682687,0.7981,0.7066008395648397,0.5220492482185364,0.0953,0.0387,0.9990000000000001,,,,48.03524196071722,,,,
2151,P35557,T,103,K,NONSYN,0.35305220057868336,0.1489975336115412,0.11766686372952577,-0.8414,100.0,2.0,6.0,-0.0442293515695017,0.17504695079962498,0.9586898836736691,-0.0442,0.17504695079962498,-0.0442293515695017,0.17504695079962498,,0.17504695079962498,0.12377688593644276,0.2561,0.30030854849943334,0.39335721731185913,-0.0172,0.1181,1.0,,,,48.03524196071722,,,,
2152,P35557,T,103,G,NONSYN,0.43600131382643137,0.4083293610008138,0.08333526547898694,-1.4976,100.0,2.0,6.0,0.619201659796404,0.08645539659413601,0.3652408076515574,0.6192,0.08645539659413601,0.619201659796404,0.08645539659413601,,0.08645539659413601,0.06113319720188591,0.3678,0.2514344450213185,0.38939324021339417,0.6132,0.0604,1.0,,,,48.03524196071722,,,,
2153,P35557,T,103,Y,NONSYN,0.2452402164451186,0.45762273750097043,0.06752968885469741,-1.4882666666666668,100.0,2.0,6.0,0.47132153029593393,0.224489804494073,0.578113928418165,0.4713,0.224489804494073,0.47132153029593393,0.224489804494073,,0.224489804494073,0.1587382630650013,0.4042,0.06713659281882212,0.4130494296550751,0.4627,0.1482,1.0,,,,48.03524196071722,,,,
2154,P35557,T,103,N,NONSYN,0.4084330644454248,0.3141238533135513,0.09973722556054655,-0.5004666666666666,100.0,2.0,6.0,0.59168188613337,0.0732631348452831,0.403882378718954,0.5917,0.0732631348452831,0.59168188613337,0.0732631348452831,,0.0732631348452831,0.05180485946008412,0.4033,0.18833701651972257,0.439349889755249,0.5891,0.0514,0.9990000000000001,,,,48.03524196071722,,,,
2155,P35557,T,103,C,NONSYN,0.4354541497454498,0.43355789333920763,0.08101892698658082,-0.9072999999999999,100.0,2.0,6.0,0.526528582272732,0.0699730356540784,0.49850538425453317,0.5265,0.0699730356540784,0.526528582272732,0.0699730356540784,,0.0699730356540784,0.049478408011206905,0.3907,0.1358324143268702,0.4331761598587036,0.5248,0.0492,1.0,,,,48.03524196071722,,,,
2156,P35557,T,103,P,NONSYN,0.34993609822478866,0.6633067521501969,0.17710702077944662,-1.2489999999999999,100.0,2.0,6.0,0.8461223557504108,0.26349379813182605,0.12643353601993135,0.8461,0.26349379813182605,0.8461223557504108,0.26349379813182605,,0.26349379813182605,0.18631825145961345,0.6785,0.16757735758146552,0.5252606868743896,0.8274,0.1756,0.9990000000000001,,,,48.03524196071722,,,,
2157,P35557,T,103,E,NONSYN,0.187606014059847,0.14498316008967496,0.07980360715213163,-0.9009666666666667,100.0,2.0,6.0,1.39225278202133,0.09172971382719901,0.0040859367059265265,1.3923,0.09172971382719901,1.39225278202133,0.09172971382719901,,0.09172971382719901,0.06486270268351382,0.2545,1.1377923280342084,0.3709532618522644,1.3585,0.0639,1.0,,,,48.03524196071722,,,,
2158,P35557,T,103,M,NONSYN,0.3518740482942453,0.041302866869001975,0.08221839731964435,-0.8553000000000001,100.0,2.0,6.0,0.278854648658116,0.39772189065051505,0.8032771224358951,0.2789,0.39772189065051505,0.278854648658116,0.39772189065051505,,0.39772189065051505,0.2812318459053137,0.1564,0.12247488934643996,0.3320472836494446,0.2277,0.2146,1.0,,,,48.03524196071722,,,,
2159,P35557,T,103,W,NONSYN,0.2914737870902876,0.33268912901614484,0.05918490350422142,-1.5825333333333333,100.0,2.0,6.0,0.394421262029875,0.0904088404922973,0.6805666744958132,0.3944,0.0904088404922973,0.394421262029875,0.0904088404922973,,0.0904088404922973,0.06392870419131634,0.3434,0.051000875715482896,0.37408167123794556,0.393,0.063,1.0,,,,48.03524196071722,,,,
2160,P35557,T,103,H,NONSYN,0.3614886802674268,0.6604242000957169,0.07791505530758419,-1.2503,100.0,2.0,6.0,0.8547700119138509,0.7244028706721899,0.12061386233722815,0.8548,0.7244028706721899,0.8547700119138509,0.7244028706721899,,0.7244028706721899,0.5122301821633071,0.6699,0.18486512423761192,0.43374136090278625,0.7471,0.331,1.0,,,,48.03524196071722,,,,
2161,P35557,T,103,Q,NONSYN,0.1843049627657748,0.06242518221813629,0.12200217653906036,-0.8452333333333334,100.0,2.0,6.0,0.215487702610713,0.10926440545022698,0.8528473157793545,0.2155,0.10926440545022698,0.215487702610713,0.10926440545022698,,0.10926440545022698,0.07726160203617186,0.1642,0.051260395767909056,0.360268235206604,0.2132,0.0755,1.0,,,,48.03524196071722,,,,
2162,P35557,T,103,*,STOP,,,,,100.0,2.0,6.0,0.0998455488050089,0.05,0.9156282184587611,0.0998,0.05,0.0998455488050089,0.05,,0.05,0.035355339059327376,,,,0.0998,0.0354,,,,,48.03524196071722,,,,
2163,P35557,K,104,S,NONSYN,0.39799365034538775,0.831243253717734,0.08582455175270254,-0.8266,100.0,2.0,6.0,0.964570318911654,0.136731519447179,0.06436237108550381,0.9646,0.136731519447179,0.964570318911654,0.136731519447179,,0.136731519447179,0.09668378460304057,0.8324,0.13221732303915645,0.4447285830974579,0.9586,0.0945,0.988,,,,88.36257740819806,,,,
2164,P35557,K,104,A,NONSYN,0.4253782567817681,1.2470405980490826,0.06562661973255682,-0.8658,100.0,2.0,6.0,0.608974595623744,0.239710220621559,0.379452340385453,0.609,0.239710220621559,0.608974595623744,0.239710220621559,,0.239710220621559,0.16950072252122775,1.0337,0.42475638811038685,0.511833131313324,0.651,0.1609,0.988,,,,88.36257740819806,,,,
2165,P35557,K,104,V,NONSYN,0.4018371367991864,1.0925713975261946,0.10874215844184071,-1.8981333333333332,100.0,2.0,6.0,1.1339157926329098,0.100573457078463,0.022575769535368544,1.1339,0.100573457078463,1.1339157926329098,0.100573457078463,,0.100573457078463,0.07111617350755536,0.924,0.20989132993301962,0.450082391500473,1.1288,0.0702,0.919,,,,88.36257740819806,,,,
2166,P35557,K,104,R,NONSYN,0.4425642104838123,0.7502478738993203,0.15045820378577487,0.014233333333333356,100.0,2.0,6.0,0.894448671003498,0.0734066892873972,0.09670282557592288,0.8944,0.0734066892873972,0.894448671003498,0.0734066892873972,,0.0734066892873972,0.05190636777957245,0.8549,0.03951171364418404,0.4857209622859955,0.894,0.0516,0.8540000000000001,,,,88.36257740819806,,,,
2167,P35557,K,104,D,NONSYN,0.3868073539125079,0.831243253717734,0.08582455175270254,-0.8266,100.0,2.0,6.0,1.85636662861779,0.0489793985455506,0.00015184364470066598,1.8564,0.0489793985455506,1.85636662861779,0.0489793985455506,,0.0489793985455506,0.03463366484999735,0.8286,1.0277904214568403,0.4447285830974579,1.8502,0.0345,0.997,,,,88.36257740819806,,,,
2168,P35557,K,104,F,NONSYN,0.39391394066408775,1.2487390612144,0.0684470793132591,-1.9194666666666667,100.0,2.0,6.0,0.9972898540445541,0.0573374890702909,0.052899974256509504,0.9973,0.0573374890702909,0.9972898540445541,0.0573374890702909,,0.0573374890702909,0.040543727337812245,0.9796,0.017676311487791363,0.4458925127983093,0.9971,0.0404,1.0,,,,88.36257740819806,,,,
2169,P35557,K,104,T,NONSYN,0.4423640368257771,1.0627090949070872,0.07071801066752974,-0.8377,100.0,2.0,6.0,1.1619691050497298,0.21205112873058302,0.01885390565564082,1.162,0.21205112873058302,1.1619691050497298,0.21205112873058302,,0.21205112873058302,0.14994279108365677,0.8672,0.29479924802458335,0.40968501567840576,1.1271,0.1408,0.985,,,,88.36257740819806,,,,
2170,P35557,K,104,I,NONSYN,0.4603939774498695,1.157624481259541,0.06803881625901317,-1.9278666666666666,100.0,2.0,6.0,1.27063359390913,0.0655025673349266,0.00925712301784651,1.2706,0.0655025673349266,1.27063359390913,0.0655025673349266,,0.0655025673349266,0.04631730954765503,0.9661,0.3045526302975272,0.44256821274757385,1.2673,0.0461,0.93,,,,88.36257740819806,,,,
2171,P35557,K,104,L,NONSYN,0.4356747906628182,1.0233207293701112,0.09220689455851143,-1.8765,100.0,2.0,6.0,1.34166779710116,0.26443230022276104,0.005756090136098848,1.3417,0.26443230022276104,1.34166779710116,0.26443230022276104,,0.26443230022276104,0.1869818726522713,0.9103,0.43132665349306665,0.42384815216064453,1.2714,0.1711,0.8959999999999999,,,,88.36257740819806,,,,
2172,P35557,K,104,K,SYN,,,,,100.0,2.0,6.0,1.36639434267986,0.05,0.004870393785021808,1.3664,0.05,1.36639434267986,0.05,,0.05,0.035355339059327376,,,,1.3664,0.0354,,,,,88.36257740819806,,,,
2173,P35557,K,104,G,NONSYN,0.3929842999811576,0.8404984232136545,0.09398539818884806,-1.5884666666666665,100.0,2.0,6.0,0.472650144523583,0.168796358533176,0.5762385576804846,0.4727,0.168796358533176,0.472650144523583,0.168796358533176,,0.168796358533176,0.1193570497584045,0.8286,0.3559260626373667,0.4512992203235626,0.4959,0.1154,0.997,,,,88.36257740819806,,,,
2174,P35557,K,104,Y,NONSYN,0.3944793974738757,0.9827445780858843,0.07765009562985968,-1.7455,100.0,2.0,6.0,0.665412801568294,0.37233371950182,0.30386154007611876,0.6654,0.37233371950182,0.665412801568294,0.37233371950182,,0.37233371950182,0.2632796979241468,0.8628,0.1973439275576826,0.42007315158843994,0.7211,0.2231,0.988,,,,88.36257740819806,,,,
2175,P35557,K,104,N,NONSYN,0.4560364383708069,0.6874444826239138,0.14470675700166574,-0.5051666666666667,100.0,2.0,6.0,0.437667260964868,0.31370479689714803,0.6245755482377047,0.4377,0.31370479689714803,0.437667260964868,0.31370479689714803,,0.31370479689714803,0.22182278917672196,0.6993,0.2615993515648866,0.5178318023681641,0.4782,0.2039,0.996,,,,88.36257740819806,,,,
2176,P35557,K,104,C,NONSYN,0.4535515939759026,1.223139002684048,0.04281548335779708,-2.2871333333333332,100.0,2.0,6.0,1.07258137969227,0.0812025374429922,0.0332789698817667,1.0726,0.0812025374429922,1.07258137969227,0.0812025374429922,,0.0812025374429922,0.057418864875494316,0.9765,0.0960907628938692,0.44999879598617554,1.071,0.057,1.0,,,,88.36257740819806,,,,
2177,P35557,K,104,P,NONSYN,0.27870648767165224,1.2468341363690933,0.05657631769954564,-0.9779666666666667,100.0,2.0,6.0,0.18809128275453102,0.32165716222477303,0.8706926720979749,0.1881,0.32165716222477303,0.18809128275453102,0.32165716222477303,,0.32165716222477303,0.22744596062635838,1.0026,0.8145096255248879,0.514409601688385,0.3213,0.208,0.998,,,,88.36257740819806,,,,
2178,P35557,K,104,E,NONSYN,0.4020218445230145,0.908841802424424,0.08346964413357845,-0.16533333333333333,100.0,2.0,6.0,0.4887885333363429,0.548419840190099,0.5532589203779441,0.4888,0.548419840190099,0.4887885333363429,0.548419840190099,,0.548419840190099,0.3877913879356617,0.89,0.40124816881972397,0.41168472170829773,0.6774,0.2823,0.905,,,,88.36257740819806,,,,
2179,P35557,K,104,M,NONSYN,0.43998119930382734,1.068809005474017,0.09153869633727224,-0.9419333333333334,100.0,2.0,6.0,0.72216667543976,0.10124807337485699,0.23655855879435858,0.7222,0.10124807337485699,0.72216667543976,0.10124807337485699,,0.10124807337485699,0.0715931992654345,0.8672,0.1450031815853865,0.43104299902915955,0.7261,0.0706,0.996,,,,88.36257740819806,,,,
2180,P35557,K,104,W,NONSYN,0.4169292295856069,1.113501609215318,0.02805948648014792,-2.216833333333333,100.0,2.0,6.0,1.40149356009846,0.159432766684142,0.003836548946318249,1.4015,0.159432766684142,1.40149356009846,0.159432766684142,,0.159432766684142,0.11273599046568947,0.8291,0.5723612416017558,0.39731132984161377,1.3588,0.1085,1.0,,,,88.36257740819806,,,,
2181,P35557,K,104,H,NONSYN,0.4436698866414692,1.209103443097088,0.07631282568343813,-0.8412999999999999,100.0,2.0,6.0,0.7227860604797279,0.173662590207537,0.23588017926047997,0.7228,0.173662590207537,0.7227860604797279,0.173662590207537,,0.173662590207537,0.12279799517416992,0.9901,0.2672889317001427,0.4737550914287567,0.7396,0.1189,0.9990000000000001,,,,88.36257740819806,,,,
2182,P35557,K,104,Q,NONSYN,0.4867518824335938,0.6069681551015697,0.14991915650008603,0.19553333333333334,100.0,2.0,6.0,1.32428782739675,0.0911211218408605,0.006470077979285924,1.3243,0.0911211218408605,1.32428782739675,0.0911211218408605,,0.0911211218408605,0.06443236316299808,0.8313,0.4929662302974458,0.4917243719100952,1.316,0.0639,0.192,,,,88.36257740819806,,,,
2183,P35557,K,104,*,STOP,,,,,100.0,2.0,6.0,0.420500835683176,0.05,0.6473614490164555,0.4205,0.05,0.420500835683176,0.05,,0.05,0.035355339059327376,,,,0.4205,0.0354,,,,,88.36257740819806,,,,
2184,P35557,H,105,S,NONSYN,0.4274947371973565,0.35529034775961105,0.1467860244174379,-0.8565666666666667,100.0,2.0,6.0,2.13993851826673,0.11661943851904301,1.7949898569336618e-05,2.1399,0.11661943851904301,2.13993851826673,0.11661943851904301,,0.11661943851904301,0.08246239579498298,0.6643,1.475670561056189,0.5406162142753601,2.1064,0.0815,0.47,,,,97.71357387324194,,,,
2185,P35557,H,105,A,NONSYN,0.3450641386058211,0.3554132982908287,0.1228739030463335,-1.3736666666666668,100.0,2.0,6.0,0.8397649068791391,0.160150943274628,0.13085753740456657,0.8398,0.160150943274628,0.8397649068791391,0.160150943274628,,0.160150943274628,0.11324381800291156,0.6647,0.17506135892457975,0.5092172622680664,0.8315,0.1105,0.47,,,,97.71357387324194,,,,
2186,P35557,H,105,V,NONSYN,0.3100277196420108,0.13274038302928512,0.1369194567803894,-2.3561,100.0,2.0,6.0,0.140831695396691,0.216785164316432,0.896952292945984,0.1408,0.216785164316432,0.140831695396691,0.216785164316432,,0.216785164316432,0.15329025974878902,0.4259,0.28507466475269255,0.4811728596687317,0.1671,0.1461,0.64,,,,97.71357387324194,,,,
2187,P35557,H,105,R,NONSYN,0.40896647076546666,0.36494169330082166,0.18913727644070974,-0.5006666666666667,100.0,2.0,6.0,0.5921391516706489,0.39615934728637003,0.4032306793981685,0.5921,0.39615934728637003,0.5921391516706489,0.39615934728637003,,0.39615934728637003,0.28012696089662875,0.6921,0.09996727409152761,0.5270050764083862,0.6142,0.2474,0.392,,,,97.71357387324194,,,,
2188,P35557,H,105,D,NONSYN,0.31424584995616583,0.9752845979065446,0.05190588226270809,-1.1517666666666666,100.0,2.0,6.0,0.32503229396341604,0.491211397321845,0.7592920890106369,0.325,0.491211397321845,0.32503229396341604,0.491211397321845,,0.491211397321845,0.3473389100423961,0.8944,0.5693646071672602,0.40353599190711975,0.5673,0.2633,0.327,,,,97.71357387324194,,,,
2189,P35557,H,105,F,NONSYN,0.4107279990990593,0.43358511102181474,0.1290109067329784,-1.2622333333333333,100.0,2.0,6.0,0.6499571432300151,0.0473728412006629,0.3238141947449347,0.65,0.0473728412006629,0.6499571432300151,0.0473728412006629,,0.0473728412006629,0.033497657257062205,0.5925,0.05741789237933759,0.506912350654602,0.6497,0.0334,0.981,,,,97.71357387324194,,,,
2190,P35557,H,105,T,NONSYN,0.34470915542349684,0.6049181146908568,0.12228862661162997,-1.2422333333333333,100.0,2.0,6.0,0.13595813222288902,0.18069779057459998,0.8993604321531415,0.136,0.18069779057459998,0.13595813222288902,0.18069779057459998,,0.18069779057459998,0.12777263306072625,0.8291,0.6931246548140068,0.4794226586818695,0.1819,0.1235,0.563,,,,97.71357387324194,,,,
2191,P35557,H,105,I,NONSYN,0.4064210844894963,0.19621153295653068,0.1421907806036183,-2.3591,100.0,2.0,6.0,-0.0495817543850457,0.143222761746774,0.9597761428845983,-0.0496,0.143222761746774,-0.0495817543850457,0.143222761746774,,0.143222761746774,0.10127378605140915,0.4603,0.5098787428722894,0.5045271515846252,-0.0298,0.0993,0.924,,,,97.71357387324194,,,,
2192,P35557,H,105,L,NONSYN,0.37474439086043504,0.49651351987748843,0.0660703403005574,-2.1879333333333335,100.0,2.0,6.0,0.350916710217712,0.169447310795593,0.7316595696767662,0.3509,0.169447310795593,0.350916710217712,0.169447310795593,,0.169447310795593,0.11981734251738828,0.7266,0.3757090899150395,0.4036778211593628,0.3813,0.1149,0.563,,,,97.71357387324194,,,,
2193,P35557,H,105,K,NONSYN,0.3667056690225641,1.100417073274709,0.13915837753084453,-0.8806333333333333,100.0,2.0,6.0,-0.0954416582785639,0.229912126977178,0.9679819600506906,-0.0954,0.229912126977178,-0.0954416582785639,0.229912126977178,,0.229912126977178,0.16257242406258512,0.9294,1.0248673746787105,0.5133979916572571,-0.002,0.155,0.002,,,,97.71357387324194,,,,
2194,P35557,H,105,G,NONSYN,0.2666216007931661,0.6153452280488403,0.08652173140266232,-1.8095333333333334,100.0,2.0,6.0,1.39829061862082,0.105198149525981,0.003921266704009428,1.3983,0.105198149525981,1.39829061862082,0.105198149525981,,0.105198149525981,0.07438632489809754,0.8313,0.5669690215215157,0.44112566113471985,1.3826,0.0734,0.47,,,,97.71357387324194,,,,
2195,P35557,H,105,Y,NONSYN,0.3971056557325536,0.6162847101240962,0.19505345839578014,-0.05406666666666666,100.0,2.0,6.0,0.926560472326391,0.06578008217168599,0.080449538243083,0.9266,0.06578008217168599,0.926560472326391,0.06578008217168599,,0.06578008217168599,0.04651354217060748,0.8044,0.12220908291827948,0.48870640993118286,0.9255,0.0463,0.917,,,,97.71357387324194,,,,
2196,P35557,H,105,N,NONSYN,0.4170819178402928,0.807142757370544,0.10322085517579994,0.08810000000000001,100.0,2.0,6.0,0.353986330587048,0.70524502097588,0.7282425854480358,0.354,0.70524502097588,0.353986330587048,0.70524502097588,,0.70524502097588,0.4986835367300937,0.8859,0.5319525522407108,0.43394383788108826,0.6567,0.3274,0.001,,,,97.71357387324194,,,,
2197,P35557,H,105,C,NONSYN,0.3215631552657849,0.1473888837431191,0.07311367028505601,-2.231333333333333,100.0,2.0,6.0,0.0968861932551891,0.5368609941059539,0.9168447453354884,0.0969,0.5368609941059539,0.0968861932551891,0.5368609941059539,,0.5368609941059539,0.3796180494868711,0.308,0.21115856816410716,0.3551052510738373,0.2095,0.2593,0.991,,,,97.71357387324194,,,,
2198,P35557,H,105,P,NONSYN,0.3372425756544121,0.8546733078331865,0.11894548183354091,-1.7345333333333333,100.0,2.0,6.0,0.6097142884696509,0.315128534468723,0.37841810562815437,0.6097,0.315128534468723,0.6097142884696509,0.315128534468723,,0.315128534468723,0.2228295236682127,0.8818,0.2720700314079736,0.4684264659881592,0.6599,0.2012,0.8740000000000001,,,,97.71357387324194,,,,
2199,P35557,H,105,E,NONSYN,0.22798112642128554,0.8788786705529383,0.11140564219055754,-0.7021666666666667,100.0,2.0,6.0,0.836280407593981,0.306075550096591,0.13333540484251855,0.8363,0.306075550096591,0.836280407593981,0.306075550096591,,0.306075550096591,0.2164280970287023,0.8672,0.03094374926255583,0.4682425260543823,0.8417,0.1965,0.26899999999999996,,,,97.71357387324194,,,,
2200,P35557,H,105,M,NONSYN,0.34585524966568515,0.7782946269359826,0.0855323569651843,-1.5882666666666667,100.0,2.0,6.0,0.280324619419582,0.4866909196760821,0.8019815208134103,0.2803,0.4866909196760821,0.280324619419582,0.4866909196760821,,0.4866909196760821,0.34414244964487495,0.7773,0.49697621523617974,0.4455804228782654,0.466,0.2724,0.993,,,,97.71357387324194,,,,
2201,P35557,H,105,W,NONSYN,0.3935142425056496,0.7627765088366844,0.13889258343435493,-1.7288,100.0,2.0,6.0,0.885404685459158,0.0820353321209619,0.10176422449263474,0.8854,0.0820353321209619,0.885404685459158,0.0820353321209619,,0.0820353321209619,0.05800773963962275,0.7464,0.13899216981889917,0.5175603628158569,0.8837,0.0576,0.998,,,,97.71357387324194,,,,
2202,P35557,H,105,H,SYN,,,,,,,,,,,,,,,,,,,,,,,,,,,97.71357387324194,,,,
2203,P35557,H,105,Q,NONSYN,0.3372315255555827,0.6242286515280293,0.19128800091080608,0.006400000000000017,100.0,2.0,6.0,0.902728648114592,0.174678451232961,0.09226047096900371,0.9027,0.174678451232961,0.902728648114592,0.174678451232961,,0.174678451232961,0.12351631739399035,0.8354,0.06728920452633513,0.5008977055549622,0.8989,0.1199,0.573,,,,97.71357387324194,,,,
2204,P35557,H,105,*,STOP,,,,,100.0,2.0,6.0,1.59946892324026,0.05,0.0009698326401951486,1.5995,0.05,1.59946892324026,0.05,,0.05,0.035355339059327376,,,,1.5995,0.0354,,,,,97.71357387324194,,,,
2205,P35557,Q,106,S,NONSYN,0.4409447200841817,0.8500417725845333,0.0421728150148703,-0.6639,100.0,2.0,6.0,1.06507642075953,0.20774431424218104,0.03487624186209223,1.0651,0.20774431424218104,1.06507642075953,0.20774431424218104,,0.20774431424218104,0.14689741335359527,0.8891,0.17596174285349364,0.40535956621170044,1.0447,0.1381,0.513,,,,59.03065956527765,,,,
2206,P35557,Q,106,A,NONSYN,0.4409062194732345,0.7780253022166597,0.06235374403199112,-0.7354333333333333,100.0,2.0,6.0,0.8586821593967299,0.149501823655737,0.11805492707988648,0.8587,0.149501823655737,0.8586821593967299,0.149501823655737,,0.149501823655737,0.10571375330672703,0.8718,0.013073798206724718,0.40968501567840576,0.8595,0.1024,0.34600000000000003,,,,59.03065956527765,,,,
2207,P35557,Q,106,V,NONSYN,0.3518917047261823,0.527971490295287,0.06821970022384485,-1.6304999999999998,100.0,2.0,6.0,0.659960222844139,0.19623826449710702,0.3108283904001045,0.66,0.19623826449710702,0.659960222844139,0.19623826449710702,,0.19623826449710702,0.13876140755418367,0.7855,0.1255873912534562,0.4223988354206085,0.6722,0.1318,0.23399999999999999,,,,59.03065956527765,,,,
2208,P35557,Q,106,R,NONSYN,0.4495753804079927,0.7384222694839356,0.08871682177946295,0.14876666666666669,100.0,2.0,6.0,0.430612304993479,0.0759181831023048,0.6340229844941971,0.4306,0.0759181831023048,0.430612304993479,0.0759181831023048,,0.0759181831023048,0.05368226208700169,0.8718,0.44114365260997557,0.41109389066696167,0.438,0.0532,0.094,,,,59.03065956527765,,,,
2209,P35557,Q,106,D,NONSYN,0.3761251669021567,0.7941507992059034,0.0709009957228887,-0.7075333333333332,100.0,2.0,6.0,0.810305668428999,0.0430056145400905,0.15302024203135525,0.8103,0.0430056145400905,0.810305668428999,0.0430056145400905,,0.0430056145400905,0.030409561670392778,0.8696,0.0592591032232227,0.40968501567840576,0.8106,0.0303,0.434,,,,59.03065956527765,,,,
2210,P35557,Q,106,F,NONSYN,0.46856681542106005,0.7483134787714274,0.047625607812816106,-2.0619666666666667,100.0,2.0,6.0,0.432924707944313,0.0380023493019495,0.630938799709663,0.4329,0.0380023493019495,0.432924707944313,0.0380023493019495,,0.0380023493019495,0.02687171889242835,0.8549,0.422012249415001,0.3884333670139313,0.4349,0.0268,0.91,,,,59.03065956527765,,,,
2211,P35557,Q,106,T,NONSYN,0.4922881604041325,0.9113547495284197,0.06117278727702193,-0.6848333333333333,100.0,2.0,6.0,0.45869381746145005,0.15803995103961,0.5957944711386137,0.4587,0.15803995103961,0.45869381746145005,0.15803995103961,,0.15803995103961,0.11175112107849818,0.8996,0.4408644882789064,0.39639392495155334,0.4912,0.1076,0.09,,,,59.03065956527765,,,,
2212,P35557,Q,106,I,NONSYN,0.4593577312581562,0.5852850919044167,0.0479269384348626,-2.0460000000000003,100.0,2.0,6.0,0.922009868545345,0.0304287069210388,0.08259656733879,0.922,0.0304287069210388,0.922009868545345,0.0304287069210388,,0.0304287069210388,0.021516345006604567,0.7808,0.14122734777431833,0.4014977812767029,0.9216,0.0215,0.879,,,,59.03065956527765,,,,
2213,P35557,Q,106,L,NONSYN,0.47697605168164703,0.478589038528745,0.06267145872868024,-1.5785,100.0,2.0,6.0,0.77662236730489,0.122324227965112,0.18184544539074596,0.7766,0.122324227965112,0.77662236730489,0.122324227965112,,0.122324227965112,0.0864962910975398,0.7126,0.06407178680333359,0.4256103038787842,0.7741,0.0848,0.434,,,,59.03065956527765,,,,
2214,P35557,Q,106,K,NONSYN,0.3813325671505154,0.7423321974970762,0.08887690251179937,0.2974666666666667,100.0,2.0,6.0,0.42680986825000705,0.0692781226376015,0.6390675403006882,0.4268,0.0692781226376015,0.42680986825000705,0.0692781226376015,,0.0692781226376015,0.048987030304921284,0.8859,0.45912901457775174,0.4046994745731354,0.4334,0.0486,0.001,,,,59.03065956527765,,,,
2215,P35557,Q,106,G,NONSYN,0.4132083883745238,0.712771109240081,0.07522842844579868,-1.6385666666666667,100.0,2.0,6.0,0.10556136600975699,0.14287216451273999,0.9132304976109391,0.1056,0.14287216451273999,0.10556136600975699,0.14287216451273999,,0.14287216451273999,0.10102587636975845,0.8454,0.7398322320699244,0.42430388927459717,0.1453,0.0983,0.7190000000000001,,,,59.03065956527765,,,,
2216,P35557,Q,106,Y,NONSYN,0.4840075968099441,0.4511683248065827,0.06694888735454783,-1.4618333333333335,100.0,2.0,6.0,0.628475012005264,0.0434894593798327,0.3525300683055987,0.6285,0.0434894593798327,0.628475012005264,0.0434894593798327,,0.0434894593798327,0.030751691637616606,0.7012,0.07267695504338101,0.4256103038787842,0.6289,0.0307,0.7140000000000001,,,,59.03065956527765,,,,
2217,P35557,Q,106,N,NONSYN,0.4518295354764143,0.7922754052269599,0.056142094694405,-0.35083333333333333,100.0,2.0,6.0,1.0142835082066,0.0513742123047479,0.047712564792808825,1.0143,0.0513742123047479,1.0142835082066,0.0513742123047479,,0.0513742123047479,0.03632705389880461,0.8696,0.14471873655437828,0.410808265209198,1.0132,0.0362,0.434,,,,59.03065956527765,,,,
2218,P35557,Q,106,C,NONSYN,0.4511413301447636,0.6716315997779323,0.04765590858213024,-1.9530666666666667,100.0,2.0,6.0,0.6629703449247979,0.0373123397014993,0.30697233504211874,0.663,0.0373123397014993,0.6629703449247979,0.0373123397014993,,0.0373123397014993,0.026383808424866196,0.7266,0.06359453926099312,0.41248947381973267,0.6632,0.0263,0.9840000000000001,,,,59.03065956527765,,,,
2219,P35557,Q,106,P,NONSYN,0.4853050517411639,0.6212637322572013,0.04820740834549828,-1.2671333333333334,100.0,2.0,6.0,-0.124848130456356,0.13160746081209698,0.97233167494558,-0.1248,0.13160746081209698,-0.124848130456356,0.13160746081209698,,0.13160746081209698,0.09306052799497658,0.8036,0.9284975559629478,0.41897323727607727,-0.0812,0.0908,0.805,,,,59.03065956527765,,,,
2220,P35557,Q,106,E,NONSYN,0.4564313440073604,0.5438652017462288,0.08968971241492762,0.2536666666666667,100.0,2.0,6.0,1.02221085550255,0.0467645746536944,0.04545644605110987,1.0222,0.0467645746536944,1.02221085550255,0.0467645746536944,,0.0467645746536944,0.03306754785693185,0.7939,0.22833826066917595,0.42295587062835693,1.0208,0.033,0.142,,,,59.03065956527765,,,,
2221,P35557,Q,106,M,NONSYN,0.4050622568485636,0.9793473627876198,0.061530392249268186,-0.5147333333333333,100.0,2.0,6.0,0.8811374899278709,0.0883943194704871,0.10422991827658684,0.8811,0.0883943194704871,0.8811374899278709,0.0883943194704871,,0.0883943194704871,0.0625042227159515,0.861,0.020119487894637245,0.410808265209198,0.8807,0.0618,0.9570000000000001,,,,59.03065956527765,,,,
2222,P35557,Q,106,W,NONSYN,0.4710687255935087,0.514047985386262,0.06406816187669566,-1.6665666666666665,100.0,2.0,6.0,0.701730737571214,0.21998868797178303,0.2596421266606062,0.7017,0.21998868797178303,0.701730737571214,0.21998868797178303,,0.21998868797178303,0.15555549304917926,0.5495,0.1521989201349957,0.4267677664756775,0.6839,0.1461,0.997,,,,59.03065956527765,,,,
2223,P35557,Q,106,H,NONSYN,0.4843682171858765,0.6265443429153453,0.02661448461551068,0.3949666666666667,100.0,2.0,6.0,0.7741734319952,0.366378728140101,0.1840899769441861,0.7742,0.366378728140101,0.7741734319952,0.366378728140101,,0.366378728140101,0.25906888315036797,0.8634,0.08920330464573023,0.35867923498153687,0.8048,0.21,0.002,,,,59.03065956527765,,,,
2224,P35557,Q,106,Q,SYN,,,,,100.0,2.0,6.0,1.53626629110089,0.05,0.001512317859067705,1.5363,0.05,1.53626629110089,0.05,,0.05,0.035355339059327376,,,,1.5363,0.0354,,,,,59.03065956527765,,,,
2225,P35557,Q,106,*,STOP,,,,,100.0,2.0,6.0,-0.269740934623591,0.05,0.9864333705262318,-0.2697,0.05,-0.269740934623591,0.05,,0.05,0.035355339059327376,,,,-0.2697,0.0354,,,,,59.03065956527765,,,,
2226,P35557,M,107,S,NONSYN,0.31494457442558743,0.301205260847599,0.051420423249804635,-1.5281333333333336,100.0,2.0,6.0,0.47752623238530606,0.0870580241074346,0.569333151368861,0.4775,0.0870580241074346,0.47752623238530606,0.0870580241074346,,0.0870580241074346,0.06155931920306893,0.6113,0.13377578578028232,0.43522173166275024,0.4802,0.061,0.395,,,,101.49022848237786,,,,
2227,P35557,M,107,A,NONSYN,0.38040172866410704,0.32208249201827166,0.17141243077961896,-1.2302,100.0,2.0,6.0,0.6289208571142549,0.13984665171826802,0.351923455928849,0.6289,0.13984665171826802,0.6289208571142549,0.13984665171826802,,0.13984665171826802,0.09888651575622065,0.6853,0.05640941460663129,0.5289800763130188,0.6308,0.0972,0.11699999999999999,,,,101.49022848237786,,,,
2228,P35557,M,107,V,NONSYN,0.43335182923768345,0.7758907296839478,0.07750087870040144,-0.17053333333333334,100.0,2.0,6.0,-0.0522621036130396,0.19964955174752802,0.9603093101111273,-0.0523,0.19964955174752802,-0.0522621036130396,0.19964955174752802,,0.19964955174752802,0.14117355190153158,0.8859,0.9382009864407984,0.4155394732952118,0.0448,0.1337,0.009000000000000001,,,,101.49022848237786,,,,
2229,P35557,M,107,R,NONSYN,0.4133638176812908,0.392104682581841,0.17350235010358192,-1.2179,100.0,2.0,6.0,0.418854285423547,0.0811288654821577,0.6495100145085738,0.4189,0.0811288654821577,0.418854285423547,0.0811288654821577,,0.0811288654821577,0.05736677093240493,0.7007,0.281800638492316,0.5289800763130188,0.4221,0.057,0.16399999999999998,,,,101.49022848237786,,,,
2230,P35557,M,107,D,NONSYN,,0.781545023264166,0.03203436711515349,-1.9705666666666666,100.0,2.0,6.0,0.246582811947102,0.10044294608711099,0.8300289745064641,0.2466,0.10044294608711099,0.246582811947102,0.10044294608711099,,0.10044294608711099,0.07102388830055098,0.8631,0.6164944113538319,0.3962135910987854,0.2658,0.0699,0.677,,,,101.49022848237786,,,,
2231,P35557,M,107,F,NONSYN,0.3024433202519795,0.44840947027072947,0.05994913751684003,-0.4272,100.0,2.0,6.0,0.6747048380988181,0.0309150807300725,0.2921785366574345,0.6747,0.0309150807300725,0.6747048380988181,0.0309150807300725,,0.0309150807300725,0.021860263225163826,0.7365,0.06181139916009304,0.42588168382644653,0.6749,0.0218,0.006999999999999999,,,,101.49022848237786,,,,
2232,P35557,M,107,T,NONSYN,0.4428972613017431,0.7005722591325939,0.041575445292377715,-0.9479666666666667,100.0,2.0,6.0,0.343548879565248,0.14091096897618302,0.7397408156099203,0.3435,0.14091096897618302,0.343548879565248,0.14091096897618302,,0.14091096897618302,0.09963910170662622,0.8444,0.5008880043611437,0.4177708029747009,0.3705,0.0969,0.068,,,,101.49022848237786,,,,
2233,P35557,M,107,I,NONSYN,0.5092966528428504,0.33883039535016185,0.05211359852692881,0.1806,100.0,2.0,6.0,0.599025716093045,0.319663683361174,0.3934514546882584,0.599,0.319663683361174,0.599025716093045,0.319663683361174,,0.319663683361174,0.22603635820375548,0.7314,0.13239444324685978,0.41153982281684875,0.6297,0.1981,0.009000000000000001,,,,101.49022848237786,,,,
2234,P35557,M,107,L,NONSYN,0.4802407566174219,0.4071561501929411,0.0891317863832254,0.0198,100.0,2.0,6.0,0.394048451564707,0.0898287425946213,0.6810280565018322,0.394,0.0898287425946213,0.394048451564707,0.0898287425946213,,0.0898287425946213,0.06351851303411758,0.7422,0.3481685527344568,0.4261673092842102,0.4016,0.0628,0.0,,,,101.49022848237786,,,,
2235,P35557,M,107,K,NONSYN,0.4908604207297649,0.4693467966424003,0.05632513547364256,-1.2170333333333332,100.0,2.0,6.0,0.187127943241869,0.7009505658108659,0.8712835424518761,0.1871,0.7009505658108659,0.187127943241869,0.7009505658108659,,0.7009505658108659,0.4956468983614106,0.7202,0.5330779598114147,0.42413729429244995,0.4949,0.3223,0.083,,,,101.49022848237786,,,,
2236,P35557,M,107,G,NONSYN,0.2313069645088376,0.35992422016181336,0.03826709561608161,-2.044633333333333,100.0,2.0,6.0,1.5114452212541598,0.0469225603634754,0.0017982194943351134,1.5114,0.0469225603634754,1.5114452212541598,0.0469225603634754,,0.0469225603634754,0.033179260623648565,0.6647,0.8467416732996005,0.4286169409751892,1.5064,0.0331,0.395,,,,101.49022848237786,,,,
2237,P35557,M,107,Y,NONSYN,,0.38594826421017664,0.03576460801554941,-1.5137666666666665,100.0,2.0,6.0,0.223297222297573,0.17929932764454898,0.8473799521898939,0.2233,0.17929932764454898,0.223297222297573,0.17929932764454898,,0.17929932764454898,0.12678377043964917,0.6863,0.4629583519288064,0.42365768551826477,0.2614,0.1215,0.56,,,,101.49022848237786,,,,
2238,P35557,M,107,N,NONSYN,0.3182579182514713,0.766297286266603,0.06143566776460163,-1.7266666666666666,100.0,2.0,6.0,0.45701334148513706,0.110279828493021,0.5981264764717876,0.457,0.110279828493021,0.45701334148513706,0.110279828493021,,0.110279828493021,0.07797961455550458,0.8631,0.4060638818157968,0.4093344211578369,0.4712,0.0766,0.677,,,,101.49022848237786,,,,
2239,P35557,M,107,C,NONSYN,,0.332614633805609,0.05046975808274471,-1.5218999999999998,100.0,2.0,6.0,0.383298113511276,0.0965538274442789,0.6941629622001054,0.3833,0.0965538274442789,0.383298113511276,0.0965538274442789,,0.0965538274442789,0.06827386613536539,0.6364,0.25308822138481163,0.43522173166275024,0.3894,0.0674,0.8740000000000001,,,,101.49022848237786,,,,
2240,P35557,M,107,P,NONSYN,0.29396488881585514,0.37673676509076204,0.03527044222609987,-1.7313666666666665,100.0,2.0,6.0,1.6256949050126601,0.240224290595043,0.0008054236264132332,1.6257,0.240224290595043,1.6256949050126601,0.240224290595043,,0.240224290595043,0.16986422488548267,0.6841,0.9416120392976333,0.42365768551826477,1.4953,0.1577,0.677,,,,101.49022848237786,,,,
2241,P35557,M,107,E,NONSYN,0.3715633530173947,0.793242897743915,0.06497501167791685,-1.7125666666666666,100.0,2.0,6.0,0.376176507053201,0.0640955921488957,0.7026801336199187,0.3762,0.0640955921488957,0.376176507053201,0.0640955921488957,,0.0640955921488957,0.04532242785265138,0.8746,0.4984427384759738,0.4093344211578369,0.3822,0.045,0.073,,,,101.49022848237786,,,,
2242,P35557,M,107,M,SYN,,,,,,,,,,,,,,,,,,,,,,,,,,,101.49022848237786,,,,
2243,P35557,M,107,W,NONSYN,0.17309253470131644,0.3611694870169074,0.16757961426115012,-1.278,100.0,2.0,6.0,0.36026524738939897,0.17597271703023395,0.7211620458889716,0.3603,0.17597271703023395,0.36026524738939897,0.17597271703023395,,0.17597271703023395,0.12443150151589988,0.5617,0.2014566139730583,0.5334538221359253,0.3707,0.1212,0.975,,,,101.49022848237786,,,,
2244,P35557,M,107,H,NONSYN,,0.3613738560647184,0.052201527249591706,-1.4892,100.0,2.0,6.0,0.297020446733948,0.0782444132285237,0.7867860983559983,0.297,0.0782444132285237,0.297020446733948,0.0782444132285237,,0.0782444132285237,0.055327155183851506,0.6364,0.33936588816213964,0.44303271174430847,0.3022,0.0549,0.9159999999999999,,,,101.49022848237786,,,,
2245,P35557,M,107,Q,NONSYN,0.13890249407095925,0.3219972046836755,0.05805724517297206,-0.3912,100.0,2.0,6.0,1.05394163485998,0.0705289934100741,0.03737860459345748,1.0539,0.0705289934100741,1.05394163485998,0.0705289934100741,,0.0705289934100741,0.04987152951052471,0.6702,0.3837267434262641,0.42588168382644653,1.0488,0.0495,0.743,,,,101.49022848237786,,,,
2246,P35557,M,107,*,STOP,,,,,100.0,2.0,6.0,-0.268479982499291,0.05,0.9863498267716133,-0.2685,0.05,-0.268479982499291,0.05,,0.05,0.035355339059327376,,,,-0.2685,0.0354,,,,,101.49022848237786,,,,
2247,P35557,Y,108,S,NONSYN,0.38834274260646795,-0.13412246408972997,0.05267097165980535,-1.5604666666666667,100.0,2.0,6.0,-0.0552565599431504,0.0999328942730091,0.960896580018743,-0.0553,0.0999328942730091,-0.0552565599431504,0.0999328942730091,,0.0999328942730091,0.07066322720404303,0.1036,0.15881498107809913,0.2836664319038391,-0.046,0.0686,1.0,,,,28.7921019277068,,,,
2248,P35557,Y,108,A,NONSYN,0.20972259918765807,-0.15624573300694813,0.15142854497018005,-1.7107666666666665,100.0,2.0,6.0,0.0563474590112105,0.14526556263411902,0.9319070577439156,0.0563,0.14526556263411902,0.0563474590112105,0.14526556263411902,,0.14526556263411902,0.10271826441146471,0.1045,0.048144907302723826,0.30913567543029785,0.0611,0.0975,1.0,,,,28.7921019277068,,,,
2249,P35557,Y,108,V,NONSYN,0.299959060462427,-0.056680603622360104,0.04829795726990038,-1.5651000000000002,100.0,2.0,6.0,-0.28758214134526,0.133918922420816,0.9875603529501762,-0.2876,0.133918922420816,-0.28758214134526,0.133918922420816,,0.133918922420816,0.09469497817295416,0.1269,0.4145287098343347,0.28461822867393494,-0.2463,0.0899,1.0,,,,28.7921019277068,,,,
2250,P35557,Y,108,R,NONSYN,0.1371352939524294,-0.1171816894880265,0.15040494378490646,-1.7367666666666663,100.0,2.0,6.0,-0.0608446715455544,0.16328904369435399,0.9619692887724078,-0.0608,0.16328904369435399,-0.0608446715455544,0.16328904369435399,,0.16328904369435399,0.11546279008974415,0.1057,0.16653956156783223,0.31027036905288696,-0.0406,0.1082,1.0,,,,28.7921019277068,,,,
2251,P35557,Y,108,D,NONSYN,0.2808273038865437,0.078031591965159,0.06916004700332147,-2.4846,100.0,2.0,6.0,-0.314581581861279,0.162728369659542,0.98908482155627,-0.3146,0.162728369659542,-0.314581581861279,0.162728369659542,,0.162728369659542,0.11506633367769337,0.1406,0.45514203003098724,0.3406022787094116,-0.268,0.109,1.0,,,,28.7921019277068,,,,
2252,P35557,Y,108,F,NONSYN,0.4872780854634644,-0.20023639985054298,0.10592613942626539,-0.06290000000000003,100.0,2.0,6.0,0.612622401033213,0.0351838018718603,0.37436136140195153,0.6126,0.0351838018718603,0.612622401033213,0.0351838018718603,,0.0351838018718603,0.024878704891516362,0.2054,0.4072048275812171,0.3856281638145447,0.6109,0.0248,0.996,,,,28.7921019277068,,,,
2253,P35557,Y,108,T,NONSYN,0.3050153834687861,-0.13659730483918983,0.04986317897465214,-1.5653333333333332,100.0,2.0,6.0,-0.0478320376947709,0.123161222972644,0.9594242269923927,-0.0478,0.123161222972644,-0.0478320376947709,0.123161222972644,,0.123161222972644,0.08708813594318496,0.1036,0.15139045882971963,0.2779863774776459,-0.0343,0.0831,1.0,,,,28.7921019277068,,,,
2254,P35557,Y,108,I,NONSYN,0.28896106325248155,-0.10629327086282099,0.061514859518723645,-1.4040666666666668,100.0,2.0,6.0,-0.0257569294752229,0.0821285798983578,0.954710567802075,-0.0258,0.0821285798983578,-0.0257569294752229,0.0821285798983578,,0.0821285798983578,0.05807367577534997,0.1061,0.13185617740765698,0.2814214527606964,-0.0204,0.0569,0.998,,,,28.7921019277068,,,,
2255,P35557,Y,108,L,NONSYN,0.28126980143421565,-0.024281501650288972,0.05145703838929138,-1.3954666666666666,100.0,2.0,6.0,-0.27179223711281897,0.164917022131508,0.9865681508039792,-0.2718,0.164917022131508,-0.27179223711281897,0.164917022131508,,0.164917022131508,0.11661394468228123,0.1366,0.4083803635337937,0.2991268038749695,-0.2179,0.1086,0.991,,,,28.7921019277068,,,,
2256,P35557,Y,108,K,NONSYN,0.19614719212003395,-0.04486595732493264,0.09730816510149905,-1.7127333333333334,100.0,2.0,6.0,-0.277791868034836,0.513237896050147,0.9869544636502299,-0.2778,0.513237896050147,-0.277791868034836,0.513237896050147,,0.513237896050147,0.36291399665897534,0.108,0.3858287437596285,0.29064446687698364,-0.0427,0.2269,0.9990000000000001,,,,28.7921019277068,,,,
2257,P35557,Y,108,G,NONSYN,0.19871662093811185,-0.07077051421826334,0.07712361218905699,-2.3432,100.0,2.0,6.0,0.131824736688988,0.0742402322968947,0.9013616415188916,0.1318,0.0742402322968947,0.131824736688988,0.0742402322968947,,0.0742402322968947,0.05249577169399878,0.1048,0.027039234732048306,0.26711857318878174,0.1308,0.0515,1.0,,,,28.7921019277068,,,,
2258,P35557,Y,108,Y,SYN,,,,,100.0,2.0,6.0,0.34101537027058804,0.05,0.7424801650349345,0.341,0.05,0.34101537027058804,0.05,,0.05,0.035355339059327376,,,,0.341,0.0354,,,,,28.7921019277068,,,,
2259,P35557,Y,108,N,NONSYN,0.3952363274633001,-0.09409636018972663,0.1314826844155207,-1.7366333333333335,100.0,2.0,6.0,-0.13010065944045401,0.350249091989611,0.9730430098384877,-0.1301,0.350249091989611,-0.13010065944045401,0.350249091989611,,0.350249091989611,0.2476635080502848,0.1018,0.23193218500464774,0.3073558807373047,-0.0388,0.1928,1.0,,,,28.7921019277068,,,,
2260,P35557,Y,108,C,NONSYN,0.4586734907533599,-0.1171816894880265,0.15040494378490646,-1.7367666666666668,100.0,2.0,6.0,0.0442451177619063,0.0623111810228642,0.9358672317221142,0.0442,0.0623111810228642,0.0442451177619063,0.0623111810228642,,0.0623111810228642,0.044060658645009784,0.0992,0.054936415097895944,0.31027036905288696,0.0453,0.0436,1.0,,,,28.7921019277068,,,,
2261,P35557,Y,108,P,NONSYN,0.23460250402828794,-0.09432680800551367,0.05170524605759285,-2.446166666666667,100.0,2.0,6.0,0.20249361805073898,0.253879411653072,0.8615657234156007,0.2025,0.253879411653072,0.20249361805073898,0.253879411653072,,0.253879411653072,0.1795198535835382,0.0872,0.11531511954419296,0.26343250274658203,0.1659,0.1483,1.0,,,,28.7921019277068,,,,
2262,P35557,Y,108,E,NONSYN,0.2834825200829025,-0.022614282016211237,0.0725786780879231,-2.2428666666666666,100.0,2.0,6.0,-0.10022357884425,0.127002559321545,0.9687338531979228,-0.1002,0.127002559321545,-0.10022357884425,0.127002559321545,,0.127002559321545,0.08980437092431123,0.1067,0.2068800706006892,0.2668485939502716,-0.0792,0.0851,1.0,,,,28.7921019277068,,,,
2263,P35557,Y,108,M,NONSYN,0.28510862464089565,-0.13022357966106043,0.048927127208766234,-1.5896,100.0,2.0,6.0,-0.06695321322915901,0.129742814730198,0.9631081026880758,-0.067,0.129742814730198,-0.06695321322915901,0.129742814730198,,0.129742814730198,0.09174202410595289,0.1036,0.17051163436410774,0.2779863774776459,-0.0502,0.0871,1.0,,,,28.7921019277068,,,,
2264,P35557,Y,108,W,NONSYN,0.3374643971404331,0.11473621009612102,0.10457130693225257,0.17450000000000002,100.0,2.0,6.0,-0.332295428806779,0.0798204106626663,0.9899785653998436,-0.3323,0.0798204106626663,-0.332295428806779,0.0798204106626663,,0.0798204106626663,0.056441553656666345,0.2759,0.6081568708958598,0.37729981541633606,-0.319,0.0558,1.0,,,,28.7921019277068,,,,
2265,P35557,Y,108,H,NONSYN,0.37993420185509386,0.08485668091707037,0.02823935542685455,0.2750666666666666,100.0,2.0,6.0,-0.242656841269627,0.43456857301589297,0.9845168707896621,-0.2427,0.43456857301589297,-0.242656841269627,0.43456857301589297,,0.43456857301589297,0.3072863848700992,0.255,0.4976883077536968,0.34315407276153564,-0.0212,0.2289,1.0,,,,28.7921019277068,,,,
2266,P35557,Y,108,Q,NONSYN,0.2421324616458889,-0.1215007932724003,0.053112002095655114,-1.3627666666666667,100.0,2.0,6.0,0.019865637753515,0.155185633310918,0.9431738102874355,0.0199,0.155185633310918,0.019865637753515,0.155185633310918,,0.155185633310918,0.10973281365687909,0.1036,0.08369278338143374,0.2814214527606964,0.0309,0.1022,1.0,,,,28.7921019277068,,,,
2267,P35557,Y,108,*,STOP,,,,,100.0,2.0,6.0,0.784504812212319,0.05,0.17475881272377228,0.7845,0.05,0.784504812212319,0.05,,0.05,0.035355339059327376,,,,0.7845,0.0354,,,,,28.7921019277068,C,118.0,,
2268,P35557,S,109,S,SYN,,,,,100.0,2.0,6.0,0.745491315562611,0.05,0.21189556497641504,0.7455,0.05,0.745491315562611,0.05,,0.05,0.035355339059327376,,,,0.7455,0.0354,,,,,76.85064044403843,,,,
2269,P35557,S,109,A,NONSYN,0.4563330621977513,0.74015927868868,0.0726963971527929,-0.01466666666666668,100.0,2.0,6.0,0.617659855404521,0.0694051618236919,0.36737079658226723,0.6177,0.0694051618236919,0.617659855404521,0.0694051618236919,,0.0694051618236919,0.049076860574882225,0.8859,0.26827902742323784,0.3879123032093048,0.6219,0.0487,0.013999999999999999,,,,76.85064044403843,,,,
2270,P35557,S,109,V,NONSYN,0.3566796973350173,0.7232943085883045,0.09671810963868542,-1.3498999999999999,100.0,2.0,6.0,0.553674859138182,0.16451359497069198,0.45881703361813636,0.5537,0.16451359497069198,0.553674859138182,0.16451359497069198,,0.16451359497069198,0.1163286786011534,0.8512,0.29752703276092685,0.4435529410839081,0.5728,0.1125,0.634,,,,76.85064044403843,,,,
2271,P35557,S,109,R,NONSYN,0.5078165034060199,0.48341195041159163,0.0784037853589021,-0.9542999999999999,100.0,2.0,6.0,0.40311177441243107,0.107247198489829,0.6697026090262947,0.4031,0.107247198489829,0.40311177441243107,0.107247198489829,,0.107247198489829,0.07583522131541774,0.535,0.13186154893275326,0.43489882349967957,0.407,0.0747,0.99,,,,76.85064044403843,,,,
2272,P35557,S,109,D,NONSYN,0.26426002389568154,0.4429251577855551,0.03575168180546946,-0.6365333333333334,100.0,2.0,6.0,0.144172042413225,0.0858297507796678,0.8952709466802585,0.1442,0.0858297507796678,0.144172042413225,0.0858297507796678,,0.0858297507796678,0.06069079880385446,0.6772,0.5330742301507093,0.42633724212646484,0.1548,0.0601,0.884,,,,76.85064044403843,,,,
2273,P35557,S,109,F,NONSYN,0.4400921079880442,0.4929615715680768,0.03400430617112319,-1.7383,100.0,2.0,6.0,0.976991433761208,0.0408500302891816,0.059769389818351844,0.977,0.0408500302891816,0.976991433761208,0.0408500302891816,,0.0408500302891816,0.028885333429156168,0.6031,0.3739251681781697,0.43635642528533936,0.9754,0.0288,0.961,,,,76.85064044403843,,,,
2274,P35557,S,109,T,NONSYN,0.5032644910640633,0.48850578845051035,0.07332622156891365,-0.06083333333333333,100.0,2.0,6.0,1.3726203261190302,0.0562284758586792,0.004669126361281813,1.3726,0.0562284758586792,1.3726203261190302,0.0562284758586792,,0.0562284758586792,0.03975953657545614,0.7337,0.6389636812978632,0.41898655891418457,1.3669,0.0396,0.099,,,,76.85064044403843,,,,
2275,P35557,S,109,I,NONSYN,0.40690641070991895,0.7054046261594135,0.03086361732729292,-1.7275666666666665,100.0,2.0,6.0,0.33966226998719795,0.0730470007625053,0.7439348894005989,0.3397,0.0730470007625053,0.33966226998719795,0.0730470007625053,,0.0730470007625053,0.0516520295845064,0.7656,0.42591206606474297,0.4210566282272339,0.346,0.0513,0.9420000000000001,,,,76.85064044403843,,,,
2276,P35557,S,109,L,NONSYN,0.393745075519064,0.815574837409082,0.022248997744546004,-1.7093,100.0,2.0,6.0,0.0091516362381922,0.116497527228672,0.9461201549594084,0.0092,0.116497527228672,0.0091516362381922,0.116497527228672,,0.116497527228672,0.08237619149485843,0.8772,0.8680421723174109,0.39965760707855225,0.0445,0.0807,0.698,,,,76.85064044403843,,,,
2277,P35557,S,109,K,NONSYN,0.33912790346884786,0.27393667019333706,0.07248824958997428,-0.6167666666666666,100.0,2.0,6.0,0.790066954441892,0.1148620750127,0.1698844138866479,0.7901,0.1148620750127,0.790066954441892,0.1148620750127,,0.1148620750127,0.08121975214263806,0.6011,0.1889184086998571,0.4398539066314697,0.7838,0.0799,0.904,,,,76.85064044403843,,,,
2278,P35557,S,109,G,NONSYN,0.4188135801978989,0.43534605613328975,0.036379813368789184,-0.6509999999999999,100.0,2.0,6.0,0.166909347370021,0.0809394890025182,0.8831364995139724,0.1669,0.0809394890025182,0.166909347370021,0.0809394890025182,,0.0809394890025182,0.0572328615394546,0.6772,0.5103369251939134,0.4347335696220398,0.1756,0.0567,0.823,,,,76.85064044403843,,,,
2279,P35557,S,109,Y,NONSYN,0.3987520148682556,0.4693087397717221,0.09780204812251547,-1.6658,100.0,2.0,6.0,1.1300708084788402,0.0436547009660831,0.02313728947166742,1.1301,0.0436547009660831,1.1300708084788402,0.0436547009660831,,0.0436547009660831,0.030868535083788284,0.5943,0.5357988506045421,0.4672771394252777,1.1277,0.0308,0.987,,,,76.85064044403843,,,,
2280,P35557,S,109,N,NONSYN,0.3577198430860929,0.4241868395381703,0.07182065221512829,-0.23683333333333337,100.0,2.0,6.0,0.564756018281772,0.0848310598056271,0.4426770467622085,0.5648,0.0848310598056271,0.564756018281772,0.0848310598056271,,0.0848310598056271,0.05998461764380048,0.6986,0.1338089879743315,0.4345468282699585,0.5673,0.0594,0.47200000000000003,,,,76.85064044403843,,,,
2281,P35557,S,109,C,NONSYN,0.4413057931247456,0.30160267464263096,0.08193735113149345,-0.9221333333333334,100.0,2.0,6.0,0.948539601719313,0.0361053244104151,0.07075891378066158,0.9485,0.0361053244104151,0.948539601719313,0.0361053244104151,,0.0361053244104151,0.0255303197275447,0.6646,0.28392051354640035,0.45379433035850525,0.9476,0.0255,0.006999999999999999,,,,76.85064044403843,,,,
2282,P35557,S,109,P,NONSYN,0.3754690196139504,0.7031926428087649,0.030857928652051333,-0.9290666666666666,100.0,2.0,6.0,-0.256230302779089,0.324053875067544,0.9855100187675802,-0.2562,0.324053875067544,-0.256230302779089,0.324053875067544,,0.324053875067544,0.22914069253003863,0.7266,0.98279518696488,0.41958361864089966,-0.0305,0.2011,0.953,,,,76.85064044403843,,,,
2283,P35557,S,109,E,NONSYN,0.32956968841657797,0.41335926449238364,0.07619869414636925,-0.6321,100.0,2.0,6.0,0.37179917154475206,0.0571208576470957,0.7078408159624451,0.3718,0.0571208576470957,0.37179917154475206,0.0571208576470957,,0.0571208576470957,0.04039054578945283,0.6655,0.2936565870268727,0.4618016481399536,0.374,0.0402,0.914,,,,76.85064044403843,,,,
2284,P35557,S,109,M,NONSYN,0.4679817126368144,0.8869123671260768,0.04125744432573895,-1.5591333333333335,100.0,2.0,6.0,0.0912725155667604,0.40641080424889603,0.919106612930159,0.0913,0.40641080424889603,0.0912725155667604,0.40641080424889603,,0.40641080424889603,0.2873758356318729,0.8368,0.7455560142679869,0.41924378275871277,0.3296,0.237,0.997,,,,76.85064044403843,,,,
2285,P35557,S,109,W,NONSYN,0.3832492129242465,0.44193511332886604,0.0338101424176399,-1.7880333333333336,100.0,2.0,6.0,0.456669157203421,0.0563165312579529,0.5986034633827583,0.4567,0.0563165312579529,0.456669157203421,0.0563165312579529,,0.0563165312579529,0.03982180114540266,0.4478,0.008873348888143895,0.4159541130065918,0.4566,0.0396,0.997,,,,76.85064044403843,,,,
2286,P35557,S,109,H,NONSYN,0.2629764798769622,0.36514035778421833,0.08090339574695432,-0.9429,100.0,2.0,6.0,0.7579265522945509,0.0658350640450325,0.19949688475963617,0.7579,0.0658350640450325,0.7579265522945509,0.0658350640450325,,0.0658350640450325,0.04655242022609314,0.3885,0.3694670486438856,0.425445020198822,0.7536,0.0463,0.997,,,,76.85064044403843,,,,
2287,P35557,S,109,Q,NONSYN,0.3963611118941722,0.442925157785555,0.03575168180546946,-0.6365333333333333,100.0,2.0,6.0,0.283101491665238,0.291149172516088,0.7995154520394695,0.2831,0.291149172516088,0.283101491665238,0.291149172516088,,0.291149172516088,0.20587355422297782,0.5179,0.23478604104579104,0.42749470472335815,0.3273,0.1855,0.99,,,,76.85064044403843,,,,
2288,P35557,S,109,*,STOP,,,,,100.0,2.0,6.0,-0.354393516021346,0.05,0.9909880609719359,-0.3544,0.05,-0.354393516021346,0.05,,0.05,0.035355339059327376,,,,-0.3544,0.0354,,,,,76.85064044403843,,,,
2289,P35557,I,110,S,NONSYN,0.3569880228913576,-0.17093659629792946,0.17331556363426792,-2.078,100.0,2.0,6.0,0.40583971786671796,0.192761805792466,0.6662500300819488,0.4058,0.192761805792466,0.40583971786671796,0.192761805792466,,0.192761805792466,0.136303180029617,0.0901,0.3157729868906132,0.29927945137023926,0.3516,0.124,1.0,,,,20.312336671406147,,,,
2290,P35557,I,110,A,NONSYN,0.28919971369701003,0.314330192024717,0.12936309632543605,-1.0550333333333333,100.0,2.0,6.0,-0.299073371533435,0.24243974371409396,0.9882345082643912,-0.2991,0.24243974371409396,-0.299073371533435,0.24243974371409396,,0.24243974371409396,0.1714307868093645,0.3811,0.6802197727003509,0.4827880263328552,-0.2229,0.1615,0.9990000000000001,,,,20.312336671406147,,,,
2291,P35557,I,110,V,NONSYN,0.5093217990682584,0.6578960494629656,0.07534314662759747,0.12380000000000002,100.0,2.0,6.0,0.29268898931662396,0.0600230264655503,0.7908133846396121,0.2927,0.0600230264655503,0.29268898931662396,0.0600230264655503,,0.0600230264655503,0.04244268904113022,0.802,0.509341633642513,0.40288177132606506,0.2983,0.0422,0.902,,,,20.312336671406147,,,,
2292,P35557,I,110,R,NONSYN,0.3272410050264404,0.2644890236991317,0.09882896759428188,-2.2922666666666665,100.0,2.0,6.0,-0.09610786246255901,0.161303420243854,0.9680877991208438,-0.0961,0.161303420243854,-0.09610786246255901,0.161303420243854,,0.161303420243854,0.11405874228301258,0.2891,0.3851954560180094,0.37904900312423706,-0.0641,0.1092,1.0,,,,20.312336671406147,,,,
2293,P35557,I,110,D,NONSYN,0.16544784150713826,0.1682149477602791,0.10621970927538217,-2.5876333333333332,100.0,2.0,6.0,-0.32221464486444296,0.28072306945882897,0.9894796814175165,-0.3222,0.28072306945882897,-0.32221464486444296,0.28072306945882897,,0.28072306945882897,0.19850118604984016,0.242,0.564180147364977,0.390555202960968,-0.2064,0.177,1.0,,,,20.312336671406147,,,,
2294,P35557,I,110,F,NONSYN,0.4538389948012209,0.314330192024717,0.12936309632543605,-1.0550333333333333,100.0,2.0,6.0,0.273012127544017,0.0841686749536187,0.8083594790797695,0.273,0.0841686749536187,0.273012127544017,0.0841686749536187,,0.0841686749536187,0.0595162408231901,0.401,0.12794676813927158,0.4746207296848297,0.275,0.0591,0.9990000000000001,,,,20.312336671406147,,,,
2295,P35557,I,110,T,NONSYN,0.4688475184602092,0.33821699706371433,0.0489985951949587,-0.9611333333333333,100.0,2.0,6.0,0.201351712427025,0.514874194653695,0.8623096892798355,0.2014,0.514874194653695,0.201351712427025,0.514874194653695,,0.514874194653695,0.36407103449759015,0.3861,0.1847218172932814,0.4025440216064453,0.2845,0.27,0.9990000000000001,,,,20.312336671406147,,,,
2296,P35557,I,110,I,SYN,,,,,100.0,2.0,6.0,1.0523255275363501,0.05,0.03775542295952972,1.0523,0.05,1.0523255275363501,0.05,,0.05,0.035355339059327376,,,,1.0523,0.0354,,,,,20.312336671406147,,,,
2297,P35557,I,110,L,NONSYN,0.4687676623700352,0.3633736542978903,0.04862536204369392,0.3612333333333333,100.0,2.0,6.0,1.17625617481185,0.251439285084285,0.017190914046960364,1.1763,0.251439285084285,1.17625617481185,0.251439285084285,,0.251439285084285,0.17779442353979544,0.6574,0.518817062148581,0.4278947114944458,1.0999,0.1642,0.875,,,,20.312336671406147,,,,
2298,P35557,I,110,K,NONSYN,0.25092304942959986,0.000354638956922874,0.14274609638001512,-2.1344,100.0,2.0,6.0,-0.23659343753385398,0.442578319506699,0.9840507790905366,-0.2366,0.442578319506699,-0.23659343753385398,0.442578319506699,,0.442578319506699,0.3129501309293333,0.1258,0.362412494760035,0.3059113025665283,-0.0513,0.2188,0.995,,,,20.312336671406147,,,,
2299,P35557,I,110,G,NONSYN,0.2286457322751229,-0.0340781975920559,0.11350876503363716,-2.4901666666666666,100.0,2.0,6.0,0.284664791192562,0.22355403353534303,0.7981164097758269,0.2847,0.22355403353534303,0.284664791192562,0.22355403353534303,,0.22355403353534303,0.1580765730744459,0.1067,0.17800829943612279,0.28451234102249146,0.2427,0.1382,1.0,,,,20.312336671406147,,,,
2300,P35557,I,110,Y,NONSYN,0.13155243779361564,0.3357334198488433,0.1347385159779844,-1.0679999999999998,100.0,2.0,6.0,-0.363283055005814,0.18227233302214702,0.9913637812846146,-0.3633,0.18227233302214702,-0.363283055005814,0.18227233302214702,,0.18227233302214702,0.12888600270265282,0.3842,0.7475079466684116,0.485257089138031,-0.314,0.1246,0.997,,,,20.312336671406147,,,,
2301,P35557,I,110,N,NONSYN,0.35592577166482897,0.04149021846410677,0.060030382884544924,-2.2975999999999996,100.0,2.0,6.0,0.25779416855004395,0.366135548435299,0.8210984204097538,0.2578,0.366135548435299,0.25779416855004395,0.366135548435299,,0.366135548435299,0.25889692913205553,0.1146,0.14323961432602966,0.2687406539916992,0.1888,0.1865,1.0,,,,20.312336671406147,,,,
2302,P35557,I,110,C,NONSYN,0.3956709195432079,-0.153668238037408,0.14084973652753788,-1.1501666666666666,100.0,2.0,6.0,1.10492191865294,0.0539254367682392,0.027149689648047568,1.1049,0.0539254367682392,1.10492191865294,0.0539254367682392,,0.0539254367682392,0.038131042017268316,0.1234,0.9815285618528606,0.3365578353404999,1.0925,0.0379,1.0,,,,20.312336671406147,,,,
2303,P35557,I,110,P,NONSYN,0.14199266304317096,0.024572191842684863,0.09725041958205405,-2.2159,100.0,2.0,6.0,0.277280268230703,0.148197539476904,0.8046572072061704,0.2773,0.148197539476904,0.277280268230703,0.148197539476904,,0.148197539476904,0.1047914851192799,0.1067,0.1706237764742638,0.27926105260849,0.2562,0.0981,1.0,,,,20.312336671406147,,,,
2304,P35557,I,110,E,NONSYN,0.17211454446743213,0.1400263134680443,0.09996256235847219,-2.2968999999999995,100.0,2.0,6.0,-0.0378141164617687,0.13804214485403501,0.9573491621385443,-0.0378,0.13804214485403501,-0.0378141164617687,0.13804214485403501,,0.13804214485403501,0.09761053671582383,0.242,0.27977961896230275,0.36513134837150574,-0.0192,0.0943,1.0,,,,20.312336671406147,,,,
2305,P35557,I,110,M,NONSYN,0.42718435575891617,0.580652430557497,0.06407844308745873,0.4004666666666667,100.0,2.0,6.0,0.52441984603303,0.178528808488472,0.5015868243736911,0.5244,0.178528808488472,0.52441984603303,0.178528808488472,,0.178528808488472,0.126238931119353,0.6199,0.09545296242339085,0.41480791568756104,0.5325,0.1208,0.998,,,,20.312336671406147,,,,
2306,P35557,I,110,W,NONSYN,0.174286826410949,-0.04898710811235032,0.15603134467854146,-2.117266666666666,100.0,2.0,6.0,-0.0885681963260344,0.352742943329943,0.9668690336564661,-0.0886,0.352742943329943,-0.0885681963260344,0.352742943329943,,0.352742943329943,0.2494269272443047,0.1189,0.20746789935185228,0.3059113025665283,-0.0057,0.1933,1.0,,,,20.312336671406147,,,,
2307,P35557,I,110,H,NONSYN,0.28548817071874943,0.04129072987523875,0.09975794787781878,-2.3060999999999994,100.0,2.0,6.0,0.258392634316648,0.14068125855459,0.8206109448889293,0.2584,0.14068125855459,0.258392634316648,0.14068125855459,,0.14068125855459,0.09947667190980858,0.1146,0.1438380800926337,0.283311665058136,0.2426,0.0939,1.0,,,,20.312336671406147,,,,
2308,P35557,I,110,Q,NONSYN,0.19562317673292887,-0.01596045520972846,0.1378940139852693,-2.121633333333333,100.0,2.0,6.0,-0.1876481550339,0.469452840863815,0.9797171830678834,-0.1876,0.469452840863815,-0.1876481550339,0.469452840863815,,0.469452840863815,0.3319532872220927,0.1148,0.3024442868831889,0.30333006381988525,-0.0228,0.2239,1.0,,,,20.312336671406147,,,,
2309,P35557,I,110,*,STOP,,,,,100.0,2.0,6.0,0.0744506167392285,0.05,0.9255372645720986,0.0745,0.05,0.0744506167392285,0.05,,0.05,0.035355339059327376,,,,0.0745,0.0354,,,,,20.312336671406147,,,,
2310,P35557,P,111,S,NONSYN,0.4256921542014803,0.9004942370036959,0.15621684817496787,-1.0001,100.0,2.0,6.0,0.7824743409308991,0.139847810321924,0.17656420047095006,0.7825,0.139847810321924,0.7824743409308991,0.139847810321924,,0.139847810321924,0.09888733501272251,0.9077,0.12520485924152525,0.4984143376350403,0.7872,0.097,0.039,,,,48.331489145036024,,,,
2311,P35557,P,111,A,NONSYN,0.4817034186214992,0.855047480029013,0.15645993375295275,-1.0804,100.0,2.0,6.0,0.918814611854948,0.134867639406952,0.08413406290567374,0.9188,0.134867639406952,0.918814611854948,0.134867639406952,,0.134867639406952,0.09536582238727781,0.8913,0.027508688393033887,0.5032972693443298,0.9179,0.0937,0.155,,,,48.331489145036024,,,,
2312,P35557,P,111,V,NONSYN,0.4383577870550538,0.6099208610695782,0.0580396215990688,-1.8745,100.0,2.0,6.0,0.17442356089853,0.122486358861166,0.8788519083348055,0.1744,0.122486358861166,0.17442356089853,0.122486358861166,,0.122486358861166,0.08661093495357944,0.7977,0.6233264352867727,0.4149143695831299,0.2005,0.0848,0.899,,,,48.331489145036024,,,,
2313,P35557,P,111,R,NONSYN,0.33291698217037546,0.6576448929420137,0.02747557107563875,-1.6794333333333331,100.0,2.0,6.0,0.6657338877898411,0.17898029004165303,0.30345380968158014,0.6657,0.17898029004165303,0.6657338877898411,0.17898029004165303,,0.17898029004165303,0.12655817678718795,0.7249,0.05921225345313985,0.4210566282272339,0.6706,0.1212,0.975,,,,48.331489145036024,,,,
2314,P35557,P,111,D,NONSYN,0.13167158673135695,0.4949685367307974,0.04910819567039438,-1.6679666666666666,100.0,2.0,6.0,1.1537629564234901,0.0470446857163215,0.019877349876751646,1.1538,0.0470446857163215,1.1537629564234901,0.0470446857163215,,0.0470446857163215,0.03326561628880084,0.7314,0.4223451216647316,0.42365768551826477,1.1512,0.0332,0.501,,,,48.331489145036024,,,,
2315,P35557,P,111,F,NONSYN,0.305723171027891,0.5088428530938459,0.0339458007996492,-2.4105666666666665,100.0,2.0,6.0,0.20419406178598298,0.0839796575126475,0.8604512809264419,0.2042,0.0839796575126475,0.20419406178598298,0.0839796575126475,,0.0839796575126475,0.05938258530891683,0.5275,0.32329786536092864,0.4028826951980591,0.2111,0.0587,0.997,,,,48.331489145036024,,,,
2316,P35557,P,111,T,NONSYN,0.3905683468454612,0.9733938386522033,0.15490202420170415,-1.1884333333333332,100.0,2.0,6.0,0.776129680518717,0.120363630167717,0.18229537495152393,0.7761,0.120363630167717,0.776129680518717,0.120363630167717,,0.120363630167717,0.0851099390998224,0.9162,0.14006499683418827,0.4984143376350403,0.7801,0.0839,0.40399999999999997,,,,48.331489145036024,,,,
2317,P35557,P,111,I,NONSYN,0.29395116310669084,0.3631253506952037,0.061018341323774504,-2.2228666666666665,100.0,2.0,6.0,0.23845011776078304,0.0840772843553314,0.8362704042719709,0.2385,0.0840772843553314,0.23845011776078304,0.0840772843553314,,0.0840772843553314,0.05945161791140446,0.4744,0.23598992044341008,0.40328162908554077,0.2435,0.0588,0.99,,,,48.331489145036024,,,,
2318,P35557,P,111,L,NONSYN,0.3804758514067072,0.33736887593028203,0.06342220916924614,-2.067833333333333,100.0,2.0,6.0,0.25954622876476297,0.0967079828936698,0.8196681954137561,0.2595,0.0967079828936698,0.25954622876476297,0.0967079828936698,,0.0967079828936698,0.06838287049898654,0.5524,0.29287593710590354,0.4081515967845917,0.2675,0.0674,0.975,,,,48.331489145036024,,,,
2319,P35557,P,111,K,NONSYN,0.2878654235137882,0.8635829809659498,0.04919216054155178,-1.1502000000000001,100.0,2.0,6.0,1.1119069139896598,0.63867303217417,0.02597373872322427,1.1119,0.63867303217417,1.1119069139896598,0.63867303217417,,0.63867303217417,0.45161003201132965,0.8324,0.27955391811716224,0.4177708029747009,0.9613,0.3067,0.981,,,,48.331489145036024,,,,
2320,P35557,P,111,G,NONSYN,0.4312798460663611,0.22413996914135867,0.0417827262334541,-2.113766666666667,100.0,2.0,6.0,0.599232949131533,0.224345450666385,0.39315825095889256,0.5992,0.224345450666385,0.599232949131533,0.224345450666385,,0.224345450666385,0.15863618949455288,0.4619,0.13737601768355023,0.40132904052734375,0.5807,0.1475,0.594,,,,48.331489145036024,,,,
2321,P35557,P,111,Y,NONSYN,0.20942896620986876,0.5000419156260686,0.0337139334190002,-2.4152666666666667,100.0,2.0,6.0,0.230596874189315,0.0856444301295649,0.8421116024004563,0.2306,0.0856444301295649,0.230596874189315,0.0856444301295649,,0.0856444301295649,0.0605597573154728,0.4767,0.2460889180184029,0.40132904052734375,0.2361,0.0599,0.9990000000000001,,,,48.331489145036024,,,,
2322,P35557,P,111,N,NONSYN,0.21903311575636186,0.331198427767027,0.038281146911664156,-1.8017666666666665,100.0,2.0,6.0,0.890044626436753,0.0741309420076346,0.09913986376171759,0.89,0.0741309420076346,0.890044626436753,0.0741309420076346,,0.0741309420076346,0.05241849178934512,0.6364,0.2536582915406653,0.43196940422058105,0.8864,0.052,0.863,,,,48.331489145036024,,,,
2323,P35557,P,111,C,NONSYN,0.4219649037795377,0.10363156135789897,0.0401240878936178,-2.593,100.0,2.0,6.0,1.05748156733144,0.079610017572823,0.03656544261396721,1.0575,0.079610017572823,1.05748156733144,0.079610017572823,,0.079610017572823,0.05629278327612335,0.2527,0.8047513169728584,0.3436085283756256,1.0364,0.0556,0.99,,,,48.331489145036024,,,,
2324,P35557,P,111,P,SYN,,,,,100.0,2.0,6.0,1.3965330811733703,0.05,0.003968522943977412,1.3965,0.05,1.3965330811733703,0.05,,0.05,0.035355339059327376,,,,1.3965,0.0354,,,,,48.331489145036024,,,,
2325,P35557,P,111,E,NONSYN,0.187686271514566,0.8529325932249523,0.15555720438956153,-1.1939,100.0,2.0,6.0,1.13751341680047,0.104048460941824,0.022062111712303115,1.1375,0.104048460941824,1.13751341680047,0.104048460941824,,0.104048460941824,0.07357337230398737,0.8913,0.24620749333855585,0.5032972693443298,1.1324,0.0728,0.312,,,,48.331489145036024,,,,
2326,P35557,P,111,M,NONSYN,0.2411349625055221,0.8408314325407819,0.028161481091526063,-1.6978,100.0,2.0,6.0,0.340485007640449,0.0693432070133263,0.7430510506843636,0.3405,0.0693432070133263,0.340485007640449,0.0693432070133263,,0.0693432070133263,0.04903305190834559,0.7974,0.4569611240657888,0.4178451597690582,0.3467,0.0487,0.998,,,,48.331489145036024,,,,
2327,P35557,P,111,W,NONSYN,0.30546275679376184,0.49742416776891263,0.03393237243736485,-2.4996333333333336,100.0,2.0,6.0,-0.123896251901601,0.120794918929342,0.9722007356872191,-0.1239,0.120794918929342,-0.123896251901601,0.120794918929342,,0.120794918929342,0.08541490630781697,0.4699,0.5937661635722858,0.40358078479766846,-0.0984,0.0836,0.9990000000000001,,,,48.331489145036024,,,,
2328,P35557,P,111,H,NONSYN,0.3015928613207122,0.7199939506179267,0.04658065110729676,-1.6375666666666666,100.0,2.0,6.0,0.47868671476210206,0.08103482765912501,0.5676846329228586,0.4787,0.08103482765912501,0.47868671476210206,0.08103482765912501,,0.08103482765912501,0.05730027615005049,0.7339,0.2552591317955151,0.42365768551826477,0.4833,0.0568,0.997,,,,48.331489145036024,,,,
2329,P35557,P,111,Q,NONSYN,0.32572451857320683,1.0085166704362822,0.15513734555011813,-1.2209666666666668,100.0,2.0,6.0,0.67076118516648,0.114778672153085,0.29710723849403475,0.6708,0.114778672153085,0.67076118516648,0.114778672153085,,0.114778672153085,0.08116077741503394,0.8745,0.20371155214583692,0.5056701302528381,0.6759,0.0801,0.95,,,,48.331489145036024,,,,
2330,P35557,P,111,*,STOP,,,,,100.0,2.0,6.0,-0.173671624342702,0.05,0.9782699466186836,-0.1737,0.05,-0.173671624342702,0.05,,0.05,0.035355339059327376,,,,-0.1737,0.0354,,,,,48.331489145036024,,,,
2331,P35557,E,112,S,NONSYN,0.4382670271083193,0.9275903254631501,0.058535047988047796,-0.6747666666666666,100.0,2.0,6.0,1.00933070476245,0.14662264724435098,0.049174000262305194,1.0093,0.14662264724435098,1.00933070476245,0.14662264724435098,,0.14662264724435098,0.10367786814200362,0.9077,0.1016515045900257,0.39639392495155334,1.0028,0.1003,0.046,,,,132.62778296072005,,,,
2332,P35557,E,112,A,NONSYN,0.4725389201357859,0.9277376734820733,0.07674043407219829,-0.8022,100.0,2.0,6.0,0.8845025281113571,0.067646990394228,0.10228132393692867,0.8845,0.067646990394228,0.8845025281113571,0.067646990394228,,0.067646990394228,0.04783364563461986,0.9077,0.023176672061067216,0.40938636660575867,0.8848,0.0475,0.015,,,,132.62778296072005,,,,
2333,P35557,E,112,V,NONSYN,0.5148579282991502,0.9594855112895672,0.033597989933855536,-1.6669666666666665,100.0,2.0,6.0,1.5417212936451998,0.127766517188592,0.0014557020074161212,1.5417,0.127766517188592,1.5417212936451998,0.127766517188592,,0.127766517188592,0.09034457071264097,0.9153,0.6264510843327609,0.3940907120704651,1.5104,0.0881,0.0,,,,132.62778296072005,,,,
2334,P35557,E,112,R,NONSYN,0.4513055748960305,0.9624969812550641,0.03387732522915513,-0.7211333333333333,100.0,2.0,6.0,0.779782560735615,0.21352360880815197,0.17897906323770996,0.7798,0.21352360880815197,0.779782560735615,0.21352360880815197,,0.21352360880815197,0.15098399173166788,0.9102,0.13039717349442648,0.39444130659103394,0.7964,0.141,0.386,,,,132.62778296072005,,,,
2335,P35557,E,112,D,NONSYN,0.4800060668498122,0.9308643550412968,0.04887741041281754,-0.020166666666666666,100.0,2.0,6.0,1.0176954608394202,0.23578685853833803,0.04672916426378552,1.0177,0.23578685853833803,1.0176954608394202,0.23578685853833803,,0.23578685853833803,0.16672648658713202,0.9077,0.11001626066699588,0.37392690777778625,0.9995,0.1523,0.0,,,,132.62778296072005,,,,
2336,P35557,E,112,F,NONSYN,0.4134101209643438,0.6896202801919561,0.12878007494727264,-2.4431333333333334,100.0,2.0,6.0,0.543480199867142,0.0782228566437471,0.473712397091034,0.5435,0.0782228566437471,0.543480199867142,0.0782228566437471,,0.0782228566437471,0.055311912376576754,0.8377,0.29419811338816804,0.4675925374031067,0.5475,0.0549,0.386,,,,132.62778296072005,,,,
2337,P35557,E,112,T,NONSYN,0.4070866311137473,0.8409016262451693,0.05682620534480224,-0.9768666666666667,100.0,2.0,6.0,1.01880611736709,0.23604530194917198,0.04641310036333267,1.0188,0.23604530194917198,1.01880611736709,0.23604530194917198,,0.23604530194917198,0.16690923367548569,0.8994,0.11937929947310799,0.4006056487560272,1.0011,0.1541,0.0,,,,132.62778296072005,,,,
2338,P35557,E,112,I,NONSYN,0.377366298627538,0.9223131901120928,0.1136311042537592,-2.3962999999999997,100.0,2.0,6.0,1.01306152651446,0.37197070699331297,0.04806937688428298,1.0131,0.37197070699331297,1.01306152651446,0.37197070699331297,,0.37197070699331297,0.26302300931772593,0.9077,0.1053823263420357,0.4499549865722656,0.9862,0.2271,0.04,,,,132.62778296072005,,,,
2339,P35557,E,112,L,NONSYN,0.4309220950052253,0.9067112825299062,0.14193693322480253,-2.375633333333333,100.0,2.0,6.0,1.05986724926102,0.0902720000504288,0.03602677172456693,1.0599,0.0902720000504288,1.05986724926102,0.0902720000504288,,0.0902720000504288,0.06383194338693056,0.9077,0.15218804908859562,0.4895714521408081,1.0573,0.0633,0.04,,,,132.62778296072005,,,,
2340,P35557,E,112,K,NONSYN,0.4890082107053284,1.004106373472095,0.04569232997866133,-0.6217666666666667,100.0,2.0,6.0,0.5715877249561501,0.0956336757453909,0.4327670962781689,0.5716,0.0956336757453909,0.5715877249561501,0.0956336757453909,,0.0956336757453909,0.06762322062936135,0.9145,0.34289641830099105,0.3979727327823639,0.5812,0.0667,0.4320000000000001,,,,132.62778296072005,,,,
2341,P35557,E,112,G,NONSYN,0.4522640708552875,1.4051693436275887,0.07333603116765168,-1.9225,100.0,2.0,6.0,1.0573902630174699,0.0643405668736284,0.036586207166715484,1.0574,0.0643405668736284,1.0573902630174699,0.0643405668736284,,0.0643405668736284,0.045495651141729175,1.0881,0.030710885587876824,0.47113972902297974,1.0577,0.0453,0.195,,,,132.62778296072005,,,,
2342,P35557,E,112,Y,NONSYN,0.4671477233180428,1.04343967959765,0.09148495607956218,-2.2137666666666664,100.0,2.0,6.0,1.71114025627487,0.268814377536189,0.0004372665773652594,1.7111,0.268814377536189,1.71114025627487,0.268814377536189,,0.268814377536189,0.19008046923627994,0.9103,0.8007991126667768,0.4116716980934143,1.5704,0.1726,0.773,,,,132.62778296072005,,,,
2343,P35557,E,112,N,NONSYN,0.4945297857128286,0.9358257796027951,0.06602968775078856,-0.6558999999999999,100.0,2.0,6.0,0.984624342343515,0.0685126258282147,0.05709634895522867,0.9846,0.0685126258282147,0.984624342343515,0.0685126258282147,,0.0685126258282147,0.04844574232002721,0.9077,0.07694514217109072,0.40832167863845825,0.9836,0.0481,0.019,,,,132.62778296072005,,,,
2344,P35557,E,112,C,NONSYN,0.4263241553322161,0.5330931713095168,0.09611166743315237,-2.5622,100.0,2.0,6.0,0.808997794561473,0.0517175094451287,0.1540690842962239,0.809,0.0517175094451287,0.808997794561473,0.0517175094451287,,0.0517175094451287,0.03656980163472982,0.7794,0.029583140783396855,0.44912752509117126,0.8088,0.0364,0.722,,,,132.62778296072005,,,,
2345,P35557,E,112,P,NONSYN,0.2784783599621833,1.1483433130412157,0.06524219101682903,-1.2109666666666667,100.0,2.0,6.0,0.8584197898885358,0.0892046535902689,0.11822511854162356,0.8584,0.0892046535902689,0.8584197898885358,0.0892046535902689,,0.0892046535902689,0.06307721546707604,0.964,0.10562805928977836,0.41022342443466187,0.8609,0.0623,0.081,,,,132.62778296072005,,,,
2346,P35557,E,112,E,SYN,,,,,,,,,,,,,,,,,,,,,,,,,,,132.62778296072005,,,,
2347,P35557,E,112,M,NONSYN,0.4318399535430367,1.4367506043125131,0.07177323898930706,-1.9440333333333335,100.0,2.0,6.0,0.9626464809626959,0.09067342460136,0.06510155505329344,0.9626,0.09067342460136,0.9626464809626959,0.09067342460136,,0.09067342460136,0.06411579340902879,1.0881,0.12545466764265079,0.47113972902297974,0.9649,0.0635,0.287,,,,132.62778296072005,,,,
2348,P35557,E,112,W,NONSYN,0.3886512979012191,0.8721363252142074,0.09208391588223512,-2.4843333333333333,100.0,2.0,6.0,-0.0040679351996116,0.389879850476327,0.949548405901931,-0.0041,0.389879850476327,-0.0040679351996116,0.389879850476327,,0.389879850476327,0.275686686119808,0.8324,0.8364209310721091,0.4344713091850281,0.236,0.2328,0.975,,,,132.62778296072005,,,,
2349,P35557,E,112,H,NONSYN,0.3874690850586482,0.9245792026138601,0.06315083887068196,-0.6659666666666667,100.0,2.0,6.0,1.0183640733103199,0.10671467451574498,0.046538657713068025,1.0184,0.10671467451574498,1.0183640733103199,0.10671467451574498,,0.10671467451574498,0.07545867000219852,0.8974,0.1209970131258411,0.40731218457221985,1.0143,0.0742,0.47700000000000004,,,,132.62778296072005,,,,
2350,P35557,E,112,Q,NONSYN,0.4979236622050323,0.8662046301860068,0.06921762912923195,-0.02876666666666668,100.0,2.0,6.0,1.21167463540529,0.111166640024866,0.01365159327821991,1.2117,0.111166640024866,1.21167463540529,0.111166640024866,,0.111166640024866,0.07860668500330661,0.8913,0.320368711943376,0.3879123032093048,1.199,0.077,0.19699999999999998,,,,132.62778296072005,,,,
2351,P35557,E,112,*,STOP,,,,,100.0,2.0,6.0,-0.12249495615018301,0.05,0.9720068278735993,-0.1225,0.05,-0.12249495615018301,0.05,,0.05,0.035355339059327376,,,,-0.1225,0.0354,,,,,132.62778296072005,,,,
2352,P35557,D,113,S,NONSYN,0.3690767940714815,1.0934462203284752,0.02647910498000737,-0.9239999999999999,100.0,2.0,6.0,0.82659081903476,0.106915399857732,0.1404261590671256,0.8266,0.106915399857732,0.82659081903476,0.106915399857732,,0.106915399857732,0.07560060425267354,0.8258,0.0007510611154484259,0.4033035635948181,0.8266,0.0743,1.0,,,,103.51704032520294,,,,
2353,P35557,D,113,A,NONSYN,0.4216252277516441,1.1565988166759735,0.06500276045203092,-1.4927333333333335,100.0,2.0,6.0,1.1350979716656,0.0873537723414159,0.02240574151844692,1.1351,0.0873537723414159,1.1350979716656,0.0873537723414159,,0.0873537723414159,0.06176844478484106,0.8813,0.2537594945308954,0.406961590051651,1.1294,0.0611,1.0,,,,103.51704032520294,,,,
2354,P35557,D,113,V,NONSYN,0.4506084315132353,0.7574840764994121,0.066594907958847,-2.6115333333333335,100.0,2.0,6.0,1.05410844107615,0.0359326794736766,0.037339911668187925,1.0541,0.0359326794736766,1.05410844107615,0.0359326794736766,,0.0359326794736766,0.025408241322039386,0.7439,0.3101605774973537,0.40805715322494507,1.0529,0.0254,0.9990000000000001,,,,103.51704032520294,,,,
2355,P35557,D,113,R,NONSYN,0.35823216117602164,1.1785586175217968,0.029773861300425794,-1.472133333333333,100.0,2.0,6.0,1.0692185691281302,0.26025074531290804,0.03398600905955489,1.0692,0.26025074531290804,1.0692185691281302,0.26025074531290804,,0.26025074531290804,0.18402506681961037,0.921,0.1482621959134085,0.3926311433315277,1.0425,0.1666,1.0,,,,103.51704032520294,,,,
2356,P35557,D,113,D,SYN,,,,,,,,,,,,,,,,,,,,,,,,,,,103.51704032520294,,,,
2357,P35557,D,113,F,NONSYN,0.29646296686588297,0.814168369547975,0.06366486661952209,-2.6194333333333333,100.0,2.0,6.0,0.884055561930461,0.0903391105376944,0.10253834622733754,0.8841,0.0903391105376944,0.884055561930461,0.0903391105376944,,0.0903391105376944,0.0638793976675648,0.7613,0.12276477327994828,0.40805715322494507,0.8811,0.0631,1.0,,,,103.51704032520294,,,,
2358,P35557,D,113,T,NONSYN,0.33041122774515563,1.3098231636049034,0.0249967866351555,-1.1000666666666665,100.0,2.0,6.0,0.926294823534548,0.0800619103360749,0.08057351044960223,0.9263,0.0800619103360749,0.926294823534548,0.0800619103360749,,0.0800619103360749,0.0566123197133879,1.0064,0.08014676963561806,0.5258780717849731,0.9272,0.0563,0.9990000000000001,,,,103.51704032520294,,,,
2359,P35557,D,113,I,NONSYN,0.3169485018080975,0.9023356900142577,0.06441744816158904,-2.7128666666666668,100.0,2.0,6.0,1.1163626380812899,0.0553647485285065,0.025248938196676098,1.1164,0.0553647485285065,1.1163626380812899,0.0553647485285065,,0.0553647485285065,0.039148789123194874,0.7827,0.33365148981926596,0.4048457145690918,1.1133,0.039,1.0,,,,103.51704032520294,,,,
2360,P35557,D,113,L,NONSYN,0.37713817620354506,0.9673795454844246,0.05922252915253684,-2.7055000000000002,100.0,2.0,6.0,0.9212310716707891,0.120940685508755,0.08296901810394135,0.9212,0.120940685508755,0.9212310716707891,0.120940685508755,,0.120940685508755,0.08551797884459028,0.7995,0.12171189041926322,0.4048457145690918,0.916,0.0837,1.0,,,,103.51704032520294,,,,
2361,P35557,D,113,K,NONSYN,0.3517044245741117,0.8029121267711786,0.03586037712254852,-0.8664,100.0,2.0,6.0,1.6981930997066499,0.0300678746141794,0.00047993414416003054,1.6982,0.0300678746141794,1.6981930997066499,0.0300678746141794,,0.0300678746141794,0.021261198035553097,0.731,0.9671644832782746,0.42991578578948975,1.6958,0.0212,1.0,,,,103.51704032520294,,,,
2362,P35557,D,113,G,NONSYN,0.41616550742326497,1.0007560725980327,0.033619764620125114,-1.2674333333333332,100.0,2.0,6.0,1.2904009685141102,0.0635486253714374,0.008116683082286717,1.2904,0.0635486253714374,1.2904009685141102,0.0635486253714374,,0.0635486253714374,0.04493566393522687,0.8086,0.48176168056550184,0.41897323727607727,1.2849,0.0447,1.0,,,,103.51704032520294,,,,
2363,P35557,D,113,Y,NONSYN,0.4224113195979475,0.8649643710928507,0.035232480919030126,-2.560966666666667,100.0,2.0,6.0,1.31957263711754,0.138318238248648,0.006678123836505556,1.3196,0.138318238248648,1.31957263711754,0.138318238248648,,0.138318238248648,0.09780576422739548,0.7769,0.5426493382817856,0.4039684534072876,1.2895,0.0951,1.0,,,,103.51704032520294,,,,
2364,P35557,D,113,N,NONSYN,0.4295009636980524,0.8923829675569553,0.03510546370990011,-0.2961,100.0,2.0,6.0,0.466177399454623,0.108674756882345,0.5853486857334316,0.4662,0.108674756882345,0.466177399454623,0.108674756882345,,0.108674756882345,0.07684465753530557,0.7981,0.3318865939993565,0.4293828010559082,0.4765,0.0756,0.9990000000000001,,,,103.51704032520294,,,,
2365,P35557,D,113,C,NONSYN,0.3461355508488411,1.0305673836094098,0.03247482977896567,-2.7265333333333337,100.0,2.0,6.0,0.7316675572958341,0.242435827451787,0.22629267068321623,0.7317,0.242435827451787,0.7316675572958341,0.242435827451787,,0.242435827451787,0.17142801759373033,0.8086,0.0769717306527743,0.40753763914108276,0.7432,0.158,1.0,,,,103.51704032520294,,,,
2366,P35557,D,113,P,NONSYN,0.2905290433283012,1.1649058364359468,0.06641601202722099,-1.4699,100.0,2.0,6.0,1.11017691238568,0.0654796256280582,0.026260421582101148,1.1102,0.0654796256280582,1.11017691238568,0.0654796256280582,,0.0654796256280582,0.0463010873111564,0.9355,0.1747209940736072,0.397184818983078,1.1078,0.046,0.996,,,,103.51704032520294,,,,
2367,P35557,D,113,E,NONSYN,0.4869275421620544,0.644679452391403,0.03989778547811098,-0.3505,100.0,2.0,6.0,1.2092879449512801,0.0730772749599511,0.013866279047382654,1.2093,0.0730772749599511,1.2092879449512801,0.0730772749599511,,0.0730772749599511,0.05167343667481531,0.6993,0.5100213324215255,0.4239290654659271,1.2018,0.0513,0.996,,,,103.51704032520294,,,,
2368,P35557,D,113,M,NONSYN,0.2886817698329022,1.085912213374717,0.03984989012888066,-2.5042666666666666,100.0,2.0,6.0,0.656729110271941,0.11354112234726699,0.3149944665090853,0.6567,0.11354112234726699,0.656729110271941,0.11354112234726699,,0.11354112234726699,0.08028569755528393,0.8182,0.16143070837735096,0.4028931260108948,0.6629,0.0787,1.0,,,,103.51704032520294,,,,
2369,P35557,D,113,W,NONSYN,0.2933207242208761,0.9230870890159711,0.06517797652206055,-2.7770999999999995,100.0,2.0,6.0,1.0589909585044501,0.0743062693507415,0.03622376525209287,1.059,0.0743062693507415,1.0589909585044501,0.0743062693507415,,0.0743062693507415,0.05254246694258343,0.7827,0.2762798102424262,0.4094902575016022,1.0545,0.0521,1.0,,,,103.51704032520294,,,,
2370,P35557,D,113,H,NONSYN,0.4359397753198172,1.3049629639184361,0.025113535921971783,-1.1262,100.0,2.0,6.0,0.9408754225939499,0.0794015320197884,0.0740133159319299,0.9409,0.0794015320197884,0.9408754225939499,0.0794015320197884,,0.0794015320197884,0.056145361727793164,0.9911,0.05021320617497105,0.5258780717849731,0.9414,0.0558,1.0,,,,103.51704032520294,,,,
2371,P35557,D,113,Q,NONSYN,0.3596090029508326,1.1552197804451199,0.03217968915812358,-0.9040333333333331,100.0,2.0,6.0,0.6412701386848261,0.073565573734302,0.3352962007360694,0.6413,0.073565573734302,0.6412701386848261,0.073565573734302,,0.073565573734302,0.05201871604940391,0.8813,0.24006833844987852,0.4098684787750244,0.6451,0.0516,1.0,,,,103.51704032520294,,,,
2372,P35557,D,113,*,STOP,,,,,100.0,2.0,6.0,0.0937138379412564,0.05,0.9181302633156323,0.0937,0.05,0.0937138379412564,0.05,,0.05,0.035355339059327376,,,,0.0937,0.0354,,,,,103.51704032520294,,,,
2373,P35557,A,114,S,NONSYN,0.46929375853615796,0.49618295111708516,0.0736547417584937,-0.41050000000000003,100.0,2.0,6.0,1.20297994000769,0.279361910142443,0.014449398741224343,1.203,0.279361910142443,1.20297994000769,0.279361910142443,,0.279361910142443,0.19753870106694837,0.4648,0.7381438194022212,0.4285929799079895,1.0737,0.1794,0.9990000000000001,,,,7.89299863117917,,,,
2374,P35557,A,114,A,SYN,,,,,100.0,2.0,6.0,0.828085028420902,0.05,0.1393133345948445,0.8281,0.05,0.828085028420902,0.05,,0.05,0.035355339059327376,,,,0.8281,0.0354,,,,,7.89299863117917,,,,
2375,P35557,A,114,V,NONSYN,0.41129671784225785,0.4645331417242753,0.06768401935558059,-0.6206999999999999,100.0,2.0,6.0,0.14200161657211802,0.103226032305161,0.8963662901547103,0.142,0.103226032305161,0.14200161657211802,0.103226032305161,,0.103226032305161,0.07299182743796097,0.409,0.2669753555310009,0.41572898626327515,0.15,0.0719,1.0,,,,7.89299863117917,,,,
2376,P35557,A,114,R,NONSYN,0.3190441200491768,0.951236439220843,0.05037918650621989,-1.2165666666666668,100.0,2.0,6.0,1.57278510274594,0.25654070720885896,0.0011706098006668173,1.5728,0.25654070720885896,1.57278510274594,0.25654070720885896,,0.25654070720885896,0.18140167371777677,0.7963,0.7765152090996998,0.41897323727607727,1.4502,0.1665,1.0,,,,7.89299863117917,,,,
2377,P35557,A,114,D,NONSYN,0.4810824638550644,0.7876182929133564,0.1198897178583093,-1.3432333333333333,100.0,2.0,6.0,0.9154637944070431,0.143351031239271,0.0857733048366693,0.9155,0.143351031239271,0.9154637944070431,0.143351031239271,,0.143351031239271,0.10136448627937314,0.731,0.18443517797866782,0.4797435402870178,0.9076,0.0992,1.0,,,,7.89299863117917,,,,
2378,P35557,A,114,F,NONSYN,0.3975861635372093,0.8653964034722996,0.04551213207095456,-1.7862,100.0,2.0,6.0,1.0666479311919799,0.0430931810839228,0.03453595336588613,1.0666,0.0430931810839228,1.0666479311919799,0.0430931810839228,,0.0430931810839228,0.030471480567341665,0.7769,0.2897246323562255,0.42057493329048157,1.0651,0.0304,1.0,,,,7.89299863117917,,,,
2379,P35557,A,114,T,NONSYN,0.4593194656393701,0.2782882691187883,0.06197959645569223,-0.5557333333333333,100.0,2.0,6.0,1.1287423323926202,0.21252016683876299,0.02333436184171663,1.1287,0.21252016683876299,1.1287423323926202,0.21252016683876299,,0.21252016683876299,0.15027445111058574,0.3485,0.7802039932545892,0.38788560032844543,1.0269,0.1401,1.0,,,,7.89299863117917,,,,
2380,P35557,A,114,I,NONSYN,0.2533067127168299,1.1106684460062433,0.11723651175436177,-1.3021,100.0,2.0,6.0,0.18239198332181897,0.130268006243026,0.8741532894429347,0.1824,0.130268006243026,0.18239198332181897,0.130268006243026,,0.130268006243026,0.09211339058609519,0.8291,0.6467403351748852,0.4753296673297882,0.2058,0.0904,1.0,,,,7.89299863117917,,,,
2381,P35557,A,114,L,NONSYN,0.33775241979079834,0.8041816270121563,0.11628870658870122,-1.2974666666666668,100.0,2.0,6.0,1.1018524403040801,0.14475430494175,0.02768219677936022,1.1019,0.14475430494175,1.1018524403040801,0.14475430494175,,0.14475430494175,0.10235675063025679,0.731,0.3708238238757049,0.4797435402870178,1.0857,0.1001,1.0,,,,7.89299863117917,,,,
2382,P35557,A,114,K,NONSYN,0.13783323133742972,0.5969446825051453,0.0654775220757748,-0.7036666666666666,100.0,2.0,6.0,1.8524503047058098,0.126345442788834,0.00015628699784627016,1.8525,0.126345442788834,1.8524503047058098,0.126345442788834,,0.126345442788834,0.0893397193680015,0.6487,1.2037208611557,0.43632248044013977,1.804,0.0875,1.0,,,,7.89299863117917,,,,
2383,P35557,A,114,G,NONSYN,0.5077306515769983,0.5819340784541561,0.06345661048272737,-0.48503333333333326,100.0,2.0,6.0,0.217804904386517,0.20452369702444104,0.8512431135875428,0.2178,0.20452369702444104,0.217804904386517,0.20452369702444104,,0.20452369702444104,0.14462009307932516,0.6199,0.4020679040699039,0.437445729970932,0.2574,0.1373,0.998,,,,7.89299863117917,,,,
2384,P35557,A,114,Y,NONSYN,0.2413102682766479,0.9235237831609809,0.04364831167539968,-1.7924666666666667,100.0,2.0,6.0,0.8922657921259358,0.06962934165632301,0.0979042382097856,0.8923,0.06962934165632301,0.8922657921259358,0.06962934165632301,,0.06962934165632301,0.049235379654740945,0.7827,0.1095546438639119,0.4171938896179199,0.8908,0.0489,1.0,,,,7.89299863117917,,,,
2385,P35557,A,114,N,NONSYN,0.2596281291448914,1.0916506592693298,0.07668590717837291,-1.1920666666666666,100.0,2.0,6.0,1.15154244260048,0.0751341984310328,0.020163256772180144,1.1515,0.0751341984310328,1.15154244260048,0.0751341984310328,,0.0751341984310328,0.053127901209598954,0.8223,0.32921983556007484,0.4305298924446106,1.1466,0.0527,1.0,,,,7.89299863117917,,,,
2386,P35557,A,114,C,NONSYN,0.4521425054357098,0.9808493726108889,0.06198801565609902,-0.7297666666666668,100.0,2.0,6.0,0.700736234388579,0.15482061727417598,0.2607996649418192,0.7007,0.15482061727417598,0.700736234388579,0.15482061727417598,,0.15482061727417598,0.10947470834205697,0.8053,0.10453598717666757,0.421546995639801,0.7073,0.106,1.0,,,,7.89299863117917,,,,
2387,P35557,A,114,P,NONSYN,0.3737321559264451,1.0094149418307063,0.056072128568300385,-0.7215666666666666,100.0,2.0,6.0,0.6150395267291271,0.191157454009962,0.37100117007052247,0.615,0.191157454009962,0.6150395267291271,0.191157454009962,,0.191157454009962,0.13516873200479973,0.8086,0.1935997612194813,0.421546995639801,0.6331,0.1287,1.0,,,,7.89299863117917,,,,
2388,P35557,A,114,E,NONSYN,0.3924454343376217,1.0560753552745055,0.06518084529055132,-0.73,100.0,2.0,6.0,0.7850298105041379,0.166740766862422,0.17429427571382264,0.785,0.166740766862422,0.7850298105041379,0.166740766862422,,0.166740766862422,0.11790352694866377,0.8086,0.023609477444470506,0.421546995639801,0.7867,0.1135,1.0,,,,7.89299863117917,,,,
2389,P35557,A,114,M,NONSYN,0.19919007049311416,0.9689065095560797,0.07009043193523808,-1.2075333333333333,100.0,2.0,6.0,1.51977489174023,0.151888849393581,0.0016968484572953905,1.5198,0.151888849393581,1.51977489174023,0.151888849393581,,0.151888849393581,0.10740163539282334,0.7995,0.7202557104887042,0.4209258556365967,1.4757,0.1041,1.0,,,,7.89299863117917,,,,
2390,P35557,A,114,W,NONSYN,0.17944660888741126,0.958125839241653,0.038912141516203716,-1.6895,100.0,2.0,6.0,0.78845962388392,0.10902573826733199,0.17128230798941707,0.7885,0.10902573826733199,0.78845962388392,0.10902573826733199,,0.10902573826733199,0.07709283885270012,0.7995,0.011059557367605888,0.4204462170600891,0.7888,0.0758,1.0,,,,7.89299863117917,,,,
2391,P35557,A,114,H,NONSYN,0.3663343704598138,0.7332360726776473,0.05699565305406323,-1.3876666666666668,100.0,2.0,6.0,1.07861045511417,0.4698938580327561,0.032045745173525805,1.0786,0.4698938580327561,1.07861045511417,0.4698938580327561,,0.4698938580327561,0.3322651334528707,0.7295,0.3491026511972388,0.4256103038787842,0.9464,0.2619,1.0,,,,7.89299863117917,,,,
2392,P35557,A,114,Q,NONSYN,0.3707092191809771,1.0560753552745055,0.06518084529055132,-0.73,100.0,2.0,6.0,0.47505828639772996,0.12907714899460998,0.572832579449379,0.4751,0.12907714899460998,0.47505828639772996,0.12907714899460998,,0.12907714899460998,0.09127132735031507,0.8086,0.33358100155087844,0.421546995639801,0.49,0.0892,1.0,,,,7.89299863117917,,,,
2393,P35557,A,114,*,STOP,,,,,100.0,2.0,6.0,-0.0979463156767669,0.05,0.9683780391187607,-0.0979,0.05,-0.0979463156767669,0.05,,0.05,0.035355339059327376,,,,-0.0979,0.0354,,,,,7.89299863117917,,,,
2394,P35557,M,115,S,NONSYN,0.31494457442558743,0.7515707549795576,0.0632096415768253,-1.5281333333333336,100.0,2.0,6.0,0.504386647150502,0.127491382550246,0.5307585635827177,0.5044,0.127491382550246,0.504386647150502,0.127491382550246,,0.127491382550246,0.09015002114412722,0.7626,0.2582092448020127,0.4256103038787842,0.5155,0.0882,0.997,,,,52.74462707471208,,,,
2395,P35557,M,115,A,NONSYN,0.38040172866410704,0.6051451137731537,0.04750074343701469,-1.3250666666666666,100.0,2.0,6.0,0.16784682730623698,0.159099509032667,0.882609582750822,0.1678,0.159099509032667,0.16784682730623698,0.159099509032667,,0.159099509032667,0.1125003417204492,0.6962,0.5283493115525582,0.42218467593193054,0.2029,0.1087,0.993,,,,52.74462707471208,,,,
2396,P35557,M,115,V,NONSYN,0.43335182923768345,0.7358489239441947,0.10370243024416469,-0.17053333333333334,100.0,2.0,6.0,0.5143301667682,0.146301684328004,0.5163072648844725,0.5143,0.146301684328004,0.5143301667682,0.146301684328004,,0.146301684328004,0.10345091308734526,0.7791,0.2647962389477424,0.4638289511203766,0.5269,0.101,0.9790000000000001,,,,52.74462707471208,,,,
2397,P35557,M,115,R,NONSYN,0.4133638176812908,0.18800284738794262,0.049841727347527016,-1.3127666666666666,100.0,2.0,6.0,1.4192736264618702,0.14563950333596098,0.0033976444697071213,1.4193,0.14563950333596098,1.4192736264618702,0.14563950333596098,,0.14563950333596098,0.10298268041749882,0.2821,1.1371744986924,0.36004823446273804,1.3333,0.099,0.997,,,,52.74462707471208,,,,
2398,P35557,M,115,D,NONSYN,,0.05080465148161032,0.03434637207507547,-1.9705666666666666,100.0,2.0,6.0,0.0038696620509841,0.0818008093470151,0.9475167228847199,0.0039,0.0818008093470151,0.0038696620509841,0.0818008093470151,,0.0818008093470151,0.05784190699582229,0.1268,0.12297623419306497,0.27362531423568726,0.0091,0.0566,0.997,,,,52.74462707471208,,,,
2399,P35557,M,115,F,NONSYN,0.3024433202519795,0.440253755640933,0.0713273044511986,-0.4272,100.0,2.0,6.0,0.34916530672110496,0.15877245222303,0.7335959861780592,0.3492,0.15877245222303,0.34916530672110496,0.15877245222303,,0.15877245222303,0.11226907763252163,0.5973,0.2481659787555796,0.437445729970932,0.3645,0.1087,0.983,,,,52.74462707471208,,,,
2400,P35557,M,115,T,NONSYN,0.4428972613017431,0.7247042390978521,0.07707878798634822,-0.9479666666666667,100.0,2.0,6.0,0.21943883662914998,0.0987691364754303,0.8501028131258848,0.2194,0.0987691364754303,0.21943883662914998,0.0987691364754303,,0.0987691364754303,0.06984032617371634,0.7499,0.5304660939624333,0.43374136090278625,0.2328,0.069,0.988,,,,52.74462707471208,,,,
2401,P35557,M,115,I,NONSYN,0.5092966528428504,0.595536002688608,0.0709990857101125,0.1806,100.0,2.0,6.0,1.27138920158603,0.328557160599632,0.009210819129620232,1.2714,0.328557160599632,1.27138920158603,0.328557160599632,,0.328557160599632,0.23232499626739733,0.7088,0.5626166018889169,0.40298572182655334,1.131,0.2013,0.9540000000000001,,,,52.74462707471208,,,,
2402,P35557,M,115,L,NONSYN,0.4802407566174219,0.7116282250251117,0.09266507258923207,0.0198,100.0,2.0,6.0,0.923112534576519,0.21005425172552203,0.08207174230290054,0.9231,0.21005425172552203,0.923112534576519,0.21005425172552203,,0.21005425172552203,0.14853078581218268,0.837,0.08613266854868695,0.42670708894729614,0.9138,0.1403,0.795,,,,52.74462707471208,,,,
2403,P35557,M,115,K,NONSYN,0.4908604207297649,0.4929651738250654,0.05253166898648759,-1.2170333333333332,,,,,,,,,,,,,,0.5994,,0.4357013404369354,0.5994,0.4357,0.98,,,,52.74462707471208,,,,
2404,P35557,M,115,G,NONSYN,0.2313069645088376,0.0725432591633497,0.03567839136169273,-2.044633333333333,100.0,2.0,6.0,-0.061346160994234004,0.0707985478094866,0.9620640984496766,-0.0613,0.0707985478094866,-0.061346160994234004,0.0707985478094866,,0.0707985478094866,0.050062133254247965,0.1493,0.2106241460902118,0.30900999903678894,-0.056,0.0494,0.997,,,,52.74462707471208,,,,
2405,P35557,M,115,Y,NONSYN,,0.3476537967896483,0.069187952522833,-1.5137666666666665,100.0,2.0,6.0,1.71613752172023,0.0447973311260158,0.00042180969928876734,1.7161,0.0447973311260158,1.71613752172023,0.0447973311260158,,0.0447973311260158,0.031676496618264965,0.3914,1.3247346215012663,0.4231283962726593,1.7088,0.0316,0.9990000000000001,,,,52.74462707471208,,,,
2406,P35557,M,115,N,NONSYN,0.3182579182514713,0.207035499364957,0.08026507729659299,-1.7266666666666666,100.0,2.0,6.0,-0.24138489552235398,0.11137980990042301,0.9844202746454208,-0.2414,0.11137980990042301,-0.24138489552235398,0.11137980990042301,,0.11137980990042301,0.07875741886785767,0.2817,0.523099811751602,0.36258578300476074,-0.2178,0.077,0.997,,,,52.74462707471208,,,,
2407,P35557,M,115,C,NONSYN,,0.8243104681248662,0.0659469953799741,-1.5218999999999998,100.0,2.0,6.0,0.286167507714576,0.0994494807417932,0.7967642953622237,0.2862,0.0994494807417932,0.286167507714576,0.0994494807417932,,0.0994494807417932,0.07032140221800294,0.7553,0.46911477511470867,0.4256103038787842,0.2986,0.0694,1.0,,,,52.74462707471208,,,,
2408,P35557,M,115,P,NONSYN,0.29396488881585514,0.15538911698097732,0.06508240189946643,-1.7313666666666665,100.0,2.0,6.0,-0.086445748370415,0.22831383398535698,0.9665175339709858,-0.0864,0.22831383398535698,-0.086445748370415,0.22831383398535698,,0.22831383398535698,0.16144226024974553,0.262,0.34840673164678215,0.35858801007270813,-0.0277,0.1472,0.997,,,,52.74462707471208,,,,
2409,P35557,M,115,E,NONSYN,0.3715633530173947,-0.02514113612963398,0.08318450942052262,-1.7125666666666666,100.0,2.0,6.0,0.45514501096141896,0.0617755819038955,0.6007130519220086,0.4551,0.0617755819038955,0.45514501096141896,0.0617755819038955,,0.0617755819038955,0.04368193287598948,0.1234,0.3317371404303368,0.28914475440979004,0.4477,0.0432,0.993,,,,52.74462707471208,,,,
2410,P35557,M,115,M,SYN,,,,,,,,,,,,,,,,,,,,,,,,,,,52.74462707471208,,,,
2411,P35557,M,115,W,NONSYN,0.17309253470131644,0.7366092604423161,0.05129171298472365,-1.3791,100.0,2.0,6.0,-0.108224932292911,0.0561146480941042,0.9699521914603695,-0.1082,0.0561146480941042,-0.108224932292911,0.0561146480941042,,0.0561146480941042,0.03967904819123785,0.731,0.8392535487212862,0.42365768551826477,-0.1009,0.0395,1.0,,,,52.74462707471208,,,,
2412,P35557,M,115,H,NONSYN,,0.8355638921951026,0.039546774500021115,-1.4892,100.0,2.0,6.0,0.252407235503867,0.24499236333618,0.8254370617978153,0.2524,0.24499236333618,0.252407235503867,0.24499236333618,,0.24499236333618,0.17323576145393135,0.7898,0.5374044352763149,0.4204462170600891,0.3304,0.1602,0.9990000000000001,,,,52.74462707471208,,,,
2413,P35557,M,115,Q,NONSYN,0.13890249407095925,0.36097810337281827,0.055960410977676116,-0.3912,100.0,2.0,6.0,0.586992263525449,0.245798684552254,0.41058193526649944,0.587,0.245798684552254,0.586992263525449,0.245798684552254,,0.245798684552254,0.17380591665363188,0.4086,0.17837548229070777,0.4133208096027374,0.5602,0.1602,0.998,,,,52.74462707471208,,,,
2414,P35557,M,115,*,STOP,,,,,100.0,2.0,6.0,-0.0274794893539722,0.05,0.9550972775644059,-0.0275,0.05,-0.0274794893539722,0.05,,0.05,0.035355339059327376,,,,-0.0275,0.0354,,,,,52.74462707471208,,,,
2415,P35557,T,116,S,NONSYN,0.5112342370012433,0.8002323999278378,0.050917304854598805,-0.33873333333333333,100.0,2.0,6.0,0.675758814996658,0.18450986075651396,0.29086883405404557,0.6758,0.18450986075651396,0.675758814996658,0.18450986075651396,,0.18450986075651396,0.13046817373671665,0.838,0.16221877318006928,0.42071762681007385,0.69,0.1246,0.941,,,,87.81077169640609,,,,
2416,P35557,T,116,A,NONSYN,0.4371005638552374,0.968641162381176,0.05212320478483561,-0.5245,100.0,2.0,6.0,0.5499665580209749,0.0749410274355009,0.46423153550126567,0.55,0.0749410274355009,0.5499665580209749,0.0749410274355009,,0.0749410274355009,0.05299130868872979,0.8859,0.33592344899806803,0.43949252367019653,0.5548,0.0526,0.941,,,,87.81077169640609,,,,
2417,P35557,T,116,V,NONSYN,0.335359974884157,0.7658723956473077,0.05025107880256439,-0.4691,100.0,2.0,6.0,1.15827285822258,0.0952155113679238,0.01930851209921509,1.1583,0.0952155113679238,1.15827285822258,0.0952155113679238,,0.0952155113679238,0.06732753376240372,0.7757,0.3826003032527925,0.4239290654659271,1.1489,0.0665,0.995,,,,87.81077169640609,,,,
2418,P35557,T,116,R,NONSYN,0.3928132642818517,0.5437057217392987,0.0454443175349949,-1.2489999999999999,100.0,2.0,6.0,0.34499910676269896,0.18163123740981102,0.7381636487287165,0.345,0.18163123740981102,0.34499910676269896,0.18163123740981102,,0.18163123740981102,0.1284326796477811,0.5801,0.23510905897826784,0.433748722076416,0.364,0.1231,1.0,,,,87.81077169640609,,,,
2419,P35557,T,116,D,NONSYN,0.24736015353784535,0.5519268705488963,0.059390500859040934,-1.2412666666666667,100.0,2.0,6.0,0.320335660333906,0.08168895686582,0.7640773018750553,0.3203,0.08168895686582,0.320335660333906,0.08168895686582,,0.08168895686582,0.0577628153478767,0.611,0.29070731604548855,0.4357013404369354,0.3254,0.0573,0.996,,,,87.81077169640609,,,,
2420,P35557,T,116,F,NONSYN,0.2626450658678516,0.06356960156067397,0.05460621754072001,-1.4809,100.0,2.0,6.0,-0.19840168223604002,0.541986178245842,0.9807631588647939,-0.1984,0.541986178245842,-0.19840168223604002,0.541986178245842,,0.541986178245842,0.38324210194701575,0.1427,0.34109389052614014,0.32664939761161804,-0.0008,0.2486,1.0,,,,87.81077169640609,,,,
2421,P35557,T,116,T,SYN,,,,,100.0,2.0,6.0,1.49529801264733,0.05,0.002011810095180473,1.4953,0.05,1.49529801264733,0.05,,0.05,0.035355339059327376,,,,1.4953,0.0354,,,,,87.81077169640609,,,,
2422,P35557,T,116,I,NONSYN,0.39900335367527456,0.5850066305132113,0.033057958014323464,-0.8405666666666667,100.0,2.0,6.0,0.7131351760933141,0.27987842727078,0.24659338036360828,0.7131,0.27987842727078,0.7131351760933141,0.27987842727078,,0.27987842727078,0.19790393383099447,0.6455,0.06761353531572623,0.43436986207962036,0.7015,0.1801,0.9990000000000001,,,,87.81077169640609,,,,
2423,P35557,T,116,L,NONSYN,0.3692076635094301,0.2752516469128767,0.049832561599315935,-1.2598666666666667,100.0,2.0,6.0,0.57166835304388,0.15430949203320998,0.43265036490691977,0.5717,0.15430949203320998,0.57166835304388,0.15430949203320998,,0.15430949203320998,0.1091132882181343,0.3351,0.23657855030187558,0.37065601348876953,0.5528,0.1047,0.997,,,,87.81077169640609,,,,
2424,P35557,T,116,K,NONSYN,0.35305220057868336,0.666930420820209,0.07176727058759776,-0.8414,100.0,2.0,6.0,0.46736380517232107,0.0727537513827616,0.5836839089292946,0.4674,0.0727537513827616,0.46736380517232107,0.0727537513827616,,0.0727537513827616,0.051444670959510885,0.6769,0.2095854574466975,0.4247584342956543,0.4704,0.0511,0.9990000000000001,,,,87.81077169640609,,,,
2425,P35557,T,116,G,NONSYN,0.43600131382643137,-0.1667457354685047,0.13597207057592484,-1.4976,100.0,2.0,6.0,0.49254432885149607,0.12095804116608501,0.5478638539575826,0.4925,0.12095804116608501,0.49254432885149607,0.12095804116608501,,0.12095804116608501,0.08553025114758027,0.107,0.3855251428315986,0.31070590019226074,0.4654,0.0825,0.9990000000000001,,,,87.81077169640609,,,,
2426,P35557,T,116,Y,NONSYN,0.2452402164451186,0.02014959172669002,0.1373796548198791,-1.4882666666666668,100.0,2.0,6.0,-0.0681416527340881,0.0877785124713855,0.9633256451743364,-0.0681,0.0877785124713855,-0.0681416527340881,0.0877785124713855,,0.0877785124713855,0.06206878141098462,0.1351,0.20322786131601256,0.3331373929977417,-0.0613,0.061,1.0,,,,87.81077169640609,,,,
2427,P35557,T,116,N,NONSYN,0.4084330644454248,0.9211440872081816,0.03538276932520804,-0.5004666666666666,100.0,2.0,6.0,0.692457783539958,0.178841112744433,0.27055534143796756,0.6925,0.178841112744433,0.692457783539958,0.178841112744433,,0.178841112744433,0.12645976357653646,0.8368,0.1443707462947893,0.42071762681007385,0.7044,0.1211,0.9940000000000001,,,,87.81077169640609,,,,
2428,P35557,T,116,C,NONSYN,0.4354541497454498,0.36035830931114426,0.07474723020855789,-0.9072999999999999,100.0,2.0,6.0,0.936182470350357,0.0533664835662008,0.07607116657570241,0.9362,0.0533664835662008,0.936182470350357,0.0533664835662008,,0.0533664835662008,0.03773580241774103,0.3453,0.5909134459782561,0.38980191946029663,0.9307,0.0376,1.0,,,,87.81077169640609,,,,
2429,P35557,T,116,P,NONSYN,0.34993609822478866,0.5437057217392987,0.0454443175349949,-1.2489999999999999,100.0,2.0,6.0,-0.23369387143538603,0.17702312538042703,0.9838228014150908,-0.2337,0.17702312538042703,-0.23369387143538603,0.17702312538042703,,0.17702312538042703,0.12517425238333638,0.6148,0.8484487866728128,0.433748722076416,-0.1685,0.1203,0.9940000000000001,,,,87.81077169640609,,,,
2430,P35557,T,116,E,NONSYN,0.187606014059847,0.7055604838719973,0.06931130417666032,-0.9009666666666667,100.0,2.0,6.0,-0.0994240533322024,0.130167696597469,0.9686093943408886,-0.0994,0.130167696597469,-0.0994240533322024,0.130167696597469,,0.130167696597469,0.0920424609555034,0.6813,0.7806777249783206,0.43186840415000916,-0.0655,0.09,0.9990000000000001,,,,87.81077169640609,,,,
2431,P35557,T,116,M,NONSYN,0.3518740482942453,0.4709874074173193,0.07076960790830537,-0.8553000000000001,100.0,2.0,6.0,1.05519284538099,0.0886158866910001,0.037089279077982464,1.0552,0.0886158866910001,1.05519284538099,0.0886158866910001,,0.0886158866910001,0.06266089440006489,0.409,0.6462158732778711,0.4121975600719452,1.0406,0.0619,1.0,,,,87.81077169640609,,,,
2432,P35557,T,116,W,NONSYN,0.2914737870902876,0.07533366462712265,0.1325151841161271,-1.5825333333333333,100.0,2.0,6.0,0.0680616733545803,0.0974245770422573,0.9278483944599454,0.0681,0.0974245770422573,0.0680616733545803,0.0974245770422573,,0.0974245770422573,0.06888957908081136,0.155,0.08689973383002053,0.3766118586063385,0.0709,0.0678,1.0,,,,87.81077169640609,,,,
2433,P35557,T,116,H,NONSYN,0.3614886802674268,0.2194367139808,0.05860493528934396,-1.2503,100.0,2.0,6.0,0.73911315184011,0.0817853466497081,0.21845829219812826,0.7391,0.0817853466497081,0.73911315184011,0.0817853466497081,,0.0817853466497081,0.05783097321770108,0.2605,0.47862821798696054,0.3586851954460144,0.727,0.0571,1.0,,,,87.81077169640609,,,,
2434,P35557,T,116,Q,NONSYN,0.1843049627657748,0.7452306088822084,0.07128885598038687,-0.8452333333333334,100.0,2.0,6.0,0.23246324098632298,0.0807776631940109,0.840739787914676,0.2325,0.0807776631940109,0.23246324098632298,0.0807776631940109,,0.0807776631940109,0.057118433412888095,0.7464,0.5139492746539358,0.4247584342956543,0.2416,0.0566,0.998,,,,87.81077169640609,,,,
2435,P35557,T,116,*,STOP,,,,,100.0,2.0,6.0,-0.0049833248352605,0.05,0.9497776392676786,-0.005,0.05,-0.0049833248352605,0.05,,0.05,0.035355339059327376,,,,-0.005,0.0354,,,,,87.81077169640609,,,,
2436,P35557,G,117,S,NONSYN,0.36837526824294986,0.7289804477614301,0.1678357272314115,-0.8648000000000001,100.0,2.0,6.0,1.259891617838,0.14532324599328,0.009940184426338367,1.2599,0.14532324599328,1.259891617838,0.14532324599328,,0.14532324599328,0.10275905270588906,0.7239,0.5360235458050715,0.5296012163162231,1.2404,0.1009,1.0,,,,23.87399093935987,,,,
2437,P35557,G,117,A,NONSYN,0.4089269105168704,0.8775994881829171,0.16934596030240953,-0.9328,100.0,2.0,6.0,0.8140344965735391,0.10932901256277,0.15006066204586332,0.814,0.10932901256277,0.8140344965735391,0.10932901256277,,0.10932901256277,0.0773072861635639,0.7769,0.03711119773778471,0.5268439054489136,0.8133,0.0765,1.0,,,,23.87399093935987,,,,
2438,P35557,G,117,V,NONSYN,0.3988573139738447,-0.06434732135480449,0.05618058113039662,-2.7219333333333338,100.0,2.0,6.0,0.251068654479709,0.189646883961083,0.8265014615462832,0.2511,0.189646883961083,0.251068654479709,0.189646883961083,,0.189646883961083,0.13410059767978008,0.1048,0.1462831525227693,0.2690693736076355,0.222,0.12,1.0,,,,23.87399093935987,,,,
2439,P35557,G,117,R,NONSYN,0.3362652746103357,0.25194033089836426,0.12027081635827193,-1.9470333333333334,100.0,2.0,6.0,0.35206549819262295,0.160671948939319,0.7303842220274319,0.3521,0.160671948939319,0.35206549819262295,0.160671948939319,,0.160671948939319,0.11361222464145117,0.2639,0.08813416417391567,0.3868998885154724,0.3451,0.109,1.0,,,,23.87399093935987,,,,
2440,P35557,G,117,D,NONSYN,0.3623286966209139,0.6434191192753946,0.071083264665268,-1.5976,100.0,2.0,6.0,0.371707126449141,0.667198466597937,0.7079487182359698,0.3717,0.667198466597937,0.371707126449141,0.667198466597937,,0.667198466597937,0.4717805601286675,0.6699,0.298197761227098,0.4256103038787842,0.5361,0.316,1.0,,,,23.87399093935987,,,,
2441,P35557,G,117,F,NONSYN,0.3709207412708021,0.006679537612155302,0.0657493989173298,-2.717866666666667,100.0,2.0,6.0,0.0379880775788296,0.12233101357795098,0.9378257460713475,0.038,0.12233101357795098,0.0379880775788296,0.12233101357795098,,0.12233101357795098,0.08650108925039275,0.1067,0.0686684141776096,0.2690693736076355,0.0444,0.0824,1.0,,,,23.87399093935987,,,,
2442,P35557,G,117,T,NONSYN,0.21962954488217865,0.3449075997130217,0.16226868772509204,-1.5144,100.0,2.0,6.0,1.26724168513626,0.24928789946710697,0.009467761859047038,1.2672,0.24928789946710697,1.26724168513626,0.24928789946710697,,0.24928789946710697,0.17627316418094166,0.3591,0.9081338331541433,0.4405509829521179,1.1419,0.1637,1.0,,,,23.87399093935987,,,,
2443,P35557,G,117,I,NONSYN,0.29686370150880703,-0.06434732135480449,0.05618058113039661,-2.721933333333333,100.0,2.0,6.0,-0.15636514363248002,0.17954727459547304,0.9763303192312466,-0.1564,0.17954727459547304,-0.15636514363248002,0.17954727459547304,,0.17954727459547304,0.12695909541002212,0.1048,0.2611506455894197,0.2690693736076355,-0.1088,0.1148,1.0,,,,23.87399093935987,,,,
2444,P35557,G,117,L,NONSYN,0.33670580158540125,-0.026779006950497824,0.06518789571005755,-2.6893,100.0,2.0,6.0,0.138363711266789,0.127625497761755,0.89817840074913,0.1384,0.127625497761755,0.138363711266789,0.127625497761755,,0.127625497761755,0.0902448549196455,0.1067,0.0317072195103498,0.2690693736076355,0.1352,0.0856,1.0,,,,23.87399093935987,,,,
2445,P35557,G,117,K,NONSYN,0.4007452768135149,0.6690042647947041,0.16986341430383886,-1.5245,100.0,2.0,6.0,0.294951689891213,0.129384356735686,0.7887170409622909,0.295,0.129384356735686,0.294951689891213,0.129384356735686,,0.129384356735686,0.09148855602726291,0.6715,0.37654893333495276,0.5304530262947083,0.3058,0.0902,1.0,,,,23.87399093935987,,,,
2446,P35557,G,117,G,SYN,,,,,100.0,2.0,6.0,1.1997474438650502,0.05,0.014757255641038039,1.1997,0.05,1.1997474438650502,0.05,,0.05,0.035355339059327376,,,,1.1997,0.0354,,,,,23.87399093935987,,,,
2447,P35557,G,117,Y,NONSYN,0.28089736795090275,0.14247348110844252,0.0611096851562341,-2.6748999999999996,100.0,2.0,6.0,-0.36939375291003207,0.159873368541289,0.9916125689391964,-0.3694,0.159873368541289,-0.36939375291003207,0.159873368541289,,0.159873368541289,0.1130475430266815,0.242,0.6113592554105661,0.345561146736145,-0.3103,0.1074,1.0,,,,23.87399093935987,,,,
2448,P35557,G,117,N,NONSYN,0.382875509440285,0.8152110802868934,0.16299718345293443,-0.8179,100.0,2.0,6.0,1.00119972026161,0.223455447946012,0.05166264893396648,1.0012,0.223455447946012,1.00119972026161,0.223455447946012,,0.223455447946012,0.15800686253570265,0.7613,0.2399089316110974,0.516708493232727,0.9807,0.1511,1.0,,,,23.87399093935987,,,,
2449,P35557,G,117,C,NONSYN,0.3672992043124827,0.1178987231648266,0.09254524315387001,-2.438433333333333,100.0,2.0,6.0,0.6331698409049871,0.47490298332292497,0.3461639280386388,0.6332,0.47490298332292497,0.6331698409049871,0.47490298332292497,,0.47490298332292497,0.3358071199133621,0.1947,0.43846536788634083,0.3489571213722229,0.4224,0.242,1.0,,,,23.87399093935987,,,,
2450,P35557,G,117,P,NONSYN,0.2021261040610908,0.346472933415352,0.11881106758899367,-1.8968333333333334,100.0,2.0,6.0,0.0684676906416598,0.17915765660790697,0.9277036052478235,0.0685,0.17915765660790697,0.0684676906416598,0.17915765660790697,,0.17915765660790697,0.12668359388894188,0.3482,0.27974473029873936,0.4102797508239746,0.0928,0.121,1.0,,,,23.87399093935987,,,,
2451,P35557,G,117,E,NONSYN,0.4108810729254607,0.32959214459806757,0.12407540137769169,-1.9435333333333331,100.0,2.0,6.0,0.119110057093513,0.0952996742075065,0.9072865652182321,0.1191,0.0952996742075065,0.119110057093513,0.0952996742075065,,0.0952996742075065,0.06738704587699657,0.3482,0.22910236384688618,0.4102797508239746,0.1251,0.0665,1.0,,,,23.87399093935987,,,,
2452,P35557,G,117,M,NONSYN,0.2878381921366005,0.24230249853769348,0.1414638037295549,-2.275,100.0,2.0,6.0,0.0773575509483372,0.12494569084226402,0.9244622544414862,0.0774,0.12494569084226402,0.0773575509483372,0.12494569084226402,,0.12494569084226402,0.0883499452746028,0.2629,0.18556777587585105,0.40244948863983154,0.0859,0.0863,1.0,,,,23.87399093935987,,,,
2453,P35557,G,117,W,NONSYN,0.355895468841822,0.32053201544434445,0.12407663622518261,-2.4539666666666666,100.0,2.0,6.0,0.0252699640664336,0.320290228216787,0.9416280331404843,0.0253,0.320290228216787,0.0252699640664336,0.320290228216787,,0.320290228216787,0.22647939231987696,0.3434,0.3181504222479585,0.3974248766899109,0.1033,0.1968,1.0,,,,23.87399093935987,,,,
2454,P35557,G,117,H,NONSYN,0.3218287257213429,0.17988108197593192,0.06100772674253497,-1.9332999999999998,100.0,2.0,6.0,0.5682432449599201,0.46817918897516103,0.43761396720884527,0.5682,0.46817918897516103,0.5682432449599201,0.46817918897516103,,0.46817918897516103,0.33105267933475446,0.2481,0.3201800978918964,0.34916526079177856,0.4167,0.2402,1.0,,,,23.87399093935987,,,,
2455,P35557,G,117,Q,NONSYN,0.29754150588632416,0.579472413474132,0.07342492760967129,-1.7754,100.0,2.0,6.0,0.368063982798711,0.109846168298562,0.7121990168605808,0.3681,0.109846168298562,0.368063982798711,0.109846168298562,,0.109846168298562,0.07767297049127195,0.6093,0.24124020688329584,0.44141653180122375,0.3753,0.0765,1.0,,,,23.87399093935987,,,,
2456,P35557,G,117,*,STOP,,,,,100.0,2.0,6.0,0.0967952687198505,0.05,0.916881856620319,0.0968,0.05,0.0967952687198505,0.05,,0.05,0.035355339059327376,,,,0.0968,0.0354,,,,,23.87399093935987,,,,
2457,P35557,T,118,S,NONSYN,0.5112342370012433,-0.04674243038345016,0.13328599161057972,-0.33873333333333333,100.0,2.0,6.0,0.8869024438714901,0.21101512732945102,0.10091066944616464,0.8869,0.21101512732945102,0.8869024438714901,0.21101512732945102,,0.21101512732945102,0.14921022746759757,0.2598,0.6270782871103207,0.41414734721183777,0.8149,0.1404,0.965,,,,55.4451808195834,,,,
2458,P35557,T,118,A,NONSYN,0.4371005638552374,-0.04036573089001227,0.15597918637472877,-0.5245,100.0,2.0,6.0,-0.0938760069902854,0.12589910886765,0.9677318266915133,-0.0939,0.12589910886765,-0.0938760069902854,0.12589910886765,,0.12589910886765,0.0890241136256587,0.2664,0.3602376607950645,0.4156200587749481,-0.0781,0.087,0.965,,,,55.4451808195834,,,,
2459,P35557,T,118,V,NONSYN,0.335359974884157,-0.09895446427812671,0.15720244692634325,-0.4691,100.0,2.0,6.0,0.0818901931740579,0.0946294686582108,0.9227562092820553,0.0819,0.0946294686582108,0.0818901931740579,0.0946294686582108,,0.0946294686582108,0.06691313898830072,0.2233,0.1414304698012534,0.41414734721183777,0.0855,0.0661,0.997,,,,55.4451808195834,,,,
2460,P35557,T,118,R,NONSYN,0.3928132642818517,0.13048472480067455,0.06348953293092863,-1.2489999999999999,100.0,2.0,6.0,0.159597485707932,0.10140026781452699,0.8871726685551271,0.1596,0.10140026781452699,0.159597485707932,0.10140026781452699,,0.10140026781452699,0.07170081698578405,0.2426,0.0829765802157588,0.3586851954460144,0.1628,0.0703,1.0,,,,55.4451808195834,,,,
2461,P35557,T,118,D,NONSYN,0.24736015353784535,0.11860701789119225,0.06504083880332982,-1.2412666666666667,100.0,2.0,6.0,0.195230606436379,0.0818107312319054,0.8662376036905506,0.1952,0.0818107312319054,0.195230606436379,0.0818107312319054,,0.0818107312319054,0.057848922827910376,0.2238,0.028608140111319985,0.3586851954460144,0.196,0.0571,0.997,,,,55.4451808195834,,,,
2462,P35557,T,118,F,NONSYN,0.2626450658678516,-0.16979512079820633,0.07251530883995815,-1.4809,100.0,2.0,6.0,-0.250934607430676,0.0875298578069227,0.9851306038471584,-0.2509,0.0875298578069227,-0.250934607430676,0.0875298578069227,,0.0875298578069227,0.0618929560115693,0.0981,0.34907231394884924,0.2858249843120575,-0.2353,0.0605,1.0,,,,55.4451808195834,,,,
2463,P35557,T,118,T,SYN,,,,,100.0,2.0,6.0,0.51629842443564,0.05,0.5134393620619815,0.5163,0.05,0.51629842443564,0.05,,0.05,0.035355339059327376,,,,0.5163,0.0354,,,,,55.4451808195834,,,,
2464,P35557,T,118,I,NONSYN,0.39900335367527456,0.13358652095378482,0.15060895216753165,-0.8405666666666667,100.0,2.0,6.0,0.0456728358521945,0.416924909462632,0.9354119781699282,0.0457,0.416924909462632,0.0456728358521945,0.416924909462632,,0.416924909462632,0.29481043072661445,0.2802,0.23450532362313203,0.4144967794418335,0.1245,0.2402,0.9990000000000001,,,,55.4451808195834,,,,
2465,P35557,T,118,L,NONSYN,0.3692076635094301,-0.04194692230932633,0.07362121857377414,-1.2598666666666667,100.0,2.0,6.0,-0.0022369594673383,0.221267840834218,0.9490867752228955,-0.0022,0.221267840834218,-0.0022369594673383,0.221267840834218,,0.221267840834218,0.1564599907123812,0.1256,0.12781417084734317,0.28873884677886963,0.0268,0.1376,0.998,,,,55.4451808195834,,,,
2466,P35557,T,118,K,NONSYN,0.35305220057868336,0.17708554934146026,0.1742316308590405,-0.8414,100.0,2.0,6.0,-0.0848242493108318,0.188948392933202,0.966246460340887,-0.0848,0.188948392933202,-0.0848242493108318,0.188948392933202,,0.188948392933202,0.13360668993736746,0.2891,0.373953029675822,0.43891260027885437,-0.0531,0.1278,0.9990000000000001,,,,55.4451808195834,,,,
2467,P35557,T,118,G,NONSYN,0.43600131382643137,-0.2838108568277098,0.07105365644875408,-1.4976,100.0,2.0,6.0,0.0911126006578343,0.10695203875197999,0.9191701775115664,0.0911,0.10695203875197999,0.0911126006578343,0.10695203875197999,,0.10695203875197999,0.07562651186325146,0.0981,0.007025105860338915,0.2858249843120575,0.0916,0.0731,1.0,,,,55.4451808195834,,,,
2468,P35557,T,118,Y,NONSYN,0.2452402164451186,-0.22645130252339427,0.07190449165901373,-1.4882666666666668,100.0,2.0,6.0,-0.0809660622551123,0.0961734356521601,0.9655925261850735,-0.081,0.0961734356521601,-0.0809660622551123,0.0961734356521601,,0.0961734356521601,0.06800488851965047,0.0981,0.17910376877328552,0.2858249843120575,-0.0714,0.0662,1.0,,,,55.4451808195834,,,,
2469,P35557,T,118,N,NONSYN,0.4084330644454248,-0.02891057410873307,0.09393089243664297,-0.5004666666666666,100.0,2.0,6.0,-0.128241477334123,0.5431090849183761,0.9727933781231543,-0.1282,0.5431090849183761,-0.128241477334123,0.5431090849183761,,0.5431090849183761,0.38403611686980416,0.2187,0.34695991667471443,0.37835633754730225,0.0478,0.2695,0.997,,,,55.4451808195834,,,,
2470,P35557,T,118,C,NONSYN,0.4354541497454498,-0.03077837656235033,0.11056734823247287,-0.9072999999999999,100.0,2.0,6.0,0.40333049965580003,0.0522825272107411,0.6694265196139504,0.4033,0.0522825272107411,0.40333049965580003,0.0522825272107411,,0.0522825272107411,0.03696932952828522,0.1485,0.2548488028116991,0.35593920946121216,0.4006,0.0368,1.0,,,,55.4451808195834,,,,
2471,P35557,T,118,P,NONSYN,0.34993609822478866,0.13048472480067455,0.06348953293092863,-1.2489999999999999,100.0,2.0,6.0,-0.519531900797341,0.271963953443165,0.9958625407684525,-0.5195,0.271963953443165,-0.519531900797341,0.271963953443165,,0.271963953443165,0.19230755571796446,0.2616,0.7811728667359091,0.3586851954460144,-0.3451,0.1695,0.997,,,,55.4451808195834,,,,
2472,P35557,T,118,E,NONSYN,0.187606014059847,0.1213930287323876,0.1085923411392876,-0.9009666666666667,100.0,2.0,6.0,-0.0531837162284137,0.10258955887629598,0.9604909924139846,-0.0532,0.10258955887629598,-0.0531837162284137,0.10258955887629598,,0.10258955887629598,0.07254177276036546,0.2359,0.2891331729201556,0.39723140001296997,-0.0439,0.0714,0.9990000000000001,,,,55.4451808195834,,,,
2473,P35557,T,118,M,NONSYN,0.3518740482942453,0.17372610240784023,0.15778193331051443,-0.8553000000000001,100.0,2.0,6.0,-0.0747459085099717,0.366072266115301,0.9645112293209158,-0.0747,0.366072266115301,-0.0747459085099717,0.366072266115301,,0.366072266115301,0.25885218177445574,0.2675,0.34226046515631875,0.4144967794418335,0.0213,0.2196,1.0,,,,55.4451808195834,,,,
2474,P35557,T,118,W,NONSYN,0.2914737870902876,-0.08026268967598468,0.039685950722898086,-1.5825333333333333,100.0,2.0,6.0,-0.11771032229021498,0.0750075182754408,0.9713343220108444,-0.1177,0.0750075182754408,-0.11771032229021498,0.0750075182754408,,0.0750075182754408,0.05303832481253808,0.101,0.21866557016924332,0.2779863774776459,-0.11,0.0521,1.0,,,,55.4451808195834,,,,
2475,P35557,T,118,H,NONSYN,0.3614886802674268,-0.10884608460943342,0.08485832804824099,-1.2503,100.0,2.0,6.0,0.198460527432983,0.130015849495508,0.8641775336047874,0.1985,0.130015849495508,0.198460527432983,0.130015849495508,,0.130015849495508,0.09193508884000327,0.1054,0.09310311890942344,0.28634974360466003,0.1898,0.0875,1.0,,,,55.4451808195834,,,,
2476,P35557,T,118,Q,NONSYN,0.1843049627657748,-0.03796577398953633,0.1381498339849518,-0.8452333333333334,100.0,2.0,6.0,0.5603297206821579,0.48845124352713204,0.4491156612298222,0.5603,0.48845124352713204,0.5603297206821579,0.48845124352713204,,0.48845124352713204,0.34538718657703676,0.1553,0.40507771105195467,0.3757599890232086,0.3748,0.2543,0.9990000000000001,,,,55.4451808195834,,,,
2477,P35557,T,118,*,STOP,,,,,100.0,2.0,6.0,-0.0164740844752735,0.05,0.9525687753533942,-0.0165,0.05,-0.0164740844752735,0.05,,0.05,0.035355339059327376,,,,-0.0165,0.0354,,,,,55.4451808195834,,,,
2478,P35557,A,119,S,NONSYN,0.46929375853615796,-0.1344438915430607,0.06806966152189019,-0.41050000000000003,100.0,2.0,6.0,0.4037308438860589,0.0815849867229699,0.6689208449857921,0.4037,0.0815849867229699,0.4037308438860589,0.0815849867229699,,0.0815849867229699,0.05768929735482646,0.1985,0.20524561844698724,0.3474254012107849,0.3982,0.0569,1.0,,,,13.349175915392722,,,,
2479,P35557,A,119,A,SYN,,,,,100.0,2.0,6.0,0.758147567938148,0.05,0.19928127146344504,0.7581,0.05,0.758147567938148,0.05,,0.05,0.035355339059327376,,,,0.7581,0.0354,,,,,13.349175915392722,,,,
2480,P35557,A,119,V,NONSYN,0.41129671784225785,0.4734547567703787,0.0395228373219488,-0.6206999999999999,100.0,2.0,6.0,0.116565295378275,0.11299034464117,0.9084315117414966,0.1166,0.11299034464117,0.116565295378275,0.11299034464117,,0.11299034464117,0.07989623890437639,0.3867,0.27009283669798845,0.42385533452033997,0.1258,0.0785,1.0,,,,13.349175915392722,,,,
2481,P35557,A,119,R,NONSYN,0.3190441200491768,0.297300375104579,0.13414727164888288,-1.2165666666666668,100.0,2.0,6.0,-0.27459970980905,0.100000287812475,0.986750374400298,-0.2746,0.100000287812475,-0.27459970980905,0.100000287812475,,0.100000287812475,0.07071088163280753,0.3128,0.5873968687655777,0.42944979667663574,-0.2591,0.0698,1.0,,,,13.349175915392722,,,,
2482,P35557,A,119,D,NONSYN,0.4810824638550644,-0.044096150821124,0.08322276311333641,-1.3432333333333333,100.0,2.0,6.0,-0.116657868715636,0.425704988115144,0.9711842051805458,-0.1167,0.425704988115144,-0.116657868715636,0.425704988115144,,0.425704988115144,0.30101888388115694,0.1269,0.2436044372047107,0.2869969606399536,0.011,0.2077,1.0,,,,13.349175915392722,,,,
2483,P35557,A,119,F,NONSYN,0.3975861635372093,-0.14713189131663537,0.10783187844496221,-1.7862,100.0,2.0,6.0,-0.18901131072095398,0.0591907025573906,0.9798529411991908,-0.189,0.0591907025573906,-0.18901131072095398,0.0591907025573906,,0.0591907025573906,0.04185414716152681,0.0833,0.27227965512326724,0.29269737005233765,-0.1836,0.0414,1.0,,,,13.349175915392722,,,,
2484,P35557,A,119,T,NONSYN,0.4593194656393701,0.4761271069188857,0.03924887527757572,-0.5557333333333333,100.0,2.0,6.0,-0.326926097446719,0.23866638881804197,0.9897159787760571,-0.3269,0.23866638881804197,-0.326926097446719,0.23866638881804197,,0.23866638881804197,0.16876262197454267,0.3867,0.7135842295229824,0.42144715785980225,-0.2283,0.1567,1.0,,,,13.349175915392722,,,,
2485,P35557,A,119,I,NONSYN,0.2533067127168299,-0.05909927542687767,0.12484246275209897,-1.3021,100.0,2.0,6.0,-0.127911740178666,0.286123685201341,0.9727488594864963,-0.1279,0.286123685201341,-0.127911740178666,0.286123685201341,,0.286123685201341,0.20231999806395323,0.1269,0.25485830866774073,0.29812806844711304,-0.0475,0.1674,1.0,,,,13.349175915392722,,,,
2486,P35557,A,119,L,NONSYN,0.33775241979079834,-0.066657981207314,0.14070808821451214,-1.2974666666666668,100.0,2.0,6.0,-0.105235622837357,0.0776563116537815,0.9695027517439084,-0.1052,0.0776563116537815,-0.105235622837357,0.0776563116537815,,0.0776563116537815,0.054911304572324814,0.1357,0.24093453736525006,0.32941943407058716,-0.0987,0.0542,1.0,,,,13.349175915392722,,,,
2487,P35557,A,119,K,NONSYN,0.13783323133742972,0.41315061101794237,0.07023111790950799,-0.7036666666666666,100.0,2.0,6.0,-0.133710047055411,0.209585055302408,0.9735210065270479,-0.1337,0.209585055302408,-0.133710047055411,0.209585055302408,,0.209585055302408,0.14819901383969028,0.3533,0.4870500469695803,0.3885078430175781,-0.0718,0.1385,1.0,,,,13.349175915392722,,,,
2488,P35557,A,119,G,NONSYN,0.5077306515769983,0.4314753652902254,0.06281189966891443,-0.48503333333333326,100.0,2.0,6.0,-0.192970872560738,0.1169365452761,0.9802420169607807,-0.193,0.1169365452761,-0.192970872560738,0.1169365452761,,0.1169365452761,0.08268662413325804,0.4214,0.6143304115927204,0.4133208096027374,-0.1693,0.0811,0.998,,,,13.349175915392722,,,,
2489,P35557,A,119,Y,NONSYN,0.2413102682766479,-0.16034283304142136,0.10304749167322642,-1.7924666666666667,100.0,2.0,6.0,-0.14937848554659602,0.14718781100381698,0.9754979608450491,-0.1494,0.14718781100381698,-0.14937848554659602,0.14718781100381698,,0.14718781100381698,0.10407749926880291,0.0833,0.23264682994890926,0.28739216923713684,-0.1224,0.0979,1.0,,,,13.349175915392722,,,,
2490,P35557,A,119,N,NONSYN,0.2596281291448914,0.263407509833538,0.07309776689865208,-1.1920666666666666,100.0,2.0,6.0,-0.17292111399592702,0.48758566728055996,0.9781893039279113,-0.1729,0.48758566728055996,-0.17292111399592702,0.48758566728055996,,0.48758566728055996,0.34477513174345165,0.2855,0.45838319542826955,0.36200082302093506,0.0451,0.2497,1.0,,,,13.349175915392722,,,,
2491,P35557,A,119,C,NONSYN,0.4521425054357098,0.3323978470218874,0.08149778721097051,-0.7297666666666668,100.0,2.0,6.0,0.108548244932754,0.11469640906208001,0.9119519515198365,0.1085,0.11469640906208001,0.108548244932754,0.11469640906208001,,0.11469640906208001,0.08110260862554294,0.3564,0.24784169485224966,0.3922974765300751,0.1187,0.0794,1.0,,,,13.349175915392722,,,,
2492,P35557,A,119,P,NONSYN,0.3737321559264451,0.4932083652721544,0.056944770438164295,-0.7215666666666666,100.0,2.0,6.0,-0.37388330981804707,0.272654635339774,0.9917905916862341,-0.3739,0.272654635339774,-0.37388330981804707,0.272654635339774,,0.272654635339774,0.1927959415706995,0.411,0.7848354308374105,0.4121975600719452,-0.233,0.1746,1.0,,,,13.349175915392722,,,,
2493,P35557,A,119,E,NONSYN,0.3924454343376217,-0.13301503731356804,0.08544709598800969,-0.73,100.0,2.0,6.0,0.23863095443606197,0.0832436838836367,0.8361337603831389,0.2386,0.0832436838836367,0.23863095443606197,0.0832436838836367,,0.0832436838836367,0.058862173365068826,0.1287,0.10997367303728878,0.3180290758609772,0.235,0.0579,1.0,,,,13.349175915392722,,,,
2494,P35557,A,119,M,NONSYN,0.19919007049311416,-0.19181085466121436,0.1353199097885375,-1.2075333333333333,100.0,2.0,6.0,1.19273397948833,0.0656679728976024,0.015446964880909698,1.1927,0.0656679728976024,1.19273397948833,0.0656679728976024,,0.0656679728976024,0.04643426894266907,0.125,1.0677666726359893,0.3365578353404999,1.1728,0.046,1.0,,,,13.349175915392722,,,,
2495,P35557,A,119,W,NONSYN,0.17944660888741126,-0.15168255499439534,0.10708058437027895,-1.6895,100.0,2.0,6.0,-0.17535931968767401,0.0800616234361611,0.9784501771338235,-0.1754,0.0800616234361611,-0.17535931968767401,0.0800616234361611,,0.0800616234361611,0.05661211684451333,0.095,0.27040142917711496,0.293643981218338,-0.1657,0.0556,1.0,,,,13.349175915392722,,,,
2496,P35557,A,119,H,NONSYN,0.3663343704598138,-0.116601743910553,0.12227519119660198,-1.3876666666666668,100.0,2.0,6.0,0.100858910552651,0.19175829429536498,0.9152077683674791,0.1009,0.19175829429536498,0.100858910552651,0.19175829429536498,,0.19175829429536498,0.13559359024501821,0.1054,0.004498497970908566,0.2929692268371582,0.1017,0.1231,1.0,,,,13.349175915392722,,,,
2497,P35557,A,119,Q,NONSYN,0.3707092191809771,-0.13301503731356804,0.08544709598800969,-0.73,100.0,2.0,6.0,1.5047868979391201,0.0358826167767173,0.0018834730114068068,1.5048,0.0358826167767173,1.5047868979391201,0.0358826167767173,,0.0358826167767173,0.025372841649534978,0.1946,1.3102233004984005,0.3778849244117737,1.4989,0.0253,1.0,,,,13.349175915392722,,,,
2498,P35557,A,119,*,STOP,,,,,100.0,2.0,6.0,-0.402419578231221,0.05,0.9928338444322425,-0.4024,0.05,-0.402419578231221,0.05,,0.05,0.035355339059327376,,,,-0.4024,0.0354,,,,,13.349175915392722,H,137.0,,
2499,P35557,E,120,S,NONSYN,0.4382670271083193,0.19138184357112667,0.10449737861442167,-0.6747666666666666,100.0,2.0,6.0,1.02580427553055,0.103553752642547,0.04446654755948393,1.0258,0.103553752642547,1.02580427553055,0.103553752642547,,0.103553752642547,0.07322356071085935,0.5053,0.5204636397540303,0.4714791476726532,1.0135,0.0724,0.8440000000000001,,,,83.4733152948873,,,,
2500,P35557,E,120,A,NONSYN,0.4725389201357859,0.287009492958933,0.11015534250641162,-0.8022,100.0,2.0,6.0,1.3232363968596201,0.23460340784923103,0.006515918945907507,1.3232,0.23460340784923103,1.3232363968596201,0.23460340784923103,,0.23460340784923103,0.16588966057966456,0.5697,0.7535176187262278,0.4795849323272705,1.2427,0.1568,0.804,,,,83.4733152948873,,,,
2501,P35557,E,120,V,NONSYN,0.5148579282991502,0.44452316480457504,0.06062412519129109,-1.6669666666666665,100.0,2.0,6.0,1.3101686771621899,0.109938110536858,0.007112557238209741,1.3102,0.109938110536858,1.3101686771621899,0.109938110536858,,0.109938110536858,0.07773798347144852,0.6772,0.6329224045982556,0.4256103038787842,1.2897,0.0765,0.898,,,,83.4733152948873,,,,
2502,P35557,E,120,R,NONSYN,0.4513055748960305,0.480758359199192,0.1098716233913943,-0.7211333333333333,100.0,2.0,6.0,0.45510684997542405,0.18520656620576398,0.6007658152295471,0.4551,0.18520656620576398,0.45510684997542405,0.18520656620576398,,0.18520656620576398,0.13096081888437097,0.6852,0.2300756022264192,0.4751111567020416,0.4714,0.1263,0.8340000000000001,,,,83.4733152948873,,,,
2503,P35557,E,120,D,NONSYN,0.4800060668498122,1.0109173014531958,0.11388651189799676,-0.020166666666666666,100.0,2.0,6.0,0.534234263125976,0.6205818846844939,0.48723719287789513,0.5342,0.6205818846844939,0.534234263125976,0.6205818846844939,,0.6205818846844939,0.4388176589419337,0.9167,0.38244106608239803,0.4358150362968445,0.7268,0.3092,0.179,,,,83.4733152948873,,,,
2504,P35557,E,120,F,NONSYN,0.4134101209643438,0.54138913516559,0.05354993297274244,-2.4431333333333334,100.0,2.0,6.0,0.0836828197816724,0.0572778553474473,0.92207132243116,0.0837,0.0572778553474473,0.0836828197816724,0.0572778553474473,,0.0572778553474473,0.04050155992800214,0.6148,0.5310720954557544,0.41524189710617065,0.0887,0.0403,0.995,,,,83.4733152948873,,,,
2505,P35557,E,120,T,NONSYN,0.4070866311137473,0.552337752942727,0.08307272899608599,-0.9768666666666667,100.0,2.0,6.0,0.7721991225705249,0.20408934049508198,0.18591431562145405,0.7722,0.20408934049508198,0.7721991225705249,0.20408934049508198,,0.20408934049508198,0.14431295663196272,0.6715,0.10065772976733278,0.4298866093158722,0.762,0.1368,0.963,,,,83.4733152948873,,,,
2506,P35557,E,120,I,NONSYN,0.377366298627538,0.528777360462295,0.04148051243774959,-2.3962999999999997,100.0,2.0,6.0,0.7508590218615959,0.15147419304550302,0.20647923335914223,0.7509,0.15147419304550302,0.7508590218615959,0.15147419304550302,,0.15147419304550302,0.10710842907723536,0.6698,0.08101886482958298,0.40172523260116577,0.7455,0.1035,0.971,,,,83.4733152948873,,,,
2507,P35557,E,120,L,NONSYN,0.4309220950052253,0.6442747555904184,0.04346404200828708,-2.375633333333333,100.0,2.0,6.0,0.40436683647722604,0.141108506185804,0.6681166370660171,0.4044,0.141108506185804,0.40436683647722604,0.141108506185804,,0.141108506185804,0.09977878160708589,0.7561,0.3517707133999407,0.40172523260116577,0.4248,0.0968,0.943,,,,83.4733152948873,,,,
2508,P35557,E,120,K,NONSYN,0.4890082107053284,0.3816143187561687,0.09802962873873276,-0.6217666666666667,100.0,2.0,6.0,0.7488680793111271,0.31217073860503003,0.20847681214705543,0.7489,0.31217073860503003,0.7488680793111271,0.31217073860503003,,0.31217073860503003,0.2207380461556299,0.6865,0.06235590708898964,0.4583926498889923,0.7371,0.1989,0.7909999999999999,,,,83.4733152948873,,,,
2509,P35557,E,120,G,NONSYN,0.4522640708552875,0.9516936191564683,0.03355247409971395,-1.9225,100.0,2.0,6.0,0.623010999865084,0.15936626460692002,0.35999825486467135,0.623,0.15936626460692002,0.623010999865084,0.15936626460692002,,0.15936626460692002,0.11268896639592282,0.8826,0.25962960033938376,0.3938407599925995,0.6427,0.1083,0.932,,,,83.4733152948873,,,,
2510,P35557,E,120,Y,NONSYN,0.4671477233180428,0.592745619401302,0.06157815628737292,-2.2137666666666664,100.0,2.0,6.0,0.713023697751711,0.0479490124155019,0.24671890639659763,0.713,0.0479490124155019,0.713023697751711,0.0479490124155019,,0.0479490124155019,0.033905071830199356,0.6529,0.06010619344110313,0.41524189710617065,0.7126,0.0338,0.998,,,,83.4733152948873,,,,
2511,P35557,E,120,N,NONSYN,0.4945297857128286,0.6554090999710267,0.06000757291943254,-0.6558999999999999,100.0,2.0,6.0,-0.36627749366915,0.377440935272315,0.9914866412441922,-0.3663,0.377440935272315,-0.36627749366915,0.377440935272315,,0.377440935272315,0.26689104482844667,0.802,1.168308116628287,0.43347471952438354,-0.0451,0.2273,0.885,,,,83.4733152948873,,,,
2512,P35557,E,120,C,NONSYN,0.4263241553322161,0.3189970678056155,0.042132751406418124,-2.5622,100.0,2.0,6.0,0.91017480770953,0.0352125669215873,0.0884175442372366,0.9102,0.0352125669215873,0.91017480770953,0.0352125669215873,,0.0352125669215873,0.02489904485323949,0.3914,0.5187719074905663,0.40362265706062317,0.9082,0.0249,0.998,,,,83.4733152948873,,,,
2513,P35557,E,120,P,NONSYN,0.2784783599621833,1.1352013988641116,0.07773802373878154,-1.2109666666666667,100.0,2.0,6.0,-0.121329988006863,0.18675968063590698,0.9718445762551456,-0.1213,0.18675968063590698,-0.121329988006863,0.18675968063590698,,0.18675968063590698,0.13205903662988377,0.9509,1.0722418675463528,0.4087042808532715,-0.02,0.1257,0.833,,,,83.4733152948873,,,,
2514,P35557,E,120,E,SYN,,,,,100.0,2.0,6.0,1.01749924779009,0.05,0.04678520717469206,1.0175,0.05,1.01749924779009,0.05,,0.05,0.035355339059327376,,,,1.0175,0.0354,,,,,83.4733152948873,,,,
2515,P35557,E,120,M,NONSYN,0.4318399535430367,0.8820677915929949,0.047012470115680306,-1.9440333333333335,100.0,2.0,6.0,0.831888482555504,0.0766703162102466,0.13651265565385604,0.8319,0.0766703162102466,0.831888482555504,0.0766703162102466,,0.0766703162102466,0.05421410050798225,0.8406,0.00871689559543598,0.40807557106018066,0.832,0.0537,0.958,,,,83.4733152948873,,,,
2516,P35557,E,120,W,NONSYN,0.3886512979012191,0.4129695593734981,0.05062761345242036,-2.4843333333333333,100.0,2.0,6.0,0.468941547157948,0.0935984727875318,0.5814664432484663,0.4689,0.0935984727875318,0.468941547157948,0.0935984727875318,,0.0935984727875318,0.06618411481676827,0.3678,0.10117433238286255,0.3674161732196808,0.4658,0.0651,1.0,,,,83.4733152948873,,,,
2517,P35557,E,120,H,NONSYN,0.3874690850586482,0.37154454394560804,0.10205840143742419,-0.6659666666666667,100.0,2.0,6.0,0.48531617440710606,0.14068228988104503,0.5582321926162935,0.4853,0.14068228988104503,0.48531617440710606,0.14068228988104503,,0.14068228988104503,0.09947740116773855,0.5623,0.07702885351647792,0.468899130821228,0.4886,0.0973,0.981,,,,83.4733152948873,,,,
2518,P35557,E,120,Q,NONSYN,0.4979236622050323,0.7696355393225511,0.16554553340162645,-0.02876666666666668,100.0,2.0,6.0,1.2580795495179098,0.353961194107069,0.010060101203999694,1.2581,0.353961194107069,1.2580795495179098,0.353961194107069,,0.353961194107069,0.2502883606299963,0.8746,0.383460303988735,0.4986136555671692,1.1809,0.2237,0.068,,,,83.4733152948873,,,,
2519,P35557,E,120,*,STOP,,,,,100.0,2.0,6.0,-0.214949878722053,0.05,0.982265768714306,-0.2149,0.05,-0.214949878722053,0.05,,0.05,0.035355339059327376,,,,-0.2149,0.0354,,,,,83.4733152948873,,,,
2520,P35557,M,121,S,NONSYN,0.31494457442558743,0.8067392504882497,0.035779347123598954,-1.5281333333333336,100.0,2.0,6.0,0.5534213826427261,0.0756539602189387,0.4591869650345374,0.5534,0.0756539602189387,0.5534213826427261,0.0756539602189387,,0.0756539602189387,0.05349542829442886,0.7773,0.2238794520130356,0.4204462170600891,0.557,0.0531,0.991,,,,97.33962380802822,,,,
2521,P35557,M,121,A,NONSYN,0.38040172866410704,0.4809915164439553,0.19588259972486455,-1.2302,100.0,2.0,6.0,1.20146341453241,0.353790563865075,0.014593055163625092,1.2015,0.353790563865075,1.20146341453241,0.353790563865075,,0.353790563865075,0.25016770682880685,0.6159,0.5856009853904116,0.5350399017333984,1.0964,0.2266,0.978,,,,97.33962380802822,,,,
2522,P35557,M,121,V,NONSYN,0.43335182923768345,0.4787592999116013,0.05521078378001343,-0.17053333333333334,100.0,2.0,6.0,0.8564615730640881,0.23207226308473397,0.11950181557266538,0.8565,0.23207226308473397,0.8564615730640881,0.23207226308473397,,0.23207226308473397,0.16409987095252387,0.6701,0.1863701824543469,0.4237045645713806,0.8322,0.153,0.934,,,,97.33962380802822,,,,
2523,P35557,M,121,R,NONSYN,0.4133638176812908,0.6294742098716956,0.20931646211331803,-1.2179,100.0,2.0,6.0,0.7560153342491891,0.16488411451684803,0.2013683169258739,0.756,0.16488411451684803,0.7560153342491891,0.16488411451684803,,0.16488411451684803,0.1165906754848025,0.7111,0.04494861137931605,0.5354760885238647,0.754,0.1139,0.991,,,,97.33962380802822,,,,
2524,P35557,M,121,D,NONSYN,,0.704420217378139,0.04921484387995025,-1.9705666666666666,100.0,2.0,6.0,0.185670140141047,0.460581818465424,0.8721730928865086,0.1857,0.460581818465424,0.185670140141047,0.460581818465424,,0.460581818465424,0.3256805271281327,0.7073,0.5216711136164298,0.41248947381973267,0.386,0.2556,0.991,,,,97.33962380802822,,,,
2525,P35557,M,121,F,NONSYN,0.3024433202519795,0.6290954993328111,0.0795732204460353,-0.4272,100.0,2.0,6.0,0.724051367671183,0.0439285245267116,0.23449829495973848,0.7241,0.0439285245267116,0.724051367671183,0.0439285245267116,,0.0439285245267116,0.031062157580357345,0.7529,0.028886724083730275,0.43548575043678284,0.7242,0.031,0.9470000000000001,,,,97.33962380802822,,,,
2526,P35557,M,121,T,NONSYN,0.4428972613017431,0.799856290396673,0.09657619539622435,-0.9479666666666667,100.0,2.0,6.0,0.588734802525925,0.21115360550009102,0.40808925168295107,0.5887,0.21115360550009102,0.588734802525925,0.21115360550009102,,0.21115360550009102,0.14930814632110342,0.7841,0.19535094805390896,0.45102864503860474,0.608,0.1417,0.961,,,,97.33962380802822,,,,
2527,P35557,M,121,I,NONSYN,0.5092966528428504,0.6029648478706063,0.07132578750443604,0.1806,100.0,2.0,6.0,0.270136409655201,0.193410608147447,0.8108218015046211,0.2701,0.193410608147447,0.270136409655201,0.193410608147447,,0.193410608147447,0.13676195257447388,0.7945,0.5243927899450187,0.3997742831707001,0.3251,0.1294,0.863,,,,97.33962380802822,,,,
2528,P35557,M,121,L,NONSYN,0.4802407566174219,0.6168831167968241,0.07195481371602025,0.0198,100.0,2.0,6.0,0.22838160287654802,0.189170221694482,0.8437267074165552,0.2284,0.189170221694482,0.22838160287654802,0.189170221694482,,0.189170221694482,0.13376354655873077,0.8312,0.6028474878140648,0.3997742831707001,0.2891,0.1269,0.544,,,,97.33962380802822,,,,
2529,P35557,M,121,K,NONSYN,0.4908604207297649,0.798304573544722,0.09324313887712893,-1.2170333333333332,100.0,2.0,6.0,0.24952424323011,0.8119917128712479,0.827722789304438,0.2495,0.8119917128712479,0.24952424323011,0.8119917128712479,,0.8119917128712479,0.5741648464385394,0.838,0.5884533449466173,0.4466562569141388,0.6161,0.3525,0.9390000000000001,,,,97.33962380802822,,,,
2530,P35557,M,121,G,NONSYN,0.2313069645088376,0.49028466831867634,0.11731486565443781,-2.044633333333333,100.0,2.0,6.0,0.828076787319435,0.0894618817367504,0.13931945274080804,0.8281,0.0894618817367504,0.828076787319435,0.0894618817367504,,0.0894618817367504,0.06325910323376516,0.5303,0.29778028282190694,0.4694483280181885,0.8228,0.0627,0.991,,,,97.33962380802822,,,,
2531,P35557,M,121,Y,NONSYN,,0.8726897420877346,0.037176175171183504,-1.5137666666666665,100.0,2.0,6.0,0.355569907844271,0.0623635145016153,0.7264683435056112,0.3556,0.0623635145016153,0.355569907844271,0.0623635145016153,,0.0623635145016153,0.04409766400271777,0.8286,0.4730062993166787,0.41924378275871277,0.3607,0.0439,0.995,,,,97.33962380802822,,,,
2532,P35557,M,121,N,NONSYN,0.3182579182514713,0.37829589242164463,0.08264352761222284,-1.7266666666666666,100.0,2.0,6.0,0.620220939670971,0.0831475401868288,0.3638352203463871,0.6202,0.0831475401868288,0.620220939670971,0.0831475401868288,,0.0831475401868288,0.058794189505087614,0.4868,0.13338310555117427,0.430963397026062,0.6178,0.0583,0.991,,,,97.33962380802822,,,,
2533,P35557,M,121,C,NONSYN,,0.45766855358918507,0.03929506903249479,-1.5218999999999998,100.0,2.0,6.0,1.6006334733399201,0.0311863406415854,0.0009618827070637123,1.6006,0.0311863406415854,1.6006334733399201,0.0311863406415854,,0.0311863406415854,0.02205207294805866,0.4498,1.1508491646679688,0.419206440448761,1.5975,0.022,0.9990000000000001,,,,97.33962380802822,,,,
2534,P35557,M,121,P,NONSYN,0.29396488881585514,0.5830660783651801,0.054658282705395606,-1.7313666666666665,100.0,2.0,6.0,0.0059103818403647,0.27582088322157106,0.9469814413141782,0.0059,0.27582088322157106,0.0059103818403647,0.27582088322157106,,0.27582088322157106,0.1950348169188357,0.6552,0.6492415217889382,0.43717435002326965,0.1137,0.1781,0.991,,,,97.33962380802822,,,,
2535,P35557,M,121,E,NONSYN,0.3715633530173947,0.3633818972639646,0.0749710268212103,-1.7125666666666666,100.0,2.0,6.0,0.664962925144011,0.16935428463225,0.3044332911946233,0.665,0.16935428463225,0.664962925144011,0.16935428463225,,0.16935428463225,0.11975156308646068,0.5476,0.11733279389935158,0.4298752248287201,0.6565,0.1154,0.9790000000000001,,,,97.33962380802822,,,,
2536,P35557,M,121,M,SYN,,,,,,,,,,,,,,,,,,,,,,,,,,,97.33962380802822,,,,
2537,P35557,M,121,W,NONSYN,0.17309253470131644,0.5196536533740085,0.1961066652343958,-1.278,100.0,2.0,6.0,0.437434971852567,0.0643627124809014,0.624888383842481,0.4374,0.0643627124809014,0.437434971852567,0.0643627124809014,,0.0643627124809014,0.04551131045080542,0.5835,0.14602094836685436,0.5350399017333984,0.4385,0.0453,1.0,,,,97.33962380802822,,,,
2538,P35557,M,121,H,NONSYN,,0.8365415879423058,0.024250220480572657,-1.4892,100.0,2.0,6.0,0.46401437028055803,0.134837363023131,0.5883778312232221,0.464,0.134837363023131,0.46401437028055803,0.134837363023131,,0.134837363023131,0.09534441375096817,0.7974,0.33343176142567976,0.41509485244750977,0.4807,0.0929,0.998,,,,97.33962380802822,,,,
2539,P35557,M,121,Q,NONSYN,0.13890249407095925,0.7230825810870654,0.07467451434802905,-0.3912,100.0,2.0,6.0,0.44209012240842,0.12462252208089,0.6185966910433869,0.4421,0.12462252208089,0.44209012240842,0.12462252208089,,0.12462252208089,0.08812143045196758,0.7394,0.2973420932821928,0.4289891719818115,0.4541,0.0863,0.9940000000000001,,,,97.33962380802822,,,,
2540,P35557,M,121,*,STOP,,,,,100.0,2.0,6.0,0.20867946015944197,0.05,0.8574735984666512,0.2087,0.05,0.20867946015944197,0.05,,0.05,0.035355339059327376,,,,0.2087,0.0354,,,,,97.33962380802822,,,,
2541,P35557,L,122,S,NONSYN,0.3696688568840947,0.04715932397644066,0.08385211210258105,-1.8501333333333332,100.0,2.0,6.0,-0.12928811374844598,0.19261046509266,0.9729341975753139,-0.1293,0.19261046509266,-0.12928811374844598,0.19261046509266,,0.19261046509266,0.13619616599451467,0.1146,0.24384266797246026,0.28680914640426636,-0.0844,0.123,1.0,,,,11.279076278430034,,,,
2542,P35557,L,122,A,NONSYN,0.2800117097075371,0.18964636238451116,0.07542854417338134,-1.3620666666666665,100.0,2.0,6.0,-0.174221075840254,0.141172098765113,0.9783287918534953,-0.1742,0.141172098765113,-0.174221075840254,0.141172098765113,,0.141172098765113,0.09982374835114842,0.2621,0.4363247526362135,0.3586851954460144,-0.1429,0.0962,1.0,,,,11.279076278430034,,,,
2543,P35557,L,122,V,NONSYN,0.45006845647116095,0.05193398672083852,0.2332613538337268,-0.2792333333333333,100.0,2.0,6.0,-0.118341357887556,0.16814513998605501,0.9714239487276843,-0.1183,0.16814513998605501,-0.118341357887556,0.16814513998605501,,0.16814513998605501,0.1188965687077008,0.2943,0.41262567180471604,0.5334100723266602,-0.0988,0.116,0.9890000000000001,,,,11.279076278430034,,,,
2544,P35557,L,122,R,NONSYN,0.2792328090176149,-0.16148372845081535,0.08804776203418017,-1.8351333333333333,100.0,2.0,6.0,0.496641043533322,0.15529526956820802,0.5419616902009561,0.4966,0.15529526956820802,0.496641043533322,0.15529526956820802,,0.15529526956820802,0.10981033819787278,0.0833,0.41337269913100877,0.2849055230617523,0.4432,0.1025,1.0,,,,11.279076278430034,,,,
2545,P35557,L,122,D,NONSYN,0.15709418040401155,-0.236606655765035,0.07323280316462276,-2.512333333333333,100.0,2.0,6.0,-0.29481940421803104,0.168733720283371,0.9879894649745122,-0.2948,0.168733720283371,-0.29481940421803104,0.168733720283371,,0.168733720283371,0.11931275782720573,0.0778,0.37266703400356876,0.2712279260158539,-0.2344,0.1092,1.0,,,,11.279076278430034,,,,
2546,P35557,L,122,F,NONSYN,0.463424518412456,0.1257316944401145,0.18697253870629996,-0.2331333333333333,100.0,2.0,6.0,-0.33973448104538395,0.615151289861353,0.9903309142778769,-0.3397,0.615151289861353,-0.33973448104538395,0.615151289861353,,0.615151289861353,0.4349776485166142,0.302,0.6417744619337507,0.44717732071876526,-0.0277,0.3118,1.0,,,,11.279076278430034,,,,
2547,P35557,L,122,T,NONSYN,0.3205067496312658,0.11606872399198265,0.058194411194328,-1.3817666666666666,100.0,2.0,6.0,0.0465118393373315,0.24775254901463398,0.9351429791361702,0.0465,0.24775254901463398,0.0465118393373315,0.24775254901463398,,0.24775254901463398,0.17518750746450015,0.2051,0.15859987287999944,0.36015820503234863,0.0769,0.1575,1.0,,,,11.279076278430034,,,,
2548,P35557,L,122,I,NONSYN,0.3599458773266949,-0.13718799986520283,0.1612563905817663,-0.44539999999999996,100.0,2.0,6.0,0.44902460187056803,0.734576769644154,0.6091397197029798,0.449,0.734576769644154,0.44902460187056803,0.734576769644154,,0.734576769644154,0.5194242151174897,0.233,0.21606407969573282,0.41414734721183777,0.3169,0.3238,0.985,,,,11.279076278430034,,,,
2549,P35557,L,122,L,SYN,,,,,100.0,2.0,6.0,0.9078356426518929,0.05,0.08960949791776444,0.9078,0.05,0.9078356426518929,0.05,,0.05,0.035355339059327376,,,,0.9078,0.0354,,,,,11.279076278430034,,,,
2550,P35557,L,122,K,NONSYN,0.16637828819819184,0.04273033301470166,0.0921654766012358,-1.8327,100.0,2.0,6.0,-0.116001140863229,0.10372762673447501,0.9710901284880041,-0.116,0.10372762673447501,-0.116001140863229,0.10372762673447501,,0.10372762673447501,0.0733465082603343,0.1268,0.24284703710727806,0.2940240204334259,-0.1018,0.0712,0.997,,,,11.279076278430034,,,,
2551,P35557,L,122,G,NONSYN,0.3375782897720982,-0.3128067462718713,0.08026965099991426,-2.5354666666666663,100.0,2.0,6.0,-0.06621913269752201,0.0950155089407676,0.9629730818484254,-0.0662,0.0950155089407676,-0.06621913269752201,0.0950155089407676,,0.0950155089407676,0.0671861106899078,0.0778,0.14406676248305972,0.26764315366744995,-0.0577,0.0652,1.0,,,,11.279076278430034,,,,
2552,P35557,L,122,Y,NONSYN,0.3932294491632085,-0.001062071191873168,0.07483123791743611,-1.3710666666666667,100.0,2.0,6.0,0.3979042248888989,0.14678242882315098,0.6762375428461787,0.3979,0.14678242882315098,0.3979042248888989,0.14678242882315098,,0.14678242882315098,0.1037908507798818,0.1347,0.26316542197904785,0.29165029525756836,0.3683,0.0978,0.998,,,,11.279076278430034,,,,
2553,P35557,L,122,N,NONSYN,0.1790631080953343,-0.1296574716939057,0.07457526609743298,-2.4369,100.0,2.0,6.0,-0.27467684114068197,0.24181506545565803,0.9867553444951586,-0.2747,0.24181506545565803,-0.27467684114068197,0.24181506545565803,,0.24181506545565803,0.17098907257676463,0.0833,0.3579451855429952,0.2668485939502716,-0.1705,0.144,1.0,,,,11.279076278430034,,,,
2554,P35557,L,122,C,NONSYN,0.3444819501115762,0.005859400750307294,0.0630475534884563,-1.3948999999999998,100.0,2.0,6.0,0.12452302292730301,0.139584984921772,0.904806198865737,0.1245,0.139584984921772,0.12452302292730301,0.139584984921772,,0.139584984921772,0.09870148939000695,0.1269,0.0024235455617716978,0.2880533039569855,0.1248,0.0934,1.0,,,,11.279076278430034,,,,
2555,P35557,L,122,P,NONSYN,0.3101239067988947,-0.24611289267182204,0.12803542899726092,-2.2839666666666667,100.0,2.0,6.0,0.0461707110727059,0.24909076509599104,0.93525248219757,0.0462,0.24909076509599104,0.0461707110727059,0.24909076509599104,,0.24909076509599104,0.17613376913032064,0.086,0.03981655880568155,0.2752878665924072,0.0577,0.1484,1.0,,,,11.279076278430034,,,,
2556,P35557,L,122,E,NONSYN,0.22335052551716408,-0.09824175425516603,0.08483601242551009,-2.4328000000000003,100.0,2.0,6.0,-0.368923993456901,0.17038870105635998,0.9915937108375468,-0.3689,0.17038870105635998,-0.368923993456901,0.17038870105635998,,0.17038870105635998,0.12048300595451958,0.0851,0.4539913252478251,0.2771140933036804,-0.2967,0.1105,1.0,,,,11.279076278430034,,,,
2557,P35557,L,122,M,NONSYN,0.4855550162170784,-0.0030170790207906437,0.2292847487320148,0.15566666666666665,,,,,,,,,,,,,,0.2652,,0.4778103232383728,0.2652,0.4778,0.9990000000000001,,,,11.279076278430034,,,,
2558,P35557,L,122,W,NONSYN,0.28885364138641745,0.083783929640549,0.06323449856659635,-1.8677333333333335,100.0,2.0,6.0,-0.23916193074077102,0.30279554054662,0.9842499597334629,-0.2392,0.30279554054662,-0.23916193074077102,0.30279554054662,,0.30279554054662,0.21410878003356118,0.1458,0.3850086850532863,0.31755512952804565,-0.1188,0.1775,1.0,,,,11.279076278430034,,,,
2559,P35557,L,122,H,NONSYN,0.29725486605293433,0.14227020458093295,0.07337962575020972,-1.9786333333333335,100.0,2.0,6.0,-0.0947378434178832,0.45559679990560703,0.9678697599843722,-0.0947,0.45559679990560703,-0.0947378434178832,0.45559679990560703,,0.45559679990560703,0.3221555867001453,0.2403,0.3350846029756072,0.3479645848274231,0.0599,0.2364,1.0,,,,11.279076278430034,,,,
2560,P35557,L,122,Q,NONSYN,0.3225298006389851,-0.09628666121790734,0.08534201416141142,-1.5422,100.0,2.0,6.0,-0.20610494679772304,0.173422170251861,0.9814782679371757,-0.2061,0.173422170251861,-0.20610494679772304,0.173422170251861,,0.173422170251861,0.12262799259317886,0.1075,0.31357355183922697,0.30904069542884827,-0.1634,0.114,1.0,,,,11.279076278430034,,,,
2561,P35557,L,122,*,STOP,,,,,,,,,,,,,,,,,,,,,,,,,,,11.279076278430034,,,,
2562,P35557,F,123,S,NONSYN,0.3509668135339838,-0.12112972086630024,0.1080587603513502,-1.8094999999999999,100.0,2.0,6.0,-0.0115677390115829,0.127248511677696,0.9513963650376664,-0.0116,0.127248511677696,-0.0115677390115829,0.127248511677696,,0.127248511677696,0.08997828550319441,0.0833,0.09483608341389613,0.2903916835784912,-0.0033,0.0859,1.0,,,,3.1400755616008778,,,,
2563,P35557,F,123,A,NONSYN,0.21205940102164186,-0.15058171612761498,0.10898961876369401,-1.7977999999999998,100.0,2.0,6.0,0.0767882467723613,0.11205106046647599,0.924673957407704,0.0768,0.11205106046647599,0.0767882467723613,0.11205106046647599,,0.11205106046647599,0.07923206469498904,0.0833,0.006480097629951928,0.2903916835784912,0.0772,0.0764,1.0,,,,3.1400755616008778,,,,
2564,P35557,F,123,V,NONSYN,0.3686871445054262,-0.07693651741771336,0.07291384818136755,-1.0737666666666665,100.0,2.0,6.0,-0.0696529769671172,0.172254639455471,0.9636004275185771,-0.0697,0.172254639455471,-0.0696529769671172,0.172254639455471,,0.172254639455471,0.12180242364980737,0.1167,0.18633318183543385,0.29419222474098206,-0.0424,0.1125,1.0,,,,3.1400755616008778,,,,
2565,P35557,F,123,R,NONSYN,0.12156869505678705,-0.4304608321749496,0.21134219299883938,-2.1628666666666665,100.0,2.0,6.0,-0.0449122232245101,0.10679837021807902,0.9588300899629945,-0.0449,0.10679837021807902,-0.0449122232245101,0.10679837021807902,,0.10679837021807902,0.07551785180087509,0.0937,0.13864437163339988,0.3449006676673889,-0.0386,0.0738,1.0,,,,3.1400755616008778,,,,
2566,P35557,F,123,D,NONSYN,0.1992068019592559,0.008766252144407275,0.08506488166359917,-2.6122333333333336,100.0,2.0,6.0,0.0141216852643143,0.0944795735997343,0.944772599064803,0.0141,0.0944795735997343,0.0141216852643143,0.0944795735997343,,0.0944795735997343,0.06680714717598563,0.1067,0.09253480649212491,0.2896496653556824,0.0188,0.0651,1.0,,,,3.1400755616008778,,,,
2567,P35557,F,123,F,SYN,,,,,100.0,2.0,6.0,0.381327565633809,0.05,0.6965345412426113,0.3813,0.05,0.381327565633809,0.05,,0.05,0.035355339059327376,,,,0.3813,0.0354,,,,,3.1400755616008778,,,,
2568,P35557,F,123,T,NONSYN,0.18720675519309532,0.0441672884694167,0.04426245411739943,-1.6453666666666666,100.0,2.0,6.0,-0.12652101469758,0.207448627387084,0.9725602773228759,-0.1265,0.207448627387084,-0.12652101469758,0.207448627387084,,0.207448627387084,0.14668833117324842,0.1348,0.26136561585190743,0.28448644280433655,-0.0716,0.1304,1.0,,,,3.1400755616008778,,,,
2569,P35557,F,123,I,NONSYN,0.40023011164303374,-0.22193411542641273,0.10898487370607655,-0.511,100.0,2.0,6.0,-0.28414347820756497,0.15630216833259802,0.9873509340579444,-0.2841,0.15630216833259802,-0.28414347820756497,0.15630216833259802,,0.15630216833259802,0.1105223231421413,0.1947,0.478872687153793,0.37632855772972107,-0.2461,0.106,1.0,,,,3.1400755616008778,,,,
2570,P35557,F,123,L,NONSYN,0.4640274525972558,-0.28212446477857966,0.11388612554746043,-0.3554666666666666,100.0,2.0,6.0,-0.157859902413966,0.224960804422517,0.976504615651489,-0.1579,0.224960804422517,-0.157859902413966,0.224960804422517,,0.224960804422517,0.15907131030834243,0.1955,0.3533309507690685,0.37632855772972107,-0.1043,0.1465,0.9990000000000001,,,,3.1400755616008778,,,,
2571,P35557,F,123,K,NONSYN,0.1539819943883161,-0.09392679037527694,0.09959682091995885,-1.9918333333333333,100.0,2.0,6.0,-0.35332744489172996,0.674435469106528,0.9909418744592577,-0.3533,0.674435469106528,-0.35332744489172996,0.674435469106528,,0.674435469106528,0.47689789367795615,0.0872,0.440505943398276,0.28370481729507446,-0.028,0.2438,1.0,,,,3.1400755616008778,,,,
2572,P35557,F,123,G,NONSYN,0.22544940105055214,0.01935797531867243,0.08509841126286923,-2.584433333333333,100.0,2.0,6.0,-0.0176534842584812,0.0939345021873552,0.9528463857841366,-0.0177,0.0939345021873552,-0.0176534842584812,0.0939345021873552,,0.0939345021873552,0.06642172348406145,0.1067,0.12430997601492041,0.2896496653556824,-0.0114,0.0647,1.0,,,,3.1400755616008778,,,,
2573,P35557,F,123,Y,NONSYN,0.41795167961904656,-0.2400299395140467,0.12010132027231764,-0.19666666666666666,100.0,2.0,6.0,-0.488389653655312,0.42788644315746,0.99521838566709,-0.4884,0.42788644315746,-0.488389653655312,0.42788644315746,,0.42788644315746,0.30256140553443217,0.2035,0.691889239045403,0.39873403310775757,-0.2356,0.241,0.998,,,,3.1400755616008778,,,,
2574,P35557,F,123,N,NONSYN,0.06350654443895225,-0.10658320032083794,0.08372090297086536,-2.4017,100.0,2.0,6.0,-0.624398656959437,0.441051079263492,0.9974389870324439,-0.6244,0.441051079263492,-0.624398656959437,0.441051079263492,,0.441051079263492,0.31187020899686063,0.0851,0.709465988750361,0.2771140933036804,-0.2279,0.2072,1.0,,,,3.1400755616008778,,,,
2575,P35557,F,123,C,NONSYN,0.42192151878195305,-0.05067872846740323,0.08299100761110742,-1.5309000000000001,100.0,2.0,6.0,0.0672813576474717,0.0807300645674053,0.9281258757093231,0.0673,0.0807300645674053,0.0672813576474717,0.0807300645674053,,0.0807300645674053,0.0570847761012401,0.1269,0.059665210841603006,0.29071494936943054,0.0695,0.056,1.0,,,,3.1400755616008778,,,,
2576,P35557,F,123,P,NONSYN,0.14474630447280185,-0.20931015198453462,0.10859612614542241,-2.5313999999999997,100.0,2.0,6.0,-0.288959063002318,0.32532004393796804,0.9876431997453878,-0.289,0.32532004393796804,-0.288959063002318,0.32532004393796804,,0.32532004393796804,0.23003600912444278,0.0778,0.3668066927878557,0.2947961091995239,-0.1501,0.1814,1.0,,,,3.1400755616008778,,,,
2577,P35557,F,123,E,NONSYN,0.14341137314980398,-0.0974969539988283,0.08285972467455507,-2.5673,100.0,2.0,6.0,0.332911303694021,0.124867097247316,0.7511061267678919,0.3329,0.124867097247316,0.332911303694021,0.124867097247316,,0.124867097247316,0.08829437121065722,0.0872,0.24573280518747498,0.26948603987693787,0.3091,0.0839,1.0,,,,3.1400755616008778,,,,
2578,P35557,F,123,M,NONSYN,0.21680558431241104,-0.18864794328385,0.09145388394202673,-0.25303333333333333,100.0,2.0,6.0,-0.43828946689815507,0.365403371906678,0.9939524340651211,-0.4383,0.365403371906678,-0.43828946689815507,0.365403371906678,,0.365403371906678,0.25837920214364196,0.1955,0.6337605152532576,0.37084734439849854,-0.2312,0.212,0.9990000000000001,,,,3.1400755616008778,,,,
2579,P35557,F,123,W,NONSYN,0.32132997916102696,-0.2934309491732287,0.10764069747509993,-0.3639333333333333,100.0,2.0,6.0,-0.123940449230019,0.27479246829848303,0.9722068293422845,-0.1239,0.27479246829848303,-0.123940449230019,0.27479246829848303,,0.27479246829848303,0.19430761775284672,0.1947,0.31866965817624704,0.37309277057647705,-0.0559,0.1723,1.0,,,,3.1400755616008778,,,,
2580,P35557,F,123,H,NONSYN,0.3132585296390889,-0.042964211339075166,0.06634251910593192,-1.3437666666666666,100.0,2.0,6.0,-0.0139474316930468,0.254456313477481,0.9519685640606096,-0.0139,0.254456313477481,-0.0139474316930468,0.254456313477481,,0.254456313477481,0.17992778477565669,0.1269,0.1408940001821215,0.28658032417297363,0.0259,0.1524,1.0,,,,3.1400755616008778,,,,
2581,P35557,F,123,Q,NONSYN,0.15363519183063878,-0.10715047378129293,0.16309924279779306,-2.0034333333333336,100.0,2.0,6.0,-0.313656394673682,0.39317953817514795,0.9890359271986107,-0.3137,0.39317953817514795,-0.313656394673682,0.39317953817514795,,0.39317953817514795,0.2780199176674421,0.0992,0.41283792753348425,0.30074265599250793,-0.1234,0.2042,1.0,,,,3.1400755616008778,,,,
2582,P35557,F,123,*,STOP,,,,,100.0,2.0,6.0,-0.183714754883667,0.05,0.9793201689087638,-0.1837,0.05,-0.183714754883667,0.05,,0.05,0.035355339059327376,,,,-0.1837,0.0354,,,,,3.1400755616008778,,,,
2583,P35557,D,124,S,NONSYN,0.3690767940714815,0.1289047993251066,0.12415418035089591,-0.9501333333333332,100.0,2.0,6.0,0.224380938561498,0.126238600928014,0.8466075172759931,0.2244,0.126238600928014,0.224380938561498,0.126238600928014,,0.126238600928014,0.08926417076370109,0.311,0.0866147594136607,0.4066537618637085,0.2284,0.0872,0.998,,,,51.607145975681206,,,,
2584,P35557,D,124,A,NONSYN,0.4216252277516441,0.07391859225580501,0.09465342128501099,-1.4927333333333335,100.0,2.0,6.0,0.15069168660100302,0.0972460779699101,0.8919159041485988,0.1507,0.0972460779699101,0.15069168660100302,0.0972460779699101,,0.0972460779699101,0.06876336117631915,0.1696,0.018876345425287877,0.3501437306404114,0.1514,0.0675,0.9990000000000001,,,,51.607145975681206,,,,
2585,P35557,D,124,V,NONSYN,0.4506084315132353,0.03555871328780092,0.04406531574360816,-2.6115333333333335,100.0,2.0,6.0,-0.0507797061588296,0.183797021762685,0.9600153178082168,-0.0508,0.183797021762685,-0.0507797061588296,0.183797021762685,,0.183797021762685,0.12996412045028602,0.1067,0.1574361979152688,0.26338931918144226,-0.02,0.1165,1.0,,,,51.607145975681206,,,,
2586,P35557,D,124,R,NONSYN,0.35823216117602164,0.08802977571009502,0.09239289676717505,-1.472133333333333,100.0,2.0,6.0,0.10835813623813301,0.130643062820925,0.9120338574046294,0.1084,0.130643062820925,0.10835813623813301,0.130643062820925,,0.130643062820925,0.09237859563565619,0.1877,0.07936871903988213,0.3469737768173218,0.1136,0.0893,1.0,,,,51.607145975681206,,,,
2587,P35557,D,124,D,SYN,,,,,,,,,,,,,,,,,,,,,,,,,,,51.607145975681206,,,,
2588,P35557,D,124,F,NONSYN,0.29646296686588297,0.08459713182560773,0.05883506334000916,-2.6194333333333333,100.0,2.0,6.0,-0.19789496177225002,0.0801543381816028,0.9807151363976754,-0.1979,0.0801543381816028,-0.19789496177225002,0.0801543381816028,,0.0801543381816028,0.056677676069731134,0.1475,0.3453604888298977,0.31026723980903625,-0.1867,0.0558,1.0,,,,51.607145975681206,,,,
2589,P35557,D,124,T,NONSYN,0.33041122774515563,0.23951837418808433,0.09305096491021475,-1.2396666666666667,100.0,2.0,6.0,-0.0080891238515992,0.33720936247028804,0.9505477316803338,-0.0081,0.33720936247028804,-0.0080891238515992,0.33720936247028804,,0.33720936247028804,0.23844302688233315,0.2659,0.2740234123533387,0.3749147057533264,0.0708,0.2012,1.0,,,,51.607145975681206,,,,
2590,P35557,D,124,I,NONSYN,0.3169485018080975,0.21711822080338913,0.06373369992937093,-2.7128666666666668,100.0,2.0,6.0,-0.291357759776547,0.144063361829565,0.9877861629330148,-0.2914,0.144063361829565,-0.291357759776547,0.144063361829565,,0.144063361829565,0.10186818007021664,0.2601,0.5514584820894742,0.345561146736145,-0.2473,0.0977,1.0,,,,51.607145975681206,,,,
2591,P35557,D,124,L,NONSYN,0.37713817620354506,-0.028588453424003863,0.06284553883536369,-2.7055000000000002,100.0,2.0,6.0,0.44576226290563203,0.150923364045711,0.6136010914446862,0.4458,0.150923364045711,0.44576226290563203,0.150923364045711,,0.150923364045711,0.10671893415620821,0.1067,0.3391057711491928,0.2690693736076355,0.3997,0.0992,1.0,,,,51.607145975681206,,,,
2592,P35557,D,124,K,NONSYN,0.3517044245741117,0.12965686907233928,0.11715915725094883,-0.8925333333333333,100.0,2.0,6.0,0.22212472931979999,0.215220926119108,0.8482118743428065,0.2221,0.215220926119108,0.22212472931979999,0.215220926119108,,0.215220926119108,0.1521841763120702,0.2547,0.03256007655025617,0.400467187166214,0.2262,0.1423,1.0,,,,51.607145975681206,,,,
2593,P35557,D,124,G,NONSYN,0.41616550742326497,0.08365356632917893,0.08826556006399101,-1.4276333333333333,100.0,2.0,6.0,0.34573870664345,0.3163476419272,0.7373567608845154,0.3457,0.3163476419272,0.34573870664345,0.3163476419272,,0.3163476419272,0.22369156281909688,0.18,0.1656918502400992,0.3469737768173218,0.2971,0.188,0.9990000000000001,,,,51.607145975681206,,,,
2594,P35557,D,124,Y,NONSYN,0.4224113195979475,-0.06682522398626393,0.05383945684506142,-2.560966666666667,,,,,,,,,,,,,,0.1048,,0.2690693736076355,0.1048,0.2691,1.0,,,,51.607145975681206,,,,
2595,P35557,D,124,N,NONSYN,0.4295009636980524,0.1732139177408707,0.10841940347061896,-0.2961,,,,,,,,,,,,,,0.3039,,0.4138275384902954,0.3039,0.4138,1.0,,,,51.607145975681206,,,,
2596,P35557,D,124,C,NONSYN,0.3461355508488411,0.03454159899008515,0.06553771570856623,-2.7265333333333337,100.0,2.0,6.0,0.256372105663365,0.12867211856754598,0.8222523530045853,0.2564,0.12867211856754598,0.256372105663365,0.12867211856754598,,0.12867211856754598,0.09098492758875124,0.1067,0.14971561390692578,0.2690693736076355,0.241,0.0862,1.0,,,,51.607145975681206,,,,
2597,P35557,D,124,P,NONSYN,0.2905290433283012,0.20159617649419537,0.08386505036090286,-1.4699,100.0,2.0,6.0,-0.232341066114168,0.210055760409249,0.9837152910727883,-0.2323,0.210055760409249,-0.232341066114168,0.210055760409249,,0.210055760409249,0.14853185261267668,0.2837,0.5160589368264483,0.37014061212539673,-0.1608,0.1378,0.997,,,,51.607145975681206,,,,
2598,P35557,D,124,E,NONSYN,0.4869275421620544,0.20639482012947233,0.09991182757297513,-0.7963666666666667,100.0,2.0,6.0,0.122582022153995,0.27968399081592,0.9057027023569468,0.1226,0.27968399081592,0.122582022153995,0.27968399081592,,0.27968399081592,0.1977664464952531,0.5269,0.40428137401376013,0.45601868629455566,0.1866,0.1814,0.423,,,,51.607145975681206,,,,
2599,P35557,D,124,M,NONSYN,0.2886817698329022,0.0025658125774284577,0.056155823500735814,-2.633366666666667,100.0,2.0,6.0,0.0481989959722878,0.10940888859008902,0.9345987395239195,0.0482,0.10940888859008902,0.0481989959722878,0.10940888859008902,,0.10940888859008902,0.07736376704413542,0.1067,0.05845749578415141,0.2690693736076355,0.0527,0.0744,1.0,,,,51.607145975681206,,,,
2600,P35557,D,124,W,NONSYN,0.2933207242208761,0.13692553626415002,0.057777652414315865,-2.7770999999999995,100.0,2.0,6.0,-0.169485010094892,0.37524754135328203,0.9778161627910857,-0.1695,0.37524754135328203,-0.169485010094892,0.37524754135328203,,0.37524754135328203,0.26534008111448515,0.2403,0.40983176965261603,0.345561146736145,-0.0175,0.2105,1.0,,,,51.607145975681206,,,,
2601,P35557,D,124,H,NONSYN,0.4359397753198172,0.18659143737055026,0.12020954660972567,-1.1262,,,,,,,,,,,,,,0.2631,,0.3927360773086548,0.2631,0.3927,1.0,,,,51.607145975681206,,,,
2602,P35557,D,124,Q,NONSYN,0.3596090029508326,0.1461388480098996,0.09887320318396774,-0.9301666666666666,100.0,2.0,6.0,0.17267879250711904,0.342675484675612,0.87985929660188,0.1727,0.342675484675612,0.17267879250711904,0.342675484675612,,0.342675484675612,0.24230815896051205,0.26,0.08731023070149913,0.37661194801330566,0.1982,0.2038,1.0,,,,51.607145975681206,,,,
2603,P35557,D,124,*,STOP,,,,,100.0,2.0,6.0,-0.42329885943275,0.05,0.9935089320516307,-0.4233,0.05,-0.42329885943275,0.05,,0.05,0.035355339059327376,,,,-0.4233,0.0354,,,,,51.607145975681206,,,,
2604,P35557,Y,125,S,NONSYN,0.38834274260646795,-0.04651843047029753,0.11732933388032026,-1.5604666666666667,100.0,2.0,6.0,0.14813863012766101,0.293818032977544,0.893241382403291,0.1481,0.293818032977544,0.14813863012766101,0.293818032977544,,0.293818032977544,0.207760723553314,0.1269,0.021192061638586307,0.3018460273742676,0.1413,0.1711,1.0,,,,52.0496988336041,,,,
2605,P35557,Y,125,A,NONSYN,0.20972259918765807,0.19509299829119364,0.15926240343205025,-1.7107666666666665,100.0,2.0,6.0,0.0199095749598348,0.143534679008332,0.9431614068216156,0.0199,0.143534679008332,0.0199095749598348,0.143534679008332,,0.143534679008332,0.10149434486222594,0.2671,0.24714760544482828,0.4137784540653229,0.0339,0.0986,1.0,,,,52.0496988336041,,,,
2606,P35557,Y,125,V,NONSYN,0.299959060462427,-0.03470998159213053,0.11785309332613443,-1.5651000000000002,100.0,2.0,6.0,0.11271328349316001,0.2900203685665769,0.9101392831139545,0.1127,0.2900203685665769,0.11271328349316001,0.2900203685665769,,0.2900203685665769,0.20507536929564837,0.1269,0.014233284995914697,0.3018460273742676,0.1172,0.1696,1.0,,,,52.0496988336041,,,,
2607,P35557,Y,125,R,NONSYN,0.1371352939524294,0.13719437999229858,0.14876657261677492,-1.7367666666666663,100.0,2.0,6.0,0.19360542985652,0.280707257506147,0.8672636076916881,0.1936,0.280707257506147,0.19360542985652,0.280707257506147,,0.280707257506147,0.19849000531087493,0.2677,0.0740778377368638,0.414913147687912,0.2074,0.1791,0.9990000000000001,,,,52.0496988336041,,,,
2608,P35557,Y,125,D,NONSYN,0.2808273038865437,0.3047442104129274,0.1812971876202504,-2.4846,100.0,2.0,6.0,0.0316555557336239,0.15338633648734898,0.9397483350184977,0.0317,0.15338633648734898,0.0316555557336239,0.15338633648734898,,0.15338633648734898,0.10846051867156602,0.3287,0.2970451357279392,0.4282606840133667,0.0496,0.1051,1.0,,,,52.0496988336041,,,,
2609,P35557,Y,125,F,NONSYN,0.4872780854634644,0.29889301413107194,0.11099300299338193,-0.06290000000000003,100.0,2.0,6.0,0.358656214864436,0.0639927910348441,0.7229881117838731,0.3587,0.0639927910348441,0.358656214864436,0.0639927910348441,,0.0639927910348441,0.04524973648779196,0.5379,0.17924751123648563,0.47264277935028076,0.3603,0.045,0.988,,,,52.0496988336041,,,,
2610,P35557,Y,125,T,NONSYN,0.3050153834687861,0.005243681802647347,0.11205348303411622,-1.5653333333333332,100.0,2.0,6.0,-0.0071477066911736,0.32880457420753995,0.9503155493486456,-0.0071,0.32880457420753995,-0.0071477066911736,0.32880457420753995,,0.32880457420753995,0.23249994410730687,0.1269,0.1340942751802483,0.3018460273742676,0.0428,0.1842,1.0,,,,52.0496988336041,,,,
2611,P35557,Y,125,I,NONSYN,0.28896106325248155,-0.03780493539519344,0.11425548303740317,-1.4040666666666668,100.0,2.0,6.0,0.272072970362179,0.0816732058501469,0.8091664677895445,0.2721,0.0816732058501469,0.272072970362179,0.0816732058501469,,0.0816732058501469,0.05775167769788367,0.1338,0.13824433037804812,0.30225634574890137,0.2672,0.0567,0.992,,,,52.0496988336041,,,,
2612,P35557,Y,125,L,NONSYN,0.28126980143421565,0.011999834897196221,0.11052870301170024,-1.3954666666666666,100.0,2.0,6.0,0.12265865948501001,0.147477097943209,0.9056674562079224,0.1227,0.147477097943209,0.12265865948501001,0.147477097943209,,0.147477097943209,0.10428205602535573,0.1706,0.0478936538427793,0.3611201047897339,0.1263,0.1002,0.9740000000000001,,,,52.0496988336041,,,,
2613,P35557,Y,125,K,NONSYN,0.19614719212003395,0.06476269712065323,0.08379593947353982,-1.7127333333333334,100.0,2.0,6.0,0.410900478471456,0.592259884022736,0.659792657982652,0.4109,0.592259884022736,0.410900478471456,0.592259884022736,,0.592259884022736,0.41879098021723477,0.1468,0.26407355557793183,0.33181750774383545,0.2487,0.2601,0.998,,,,52.0496988336041,,,,
2614,P35557,Y,125,G,NONSYN,0.19871662093811185,-0.06317721684363807,0.17852316678034655,-2.3432,100.0,2.0,6.0,1.1354198375033202,0.203700891338574,0.022359659916717223,1.1354,0.203700891338574,1.1354198375033202,0.203700891338574,,0.203700891338574,0.14403828159924972,0.1189,1.0165201344775023,0.31608760356903076,0.9606,0.1311,1.0,,,,52.0496988336041,,,,
2615,P35557,Y,125,Y,SYN,,,,,100.0,2.0,6.0,1.11074107768712,0.05,0.026166605233380366,1.1107,0.05,1.11074107768712,0.05,,0.05,0.035355339059327376,,,,1.1107,0.0354,,,,,52.0496988336041,,,,
2616,P35557,Y,125,N,NONSYN,0.3952363274633001,0.20813849442927027,0.1581438407690346,-1.7366333333333335,100.0,2.0,6.0,-0.0192269134543951,0.16429516732366,0.9532142294902057,-0.0192,0.16429516732366,-0.0192269134543951,0.16429516732366,,0.16429516732366,0.11617422693073846,0.2671,0.2862840938590582,0.4137784540653229,0.0017,0.1118,1.0,,,,52.0496988336041,,,,
2617,P35557,Y,125,C,NONSYN,0.4586734907533599,0.13719437999229858,0.14876657261677492,-1.7367666666666668,100.0,2.0,6.0,0.110700212255188,0.40477984413363,0.9110197559354917,0.1107,0.40477984413363,0.110700212255188,0.40477984413363,,0.40477984413363,0.2862225726745235,0.2461,0.135368861421875,0.41344043612480164,0.1546,0.2353,1.0,,,,52.0496988336041,,,,
2618,P35557,Y,125,P,NONSYN,0.23460250402828794,0.3258694784222404,0.13100009890931222,-2.446166666666667,100.0,2.0,6.0,-0.0317202482943151,0.553412112323844,0.956035340470084,-0.0317,0.553412112323844,-0.0317202482943151,0.553412112323844,,0.553412112323844,0.3913214574149614,0.341,0.3727546606783483,0.41392168402671814,0.1442,0.2844,1.0,,,,52.0496988336041,,,,
2619,P35557,Y,125,E,NONSYN,0.2834825200829025,0.03687850656483227,0.1656031159973539,-2.2428666666666666,100.0,2.0,6.0,-0.189466957970223,0.49383908827000794,0.979898111490234,-0.1895,0.49383908827000794,-0.189466957970223,0.49383908827000794,,0.49383908827000794,0.3491969681307046,0.1189,0.3083666609960409,0.3059113025665283,-0.015,0.2301,1.0,,,,52.0496988336041,,,,
2620,P35557,Y,125,M,NONSYN,0.28510862464089565,0.08456806897654916,0.12439928963402214,-1.5896,100.0,2.0,6.0,-0.245120868212879,0.23572620642410397,0.9847022443707188,-0.2451,0.23572620642410397,-0.245120868212879,0.23572620642410397,,0.23572620642410397,0.1666835990658638,0.1678,0.41287641239851747,0.3611201047897339,-0.1726,0.1513,1.0,,,,52.0496988336041,,,,
2621,P35557,Y,125,W,NONSYN,0.3374643971404331,0.4939403690193092,0.1082499723389711,0.17450000000000002,100.0,2.0,6.0,-0.226485849800276,0.122147865074446,0.9832414082980108,-0.2265,0.122147865074446,-0.226485849800276,0.122147865074446,,0.122147865074446,0.08637158370160021,0.424,0.6505146040345899,0.4334680438041687,-0.2016,0.0847,1.0,,,,52.0496988336041,,,,
2622,P35557,Y,125,H,NONSYN,0.37993420185509386,0.1347477784754463,0.037775426169016545,0.2750666666666666,100.0,2.0,6.0,0.8510919218313129,0.44739180518502397,0.12306148727995526,0.8511,0.44739180518502397,0.8510919218313129,0.44739180518502397,,0.44739180518502397,0.31635377929362124,0.321,0.5300789480459125,0.35967856645584106,0.6199,0.2375,0.9990000000000001,,,,52.0496988336041,,,,
2623,P35557,Y,125,Q,NONSYN,0.2421324616458889,0.04987025387810332,0.06830765833373566,-1.3627666666666667,100.0,2.0,6.0,0.0090474025422887,0.39706591198582597,0.9461480663352538,0.009,0.39706591198582597,0.0090474025422887,0.39706591198582597,,0.39706591198582597,0.28076799894319837,0.1471,0.1380885406320735,0.32486429810523987,0.0681,0.2124,0.9990000000000001,,,,52.0496988336041,,,,
2624,P35557,Y,125,*,STOP,,,,,100.0,2.0,6.0,-0.154637342143182,0.05,0.9761272023168889,-0.1546,0.05,-0.154637342143182,0.05,,0.05,0.035355339059327376,,,,-0.1546,0.0354,,,,,52.0496988336041,,,,
2625,P35557,I,126,S,NONSYN,0.3569880228913576,-0.37340980138871904,0.12085183043306874,-2.078,100.0,2.0,6.0,-0.215234161170032,0.20295393506746698,0.9822905007254884,-0.2152,0.20295393506746698,-0.215234161170032,0.20295393506746698,,0.20295393506746698,0.14351010375470014,0.0778,0.29308179095556974,0.28226056694984436,-0.155,0.1279,1.0,,,,0.9354362894298968,,,,
2626,P35557,I,126,A,NONSYN,0.28919971369701003,0.044895487136420005,0.14626499300861925,-1.0550333333333333,100.0,2.0,6.0,0.0828609837128416,0.17631074112176298,0.9223860313786223,0.0829,0.17631074112176298,0.0828609837128416,0.17631074112176298,,0.17631074112176298,0.12467052064322448,0.1455,0.06263109316093769,0.363699734210968,0.0894,0.1179,1.0,,,,0.9354362894298968,,,,
2627,P35557,I,126,V,NONSYN,0.5093217990682584,0.2551507952815105,0.15847385608865064,0.12380000000000002,100.0,2.0,6.0,1.00013268496143,0.171029534826307,0.05199766984804925,1.0001,0.171029534826307,1.00013268496143,0.171029534826307,,0.171029534826307,0.12093614385886246,0.582,0.41816777493106505,0.5064998865127563,0.9776,0.1176,0.941,,,,0.9354362894298968,,,,
2628,P35557,I,126,R,NONSYN,0.3272410050264404,-0.178531702034984,0.16103013288978832,-2.2922666666666665,100.0,2.0,6.0,0.2546755686128,0.19735572832853301,0.8236209261843437,0.2547,0.19735572832853301,0.2546755686128,0.19735572832853301,,0.19735572832853301,0.1395515738071157,0.0901,0.16460883763669526,0.29927945137023926,0.2253,0.1265,1.0,,,,0.9354362894298968,,,,
2629,P35557,I,126,D,NONSYN,0.16544784150713826,-0.16238306634234567,0.08003391159414201,-2.5876333333333332,100.0,2.0,6.0,-0.29979474028910197,0.248766449190826,0.988275545130188,-0.2998,0.248766449190826,-0.29979474028910197,0.248766449190826,,0.248766449190826,0.17590444315453177,0.0816,0.38138527354563273,0.271497905254364,-0.187,0.1476,1.0,,,,0.9354362894298968,,,,
2630,P35557,I,126,F,NONSYN,0.4538389948012209,0.044895487136420005,0.14626499300861928,-1.0550333333333333,100.0,2.0,6.0,0.390742507031489,0.084438599758381,0.6851023366977772,0.3907,0.084438599758381,0.390742507031489,0.084438599758381,,0.084438599758381,0.05970710648304797,0.2317,0.1590772533922678,0.4124029576778412,0.3875,0.0591,1.0,,,,0.9354362894298968,,,,
2631,P35557,I,126,T,NONSYN,0.4688475184602092,0.11109349227541167,0.12312496985009291,-0.9611333333333333,100.0,2.0,6.0,0.192148491614514,0.3454508601164699,0.8681774322416672,0.1921,0.3454508601164699,0.192148491614514,0.3454508601164699,,0.3454508601164699,0.2442706457550813,0.2235,0.03131838155443131,0.3927360773086548,0.2009,0.2074,1.0,,,,0.9354362894298968,,,,
2632,P35557,I,126,I,SYN,,,,,100.0,2.0,6.0,1.1622198453521102,0.05,0.018823439347334322,1.1622,0.05,1.1622198453521102,0.05,,0.05,0.035355339059327376,,,,1.1622,0.0354,,,,,0.9354362894298968,,,,
2633,P35557,I,126,L,NONSYN,0.4687676623700352,0.48544171470767683,0.15756574391784772,0.3612333333333333,100.0,2.0,6.0,0.30925992668293106,0.185518438740982,0.7750820892889301,0.3093,0.185518438740982,0.30925992668293106,0.185518438740982,,0.185518438740982,0.13118134606888948,0.7359,0.4266274815735997,0.4885413944721222,0.338,0.1267,0.6609999999999999,,,,0.9354362894298968,,,,
2634,P35557,I,126,K,NONSYN,0.25092304942959986,-0.34103404069357796,0.12157724041360692,-2.1344,100.0,2.0,6.0,-0.29384464490615003,0.281137568760294,0.9879325745230055,-0.2938,0.281137568760294,-0.29384464490615003,0.281137568760294,,0.281137568760294,0.19879428131670315,0.0778,0.37169227469168775,0.28226056694984436,-0.1706,0.1625,1.0,,,,0.9354362894298968,,,,
2635,P35557,I,126,G,NONSYN,0.2286457322751229,-0.191377421925678,0.08772728179462332,-2.4901666666666666,100.0,2.0,6.0,-0.21281167353910502,0.196603827162022,0.9820786069523771,-0.2128,0.196603827162022,-0.21281167353910502,0.196603827162022,,0.196603827162022,0.13901989939349368,0.0778,0.29065930332464274,0.2815128266811371,-0.1558,0.1246,1.0,,,,0.9354362894298968,,,,
2636,P35557,I,126,Y,NONSYN,0.13155243779361564,0.01277666038400487,0.1312673706073839,-1.0679999999999998,100.0,2.0,6.0,0.17921746397008703,0.3255876811556889,0.876044524804871,0.1792,0.3255876811556889,0.17921746397008703,0.3255876811556889,,0.3255876811556889,0.2302252572159911,0.1474,0.031839913368127803,0.36191996932029724,0.17,0.1943,0.998,,,,0.9354362894298968,,,,
2637,P35557,I,126,N,NONSYN,0.35592577166482897,0.14124599718257033,0.14910992788095084,-2.2975999999999996,100.0,2.0,6.0,-0.391138845853534,0.22353397914065198,0.9924390015185013,-0.3911,0.22353397914065198,-0.391138845853534,0.22353397914065198,,0.22353397914065198,0.15806239247596726,0.2461,0.637207919530597,0.40244948863983154,-0.306,0.1471,1.0,,,,0.9354362894298968,,,,
2638,P35557,I,126,C,NONSYN,0.3956709195432079,0.15140897976581422,0.11935686739783828,-1.1501666666666666,100.0,2.0,6.0,-0.236679494175341,0.399672906713801,0.9840574944490431,-0.2367,0.399672906713801,-0.236679494175341,0.399672906713801,,0.399672906713801,0.28261142259386707,0.2532,0.4898596105903648,0.3927360773086548,-0.0696,0.2294,1.0,,,,0.9354362894298968,,,,
2639,P35557,I,126,P,NONSYN,0.14199266304317096,-0.004322738891924989,0.14966631432008484,-2.2159,100.0,2.0,6.0,-0.196717362820727,0.28671208726632896,0.9806030580631594,-0.1967,0.28671208726632896,-0.196717362820727,0.28671208726632896,,0.28671208726632896,0.20273606115417037,0.1189,0.31561706584654486,0.3059113025665283,-0.1004,0.169,1.0,,,,0.9354362894298968,,,,
2640,P35557,I,126,E,NONSYN,0.17211454446743213,-0.028067391557141663,0.1533873327184272,-2.2968999999999995,100.0,2.0,6.0,0.11680132036560198,0.16333150769479002,0.9083258818908939,0.1168,0.16333150769479002,0.11680132036560198,0.16333150769479002,,0.16333150769479002,0.11549281667240878,0.1189,0.0020983826602158917,0.3059113025665283,0.1171,0.108,1.0,,,,0.9354362894298968,,,,
2641,P35557,I,126,M,NONSYN,0.42718435575891617,0.5667117062252833,0.06271543759312574,0.4004666666666667,100.0,2.0,6.0,0.0654499521301115,0.640706147077478,0.9287730818258243,0.0654,0.640706147077478,0.0654499521301115,0.640706147077478,,0.640706147077478,0.45304766134639013,0.6356,0.5701805362655794,0.41480791568756104,0.3756,0.3059,0.9940000000000001,,,,0.9354362894298968,,,,
2642,P35557,I,126,W,NONSYN,0.174286826410949,-0.33234729304300004,0.13237727591795478,-2.117266666666666,100.0,2.0,6.0,-0.31990488785788396,0.172248112607316,0.9893617862018489,-0.3199,0.172248112607316,-0.31990488785788396,0.172248112607316,,0.172248112607316,0.1217978084712172,0.086,0.4058921577362714,0.29927945137023926,-0.2622,0.1128,1.0,,,,0.9354362894298968,,,,
2643,P35557,I,126,H,NONSYN,0.28548817071874943,-0.006553985625044001,0.08013665576182018,-2.3060999999999994,100.0,2.0,6.0,0.052261102569309006,0.5784301217588721,0.9332700943812903,0.0523,0.5784301217588721,0.052261102569309006,0.5784301217588721,,0.5784301217588721,0.4090118615382588,0.1067,0.0543953891871302,0.26711857318878174,0.0904,0.2236,1.0,,,,0.9354362894298968,,,,
2644,P35557,I,126,Q,NONSYN,0.19562317673292887,-0.270155631861587,0.1029863976589591,-2.121633333333333,100.0,2.0,6.0,-0.506479871402123,0.3926642633054171,0.9956044071276209,-0.5065,0.3926642633054171,-0.506479871402123,0.3926642633054171,,0.3926642633054171,0.27765556331288044,0.0778,0.5843275011876607,0.27926105260849,-0.216,0.1969,1.0,,,,0.9354362894298968,,,,
2645,P35557,I,126,*,STOP,,,,,100.0,2.0,6.0,0.38736578262453103,0.05,0.6892318758208681,0.3874,0.05,0.38736578262453103,0.05,,0.05,0.035355339059327376,,,,0.3874,0.0354,,,,,0.9354362894298968,,,,
2646,P35557,S,127,S,SYN,,,,,100.0,2.0,6.0,0.6439570952583921,0.05,0.33172511189306564,0.644,0.05,0.6439570952583921,0.05,,0.05,0.035355339059327376,,,,0.644,0.0354,,,,,0.3999061098289463,,,,
2647,P35557,S,127,A,NONSYN,0.4563330621977513,-0.15973516540610833,0.1304336100864487,-0.019100000000000006,100.0,2.0,6.0,0.807409068355284,0.338018948978344,0.15535070980239196,0.8074,0.338018948978344,0.807409068355284,0.338018948978344,,0.338018948978344,0.23901549099213665,0.3208,0.48659296871157676,0.407950222492218,0.6831,0.2062,0.001,,,,0.3999061098289463,,,,
2648,P35557,S,127,V,NONSYN,0.3566796973350173,0.2111911068547567,0.1182175284366732,-1.1372666666666664,100.0,2.0,6.0,1.5981594702956,0.36818169904949205,0.0009788483844378581,1.5982,0.36818169904949205,1.5981594702956,0.36818169904949205,,0.36818169904949205,0.26034377610668047,0.4018,1.1963681361433782,0.46310895681381226,1.3109,0.2269,0.961,,,,0.3999061098289463,,,,
2649,P35557,S,127,R,NONSYN,0.5078165034060199,0.26185269433942987,0.12284256043949925,-0.9542999999999999,100.0,2.0,6.0,0.0846213217989692,0.275309951509787,0.9217104414430378,0.0846,0.275309951509787,0.0846213217989692,0.275309951509787,,0.275309951509787,0.19467353364070994,0.2961,0.21144698893864067,0.4066537618637085,0.124,0.1756,1.0,,,,0.3999061098289463,,,,
2650,P35557,S,127,D,NONSYN,0.26426002389568154,0.7649753811311677,0.14418222653050164,-0.6365333333333334,100.0,2.0,6.0,-0.19854084773560002,0.45263452445359104,0.9807763262324983,-0.1985,0.45263452445359104,-0.19854084773560002,0.45263452445359104,,0.45263452445359104,0.32006094164028237,0.753,0.9515757970382733,0.5202399492263794,0.0627,0.2726,0.995,,,,0.3999061098289463,,,,
2651,P35557,S,127,F,NONSYN,0.4400921079880442,0.0774163888861545,0.1143839165331163,-1.6948,100.0,2.0,6.0,0.551672296599083,0.544616446620941,0.4617403417262023,0.5517,0.544616446620941,0.551672296599083,0.544616446620941,,0.544616446620941,0.3851019825513887,0.1646,0.3870467413222123,0.359549880027771,0.3449,0.2628,0.9990000000000001,,,,0.3999061098289463,,,,
2652,P35557,S,127,T,NONSYN,0.5032644910640633,0.1478772830110077,0.12762819657964475,-0.06526666666666665,100.0,2.0,6.0,-0.115428276896064,0.356774818719914,0.971007810716565,-0.1154,0.356774818719914,-0.115428276896064,0.356774818719914,,0.356774818719914,0.2522778936734524,0.4853,0.6006803294416114,0.48596838116645813,0.0121,0.2239,0.105,,,,0.3999061098289463,,,,
2653,P35557,S,127,I,NONSYN,0.40690641070991895,0.09989016120132484,0.15378388204723997,-1.6840666666666664,100.0,2.0,6.0,0.484250979653572,0.32622482683091303,0.5597548410703524,0.4843,0.32622482683091303,0.484250979653572,0.32622482683091303,,0.32622482683091303,0.23067578724354576,0.2576,0.22667987846491233,0.4123057425022125,0.4302,0.2013,0.992,,,,0.3999061098289463,,,,
2654,P35557,S,127,L,NONSYN,0.393745075519064,0.2926229350992183,0.16610716595495303,-1.6658,100.0,2.0,6.0,-0.0939473420401085,0.188320710405561,0.9677432662680493,-0.0939,0.188320710405561,-0.0939473420401085,0.188320710405561,,0.188320710405561,0.1331628513656402,0.4923,0.5862936884184349,0.5300568342208862,-0.0591,0.1291,0.985,,,,0.3999061098289463,,,,
2655,P35557,S,127,K,NONSYN,0.33912790346884786,0.587268881935109,0.15229510671251176,-0.6627666666666666,100.0,2.0,6.0,0.334578649852576,0.401973732057512,0.7493484486619651,0.3346,0.401973732057512,0.334578649852576,0.401973732057512,,0.401973732057512,0.284238351796731,0.6334,0.29881761803835416,0.5282725691795349,0.4017,0.2503,0.997,,,,0.3999061098289463,,,,
2656,P35557,S,127,G,NONSYN,0.4188135801978989,0.08081318726046766,0.1525371549017816,-0.6509999999999999,100.0,2.0,6.0,1.8539457338765002,0.40031833272916495,0.00015457550547394195,1.8539,0.40031833272916495,1.8539457338765002,0.40031833272916495,,0.40031833272916495,0.28306780770608514,0.3799,1.4740256684735156,0.5130530595779419,1.51,0.2478,0.76,,,,0.3999061098289463,,,,
2657,P35557,S,127,Y,NONSYN,0.3987520148682556,0.29262293509921833,0.16610716595495303,-1.6658,,,,,,,,,,,,,,0.3907,,0.5167815089225769,0.3907,0.5168,0.995,,,,0.3999061098289463,,,,
2658,P35557,S,127,N,NONSYN,0.3577198430860929,0.41612982595742903,0.13502989430341342,-0.2566,100.0,2.0,6.0,-0.470178978986688,0.35579319412084104,0.9947937678926884,-0.4702,0.35579319412084104,-0.470178978986688,0.35579319412084104,,0.35579319412084104,0.2515837802628684,0.5861,1.0563217573832944,0.5380609631538391,-0.2807,0.2279,0.9590000000000001,,,,0.3999061098289463,,,,
2659,P35557,S,127,C,NONSYN,0.4413057931247456,0.06265847513156926,0.13367293359080043,-0.9221333333333334,100.0,2.0,6.0,0.6822039794225511,0.16058865479985798,0.28293019443385337,0.6822,0.16058865479985798,0.6822039794225511,0.16058865479985798,,0.16058865479985798,0.11355332679060519,0.1909,0.4912893187303361,0.3900758922100067,0.6438,0.109,0.995,,,,0.3999061098289463,,,,
2660,P35557,S,127,P,NONSYN,0.3754690196139504,0.2535851975735133,0.1093596501889874,-0.9290666666666666,100.0,2.0,6.0,0.10942381209671902,0.363523420959447,0.9115737916276577,0.1094,0.363523420959447,0.10942381209671902,0.363523420959447,,0.363523420959447,0.2570498760805569,0.4705,0.36107179933249545,0.47409382462501526,0.1915,0.226,0.8320000000000001,,,,0.3999061098289463,,,,
2661,P35557,S,127,E,NONSYN,0.32956968841657797,0.6633278453311587,0.1710613375226415,-0.6781,100.0,2.0,6.0,0.10640175966442698,0.22881348576508603,0.9128725540384608,0.1064,0.22881348576508603,0.10640175966442698,0.22881348576508603,,0.22881348576508603,0.1617955674114239,0.6737,0.567300063093294,0.5296012163162231,0.1548,0.1547,0.993,,,,0.3999061098289463,,,,
2662,P35557,S,127,M,NONSYN,0.4679817126368144,0.8780275821827516,0.17297839863306153,-1.6196000000000002,100.0,2.0,6.0,-0.158054470955,0.305972088429115,0.9765272066811631,-0.1581,0.305972088429115,-0.158054470955,0.305972088429115,,0.305972088429115,0.21635493858203717,0.7769,0.9349777697907544,0.5283169150352478,-0.0238,0.2002,1.0,,,,0.3999061098289463,,,,
2663,P35557,S,127,W,NONSYN,0.3832492129242465,0.31399197807084883,0.15607946721293658,-1.7880333333333336,100.0,2.0,6.0,0.113358310042454,0.22068304895562998,0.9098554253697767,0.1134,0.22068304895562998,0.113358310042454,0.22068304895562998,,0.22068304895562998,0.1560464804094488,0.3905,0.277130552948879,0.5006365180015564,0.1379,0.149,0.9990000000000001,,,,0.3999061098289463,,,,
2664,P35557,S,127,H,NONSYN,0.2629764798769622,0.2920830377727464,0.11395261272340079,-0.9429,100.0,2.0,6.0,-0.0060697085009804,0.33717548866946007,0.9500483540858173,-0.0061,0.33717548866946007,-0.0060697085009804,0.33717548866946007,,0.33717548866946007,0.23841907448806313,0.3097,0.31580214563476944,0.4066537618637085,0.0747,0.2057,1.0,,,,0.3999061098289463,,,,
2665,P35557,S,127,Q,NONSYN,0.3963611118941722,0.7649753811311677,0.14418222653050164,-0.6365333333333333,,,,,,,,,,,,,,0.7084,,0.5202399492263794,0.7084,0.5202,1.0,,,,0.3999061098289463,,,,
2666,P35557,S,127,*,STOP,,,,,100.0,2.0,6.0,-0.280800274802868,0.05,0.9871438285886924,-0.2808,0.05,-0.280800274802868,0.05,,0.05,0.035355339059327376,,,,-0.2808,0.0354,,,,,0.3999061098289463,,,,
2667,P35557,E,128,S,NONSYN,0.4382670271083193,0.6900471557398277,0.17723925618283243,-0.6747666666666666,100.0,2.0,6.0,1.15471889103785,0.23763029478080702,0.019755459325238034,1.1547,0.23763029478080702,1.15471889103785,0.23763029478080702,,0.23763029478080702,0.1680299928548669,0.865,0.28972341145410985,0.5166670083999634,1.127,0.1598,0.012,,,,84.04814169067886,,,,
2668,P35557,E,128,A,NONSYN,0.4725389201357859,0.5222245053833466,0.17673999768908202,-0.8022,100.0,2.0,6.0,0.679150278813076,0.2790586426952,0.28667634065173464,0.6792,0.2790586426952,0.679150278813076,0.2790586426952,,0.2790586426952,0.1973242585984897,0.7977,0.1185939953263283,0.5226703882217407,0.6939,0.1846,0.127,,,,84.04814169067886,,,,
2669,P35557,E,128,V,NONSYN,0.5148579282991502,0.7290121537886147,0.12163600003550701,-1.6669666666666665,100.0,2.0,6.0,0.605038276417269,0.154533700682068,0.3849718282527239,0.605,0.154533700682068,0.605038276417269,0.154533700682068,,0.154533700682068,0.10927182767414248,0.8578,0.2527228682207925,0.4707992672920227,0.618,0.1064,0.604,,,,84.04814169067886,,,,
2670,P35557,E,128,R,NONSYN,0.4513055748960305,0.7580434153521939,0.17386282898311944,-0.7211333333333333,100.0,2.0,6.0,0.475161499975977,0.31497967776831604,0.5726864051964393,0.4752,0.31497967776831604,0.475161499975977,0.31497967776831604,,0.31497967776831604,0.22272426608592988,0.8549,0.37977545738333696,0.5203863382339478,0.534,0.2048,0.8590000000000001,,,,84.04814169067886,,,,
2671,P35557,E,128,D,NONSYN,0.4800060668498122,0.702973739925511,0.13483980410770516,-0.020166666666666666,100.0,2.0,6.0,2.00022724053199,0.5647871598186701,5.1993977574093224e-05,2.0002,0.5647871598186701,2.00022724053199,0.5647871598186701,,0.5647871598186701,0.399364830634872,0.8595,1.1406812348061295,0.4857209622859955,1.5401,0.3085,0.036000000000000004,,,,84.04814169067886,,,,
2672,P35557,E,128,F,NONSYN,0.4134101209643438,0.5343023895518617,0.11328517052225544,-2.4431333333333334,100.0,2.0,6.0,1.0879018570622199,0.131412006608205,0.030228937477146653,1.0879,0.131412006608205,1.0879018570622199,0.131412006608205,,0.131412006608205,0.09292232100199316,0.7603,0.3276008631428473,0.4653068780899048,1.0753,0.0911,0.925,,,,84.04814169067886,,,,
2673,P35557,E,128,T,NONSYN,0.4070866311137473,0.3634449986820462,0.12123356814727292,-0.9768666666666667,100.0,2.0,6.0,0.35688713841198205,0.259539447373287,0.7249865909266029,0.3569,0.259539447373287,0.35688713841198205,0.259539447373287,,0.259539447373287,0.1835221032230603,0.6618,0.30487301297427893,0.5036512613296509,0.3926,0.1724,0.392,,,,84.04814169067886,,,,
2674,P35557,E,128,I,NONSYN,0.377366298627538,0.8545410017349674,0.06745675815926712,-2.3962999999999997,100.0,2.0,6.0,0.46991572497465295,0.412341966190878,0.5800952693962796,0.4699,0.412341966190878,0.46991572497465295,0.412341966190878,,0.412341966190878,0.29156980046136394,0.8818,0.41186859490297156,0.385029137134552,0.62,0.2324,0.852,,,,84.04814169067886,,,,
2675,P35557,E,128,L,NONSYN,0.4309220950052253,0.8016005911088323,0.10534090597593791,-2.375633333333333,100.0,2.0,6.0,0.628736956853058,0.22845707818676897,0.3521736173036533,0.6287,0.22845707818676897,0.628736956853058,0.22845707818676897,,0.22845707818676897,0.16154354919592961,0.8578,0.22908593819699086,0.44054171442985535,0.6559,0.1517,0.74,,,,84.04814169067886,,,,
2676,P35557,E,128,K,NONSYN,0.4890082107053284,0.9165662860937854,0.17040858259081124,-0.6217666666666667,100.0,2.0,6.0,1.07048211457273,0.211746215436031,0.03371871107066087,1.0705,0.211746215436031,1.07048211457273,0.211746215436031,,0.211746215436031,0.14972718482540512,0.8974,0.17311505438825114,0.5215449333190918,1.0573,0.1439,0.5660000000000001,,,,84.04814169067886,,,,
2677,P35557,E,128,G,NONSYN,0.4522640708552875,1.2910900057736228,0.051689880454440874,-1.9225,100.0,2.0,6.0,0.413413064729129,0.41900180025129996,0.6565618446842513,0.4134,0.41900180025129996,0.413413064729129,0.41900180025129996,,0.41900180025129996,0.29627901428706543,1.0881,0.6746880838762177,0.4691871106624603,0.6058,0.2505,0.003,,,,84.04814169067886,,,,
2678,P35557,E,128,Y,NONSYN,0.4671477233180428,0.5040219155189466,0.14865714511168623,-2.2137666666666664,100.0,2.0,6.0,1.43063156152397,0.14467140554367902,0.0031432531719621523,1.4306,0.14467140554367902,1.43063156152397,0.14467140554367902,,0.14467140554367902,0.10229813190372451,0.5803,0.8503746821942886,0.5164874196052551,1.3985,0.1003,0.99,,,,84.04814169067886,,,,
2679,P35557,E,128,N,NONSYN,0.4945297857128286,0.8300784934984174,0.11210663768419644,-0.6558999999999999,100.0,2.0,6.0,0.7346248777620809,0.6290417791741639,0.22315865163736986,0.7346,0.6290417791741639,0.7346248777620809,0.6290417791741639,,0.6290417791741639,0.44479970770370203,0.8918,0.15718524138998824,0.4777974486351013,0.8076,0.3256,0.27399999999999997,,,,84.04814169067886,,,,
2680,P35557,E,128,C,NONSYN,0.4263241553322161,0.740297766914384,0.06593210138858031,-2.5622,100.0,2.0,6.0,1.67984718564343,0.13211473037739302,0.0005474345388341045,1.6798,0.13211473037739302,1.67984718564343,0.13211473037739302,,0.13211473037739302,0.09341922174448697,0.7841,0.8957614350635961,0.4048457145690918,1.6346,0.091,0.987,,,,84.04814169067886,,,,
2681,P35557,E,128,P,NONSYN,0.2784783599621833,0.547025231214109,0.09692927417343865,-1.2109666666666667,100.0,2.0,6.0,-0.0639767827429145,0.29575408932596503,0.9625575558523907,-0.064,0.29575408932596503,-0.0639767827429145,0.29575408932596503,,0.29575408932596503,0.20912972212604178,0.7939,0.8578493775762885,0.45102864503860474,0.0878,0.1897,0.461,,,,84.04814169067886,,,,
2682,P35557,E,128,E,SYN,,,,,100.0,2.0,6.0,1.8385597339392001,0.05,0.00017309696297036786,1.8386,0.05,1.8385597339392001,0.05,,0.05,0.035355339059327376,,,,1.8386,0.0354,,,,,84.04814169067886,,,,
2683,P35557,E,128,M,NONSYN,0.4318399535430367,0.8163609675567893,0.11064783696291906,-1.9440333333333335,100.0,2.0,6.0,1.8376001793796297,0.0572949135318344,0.00017432139998086737,1.8376,0.0572949135318344,1.8376001793796297,0.0572949135318344,,0.0572949135318344,0.040513621885856985,0.8719,0.9656606990749117,0.4551539421081543,1.83,0.0404,0.922,,,,84.04814169067886,,,,
2684,P35557,E,128,W,NONSYN,0.3886512979012191,0.7288515129633103,0.11534673552587953,-2.4843333333333333,100.0,2.0,6.0,0.504254486827874,0.0937283512541548,0.5309501543881363,0.5043,0.0937283512541548,0.504254486827874,0.0937283512541548,,0.0937283512541548,0.0662759527612475,0.7405,0.2362531158637764,0.4675586223602295,0.5089,0.0656,0.997,,,,84.04814169067886,,,,
2685,P35557,E,128,H,NONSYN,0.3874690850586482,0.7881684229253026,0.1750196678394306,-0.6659666666666667,100.0,2.0,6.0,0.860355089481425,0.26559708851332897,0.11697453873938811,0.8604,0.26559708851332897,0.860355089481425,0.26559708851332897,,0.26559708851332897,0.1878055023511786,0.7841,0.07626933890159104,0.5226703882217407,0.8516,0.1767,0.9640000000000001,,,,84.04814169067886,,,,
2686,P35557,E,128,Q,NONSYN,0.4979236622050323,1.4084760820475235,0.15280509601834022,-0.02876666666666668,100.0,2.0,6.0,-0.116279785834047,0.475360172020524,0.971130082592143,-0.1163,0.475360172020524,-0.116279785834047,0.475360172020524,,0.475360172020524,0.3361304011417162,1.0859,1.2021897484881607,0.5652015805244446,0.1978,0.2889,0.483,,,,84.04814169067886,,,,
2687,P35557,E,128,*,STOP,,,,,100.0,2.0,6.0,-0.6676045948741209,0.05,0.9978909593216727,-0.6676,0.05,-0.6676045948741209,0.05,,0.05,0.035355339059327376,,,,-0.6676,0.0354,,,,,84.04814169067886,,,,
2688,P35557,C,129,S,NONSYN,0.3604904794435106,-0.07012207638973784,0.07386740922701839,-0.9790999999999999,100.0,2.0,6.0,0.142465149827439,0.245549922804683,0.8961332562193346,0.1425,0.245549922804683,0.142465149827439,0.245549922804683,,0.245549922804683,0.1736300155350246,0.1466,0.004145557217162449,0.325549840927124,0.1434,0.1532,1.0,,,,4.907357227907036,,,,
2689,P35557,C,129,A,NONSYN,0.3068439069280049,-0.025749067365751346,0.08806340096502684,-0.9634666666666667,100.0,2.0,6.0,0.834052520378295,0.144633863169162,0.134939554897612,0.8341,0.144633863169162,0.834052520378295,0.144633863169162,,0.144633863169162,0.10227158543612168,0.214,0.62005995450801,0.37344199419021606,0.7908,0.0986,0.998,,,,4.907357227907036,,,,
2690,P35557,C,129,V,NONSYN,0.3179103570647324,0.0844069045059105,0.0810258481352202,-0.9982333333333333,100.0,2.0,6.0,-0.32112179285950604,0.200839423488583,0.9894240697336011,-0.3211,0.200839423488583,-0.32112179285950604,0.200839423488583,,0.200839423488583,0.14201491827837381,0.1984,0.5195237804121489,0.3463631868362427,-0.2464,0.1314,0.9990000000000001,,,,4.907357227907036,,,,
2691,P35557,C,129,R,NONSYN,0.23801989209795835,-0.03230612467280633,0.1486158345789937,-2.6622333333333335,100.0,2.0,6.0,0.166420858982372,0.228944909218263,0.8834102025248971,0.1664,0.228944909218263,0.166420858982372,0.228944909218263,,0.228944909218263,0.16188849782637227,0.1189,0.04752115595655412,0.3255329132080078,0.157,0.145,1.0,,,,4.907357227907036,,,,
2692,P35557,C,129,D,NONSYN,0.10680431653988344,0.115405559598365,0.09990868680947436,-2.6273,100.0,2.0,6.0,-0.276714193831142,0.519908013050451,0.9868859291283826,-0.2767,0.519908013050451,-0.276714193831142,0.519908013050451,,0.519908013050451,0.36763048162119794,0.1914,0.46809853912418703,0.36466270685195923,-0.0408,0.2589,1.0,,,,4.907357227907036,,,,
2693,P35557,C,129,F,NONSYN,0.3827796558639093,0.08946672804889344,0.05712547645868687,-1.5911666666666668,,,,,,,,,,,,,,0.1877,,0.3322032392024994,0.1877,0.3322,1.0,,,,4.907357227907036,,,,
2694,P35557,C,129,T,NONSYN,0.21098713877231906,-0.05643684009219585,0.08149579785380988,-0.9784999999999999,100.0,2.0,6.0,0.10140944093481301,0.19738715255779798,0.9149785153970609,0.1014,0.19738715255779798,0.10140944093481301,0.19738715255779798,,0.19738715255779798,0.13957379409272253,0.1485,0.047072255909287944,0.3240872025489807,0.1088,0.1282,1.0,,,,4.907357227907036,,,,
2695,P35557,C,129,I,NONSYN,0.3827538054181146,-0.02574906736575135,0.08806340096502684,-0.9634666666666667,100.0,2.0,6.0,0.0093461227554795,0.13753884034813801,0.9460680377876539,0.0093,0.13753884034813801,0.0093461227554795,0.13753884034813801,,0.13753884034813801,0.09725464668670232,0.1362,0.12681204556040795,0.3108380138874054,0.0207,0.0928,1.0,,,,4.907357227907036,,,,
2696,P35557,C,129,L,NONSYN,0.4158145620941803,0.13762766874539525,0.05118412995376348,-1.4288333333333334,100.0,2.0,6.0,-0.135136699334026,0.174642551606013,0.973707552811804,-0.1351,0.174642551606013,-0.135136699334026,0.174642551606013,,0.174642551606013,0.12349093252433335,0.2423,0.3774864133747822,0.3582056164741516,-0.095,0.1167,1.0,,,,4.907357227907036,,,,
2697,P35557,C,129,K,NONSYN,0.0,0.2609777262322527,0.11138748958314054,-2.5341,100.0,2.0,6.0,0.598613927589629,0.488535155720101,0.39403426664907926,0.5986,0.488535155720101,0.598613927589629,0.488535155720101,,0.488535155720101,0.3454465214577093,0.2875,0.31114507697698857,0.3952637314796448,0.4639,0.2601,1.0,,,,4.907357227907036,,,,
2698,P35557,C,129,G,NONSYN,0.4785067081693568,0.26200363629323137,0.12873423630936134,-2.4234666666666667,100.0,2.0,6.0,0.76083331252151,0.239800923303601,0.19667445503951989,0.7608,0.239800923303601,0.76083331252151,0.239800923303601,,0.239800923303601,0.16956485900277146,0.2875,0.4733644619088696,0.3828480541706085,0.6832,0.155,1.0,,,,4.907357227907036,,,,
2699,P35557,C,129,Y,NONSYN,0.18775280364475316,0.08946672804889344,0.05712547645868687,-1.5911666666666668,,,,,,,,,,,,,,0.1812,,0.3322032392024994,0.1812,0.3322,1.0,,,,4.907357227907036,,,,
2700,P35557,C,129,N,NONSYN,0.3555954207344509,0.13722915245063702,0.06657745422534432,-1.7894666666666668,100.0,2.0,6.0,-0.0607726457264047,0.146567956133002,0.9619556523047486,-0.0608,0.146567956133002,-0.0607726457264047,0.146567956133002,,0.146567956133002,0.10363919568629813,0.2403,0.3011194052841287,0.35533571243286133,-0.0372,0.0995,1.0,,,,4.907357227907036,,,,
2701,P35557,C,129,C,SYN,,,,,100.0,2.0,6.0,0.928252215515526,0.05,0.07966397774506623,0.9283,0.05,0.928252215515526,0.05,,0.05,0.035355339059327376,,,,0.9283,0.0354,,,,,4.907357227907036,,,,
2702,P35557,C,129,P,NONSYN,0.23278771184927005,0.508622699697837,0.13916154734070788,-2.5291333333333337,100.0,2.0,6.0,-0.144320992807124,0.336762314945123,0.9748768447390045,-0.1443,0.336762314945123,-0.144320992807124,0.336762314945123,,0.336762314945123,0.23812691654577628,0.4941,0.6383710187470654,0.53590327501297,-0.0391,0.2176,1.0,,,,4.907357227907036,,,,
2703,P35557,C,129,E,NONSYN,0.09400502805141753,0.07127449259035899,0.13674122110085557,-2.6934333333333336,100.0,2.0,6.0,-0.622496479288259,0.46917859442557297,0.997416879333236,-0.6225,0.46917859442557297,-0.622496479288259,0.46917859442557297,,0.46917859442557297,0.33175936570589554,0.1412,0.7636811669026999,0.4036720097064972,-0.3146,0.2563,1.0,,,,4.907357227907036,,,,
2704,P35557,C,129,M,NONSYN,,-0.06218774076831707,0.0627601781036241,-1.4383666666666668,100.0,2.0,6.0,0.464309529207111,0.0822044676091955,0.5879649506084336,0.4643,0.0822044676091955,0.464309529207111,0.0822044676091955,,0.0822044676091955,0.05812733649029203,0.1269,0.3373629607180363,0.2880533039569855,0.4511,0.057,1.0,,,,4.907357227907036,,,,
2705,P35557,C,129,W,NONSYN,0.3650350897967528,0.48065395586332166,0.13717375827468956,-2.438333333333333,100.0,2.0,6.0,0.104882353811239,0.130805306919815,0.9135186857907882,0.1049,0.130805306919815,0.104882353811239,0.130805306919815,,0.130805306919815,0.09249331953818882,0.4042,0.2993025836658728,0.4811728596687317,0.1155,0.0908,1.0,,,,4.907357227907036,,,,
2706,P35557,C,129,H,NONSYN,0.2472156663565278,-0.08487144255196466,0.155657917359086,-2.6413333333333333,100.0,2.0,6.0,0.324116812619847,0.117672402778768,0.7602303756185059,0.3241,0.117672402778768,0.324116812619847,0.117672402778768,,0.117672402778768,0.08320695396338158,0.1013,0.2228240832421004,0.31890106201171875,0.3099,0.0805,1.0,,,,4.907357227907036,,,,
2707,P35557,C,129,Q,NONSYN,0.31620129737801284,0.48810986464079265,0.13192613874397668,-2.441966666666667,100.0,2.0,6.0,0.0825146274788261,0.206224242207192,0.9225182974343623,0.0825,0.206224242207192,0.0825146274788261,0.206224242207192,,0.206224242207192,0.14582256010976247,0.424,0.34151412675548787,0.4634567201137543,0.1133,0.1391,1.0,,,,4.907357227907036,,,,
2708,P35557,C,129,*,STOP,,,,,100.0,2.0,6.0,-0.188897393370764,0.05,0.9798416318187478,-0.1889,0.05,-0.188897393370764,0.05,,0.05,0.035355339059327376,,,,-0.1889,0.0354,,,,,4.907357227907036,,,,
2709,P35557,I,130,S,NONSYN,0.3569880228913576,-0.076886497211687,0.11038551081143493,-2.078,100.0,2.0,6.0,-0.11242544134814501,0.178579370914547,0.9705724091044098,-0.1124,0.178579370914547,-0.11242544134814501,0.178579370914547,,0.178579370914547,0.12627468415370388,0.0858,0.19823458274562122,0.28226056694984436,-0.0794,0.1153,0.998,,,,0.2304189391040357,,,,
2710,P35557,I,130,A,NONSYN,0.28919971369701003,-0.35297534726712093,0.1301016617833823,-1.0550333333333333,100.0,2.0,6.0,0.102379087931791,0.30683555518007205,0.9145732996273757,0.1024,0.30683555518007205,0.102379087931791,0.30683555518007205,,0.30683555518007205,0.21696550177696802,0.1485,0.04610251950534279,0.36191996932029724,0.1146,0.1861,0.877,,,,0.2304189391040357,,,,
2711,P35557,I,130,V,NONSYN,0.5093217990682584,0.14804250623838566,0.0987093204603534,-0.30193333333333333,100.0,2.0,6.0,0.288645062757619,0.18747844609226896,0.7945194138661101,0.2886,0.18747844609226896,0.288645062757619,0.18747844609226896,,0.18747844609226896,0.13256728055815997,0.5312,0.24258187024485295,0.4638948142528534,0.307,0.1275,0.044000000000000004,,,,0.2304189391040357,,,,
2712,P35557,I,130,R,NONSYN,0.3272410050264404,-0.23648473722232632,0.12645845741480685,-2.2922666666666665,100.0,2.0,6.0,-0.229041975552558,0.144206237037083,0.9834500074870008,-0.229,0.144206237037083,-0.229041975552558,0.144206237037083,,0.144206237037083,0.10196920809831604,0.0851,0.3141196189470282,0.28226056694984436,-0.1928,0.0959,0.9990000000000001,,,,0.2304189391040357,,,,
2713,P35557,I,130,D,NONSYN,0.16544784150713826,-0.02799403123769094,0.13114962584280487,-2.5876333333333332,,,,,,,,,,,,,,0.1148,,0.32117190957069397,0.1148,0.3212,1.0,,,,0.2304189391040357,,,,
2714,P35557,I,130,F,NONSYN,0.4538389948012209,-0.35297534726712093,0.1301016617833823,-1.0550333333333333,100.0,2.0,6.0,0.39913262026831603,0.296380422493611,0.6747027126645413,0.3991,0.296380422493611,0.39913262026831603,0.296380422493611,,0.296380422493611,0.2095726065561663,0.222,0.1771424819760034,0.410623162984848,0.3625,0.1867,0.948,,,,0.2304189391040357,,,,
2715,P35557,I,130,T,NONSYN,0.4688475184602092,-0.091716291583312,0.13424645752194206,-0.9611333333333333,100.0,2.0,6.0,-0.384644546783111,0.260996769302644,0.9922014650328833,-0.3846,0.260996769302644,-0.384644546783111,0.260996769302644,,0.260996769302644,0.1845525854416805,0.144,0.5286699619652246,0.3654848337173462,-0.2772,0.1647,0.992,,,,0.2304189391040357,,,,
2716,P35557,I,130,I,SYN,,,,,100.0,2.0,6.0,0.7058051642118008,0.05,0.2549324607536876,0.7058,0.05,0.7058051642118008,0.05,,0.05,0.035355339059327376,,,,0.7058,0.0354,,,,,0.2304189391040357,,,,
2717,P35557,I,130,L,NONSYN,0.4687676623700352,0.10104437874760801,0.103039592221491,-0.0645,100.0,2.0,6.0,0.429639445229952,0.139365959256543,0.6353168597770741,0.4296,0.139365959256543,0.429639445229952,0.139365959256543,,0.139365959256543,0.09854661485686964,0.4671,0.03748960645538124,0.4615143835544586,0.4313,0.0964,0.012,,,,0.2304189391040357,,,,
2718,P35557,I,130,K,NONSYN,0.25092304942959986,-0.05503729502371965,0.10523092046656002,-2.1344,100.0,2.0,6.0,-0.214153030316629,0.25074966492996303,0.9821962549502208,-0.2142,0.25074966492996303,-0.214153030316629,0.25074966492996303,,0.25074966492996303,0.17730678845223147,0.1328,0.34700203816155395,0.2915477156639099,-0.1205,0.1515,0.982,,,,0.2304189391040357,,,,
2719,P35557,I,130,G,NONSYN,0.2286457322751229,-0.20804718518477827,0.16456476114923824,-2.3346999999999998,100.0,2.0,6.0,0.159152493595085,0.125184724440456,0.8874141378566217,0.1592,0.125184724440456,0.159152493595085,0.125184724440456,,0.125184724440456,0.08851896755281577,0.1009,0.05829350721736892,0.29927945137023926,0.1545,0.0849,0.992,,,,0.2304189391040357,,,,
2720,P35557,I,130,Y,NONSYN,0.13155243779361564,-0.17012083156107602,0.1001640942892137,-1.0679999999999998,100.0,2.0,6.0,-0.446184459186344,0.46715393284762896,0.9941731665645529,-0.4462,0.46715393284762896,-0.446184459186344,0.46715393284762896,,0.46715393284762896,0.33032771377452347,0.1033,0.5494809775121496,0.29395008087158203,-0.1395,0.2196,0.9940000000000001,,,,0.2304189391040357,,,,
2721,P35557,I,130,N,NONSYN,0.35592577166482897,-0.2244472371462726,0.1593070737071591,-2.2975999999999996,100.0,2.0,6.0,-0.179841819668075,0.22681742133666102,0.9789214720259097,-0.1798,0.22681742133666102,-0.179841819668075,0.22681742133666102,,0.22681742133666102,0.16038413671839932,0.0901,0.26990855064417973,0.29927945137023926,-0.1196,0.1414,1.0,,,,0.2304189391040357,,,,
2722,P35557,I,130,C,NONSYN,0.3956709195432079,-0.242816639345888,0.14539222210667246,-1.1501666666666666,100.0,2.0,6.0,-0.22809703583190802,0.135365625684412,0.9833732066038812,-0.2281,0.135365625684412,-0.22809703583190802,0.135365625684412,,0.135365625684412,0.0957179518610076,0.1187,0.34681151742408634,0.3365578353404999,-0.2021,0.0921,0.9990000000000001,,,,0.2304189391040357,,,,
2723,P35557,I,130,P,NONSYN,0.14199266304317096,-0.11965723017966333,0.11036507384918588,-2.2159,100.0,2.0,6.0,-0.14860542375272698,0.207050563184392,0.9754040442274036,-0.1486,0.207050563184392,-0.14860542375272698,0.207050563184392,,0.207050563184392,0.1464068572761773,0.0851,0.23367275554365105,0.28226056694984436,-0.0991,0.13,1.0,,,,0.2304189391040357,,,,
2724,P35557,I,130,E,NONSYN,0.17211454446743213,-0.2632969211556033,0.12151288208265704,-2.2968999999999995,100.0,2.0,6.0,-0.0632927676400828,0.4924293661041079,0.9624298711185446,-0.0633,0.4924293661041079,-0.0632927676400828,0.4924293661041079,,0.4924293661041079,0.34820014402760774,0.0778,0.1411403974256205,0.28226056694984436,0.0219,0.2193,1.0,,,,0.2304189391040357,,,,
2725,P35557,I,130,M,NONSYN,0.42718435575891617,0.3724723760852957,0.08894829746236467,0.4004666666666667,,,,,,,,,,,,,,0.6794,,0.4197729229927063,0.6794,0.4198,0.12300000000000001,,,,0.2304189391040357,,,,
2726,P35557,I,130,W,NONSYN,0.174286826410949,-0.21011405621584434,0.11955515900257113,-2.117266666666666,100.0,2.0,6.0,0.251077253259745,0.0701240676833437,0.8264946413847228,0.2511,0.0701240676833437,0.251077253259745,0.0701240676833437,,0.0701240676833437,0.04958520378327676,0.0778,0.17322962347420728,0.28226056694984436,0.2459,0.0488,1.0,,,,0.2304189391040357,,,,
2727,P35557,I,130,H,NONSYN,0.28548817071874943,-0.1573921876202386,0.13223049363052494,-2.3060999999999994,100.0,2.0,6.0,-0.38100696824617697,0.439926434525591,0.9920650306626847,-0.381,0.439926434525591,-0.38100696824617697,0.439926434525591,,0.439926434525591,0.3110749650762651,0.0914,0.47241495274133993,0.29927945137023926,-0.1357,0.2157,1.0,,,,0.2304189391040357,,,,
2728,P35557,I,130,Q,NONSYN,0.19562317673292887,-0.03722706693653699,0.07840872791763852,-2.121633333333333,100.0,2.0,6.0,-0.267583714578177,0.38927691765230393,0.9862901217624893,-0.2676,0.38927691765230393,-0.267583714578177,0.38927691765230393,,0.38927691765230393,0.2752603482313413,0.1053,0.37287084922554636,0.26711857318878174,-0.0756,0.1917,0.9990000000000001,,,,0.2304189391040357,,,,
2729,P35557,I,130,*,STOP,,,,,100.0,2.0,6.0,0.0857833261885552,0.05,0.9212613974262764,0.0858,0.05,0.0857833261885552,0.05,,0.05,0.035355339059327376,,,,0.0858,0.0354,,,,,0.2304189391040357,,,,
2730,P35557,S,131,S,SYN,,,,,100.0,2.0,6.0,1.6329395457346298,0.05,0.0007650275040903623,1.6329,0.05,1.6329395457346298,0.05,,0.05,0.035355339059327376,,,,1.6329,0.0354,,,,,5.818662588472755,,,,
2731,P35557,S,131,A,NONSYN,0.4563330621977513,0.019783842268038202,0.10924457520433513,-0.01466666666666668,100.0,2.0,6.0,-0.0232504171058811,0.353951951774498,0.954141926925265,-0.0233,0.353951951774498,-0.0232504171058811,0.353951951774498,,0.353951951774498,0.25028182531396137,0.2612,0.28444488465043677,0.3790628910064697,0.0631,0.2089,0.965,,,,5.818662588472755,,,,
2732,P35557,S,131,V,NONSYN,0.3566796973350173,0.6224170642173811,0.1157680779012051,-1.3498999999999999,100.0,2.0,6.0,-0.0022578923339653,0.0856383978227905,0.9490920764426192,-0.0023,0.0856383978227905,-0.0022578923339653,0.0856383978227905,,0.0856383978227905,0.06055549183044642,0.6715,0.6737815229530144,0.4797435402870178,0.0083,0.0601,1.0,,,,5.818662588472755,,,,
2733,P35557,S,131,R,NONSYN,0.5078165034060199,0.11682655520346134,0.10632076060856992,-0.9542999999999999,100.0,2.0,6.0,0.8481168267762991,0.119475432547995,0.1250711850886558,0.8481,0.119475432547995,0.8481168267762991,0.119475432547995,,0.119475432547995,0.08448188853988321,0.2246,0.6234856066739889,0.3895002603530884,0.8201,0.0826,1.0,,,,5.818662588472755,,,,
2734,P35557,S,131,D,NONSYN,0.26426002389568154,0.7562626007618168,0.07232827717106782,-0.6365333333333334,100.0,2.0,6.0,0.32662100307381703,0.0912141558169662,0.757657442799435,0.3266,0.0912141558169662,0.32662100307381703,0.0912141558169662,,0.0912141558169662,0.06449814811838316,0.7103,0.3837104368981068,0.42828986048698425,0.3351,0.0638,0.9990000000000001,,,,5.818662588472755,,,,
2735,P35557,S,131,F,NONSYN,0.4400921079880442,0.28201606417068925,0.0916943268246899,-1.7383,100.0,2.0,6.0,0.352193763318469,0.0579943051711378,0.7302415706561842,0.3522,0.0579943051711378,0.352193763318469,0.0579943051711378,,0.0579943051711378,0.041008166456713596,0.3022,0.050036063256670926,0.384645938873291,0.3516,0.0408,1.0,,,,5.818662588472755,,,,
2736,P35557,S,131,T,NONSYN,0.5032644910640633,0.017927828020728967,0.13522492335777078,-0.06083333333333333,100.0,2.0,6.0,-0.0176823743639534,0.104674427752285,0.9528531657049324,-0.0177,0.104674427752285,-0.0176823743639534,0.104674427752285,,0.104674427752285,0.07401599768046206,0.2504,0.2681041368303841,0.4085308313369751,-0.0092,0.0728,0.991,,,,5.818662588472755,,,,
2737,P35557,S,131,I,NONSYN,0.40690641070991895,0.2626606344370879,0.042332348494478735,-1.7275666666666665,100.0,2.0,6.0,0.41026005251927294,0.349925895872589,0.6606135350251382,0.4103,0.349925895872589,0.41026005251927294,0.349925895872589,,0.349925895872589,0.24743497388428537,0.2891,0.1211724589638225,0.36864474415779114,0.3726,0.2054,1.0,,,,5.818662588472755,,,,
2738,P35557,S,131,L,NONSYN,0.393745075519064,0.3838867099452414,0.08820557749607494,-1.7093,100.0,2.0,6.0,0.0465818259948128,0.121080970840956,0.9351204909407849,0.0466,0.121080970840956,0.0465818259948128,0.121080970840956,,0.121080970840956,0.0856171755542906,0.3702,0.32358876726690594,0.4038108289241791,0.0605,0.0838,1.0,,,,5.818662588472755,,,,
2739,P35557,S,131,K,NONSYN,0.33912790346884786,0.6859645741983238,0.12169798389743176,-0.6167666666666666,100.0,2.0,6.0,0.0876311471682596,0.143637349841239,0.9205422416907738,0.0876,0.143637349841239,0.0876311471682596,0.143637349841239,,0.143637349841239,0.10156694410440455,0.6363,0.5486573169011069,0.49546018242836,0.1098,0.0995,1.0,,,,5.818662588472755,,,,
2740,P35557,S,131,G,NONSYN,0.4188135801978989,0.22789855676067253,0.062488600856555526,-0.6509999999999999,100.0,2.0,6.0,1.91171313507725,0.17943801762405304,0.0001008213550763814,1.9117,0.17943801762405304,1.91171313507725,0.17943801762405304,,0.17943801762405304,0.12688183906463912,0.3135,1.598204982115519,0.3851575255393982,1.7553,0.1205,1.0,,,,5.818662588472755,,,,
2741,P35557,S,131,Y,NONSYN,0.3987520148682556,0.5192555670490736,0.13751531075161022,-1.6658,100.0,2.0,6.0,0.38920631399798206,0.119300285795854,0.6869850410482089,0.3892,0.119300285795854,0.38920631399798206,0.119300285795854,,0.119300285795854,0.08435804108374151,0.5392,0.1499875546391029,0.5187178254127502,0.3931,0.0833,1.0,,,,5.818662588472755,,,,
2742,P35557,S,131,N,NONSYN,0.3577198430860929,0.0409767234706133,0.14135675299686856,-0.23683333333333337,100.0,2.0,6.0,0.200296833690288,0.103961592921199,0.8629938110680385,0.2003,0.103961592921199,0.200296833690288,0.103961592921199,,0.103961592921199,0.07351194733753519,0.263,0.0626653884090162,0.42281249165534973,0.2021,0.0724,0.993,,,,5.818662588472755,,,,
2743,P35557,S,131,C,NONSYN,0.4413057931247456,0.17195483301400036,0.1068012615762506,-0.9221333333333334,100.0,2.0,6.0,0.682731993344682,0.111494766246855,0.28228524414206596,0.6827,0.111494766246855,0.682731993344682,0.111494766246855,,0.111494766246855,0.07883870527996016,0.2606,0.4221739245923932,0.3895002603530884,0.6661,0.0773,1.0,,,,5.818662588472755,,,,
2744,P35557,S,131,P,NONSYN,0.3754690196139504,0.4572843179268944,0.08982009436724155,-0.9290666666666666,100.0,2.0,6.0,-0.17325646139400003,0.269314992339703,0.9782253749591314,-0.1733,0.269314992339703,-0.17325646139400003,0.269314992339703,,0.269314992339703,0.1904344573586071,0.4042,0.5774413988711118,0.43068426847457886,-0.0788,0.1742,1.0,,,,5.818662588472755,,,,
2745,P35557,S,131,E,NONSYN,0.32956968841657797,0.6253604499077632,0.11687688955540747,-0.6321,100.0,2.0,6.0,0.269443520039941,0.20331046154923302,0.8114112300302516,0.2694,0.20331046154923302,0.269443520039941,0.20331046154923302,,0.20331046154923302,0.1437622060476295,0.6433,0.373889318972205,0.49546018242836,0.2985,0.1381,0.9990000000000001,,,,5.818662588472755,,,,
2746,P35557,S,131,M,NONSYN,0.4679817126368144,0.24638072832749525,0.03721546333695028,-1.5591333333333335,100.0,2.0,6.0,0.795312885309479,0.46322437371699,0.1653823211518562,0.7953,0.46322437371699,0.795312885309479,0.46322437371699,,0.46322437371699,0.32754909586617514,0.2659,0.5293785968077395,0.36152124404907227,0.5567,0.2427,1.0,,,,5.818662588472755,,,,
2747,P35557,S,131,W,NONSYN,0.3832492129242465,0.2696785472775183,0.08834027442361266,-1.7880333333333336,100.0,2.0,6.0,0.24947869442322698,0.11095699271933099,0.8277587000408023,0.2495,0.11095699271933099,0.24947869442322698,0.11095699271933099,,0.11095699271933099,0.07845844197190532,0.2891,0.03960889913222346,0.3802589178085327,0.2511,0.0768,1.0,,,,5.818662588472755,,,,
2748,P35557,S,131,H,NONSYN,0.2629764798769622,0.45253078624232707,0.07425033744102358,-0.9429,100.0,2.0,6.0,-0.158995866340298,0.34425604781260105,0.9766361974836815,-0.159,0.34425604781260105,-0.158995866340298,0.34425604781260105,,0.34425604781260105,0.24342578587277053,0.3999,0.5589007432877009,0.41468390822410583,-0.0158,0.2099,1.0,,,,5.818662588472755,,,,
2749,P35557,S,131,Q,NONSYN,0.3963611118941722,0.7562626007618168,0.07232827717106782,-0.6365333333333333,100.0,2.0,6.0,-0.12326293252222,0.439379154239684,0.9721132681948187,-0.1233,0.439379154239684,-0.12326293252222,0.439379154239684,,0.439379154239684,0.3106879794748905,0.6974,0.8206751253437227,0.42828986048698425,0.1597,0.2515,1.0,,,,5.818662588472755,,,,
2750,P35557,S,131,*,STOP,,,,,100.0,2.0,6.0,-0.30145083812370194,0.05,0.9883691961844958,-0.3015,0.05,-0.30145083812370194,0.05,,0.05,0.035355339059327376,,,,-0.3015,0.0354,,,,,5.818662588472755,,,,
2751,P35557,D,132,S,NONSYN,0.3690767940714815,0.5664999661240677,0.2283577365011151,-0.9239999999999999,100.0,2.0,6.0,0.526466845758129,0.10758050320763302,0.49859561578430084,0.5265,0.10758050320763302,0.526466845758129,0.10758050320763302,,0.10758050320763302,0.07607090334157843,0.8105,0.28403377603752533,0.5769392251968384,0.5313,0.0754,0.6779999999999999,,,,58.64843940893322,,,,
2752,P35557,D,132,A,NONSYN,0.4216252277516441,0.12995444880181037,0.0841585197981845,-1.4927333333333335,100.0,2.0,6.0,0.687636466196579,0.14477256422143,0.27633439536619453,0.6876,0.14477256422143,0.687636466196579,0.14477256422143,,0.14477256422143,0.1023696618907381,0.4223,0.2652876092706147,0.42591017484664917,0.6731,0.0995,0.76,,,,58.64843940893322,,,,
2753,P35557,D,132,V,NONSYN,0.4506084315132353,0.27533896660121476,0.06137189113747423,-2.6115333333333335,100.0,2.0,6.0,0.0202268536234323,0.189387878846969,0.9430717600429261,0.0202,0.189387878846969,0.0202268536234323,0.189387878846969,,0.189387878846969,0.13391745340722808,0.5492,0.5289416735028799,0.4092146158218384,0.0714,0.1273,0.934,,,,58.64843940893322,,,,
2754,P35557,D,132,R,NONSYN,0.35823216117602164,0.1771260116124687,0.0877110985922439,-1.472133333333333,100.0,2.0,6.0,0.546121777764604,0.0998431211540566,0.46985007288630415,0.5461,0.0998431211540566,0.546121777764604,0.0998431211540566,,0.0998431211540566,0.07059974802286345,0.3804,0.16575524376992934,0.4403245747089386,0.542,0.0697,0.981,,,,58.64843940893322,,,,
2755,P35557,D,132,D,SYN,,,,,,,,,,,,,,,,,,,,,,,,,,,58.64843940893322,,,,
2756,P35557,D,132,F,NONSYN,0.29646296686588297,0.2801452013079712,0.07470238336005977,-2.6194333333333333,100.0,2.0,6.0,0.005808149503163,0.0567177363110866,0.9470083847802082,0.0058,0.0567177363110866,0.005808149503163,0.0567177363110866,,0.0567177363110866,0.04010549595911981,0.3984,0.39263525135666977,0.39860376715660095,0.0097,0.0399,0.991,,,,58.64843940893322,,,,
2757,P35557,D,132,T,NONSYN,0.33041122774515563,0.6251012051836641,0.2319794490123633,-1.1000666666666665,100.0,2.0,6.0,0.14899765534642198,0.169110441705311,0.8927970846544021,0.149,0.169110441705311,0.14899765534642198,0.169110441705311,,0.169110441705311,0.11957914009927774,0.8349,0.6859415860628798,0.5757368206977844,0.1774,0.1171,0.652,,,,58.64843940893322,,,,
2758,P35557,D,132,I,NONSYN,0.3169485018080975,0.2495444380335715,0.06918775532854644,-2.7128666666666668,100.0,2.0,6.0,0.08036169685444801,0.078464038970055,0.9233356166655116,0.0804,0.078464038970055,0.08036169685444801,0.078464038970055,,0.078464038970055,0.05548245403501141,0.3294,0.24900179825701746,0.35948458313941956,0.0862,0.0548,0.991,,,,58.64843940893322,,,,
2759,P35557,D,132,L,NONSYN,0.37713817620354506,0.04306609805724881,0.05810967376510041,-2.7055000000000002,100.0,2.0,6.0,0.6997967167834159,0.17759619605495397,0.2618960657912926,0.6998,0.17759619605495397,0.6997967167834159,0.17759619605495397,,0.17759619605495397,0.12557947454339352,0.1527,0.547137807224166,0.3176061809062958,0.6258,0.1168,0.981,,,,58.64843940893322,,,,
2760,P35557,D,132,K,NONSYN,0.3517044245741117,0.34599577433800405,0.059039885138526954,-0.8664,100.0,2.0,6.0,1.18797942111632,0.9420623253053739,0.015931977566837546,1.188,0.9420623253053739,1.18797942111632,0.9420623253053739,,0.9420623253053739,0.6661386585237972,0.627,0.561015924908129,0.443432480096817,0.7992,0.3691,0.938,,,,58.64843940893322,,,,
2761,P35557,D,132,G,NONSYN,0.41616550742326497,0.48154304614595334,0.0622165769907465,-1.2674333333333332,100.0,2.0,6.0,0.0793291775398131,0.247103487823747,0.9237246492575119,0.0793,0.247103487823747,0.0793291775398131,0.247103487823747,,0.247103487823747,0.17472855189501896,0.7266,0.6472966225929384,0.42413729429244995,0.1732,0.1616,0.535,,,,58.64843940893322,,,,
2762,P35557,D,132,Y,NONSYN,0.4224113195979475,0.2725446699110701,0.06868126454073811,-2.560966666666667,100.0,2.0,6.0,0.759558524124162,0.271615451735837,0.19790872040517257,0.7596,0.271615451735837,0.759558524124162,0.271615451735837,,0.271615451735837,0.19206112779745774,0.4822,0.27731918834878666,0.40766096115112305,0.7092,0.1737,0.981,,,,58.64843940893322,,,,
2763,P35557,D,132,N,NONSYN,0.4295009636980524,0.500160414266121,0.16621337000475364,-0.2961,100.0,2.0,6.0,0.7180105302929659,0.42626093067608795,0.2411432432793877,0.718,0.42626093067608795,0.7180105302929659,0.42626093067608795,,0.42626093067608795,0.3014119946359506,0.7745,0.056453659713290194,0.5393896102905273,0.7314,0.2631,0.024,,,,58.64843940893322,,,,
2764,P35557,D,132,C,NONSYN,0.3461355508488411,0.26679508908709876,0.06392912000317146,-2.7265333333333337,100.0,2.0,6.0,0.0286097436938661,0.13695561786909902,0.9406522059793295,0.0286,0.13695561786909902,0.0286097436938661,0.13695561786909902,,0.13695561786909902,0.09684224611683341,0.3806,0.3519909471478087,0.40584951639175415,0.0476,0.0942,0.99,,,,58.64843940893322,,,,
2765,P35557,D,132,P,NONSYN,0.2905290433283012,0.43769580716699874,0.07148732517325958,-1.4699,100.0,2.0,6.0,-0.23558760889898603,0.237611097482296,0.9839720735432996,-0.2356,0.237611097482296,-0.23558760889898603,0.237611097482296,,0.237611097482296,0.1680164183149093,0.6772,0.9128338814629203,0.4256103038787842,-0.1125,0.1563,0.866,,,,58.64843940893322,,,,
2766,P35557,D,132,E,NONSYN,0.4869275421620544,0.3826676121373731,0.11163490055406994,-0.3505,100.0,2.0,6.0,1.0704889366792099,0.674284792398587,0.03371727324095955,1.0705,0.674284792398587,1.0704889366792099,0.674284792398587,,0.674284792398587,0.47679134915600424,0.6973,0.3732273051904098,0.4814879596233368,0.8857,0.3388,0.128,,,,58.64843940893322,,,,
2767,P35557,D,132,M,NONSYN,0.2886817698329022,0.2618645090835858,0.07918319963788296,-2.5042666666666666,100.0,2.0,6.0,0.7915990066066151,0.21406405469872603,0.16856006448122865,0.7916,0.21406405469872603,0.7915990066066151,0.21406405469872603,,0.21406405469872603,0.15136614468575718,0.3142,0.47738981361535837,0.3640214800834656,0.7212,0.1398,0.998,,,,58.64843940893322,,,,
2768,P35557,D,132,W,NONSYN,0.2933207242208761,0.2695893857772434,0.0560029044537427,-2.7770999999999995,100.0,2.0,6.0,0.0168468527717947,0.11058711577633198,0.9440196662678395,0.0168,0.11058711577633198,0.0168468527717947,0.11058711577633198,,0.11058711577633198,0.07819689947730617,0.3142,0.297362340219462,0.35948458313941956,0.0303,0.0764,0.9990000000000001,,,,58.64843940893322,,,,
2769,P35557,D,132,H,NONSYN,0.4359397753198172,0.47210208466751835,0.23299259644272366,-1.1262,100.0,2.0,6.0,0.607995016894859,0.14184078150872304,0.38082344111441324,0.608,0.14184078150872304,0.607995016894859,0.14184078150872304,,0.14184078150872304,0.1002965784536175,0.7266,0.11857189384885436,0.5801506638526917,0.6114,0.0988,0.073,,,,58.64843940893322,,,,
2770,P35557,D,132,Q,NONSYN,0.3596090029508326,0.7741470945897694,0.22597612911411447,-0.9040333333333331,100.0,2.0,6.0,-0.0964745396389757,0.176211159407273,0.9681459015725642,-0.0965,0.176211159407273,-0.0964745396389757,0.176211159407273,,0.176211159407273,0.12460010573762642,0.7924,0.8888269776119981,0.58467036485672,-0.0579,0.1219,0.9520000000000001,,,,58.64843940893322,,,,
2771,P35557,D,132,*,STOP,,,,,100.0,2.0,6.0,-0.166849821281208,0.05,0.9775255750740267,-0.1668,0.05,-0.166849821281208,0.05,,0.05,0.035355339059327376,,,,-0.1668,0.0354,,,,,58.64843940893322,,,,
2772,P35557,F,133,S,NONSYN,0.3509668135339838,-0.207557481585834,0.12334628727369139,-1.8094999999999999,100.0,2.0,6.0,0.4084324405564149,0.18253141288728897,0.6629502162172654,0.4084,0.18253141288728897,0.4084324405564149,0.18253141288728897,,0.18253141288728897,0.12906919983216358,0.0778,0.3305848107708772,0.2903916835784912,0.3539,0.1179,1.0,,,,0.9745693407055268,,,,
2773,P35557,F,133,A,NONSYN,0.21205940102164186,0.1079068532042123,0.10899096066392873,-1.7977999999999998,100.0,2.0,6.0,-0.537960563813724,0.305536747528465,0.9962002488204447,-0.538,0.305536747528465,-0.537960563813724,0.305536747528465,,0.305536747528465,0.2160471060790597,0.2757,0.8136347877135653,0.3908592462539673,-0.3475,0.1891,0.97,,,,0.9745693407055268,,,,
2774,P35557,F,133,V,NONSYN,0.3686871445054262,-0.06591254683867233,0.053225340678332365,-1.0737666666666665,100.0,2.0,6.0,-0.16321778051232402,0.10607875254669301,0.9771186685249229,-0.1632,0.10607875254669301,-0.16321778051232402,0.10607875254669301,,0.10607875254669301,0.07500900526557637,0.2183,0.38151174537514754,0.3586851954460144,-0.1472,0.0734,0.879,,,,0.9745693407055268,,,,
2775,P35557,F,133,R,NONSYN,0.12156869505678705,-0.105749675576388,0.14149008595772997,-2.1628666666666665,100.0,2.0,6.0,0.0016857886231486,0.136853242679386,0.9480836371872802,0.0017,0.136853242679386,0.0016857886231486,0.136853242679386,,0.136853242679386,0.09676985592596209,0.0957,0.09400487900609335,0.29927945137023926,0.0106,0.0921,1.0,,,,0.9745693407055268,,,,
2776,P35557,F,133,D,NONSYN,0.1992068019592559,-0.06429432966211733,0.067777736907935,-2.6122333333333336,100.0,2.0,6.0,-0.519192195590354,0.204522147239231,0.9958560278200073,-0.5192,0.204522147239231,-0.519192195590354,0.204522147239231,,0.204522147239231,0.14461899721569377,0.1048,0.6239776975472937,0.2690693736076355,-0.3793,0.1274,1.0,,,,0.9745693407055268,,,,
2777,P35557,F,133,F,SYN,,,,,100.0,2.0,6.0,0.8647096187001891,0.05,0.11420099624669706,0.8647,0.05,0.8647096187001891,0.05,,0.05,0.035355339059327376,,,,0.8647,0.0354,,,,,0.9745693407055268,,,,
2778,P35557,F,133,T,NONSYN,0.18720675519309532,-0.12158484287164435,0.09074527408177802,-1.6453666666666666,100.0,2.0,6.0,0.14783184974004301,0.165648475812017,0.8933996399680255,0.1478,0.165648475812017,0.14783184974004301,0.165648475812017,,0.165648475812017,0.117131160539893,0.1036,0.044273428605094284,0.29064446687698364,0.1416,0.1086,1.0,,,,0.9745693407055268,,,,
2779,P35557,F,133,I,NONSYN,0.40023011164303374,0.18565940281209367,0.042836467750699554,-0.511,100.0,2.0,6.0,-0.16818923448153902,0.129223055845387,0.9776737583866795,-0.1682,0.129223055845387,-0.16818923448153902,0.129223055845387,,0.129223055845387,0.09137449907392108,0.4888,0.6569402584893362,0.4235328733921051,-0.139,0.0893,0.91,,,,0.9745693407055268,,,,
2780,P35557,F,133,L,NONSYN,0.4640274525972558,0.08135023327394933,0.03970216145731893,-0.3554666666666666,100.0,2.0,6.0,0.193255460276724,0.125535886937994,0.867483630400913,0.1933,0.125535886937994,0.193255460276724,0.125535886937994,,0.125535886937994,0.08876727693612328,0.3617,0.16840651033866297,0.38392239809036255,0.2018,0.0865,0.675,,,,0.9745693407055268,,,,
2781,P35557,F,133,K,NONSYN,0.1539819943883161,-0.2562728352914655,0.1213687931262697,-1.9918333333333333,100.0,2.0,6.0,0.17205589979341399,0.0880234459482587,0.8802170954956402,0.1721,0.0880234459482587,0.17205589979341399,0.0880234459482587,,0.0880234459482587,0.06224197553342126,0.0778,0.09420827000787627,0.28670430183410645,0.1678,0.0608,1.0,,,,0.9745693407055268,,,,
2782,P35557,F,133,G,NONSYN,0.22544940105055214,-0.22551473169206018,0.08185429133952597,-2.584433333333333,100.0,2.0,6.0,-0.0355309895005254,0.0625767343772455,0.9568615846977842,-0.0355,0.0625767343772455,-0.0355309895005254,0.0625767343772455,,0.0625767343772455,0.04424843322265963,0.0778,0.11337861928606312,0.26764315366744995,-0.0325,0.0437,1.0,,,,0.9745693407055268,,,,
2783,P35557,F,133,Y,NONSYN,0.41795167961904656,0.20183179819337035,0.039039417392470264,-0.19666666666666666,100.0,2.0,6.0,0.25300440228545895,0.0729073726979275,0.8249604587475163,0.253,0.0729073726979275,0.25300440228545895,0.0729073726979275,,0.0729073726979275,0.05155329763319949,0.5691,0.31604865157043704,0.4326564073562622,0.2574,0.0512,0.013999999999999999,,,,0.9745693407055268,,,,
2784,P35557,F,133,N,NONSYN,0.06350654443895225,-0.17993884765803267,0.07947582241926149,-2.4017,100.0,2.0,6.0,-0.25676119583875695,0.446695058977267,0.9855474997056639,-0.2568,0.446695058977267,-0.25676119583875695,0.446695058977267,,0.446695058977267,0.3158611053253503,0.0778,0.33460882562429467,0.26711857318878174,-0.0617,0.204,1.0,,,,0.9745693407055268,,,,
2785,P35557,F,133,C,NONSYN,0.42192151878195305,0.2539807632065347,0.06389971963380188,-1.5309000000000001,100.0,2.0,6.0,-0.23522640535762399,0.146813708645628,0.9839437119608967,-0.2352,0.146813708645628,-0.23522640535762399,0.146813708645628,,0.146813708645628,0.10381296895446962,0.3129,0.5480910963766822,0.37408167123794556,-0.196,0.1,0.9990000000000001,,,,0.9745693407055268,,,,
2786,P35557,F,133,P,NONSYN,0.14474630447280185,-0.2704947936432121,0.11673370267202425,-2.5313999999999997,100.0,2.0,6.0,-0.0223101360068926,0.23051506576082004,0.9539267800929899,-0.0223,0.23051506576082004,-0.0223101360068926,0.23051506576082004,,0.23051506576082004,0.16299876616513878,0.0778,0.10015776579243033,0.2947961091995239,0.0011,0.1426,1.0,,,,0.9745693407055268,,,,
2787,P35557,F,133,E,NONSYN,0.14341137314980398,-0.192344440365924,0.07411790604592314,-2.5673,100.0,2.0,6.0,-0.135041863478934,0.16011166709039998,0.9736951938859766,-0.135,0.16011166709039998,-0.135041863478934,0.16011166709039998,,0.16011166709039998,0.1132160455467048,0.0778,0.2128894932644717,0.2712279260158539,-0.1035,0.1045,1.0,,,,0.9745693407055268,,,,
2788,P35557,F,133,M,NONSYN,0.21680558431241104,-0.029878122857769678,0.046016057192000026,-0.25303333333333333,100.0,2.0,6.0,0.526940528671881,0.0775717267904336,0.49790327534401,0.5269,0.0775717267904336,0.526940528671881,0.0775717267904336,,0.0775717267904336,0.054851494041865775,0.2475,0.2794066708494628,0.3671421408653259,0.5208,0.0542,0.9640000000000001,,,,0.9745693407055268,,,,
2789,P35557,F,133,W,NONSYN,0.32132997916102696,0.18400225148902202,0.04623324313171836,-0.3639333333333333,100.0,2.0,6.0,-0.114700594368494,0.0752112909051872,0.9709029030462453,-0.1147,0.0752112909051872,-0.114700594368494,0.0752112909051872,,0.0752112909051872,0.053182413820851974,0.3659,0.48057035488179967,0.38392239809036255,-0.1057,0.0527,0.992,,,,0.9745693407055268,,,,
2790,P35557,F,133,H,NONSYN,0.3132585296390889,-0.08353744537663499,0.05785344718769538,-1.3437666666666666,100.0,2.0,6.0,0.20567799932314604,0.112871612097721,0.8594722734027486,0.2057,0.112871612097721,0.20567799932314604,0.112871612097721,,0.112871612097721,0.07981228231775607,0.1236,0.08209155327631681,0.28658032417297363,0.1998,0.0769,0.971,,,,0.9745693407055268,,,,
2791,P35557,F,133,Q,NONSYN,0.15363519183063878,-0.12140629179905382,0.08159168025354528,-2.0034333333333336,100.0,2.0,6.0,-0.23254373068382103,0.391235730585225,0.9837314440309786,-0.2325,0.391235730585225,-0.23254373068382103,0.391235730585225,,0.391235730585225,0.2766454381392857,0.0833,0.3158120750861343,0.26706603169441223,-0.0691,0.1921,1.0,,,,0.9745693407055268,,,,
2792,P35557,F,133,*,STOP,,,,,100.0,2.0,6.0,0.11206278075516099,0.05,0.9104246953189803,0.1121,0.05,0.11206278075516099,0.05,,0.05,0.035355339059327376,,,,0.1121,0.0354,,,,,0.9745693407055268,,,,
2793,P35557,L,134,S,NONSYN,0.3696688568840947,-0.19798462883832468,0.17310386363972888,-1.8501333333333332,100.0,2.0,6.0,-0.0877617505957465,0.117129351040446,0.9667359190489084,-0.0878,0.117129351040446,-0.0877617505957465,0.117129351040446,,0.117129351040446,0.08282295839667896,0.0901,0.17782848157185122,0.3033336102962494,-0.0754,0.0799,1.0,,,,1.9164627414460929,,,,
2794,P35557,L,134,A,NONSYN,0.2800117097075371,0.05760411710616233,0.07000463011584894,-1.3620666666666665,100.0,2.0,6.0,0.49384199979214705,0.205878011949886,0.5459961823481297,0.4938,0.205878011949886,0.49384199979214705,0.205878011949886,,0.205878011949886,0.14557773834696944,0.1348,0.35899739863781965,0.29017728567123413,0.4217,0.1301,1.0,,,,1.9164627414460929,,,,
2795,P35557,L,134,V,NONSYN,0.45006845647116095,0.1265634292403013,0.09665413646769332,-0.6787333333333333,100.0,2.0,6.0,0.814913324606473,0.153336760295957,0.14936974045588514,0.8149,0.153336760295957,0.814913324606473,0.153336760295957,,0.153336760295957,0.10842546301044735,0.3917,0.42320274521117884,0.4382266104221344,0.7905,0.1053,0.9890000000000001,,,,1.9164627414460929,,,,
2796,P35557,L,134,R,NONSYN,0.2792328090176149,-0.19566092731412024,0.17298033011767588,-1.8351333333333333,100.0,2.0,6.0,-0.0947328551683597,0.12036959277171001,0.9678689633545483,-0.0947,0.12036959277171001,-0.0947328551683597,0.12036959277171001,,0.12036959277171001,0.08511415529753938,0.0901,0.18479958614446446,0.3033336102962494,-0.0812,0.0819,1.0,,,,1.9164627414460929,,,,
2797,P35557,L,134,D,NONSYN,0.15709418040401155,-0.13445884915732986,0.05404102502763771,-2.512333333333333,100.0,2.0,6.0,0.021122643183152,0.12707725332727401,0.9428179044867816,0.0211,0.12707725332727401,0.021122643183152,0.12707725332727401,,0.12707725332727401,0.0898571875622762,0.0833,0.06214570121916123,0.2690693736076355,0.0274,0.0852,1.0,,,,1.9164627414460929,,,,
2798,P35557,L,134,F,NONSYN,0.463424518412456,0.482418297877276,0.09714334061099122,-0.2331333333333333,,,,,,,,,,,,,,0.424,,0.4436034560203552,0.424,0.4436,1.0,,,,1.9164627414460929,,,,
2799,P35557,L,134,T,NONSYN,0.3205067496312658,0.14029495032048866,0.07100122019388927,-1.3817666666666666,100.0,2.0,6.0,0.245769500149168,0.19964043989101898,0.8306620452876566,0.2458,0.19964043989101898,0.245769500149168,0.19964043989101898,,0.19964043989101898,0.14116710884600484,0.2423,0.0034197861084117875,0.36015820503234863,0.2453,0.1314,1.0,,,,1.9164627414460929,,,,
2800,P35557,L,134,I,NONSYN,0.3599458773266949,0.26934384781706333,0.06878877162837888,-0.8449,100.0,2.0,6.0,0.386572068876187,0.32633487088142404,0.6901978109215837,0.3866,0.32633487088142404,0.386572068876187,0.32633487088142404,,0.32633487088142404,0.23075360013789134,0.5009,0.11430775528534254,0.4243622422218323,0.4127,0.2027,0.9890000000000001,,,,1.9164627414460929,,,,
2801,P35557,L,134,L,SYN,,,,,100.0,2.0,6.0,0.8726576708519951,0.05,0.10928076139355822,0.8727,0.05,0.8726576708519951,0.05,,0.05,0.035355339059327376,,,,0.8727,0.0354,,,,,1.9164627414460929,,,,
2802,P35557,L,134,K,NONSYN,0.16637828819819184,-0.19615212527435075,0.1558629337961159,-1.8327,100.0,2.0,6.0,-0.0932592612876683,0.340308341704411,0.967632751601685,-0.0933,0.340308341704411,-0.0932592612876683,0.340308341704411,,0.340308341704411,0.24063433611353777,0.0901,0.18332599226377305,0.30588334798812866,-0.0232,0.1891,1.0,,,,1.9164627414460929,,,,
2803,P35557,L,134,G,NONSYN,0.3375782897720982,-0.08455900782396987,0.0568429910619837,-2.5354666666666663,100.0,2.0,6.0,-0.12857688081692803,0.102743125658967,0.9728385858830051,-0.1286,0.102743125658967,-0.12857688081692803,0.102743125658967,,0.102743125658967,0.07265036087375713,0.0872,0.21575537932347405,0.2690693736076355,-0.1139,0.0701,1.0,,,,1.9164627414460929,,,,
2804,P35557,L,134,Y,NONSYN,0.3932294491632085,0.30643521080502834,0.07774308813209228,-1.3710666666666667,100.0,2.0,6.0,-0.252651281304451,0.14766734419160998,0.9852547073648549,-0.2527,0.14766734419160998,-0.252651281304451,0.14766734419160998,,0.14766734419160998,0.10441658043769535,0.3719,0.6245251964999161,0.3932479918003082,-0.2115,0.1009,0.998,,,,1.9164627414460929,,,,
2805,P35557,L,134,N,NONSYN,0.1790631080953343,-0.11617301322050955,0.042882936178007,-2.4369,100.0,2.0,6.0,-0.24122776390087,0.182939181522852,0.9844082984461044,-0.2412,0.182939181522852,-0.24122776390087,0.182939181522852,,0.182939181522852,0.12935753579952539,0.0851,0.32629509569179405,0.25900998711586,-0.1761,0.1157,1.0,,,,1.9164627414460929,,,,
2806,P35557,L,134,C,NONSYN,0.3444819501115762,0.009535276470317341,0.0825100408799707,-1.3948999999999998,100.0,2.0,6.0,0.17969413247377,0.162940843551701,0.875762192219472,0.1797,0.162940843551701,0.17969413247377,0.162940843551701,,0.162940843551701,0.1152165754076641,0.1269,0.052747563984695295,0.28846997022628784,0.1724,0.107,1.0,,,,1.9164627414460929,,,,
2807,P35557,L,134,P,NONSYN,0.3101239067988947,-0.0769867748736418,0.05538722993584277,-2.2839666666666667,100.0,2.0,6.0,-0.186370256090409,0.11832156634366199,0.9795890638000926,-0.1864,0.11832156634366199,-0.186370256090409,0.11832156634366199,,0.11832156634366199,0.08366598192221736,0.0872,0.27354875459695505,0.2646900415420532,-0.1615,0.0798,1.0,,,,1.9164627414460929,,,,
2808,P35557,L,134,E,NONSYN,0.22335052551716408,-0.1853916336027357,0.05677581990622948,-2.4328000000000003,100.0,2.0,6.0,-0.0335719027541916,0.09243856847796,0.9564387712194756,-0.0336,0.09243856847796,-0.0335719027541916,0.09243856847796,,0.09243856847796,0.06536393861394255,0.0778,0.11141953253972932,0.2646900415420532,-0.0272,0.0635,1.0,,,,1.9164627414460929,,,,
2809,P35557,L,134,M,NONSYN,0.4855550162170784,0.482418297877276,0.09714334061099122,-0.2331333333333333,,,,,,,,,,,,,,0.4648,,0.45984184741973877,0.4648,0.4598,0.9990000000000001,,,,1.9164627414460929,,,,
2810,P35557,L,134,W,NONSYN,0.28885364138641745,-0.09191795568392484,0.08944827529943693,-1.8677333333333335,100.0,2.0,6.0,-0.405961770058946,0.639586155751045,0.9929533412523605,-0.406,0.639586155751045,-0.405961770058946,0.639586155751045,,0.639586155751045,0.4522557078845993,0.0872,0.49314026856549203,0.2849055230617523,-0.0529,0.2411,1.0,,,,1.9164627414460929,,,,
2811,P35557,L,134,H,NONSYN,0.29725486605293433,-0.124787457515479,0.08953540558524291,-1.9786333333333335,100.0,2.0,6.0,0.0438393420341362,0.11492511144602399,0.9359960486362984,0.0438,0.11492511144602399,0.0438393420341362,0.11492511144602399,,0.11492511144602399,0.08126432563210327,0.0833,0.039429002368177035,0.28370481729507446,0.0468,0.0781,1.0,,,,1.9164627414460929,,,,
2812,P35557,L,134,Q,NONSYN,0.3225298006389851,0.08919145406899033,0.16295976410863874,-1.5422,100.0,2.0,6.0,-0.21258488907674397,0.241559356852967,0.9820586372185026,-0.2126,0.241559356852967,-0.21258488907674397,0.241559356852967,,0.241559356852967,0.17080825928979407,0.1941,0.40673319115499107,0.39154890179634094,-0.1476,0.1566,1.0,,,,1.9164627414460929,,,,
2813,P35557,L,134,*,STOP,,,,,,,,,,,,,,,,,,,,,,,,,,,1.9164627414460929,,,,
2814,P35557,D,135,S,NONSYN,0.3690767940714815,0.6552866182190636,0.15592223894673146,-0.9239999999999999,100.0,2.0,6.0,0.4804766286844579,0.199742855548888,0.5651383062900879,0.4805,0.199742855548888,0.4804766286844579,0.199742855548888,,0.199742855548888,0.1412395276521837,0.8036,0.3231727968221339,0.5128759145736694,0.5033,0.1362,0.848,,,,78.79997866534195,,,,
2815,P35557,D,135,A,NONSYN,0.4216252277516441,0.5151955272624861,0.10375864327324158,-1.4927333333333335,100.0,2.0,6.0,0.21924310843246803,0.112252326617461,0.8502398084755302,0.2192,0.112252326617461,0.21924310843246803,0.112252326617461,,0.112252326617461,0.07937438135517386,0.7322,0.5129242547343411,0.47164180874824524,0.2334,0.0783,0.894,,,,78.79997866534195,,,,
2816,P35557,D,135,V,NONSYN,0.4506084315132353,0.5713596184810023,0.06864128115834357,-2.6115333333333335,100.0,2.0,6.0,0.7765340077765409,0.20829817686454602,0.18192607618262097,0.7765,0.20829817686454602,0.7765340077765409,0.20829817686454602,,0.20829817686454602,0.14728905336971532,0.6846,0.09198199390248696,0.40805715322494507,0.7659,0.1385,0.9740000000000001,,,,78.79997866534195,,,,
2817,P35557,D,135,R,NONSYN,0.35823216117602164,0.19712560248929534,0.07238359844968888,-1.472133333333333,100.0,2.0,6.0,1.17345288275204,0.33477911816574996,0.017505748771250038,1.1735,0.33477911816574996,1.17345288275204,0.33477911816574996,,0.33477911816574996,0.23672458465465426,0.3292,0.8442983019205124,0.37408167123794556,0.932,0.2,0.993,,,,78.79997866534195,,,,
2818,P35557,D,135,D,SYN,,,,,,,,,,,,,,,,,,,,,,,,,,,78.79997866534195,,,,
2819,P35557,D,135,F,NONSYN,0.29646296686588297,0.7629059725985595,0.0824388775628257,-2.6194333333333333,100.0,2.0,6.0,0.20189494542386902,0.0765921373211206,0.8619562081491402,0.2019,0.0765921373211206,0.20189494542386902,0.0765921373211206,,0.0765921373211206,0.054158819685335625,0.731,0.5291336710045063,0.4138064682483673,0.2108,0.0537,1.0,,,,78.79997866534195,,,,
2820,P35557,D,135,T,NONSYN,0.33041122774515563,0.487670763164935,0.158121286197933,-1.1000666666666665,100.0,2.0,6.0,0.665958408440712,0.305026903962304,0.3031688715020761,0.666,0.305026903962304,0.665958408440712,0.305026903962304,,0.305026903962304,0.2156865922360829,0.7075,0.041531201277610785,0.5160873532295227,0.6721,0.199,0.833,,,,78.79997866534195,,,,
2821,P35557,D,135,I,NONSYN,0.3169485018080975,0.9195772762109921,0.08537822490941631,-2.7128666666666668,100.0,2.0,6.0,-0.0059742370702478,0.12781132805384,0.9500246217449244,-0.006,0.12781132805384,-0.0059742370702478,0.12781132805384,,0.12781132805384,0.09037625677932867,0.8368,0.8428027669049951,0.45782989263534546,0.0256,0.0887,0.996,,,,78.79997866534195,,,,
2822,P35557,D,135,L,NONSYN,0.37713817620354506,0.550196654110896,0.08597294468687668,-2.7055000000000002,100.0,2.0,6.0,1.10216762923004,0.12042187861343302,0.02762706553140045,1.1022,0.12042187861343302,1.10216762923004,0.12042187861343302,,0.12042187861343302,0.08515112697078177,0.6063,0.4959166874766525,0.4569818079471588,1.0855,0.0837,0.996,,,,78.79997866534195,,,,
2823,P35557,D,135,K,NONSYN,0.3517044245741117,0.6673010833726533,0.1615170931032145,-0.8664,100.0,2.0,6.0,0.444433233223689,0.0890433969955596,0.6154123562976825,0.4444,0.0890433969955596,0.444433233223689,0.0890433969955596,,0.0890433969955596,0.06296318983544605,0.7089,0.26450375608371457,0.5238184928894043,0.4482,0.0625,0.993,,,,78.79997866534195,,,,
2824,P35557,D,135,G,NONSYN,0.41616550742326497,0.5464270268766552,0.17033503558380117,-1.2674333333333332,100.0,2.0,6.0,0.26449949251433,0.159696502313988,0.8155737252410538,0.2645,0.159696502313988,0.26449949251433,0.159696502313988,,0.159696502313988,0.11292247971799407,0.7868,0.5223197270749034,0.5257686376571655,0.2875,0.1104,0.753,,,,78.79997866534195,,,,
2825,P35557,D,135,Y,NONSYN,0.4224113195979475,0.5368608905310509,0.05521523805664819,-2.560966666666667,,,,,,,,,,,,,,0.5753,,0.41962122917175293,0.5753,0.4196,1.0,,,,78.79997866534195,,,,
2826,P35557,D,135,N,NONSYN,0.4295009636980524,0.6017712305348724,0.10460759437090701,-0.2961,100.0,2.0,6.0,0.8798822188698271,0.63459197217855,0.1049648587142508,0.8799,0.63459197217855,0.8798822188698271,0.63459197217855,,0.63459197217855,0.44872428681399756,0.8433,0.03660369161000043,0.47845232486724854,0.8628,0.3273,0.012,,,,78.79997866534195,,,,
2827,P35557,D,135,C,NONSYN,0.3461355508488411,0.6242424666454444,0.06421547706864598,-2.7265333333333337,100.0,2.0,6.0,0.880030191626395,0.270777369553679,0.10487799465803767,0.88,0.270777369553679,0.880030191626395,0.270777369553679,,0.270777369553679,0.1914685142032622,0.6976,0.18238232203945037,0.41270172595977783,0.8477,0.1737,0.996,,,,78.79997866534195,,,,
2828,P35557,D,135,P,NONSYN,0.2905290433283012,0.5523984945662793,0.09134203597291514,-1.4699,100.0,2.0,6.0,0.10763420652108802,0.23707673474870897,0.9123450930364996,0.1076,0.23707673474870897,0.10763420652108802,0.23707673474870897,,0.23707673474870897,0.16763856680237652,0.7085,0.600890557063049,0.44879186153411865,0.1812,0.157,0.945,,,,78.79997866534195,,,,
2829,P35557,D,135,E,NONSYN,0.4869275421620544,0.709235301743667,0.1591080021792536,-0.3505,100.0,2.0,6.0,0.557490005243443,0.379473365495088,0.4532526006642328,0.5575,0.379473365495088,0.557490005243443,0.379473365495088,,0.379473365495088,0.2683281900212579,0.8549,0.29740665937600275,0.5086169242858887,0.6222,0.2373,0.486,,,,78.79997866534195,,,,
2830,P35557,D,135,M,NONSYN,0.2886817698329022,0.619486381608935,0.0825209972764241,-2.633366666666667,100.0,2.0,6.0,0.6321537183927429,0.0749834599177103,0.3475376946877261,0.6322,0.0749834599177103,0.6321537183927429,0.0749834599177103,,0.0749834599177103,0.05302131298464263,0.6769,0.04479554422627563,0.4138064682483673,0.6329,0.0526,0.9990000000000001,,,,78.79997866534195,,,,
2831,P35557,D,135,W,NONSYN,0.2933207242208761,0.6587411945953957,0.07606924779804412,-2.7770999999999995,100.0,2.0,6.0,0.7440406718459142,0.180198379129361,0.21337610637076565,0.744,0.180198379129361,0.7440406718459142,0.180198379129361,,0.180198379129361,0.1274194958411956,0.6699,0.07413578416967515,0.42230576276779175,0.7379,0.122,1.0,,,,78.79997866534195,,,,
2832,P35557,D,135,H,NONSYN,0.4359397753198172,0.4582970447262437,0.08382293227083537,-1.1262,100.0,2.0,6.0,0.7540795637567859,0.645453670901456,0.2032764518778943,0.7541,0.645453670901456,0.7540795637567859,0.645453670901456,,0.645453670901456,0.45640466763616966,0.4543,0.2997589839895587,0.4375890791416168,0.5979,0.3159,0.997,,,,78.79997866534195,,,,
2833,P35557,D,135,Q,NONSYN,0.3596090029508326,0.5596631418883109,0.16063007470089946,-0.9040333333333331,100.0,2.0,6.0,0.767347057676716,0.114333874850087,0.19045407653432694,0.7673,0.114333874850087,0.767347057676716,0.114333874850087,,0.114333874850087,0.08084625822583058,0.6967,0.0705984433654977,0.5238184928894043,0.7657,0.0799,0.981,,,,78.79997866534195,,,,
2834,P35557,D,135,*,STOP,,,,,100.0,2.0,6.0,0.0247589907800023,0.05,0.9417759353212384,0.0248,0.05,0.0247589907800023,0.05,,0.05,0.035355339059327376,,,,0.0248,0.0354,,,,,78.79997866534195,,,,
2835,P35557,K,136,S,NONSYN,0.39799365034538775,0.8117838659700793,0.06575954624902246,-0.8266,100.0,2.0,6.0,0.680498790039881,0.11399966371621902,0.2850186588081289,0.6805,0.11399966371621902,0.680498790039881,0.11399966371621902,,0.11399966371621902,0.08060993526672447,0.8774,0.19685678552164243,0.40731218457221985,0.6879,0.0791,0.593,,,,127.27110077524422,,,,
2836,P35557,K,136,A,NONSYN,0.4253782567817681,1.190244154634655,0.05646239295954219,-0.8658,100.0,2.0,6.0,0.349211869731393,0.187679163265558,0.7335446285794304,0.3492,0.187679163265558,0.349211869731393,0.187679163265558,,0.187679163265558,0.13270920903249325,1.0365,0.6873045582623813,0.511833131313324,0.3925,0.1285,0.376,,,,127.27110077524422,,,,
2837,P35557,K,136,V,NONSYN,0.4018371367991864,0.42359133205955574,0.04907667145606251,-1.8981333333333332,100.0,2.0,6.0,0.513095605111847,0.0598565747824038,0.5181050152997775,0.5131,0.0598565747824038,0.513095605111847,0.0598565747824038,,0.0598565747824038,0.04232498992723742,0.6885,0.1753626587622069,0.41248947381973267,0.5149,0.0421,0.165,,,,127.27110077524422,,,,
2838,P35557,K,136,R,NONSYN,0.4425642104838123,0.8141552312921464,0.0926463058813638,0.014233333333333356,100.0,2.0,6.0,0.828404096872031,0.26790604070905105,0.13907662596442827,0.8284,0.26790604070905105,0.828404096872031,0.26790604070905105,,0.26790604070905105,0.18943817810620925,0.8946,0.06621393749076199,0.41103488206863403,0.84,0.172,0.001,,,,127.27110077524422,,,,
2839,P35557,K,136,D,NONSYN,0.3868073539125079,0.8117838659700793,0.06575954624902246,-0.8266,100.0,2.0,6.0,1.48459273572512,0.121530977323429,0.002166836708163886,1.4846,0.121530977323429,1.48459273572512,0.121530977323429,,0.121530977323429,0.08593537818962517,0.8774,0.6072371601635966,0.40731218457221985,1.4587,0.0841,0.593,,,,127.27110077524422,,,,
2840,P35557,K,136,F,NONSYN,0.39391394066408775,0.6264424817054101,0.03960806244874908,-1.9194666666666667,100.0,2.0,6.0,0.58015373202223,0.0540932530301086,0.4203995136554899,0.5802,0.0540932530301086,0.58015373202223,0.0540932530301086,,0.0540932530301086,0.038249706034029544,0.8036,0.22349569348436182,0.4092780351638794,0.5821,0.0381,0.805,,,,127.27110077524422,,,,
2841,P35557,K,136,T,NONSYN,0.4423640368257771,1.0071060572102444,0.05496529951324101,-0.8377,100.0,2.0,6.0,0.8986261620046251,0.19551518189269698,0.09443898050518398,0.8986,0.19551518189269698,0.8986261620046251,0.19551518189269698,,0.19551518189269698,0.1382501109412473,0.9167,0.01804916720374894,0.39639392495155334,0.9006,0.1305,0.248,,,,127.27110077524422,,,,
2842,P35557,K,136,I,NONSYN,0.4603939774498695,0.521774784735045,0.040154371466821125,-1.9278666666666666,100.0,2.0,6.0,0.894156822933325,0.0462788413667977,0.09686271479428894,0.8942,0.0462788413667977,0.894156822933325,0.0462788413667977,,0.0462788413667977,0.03272408255591916,0.7903,0.10381711460507792,0.4092780351638794,0.8935,0.0326,0.23399999999999999,,,,127.27110077524422,,,,
2843,P35557,K,136,L,NONSYN,0.4356747906628182,0.4372648614064854,0.03683471303022124,-1.8765,100.0,2.0,6.0,0.472075017071058,0.15004610722727,0.5770506972452868,0.4721,0.15004610722727,0.472075017071058,0.15004610722727,,0.15004610722727,0.10609861991104644,0.7257,0.2536224407193168,0.4141761064529419,0.4877,0.1028,0.040999999999999995,,,,127.27110077524422,,,,
2844,P35557,K,136,K,SYN,,,,,100.0,2.0,6.0,1.1747655316325902,0.05,0.017357646778430796,1.1748,0.05,1.1747655316325902,0.05,,0.05,0.035355339059327376,,,,1.1748,0.0354,,,,,127.27110077524422,,,,
2845,P35557,K,136,G,NONSYN,0.3929842999811576,0.5411391401138405,0.03808372046147996,-1.5884666666666665,100.0,2.0,6.0,0.283593393046522,0.121409470450983,0.7990760683834992,0.2836,0.121409470450983,0.283593393046522,0.121409470450983,,0.121409470450983,0.08584945985615784,0.7868,0.5032482974937917,0.4204462170600891,0.3037,0.0841,0.593,,,,127.27110077524422,,,,
2846,P35557,K,136,Y,NONSYN,0.3944793974738757,0.422921338409809,0.047631049253569306,-1.7455,100.0,2.0,6.0,-0.0954578438257158,0.136739858159217,0.9679845356343041,-0.0955,0.136739858159217,-0.0954578438257158,0.136739858159217,,0.136739858159217,0.09668968096286899,0.6933,0.7887081423257768,0.4247923791408539,-0.0566,0.0943,0.107,,,,127.27110077524422,,,,
2847,P35557,K,136,N,NONSYN,0.4560364383708069,0.6674387097782337,0.07394134273600834,-0.5051666666666667,100.0,2.0,6.0,0.48134773622925,0.31341709057551503,0.5638974917802579,0.4813,0.31341709057551503,0.48134773622925,0.31341709057551503,,0.31341709057551503,0.22161935008570505,0.8354,0.35409170735900686,0.42577773332595825,0.5568,0.1966,0.524,,,,127.27110077524422,,,,
2848,P35557,K,136,C,NONSYN,0.4535515939759026,0.6027521634922647,0.02086787727607967,-2.2871333333333332,100.0,2.0,6.0,0.549946180456768,0.0488625172211597,0.4642613025235055,0.5499,0.0488625172211597,0.549946180456768,0.0488625172211597,,0.0488625172211597,0.03455101727292648,0.6884,0.1384632672132149,0.3989748954772949,0.551,0.0344,0.992,,,,127.27110077524422,,,,
2849,P35557,K,136,P,NONSYN,0.27870648767165224,1.1963328522617116,0.0561852205759489,-0.9779666666666667,100.0,2.0,6.0,0.0256763150942644,0.293202486348182,0.9415101508333416,0.0257,0.293202486348182,0.0256763150942644,0.293202486348182,,0.293202486348182,0.2073254663575556,1.0324,1.0066969940411725,0.5100095272064209,0.1684,0.1921,0.912,,,,127.27110077524422,,,,
2850,P35557,K,136,E,NONSYN,0.4020218445230145,0.716786338117631,0.08072711229828232,-0.16533333333333333,100.0,2.0,6.0,0.972605469563427,0.22403662050967998,0.06135619781840475,0.9726,0.22403662050967998,0.972605469563427,0.22403662050967998,,0.22403662050967998,0.15841781359651186,0.8661,0.10652011904996872,0.41168472170829773,0.9589,0.1478,0.064,,,,127.27110077524422,,,,
2851,P35557,K,136,M,NONSYN,0.43998119930382734,0.8029650709413366,0.08786468852113144,-0.9419333333333334,100.0,2.0,6.0,1.20577965905539,0.0618551323764033,0.014187743742768452,1.2058,0.0618551323764033,1.20577965905539,0.0618551323764033,,0.0618551323764033,0.04373818355454633,0.8696,0.3362148874031683,0.43104299902915955,1.2024,0.0435,0.483,,,,127.27110077524422,,,,
2852,P35557,K,136,W,NONSYN,0.4169292295856069,0.6747522451374411,0.020351572108017035,-2.216833333333333,100.0,2.0,6.0,0.333945935521239,0.0526366626462851,0.7500164831932293,0.3339,0.0526366626462851,0.333945935521239,0.0526366626462851,,0.0526366626462851,0.037219741096216834,0.6993,0.3653206770085156,0.3989748954772949,0.3371,0.0371,0.9940000000000001,,,,127.27110077524422,,,,
2853,P35557,K,136,H,NONSYN,0.4436698866414692,0.9108102558203793,0.07000771113233097,-0.8412999999999999,100.0,2.0,6.0,1.18751356617422,0.0662424934403701,0.015980275931530518,1.1875,0.0662424934403701,1.18751356617422,0.0662424934403701,,0.0662424934403701,0.04684051631439109,0.9077,0.2798343660017957,0.39639392495155334,1.1837,0.0465,0.004,,,,127.27110077524422,,,,
2854,P35557,K,136,Q,NONSYN,0.4867518824335938,0.7607857675549026,0.11060347760320767,0.19553333333333334,100.0,2.0,6.0,0.9885124880837621,0.0779577057648512,0.05577692636443758,0.9885,0.0779577057648512,0.9885124880837621,0.0779577057648512,,0.0779577057648512,0.05512442239207189,0.8859,0.10257360525600334,0.44121626019477844,0.9869,0.0547,0.002,,,,127.27110077524422,,,,
2855,P35557,K,136,*,STOP,,,,,100.0,2.0,6.0,0.580597375603145,0.05,0.4197609999120252,0.5806,0.05,0.580597375603145,0.05,,0.05,0.035355339059327376,,,,0.5806,0.0354,,,,,127.27110077524422,,,,
2856,P35557,H,137,S,NONSYN,0.4274947371973565,0.43280785739091404,0.14380743015064354,-0.8565666666666667,100.0,2.0,6.0,1.04210342756008,0.18555715520502303,0.04022203126997231,1.0421,0.18555715520502303,1.04210342756008,0.18555715520502303,,0.18555715520502303,0.13120872274315645,0.7018,0.340338724763144,0.516708493232727,1.0215,0.1272,0.7190000000000001,,,,43.43131398613866,,,,
2857,P35557,H,137,A,NONSYN,0.3450641386058211,1.2253451044949377,0.0680439823883654,-1.3736666666666668,100.0,2.0,6.0,0.574928411504781,0.0480868464393729,0.42793540663436364,0.5749,0.0480868464393729,0.574928411504781,0.0480868464393729,,0.0480868464393729,0.03400253520315676,1.0811,0.5061572704105022,0.494692862033844,0.5773,0.0339,0.34600000000000003,,,,43.43131398613866,,,,
2858,P35557,H,137,V,NONSYN,0.3100277196420108,1.6416149344241935,0.04274195345257815,-2.3561,100.0,2.0,6.0,1.38209000035622,0.0204342138472307,0.004378390693528785,1.3821,0.0204342138472307,1.38209000035622,0.0204342138472307,,0.0204342138472307,0.014449171179592876,1.2023,0.17975178166725514,0.5685948133468628,1.382,0.0144,0.515,,,,43.43131398613866,,,,
2859,P35557,H,137,R,NONSYN,0.40896647076546666,0.5352430593243404,0.18890278051066775,-0.5006666666666667,100.0,2.0,6.0,0.786431856131994,0.136293631953115,0.17305825054564825,0.7864,0.136293631953115,0.786431856131994,0.136293631953115,,0.136293631953115,0.09637415138659113,0.8053,0.018875055336511903,0.523793637752533,0.787,0.0948,0.278,,,,43.43131398613866,,,,
2860,P35557,H,137,D,NONSYN,0.31424584995616583,0.8773749648902077,0.07947826858501292,-1.1517666666666666,100.0,2.0,6.0,-0.0125972126786477,0.508915014124591,0.9516447290141857,-0.0126,0.508915014124591,-0.0125972126786477,0.508915014124591,,0.508915014124591,0.35985725753514586,0.8891,0.901711890584684,0.4150926470756531,0.3743,0.2719,0.3670000000000001,,,,43.43131398613866,,,,
2861,P35557,H,137,F,NONSYN,0.4107279990990593,0.5000648827432834,0.13541341226559872,-1.2622333333333333,100.0,2.0,6.0,0.652158017706826,0.10254477928976899,0.3209349071239289,0.6522,0.10254477928976899,0.652158017706826,0.10254477928976899,,0.10254477928976899,0.07251010881107349,0.7365,0.0843342584848854,0.5160873532295227,0.6538,0.0718,0.41600000000000004,,,,43.43131398613866,,,,
2862,P35557,H,137,T,NONSYN,0.34470915542349684,0.4048297388443198,0.12288709094157753,-1.2422333333333333,100.0,2.0,6.0,0.937863449403717,0.26221255420654005,0.07532829589016563,0.9379,0.26221255420654005,0.937863449403717,0.26221255420654005,,0.26221255420654005,0.18541227519168962,0.6885,0.24940518552966306,0.4838365614414215,0.9059,0.1731,0.434,,,,43.43131398613866,,,,
2863,P35557,H,137,I,NONSYN,0.4064210844894963,1.4090303316718498,0.0414366870705053,-2.3591,100.0,2.0,6.0,2.07984380861325,0.0489419757232493,2.8439910326491044e-05,2.0798,0.0489419757232493,2.07984380861325,0.0489419757232493,,0.0489419757232493,0.03460720291857696,1.0838,0.9960098757366631,0.4619312882423401,2.0743,0.0345,0.7809999999999999,,,,43.43131398613866,,,,
2864,P35557,H,137,L,NONSYN,0.37474439086043504,1.5259624804792933,0.017780246986611244,-2.1879333333333335,100.0,2.0,6.0,1.41455990338301,0.14883041471647798,0.0035090012409063733,1.4146,0.14883041471647798,1.41455990338301,0.14883041471647798,,0.14883041471647798,0.10523899549282771,1.0881,0.3264587547776634,0.45567256212234497,1.398,0.1025,0.278,,,,43.43131398613866,,,,
2865,P35557,H,137,K,NONSYN,0.3667056690225641,0.6135253555846014,0.12952097912924423,-0.8806333333333333,100.0,2.0,6.0,0.49995093297901794,0.323603971889399,0.5371809281536449,0.5,0.323603971889399,0.49995093297901794,0.323603971889399,,0.323603971889399,0.2288225629418949,0.8297,0.3297519211774762,0.4998680055141449,0.5571,0.2081,0.337,,,,43.43131398613866,,,,
2866,P35557,H,137,G,NONSYN,0.2666216007931661,0.8367862535965284,0.048880626988641755,-1.8095333333333334,100.0,2.0,6.0,1.11595363246841,0.0536432214640274,0.02531466375784461,1.116,0.0536432214640274,1.11595363246841,0.0536432214640274,,0.0536432214640274,0.03793148566190553,0.8818,0.23416931259078555,0.4017566442489624,1.1139,0.0378,0.7190000000000001,,,,43.43131398613866,,,,
2867,P35557,H,137,Y,NONSYN,0.3971056557325536,0.7985751144467583,0.18238911270753186,-0.05406666666666666,100.0,2.0,6.0,0.530795895890568,0.11663699299058501,0.49226637304186094,0.5308,0.11663699299058501,0.530795895890568,0.11663699299058501,,0.11663699299058501,0.08247480868085047,0.8859,0.3551429869371908,0.4948942959308624,0.5404,0.0814,0.003,,,,43.43131398613866,,,,
2868,P35557,H,137,N,NONSYN,0.4170819178402928,0.8772709487030705,0.06803903496541916,0.08810000000000001,100.0,2.0,6.0,0.29470839312163105,0.72736565421235,0.7889432330311826,0.2947,0.72736565421235,0.29470839312163105,0.72736565421235,,0.72736565421235,0.5143251864957421,0.8891,0.5944062847844054,0.3879123032093048,0.6736,0.3097,0.3670000000000001,,,,43.43131398613866,,,,
2869,P35557,H,137,C,NONSYN,0.3215631552657849,1.6254979041174933,0.0372404845623746,-2.231333333333333,100.0,2.0,6.0,1.43044109127632,0.0913122839304137,0.0031473624181306116,1.4304,0.0913122839304137,1.43044109127632,0.0913122839304137,,0.0913122839304137,0.06456753517282693,1.178,0.25245446941963046,0.5661766529083252,1.4272,0.0642,0.9840000000000001,,,,43.43131398613866,,,,
2870,P35557,H,137,P,NONSYN,0.3372425756544121,1.2478399968173912,0.021817695111992923,-1.7345333333333333,100.0,2.0,6.0,0.554246345797082,0.138691820142838,0.457983088542456,0.5542,0.138691820142838,0.554246345797082,0.138691820142838,,0.138691820142838,0.09806992651810575,1.0779,0.5236280762762823,0.48086538910865784,0.5752,0.0961,0.805,,,,43.43131398613866,,,,
2871,P35557,H,137,E,NONSYN,0.22798112642128554,0.7761620722236972,0.09360880258387001,-0.7021666666666667,100.0,2.0,6.0,0.811069851872372,0.0923924411061454,0.15241000430502033,0.8111,0.0923924411061454,0.811069851872372,0.0923924411061454,,0.0923924411061454,0.06533132163653413,0.8718,0.060686105731082574,0.43661782145500183,0.8124,0.0646,0.18,,,,43.43131398613866,,,,
2872,P35557,H,137,M,NONSYN,0.34585524966568515,0.5569090896371186,0.03587751923965617,-1.5882666666666667,100.0,2.0,6.0,2.08601384637427,0.0637875251418498,2.7132534019708516e-05,2.086,0.0637875251418498,2.08601384637427,0.0637875251418498,,0.0637875251418498,0.04510459158290938,0.8208,1.2652377414472071,0.4204462170600891,2.0716,0.0448,0.879,,,,43.43131398613866,,,,
2873,P35557,H,137,W,NONSYN,0.3935142425056496,1.2520712748799208,0.03813853733961529,-1.7288,100.0,2.0,6.0,0.541552511609493,0.0402711955029526,0.4765316795996757,0.5416,0.0402711955029526,0.541552511609493,0.0402711955029526,,0.0402711955029526,0.028476035426626977,1.0363,0.4947533927789347,0.5095299482345581,0.5431,0.0284,0.99,,,,43.43131398613866,,,,
2874,P35557,H,137,H,SYN,,,,,,,,,,,,,,,,,,,,,,,,,,,43.43131398613866,,,,
2875,P35557,H,137,Q,NONSYN,0.3372315255555827,0.5373120483813977,0.17657874182682742,0.006400000000000017,100.0,2.0,6.0,1.31458509408665,0.22615800400959196,0.006905231024761346,1.3146,0.22615800400959196,1.31458509408665,0.22615800400959196,,0.22615800400959196,0.15991785825479687,0.831,0.48357975923252394,0.5008977055549622,1.2699,0.1523,0.011000000000000001,,,,43.43131398613866,,,,
2876,P35557,H,137,*,STOP,,,,,100.0,2.0,6.0,-0.34558814939607896,0.05,0.9905991086707857,-0.3456,0.05,-0.34558814939607896,0.05,,0.05,0.035355339059327376,,,,-0.3456,0.0354,,,,,43.43131398613866,,,,
2877,P35557,Q,138,S,NONSYN,0.4409447200841817,0.8288900770688038,0.08664563034876784,-0.6639,100.0,2.0,6.0,1.0968228282933299,0.08241127939879599,0.028576116651276517,1.0968,0.08241127939879599,1.0968228282933299,0.08241127939879599,,0.08241127939879599,0.058273574509147864,0.8988,0.1979733409886424,0.42817258834838867,1.0932,0.0577,0.028999999999999998,,,,144.6027123039072,,,,
2878,P35557,Q,138,A,NONSYN,0.4409062194732345,1.0607925776558809,0.08242849237587281,-0.7354333333333333,100.0,2.0,6.0,0.712975679738898,0.200729351018601,0.24677298771501624,0.713,0.200729351018601,0.712975679738898,0.200729351018601,,0.200729351018601,0.14193708528842758,0.9167,0.20369964946947605,0.4055316150188446,0.7352,0.134,0.055999999999999994,,,,144.6027123039072,,,,
2879,P35557,Q,138,V,NONSYN,0.3518917047261823,0.7374594181674657,0.06782061635390772,-1.6304999999999998,100.0,2.0,6.0,1.101783511618,0.143952304410322,0.027694267263217272,1.1018,0.143952304410322,1.101783511618,0.143952304410322,,0.143952304410322,0.10178965061596883,0.8859,0.21584462879024113,0.406961590051651,1.0891,0.0987,0.033,,,,144.6027123039072,,,,
2880,P35557,Q,138,R,NONSYN,0.4495753804079927,1.2091569564656017,0.09512861710034332,0.14876666666666669,100.0,2.0,6.0,0.839187202957756,0.0976520757979435,0.13126573657142976,0.8392,0.0976520757979435,0.839187202957756,0.0976520757979435,,0.0976520757979435,0.06905044499366858,1.0793,0.24013012835633096,0.4601980745792389,0.8445,0.0683,0.011000000000000001,,,,144.6027123039072,,,,
2881,P35557,Q,138,D,NONSYN,0.3761251669021567,0.9800755186603626,0.06433045318235053,-0.7075333333333332,100.0,2.0,6.0,0.9551268567254529,0.296818390665366,0.0680645594886487,0.9551,0.296818390665366,0.9551268567254529,0.296818390665366,,0.296818390665366,0.20988229682035814,0.9178,0.03729096547865729,0.39639392495155334,0.947,0.1855,0.009000000000000001,,,,144.6027123039072,,,,
2882,P35557,Q,138,F,NONSYN,0.46856681542106005,0.6177143025385944,0.10828523103455477,-2.0619666666666667,100.0,2.0,6.0,0.405705695849841,0.0350689777646387,0.6664201179634887,0.4057,0.0350689777646387,0.405705695849841,0.0350689777646387,,0.0350689777646387,0.024797511986656275,0.8377,0.43197261740546905,0.455387681722641,0.407,0.0248,0.218,,,,144.6027123039072,,,,
2883,P35557,Q,138,T,NONSYN,0.4922881604041325,0.9216417882525603,0.08666187434496114,-0.6848333333333333,100.0,2.0,6.0,1.13042804794886,0.165551920517835,0.02308456494785253,1.1304,0.165551920517835,1.13042804794886,0.165551920517835,,0.165551920517835,0.11706288563661744,0.9077,0.22274884777643567,0.4256107807159424,1.1148,0.1129,0.002,,,,144.6027123039072,,,,
2884,P35557,Q,138,I,NONSYN,0.4593577312581562,0.48749550026146804,0.10832422417232929,-2.0460000000000003,100.0,2.0,6.0,0.79636210268122,0.0328298662731678,0.16449292319279513,0.7964,0.0328298662731678,0.79636210268122,0.0328298662731678,,0.0328298662731678,0.023214221067204478,0.7289,0.06749749248606007,0.4598015546798706,0.7962,0.0232,0.28800000000000003,,,,144.6027123039072,,,,
2885,P35557,Q,138,L,NONSYN,0.47697605168164703,0.5080887563206353,0.059614591252896566,-1.5785,100.0,2.0,6.0,0.912173380236215,0.16227477309271,0.0874101101399323,0.9122,0.16227477309271,0.912173380236215,0.16227477309271,,0.16227477309271,0.11474559246936353,0.7784,0.13378428397614417,0.4223988354206085,0.903,0.1107,0.017,,,,144.6027123039072,,,,
2886,P35557,Q,138,K,NONSYN,0.3813325671505154,0.7055885778355512,0.15134651995216233,0.2974666666666667,100.0,2.0,6.0,0.658101899634215,0.0453283015525153,0.31322106784526177,0.6581,0.0453283015525153,0.658101899634215,0.0453283015525153,,0.0453283015525153,0.032051949407452276,0.8617,0.20358301876941054,0.4793265759944916,0.659,0.032,0.017,,,,144.6027123039072,,,,
2887,P35557,Q,138,G,NONSYN,0.4132083883745238,0.9607559400223066,0.06271674614006319,-1.6385666666666667,100.0,2.0,6.0,0.4318939460534771,0.18087202535805397,0.6323151007693386,0.4319,0.18087202535805397,0.4318939460534771,0.18087202535805397,,0.18087202535805397,0.12789583565762513,0.9153,0.4833762632589619,0.3960433304309845,0.4775,0.1217,0.028999999999999998,,,,144.6027123039072,,,,
2888,P35557,Q,138,Y,NONSYN,0.4840075968099441,0.615715565426677,0.05789393327289872,-1.4618333333333335,100.0,2.0,6.0,0.22406139469572398,0.086659360484361,0.8468356272529747,0.2241,0.086659360484361,0.22406139469572398,0.086659360484361,,0.086659360484361,0.061277421451781194,0.8478,0.6237197270350805,0.4211964011192322,0.237,0.0606,0.038,,,,144.6027123039072,,,,
2889,P35557,Q,138,N,NONSYN,0.4518295354764143,0.9181925753310489,0.03579920245534878,-0.35083333333333333,100.0,2.0,6.0,1.61407875759601,0.38064293373089597,0.0008745808846545419,1.6141,0.38064293373089597,1.61407875759601,0.38064293373089597,,0.38064293373089597,0.26915519965185813,0.9077,0.7063995574235857,0.39556455612182617,1.3905,0.2225,0.0,,,,144.6027123039072,,,,
2890,P35557,Q,138,C,NONSYN,0.4511413301447636,0.7679504367163537,0.0357692444442404,-1.9530666666666667,100.0,2.0,6.0,-0.0450027066834368,0.43504295950994104,0.9588486321199866,-0.045,0.43504295950994104,-0.0450027066834368,0.43504295950994104,,0.43504295950994104,0.3076218267769439,0.8578,0.9028256017334856,0.3962135910987854,0.2945,0.243,0.778,,,,144.6027123039072,,,,
2891,P35557,Q,138,P,NONSYN,0.4853050517411639,0.7555542742935998,0.058333516727803375,-1.2671333333333334,100.0,2.0,6.0,0.0666623878311112,0.10125204534436301,0.92834524864394,0.0667,0.10125204534436301,0.0666623878311112,0.10125204534436301,,0.10125204534436301,0.07159600787200687,0.8746,0.8079568576980636,0.4078614413738251,0.0908,0.0705,0.062,,,,144.6027123039072,,,,
2892,P35557,Q,138,E,NONSYN,0.4564313440073604,0.9508597715861836,0.03911312166439746,0.2536666666666667,100.0,2.0,6.0,-0.0777116816176823,0.621949713077327,0.9650310016067115,-0.0777,0.621949713077327,-0.0777116816176823,0.621949713077327,,0.621949713077327,0.4397848596740055,0.912,0.9897325437201908,0.37392690777778625,0.4967,0.2849,0.004,,,,144.6027123039072,,,,
2893,P35557,Q,138,M,NONSYN,0.4050622568485636,1.1412924218760792,0.1032722761365848,-0.5147333333333333,100.0,2.0,6.0,0.8185676947420609,0.0821032597167079,0.14652363723111061,0.8186,0.0821032597167079,0.8185676947420609,0.0821032597167079,,0.0821032597167079,0.05805577170320445,0.9551,0.13648718444647667,0.4487312138080597,0.8208,0.0576,0.552,,,,144.6027123039072,,,,
2894,P35557,Q,138,W,NONSYN,0.4710687255935087,0.8152836126358972,0.06657078834028941,-1.6665666666666665,100.0,2.0,6.0,0.868310928212705,0.15409625728036302,0.11194901976342787,0.8683,0.15409625728036302,0.868310928212705,0.15409625728036302,,0.15409625728036302,0.10896250847841159,0.8308,0.03753602491528063,0.4211964011192322,0.866,0.1055,0.946,,,,144.6027123039072,,,,
2895,P35557,Q,138,H,NONSYN,0.4843682171858765,0.47319247365809614,0.14877500320697776,0.3949666666666667,100.0,2.0,6.0,1.35529021216658,0.126279334511741,0.005250444335452859,1.3553,0.126279334511741,1.35529021216658,0.126279334511741,,0.126279334511741,0.08929297375697648,0.7429,0.6123987813117826,0.4885413944721222,1.3355,0.0878,0.0,,,,144.6027123039072,,,,
2896,P35557,Q,138,Q,SYN,,,,,100.0,2.0,6.0,1.01255728202876,0.05,0.04821732797483308,1.0126,0.05,1.01255728202876,0.05,,0.05,0.035355339059327376,,,,1.0126,0.0354,,,,,144.6027123039072,,,,
2897,P35557,Q,138,*,STOP,,,,,100.0,2.0,6.0,0.08807904844832501,0.05,0.9203669778684839,0.0881,0.05,0.08807904844832501,0.05,,0.05,0.035355339059327376,,,,0.0881,0.0354,,,,,144.6027123039072,C,145.0,,
2898,P35557,M,139,S,NONSYN,0.31494457442558743,0.6633418216233661,0.03515069374475637,-1.5281333333333336,100.0,2.0,6.0,0.321412243015591,0.10679572596658399,0.7629866528542244,0.3214,0.10679572596658399,0.321412243015591,0.10679572596658399,,0.10679572596658399,0.07551598203271179,0.802,0.48061837994354595,0.4204462170600891,0.3364,0.0743,0.88,,,,27.90917416078719,,,,
2899,P35557,M,139,A,NONSYN,0.38040172866410704,0.5238175410263496,0.03173603131039494,-1.3250666666666666,100.0,2.0,6.0,0.126733507476827,0.17336130862711902,0.903775488713807,0.1267,0.17336130862711902,0.126733507476827,0.17336130862711902,,0.17336130862711902,0.12258495692560976,0.7833,0.656575236953715,0.4163721799850464,0.1791,0.1176,0.598,,,,27.90917416078719,,,,
2900,P35557,M,139,V,NONSYN,0.43335182923768345,0.5129523104444983,0.0796832529530312,-0.17053333333333334,100.0,2.0,6.0,0.618064561794438,0.0899849170884573,0.36681125417884103,0.6181,0.0899849170884573,0.618064561794438,0.0899849170884573,,0.0899849170884573,0.06362894507775739,0.7924,0.1743342485922197,0.42740145325660706,0.6218,0.0629,0.015,,,,27.90917416078719,,,,
2901,P35557,M,139,R,NONSYN,0.4133638176812908,0.2242241855252253,0.050777577933559796,-1.3127666666666666,100.0,2.0,6.0,1.0255135739802,0.0421044184682383,0.04454588194474604,1.0255,0.0421044184682383,1.0255135739802,0.0421044184682383,,0.0421044184682383,0.02977231981680741,0.4617,0.5638263667582151,0.4217884838581085,1.0227,0.0297,0.687,,,,27.90917416078719,,,,
2902,P35557,M,139,D,NONSYN,,0.18520901203494922,0.029634781280691965,-1.9705666666666666,100.0,2.0,6.0,0.330763431993857,0.123653084482986,0.7533573155665135,0.3308,0.123653084482986,0.330763431993857,0.123653084482986,,0.123653084482986,0.08743593455255244,0.3837,0.05297144988404218,0.39503470063209534,0.3332,0.0854,0.9590000000000001,,,,27.90917416078719,,,,
2903,P35557,M,139,F,NONSYN,0.3024433202519795,0.9349394071533824,0.038394371830160125,-0.4272,100.0,2.0,6.0,0.28307108352435195,0.27845900219189396,0.799542588565118,0.2831,0.27845900219189396,0.28307108352435195,0.27845900219189396,,0.27845900219189396,0.1969002487323279,0.8996,0.6164872222160045,0.39556455612182617,0.4055,0.1763,0.14400000000000002,,,,27.90917416078719,,,,
2904,P35557,M,139,T,NONSYN,0.4428972613017431,0.6352562926480186,0.04398377832950717,-0.9479666666666667,100.0,2.0,6.0,1.43323186317868,0.124264357954,0.0030876729148508887,1.4332,0.124264357954,1.43323186317868,0.124264357954,,0.124264357954,0.08786817016906588,0.8377,0.59555354992337,0.4177708029747009,1.408,0.086,0.45,,,,27.90917416078719,,,,
2905,P35557,M,139,I,NONSYN,0.5092966528428504,0.465383641353869,0.07280099400691702,0.1806,100.0,2.0,6.0,0.502264051322114,0.18372472422737804,0.5338339216879211,0.5023,0.18372472422737804,0.502264051322114,0.18372472422737804,,0.18372472422737804,0.12991299837280737,0.743,0.24077698719106955,0.40298572182655334,0.5249,0.1236,0.001,,,,27.90917416078719,,,,
2906,P35557,M,139,L,NONSYN,0.4802407566174219,0.4677998988803013,0.08144237072840996,0.0198,100.0,2.0,6.0,0.49501527874281703,0.0988080153934451,0.5443060138274768,0.495,0.0988080153934451,0.49501527874281703,0.0988080153934451,,0.0988080153934451,0.0698678177202898,0.7494,0.25436370046326817,0.4087350368499756,0.5022,0.0689,0.0,,,,27.90917416078719,,,,
2907,P35557,M,139,K,NONSYN,0.4908604207297649,0.45892462918009497,0.04520200250246795,-1.2170333333333332,,,,,,,,,,,,,,0.7103,,0.42218467593193054,0.7103,0.4222,0.505,,,,27.90917416078719,,,,
2908,P35557,M,139,G,NONSYN,0.2313069645088376,0.21049415658336587,0.03923712263005975,-2.044633333333333,100.0,2.0,6.0,0.254907998348607,0.058190357869516,0.8234339472965657,0.2549,0.058190357869516,0.254907998348607,0.058190357869516,,0.058190357869516,0.04114679664920674,0.4597,0.20477628419266802,0.40431302785873413,0.257,0.0409,0.88,,,,27.90917416078719,,,,
2909,P35557,M,139,Y,NONSYN,,0.4972856707499871,0.039571538041440084,-1.5137666666666665,100.0,2.0,6.0,0.8195806956357281,0.07388701336929901,0.14574234645631615,0.8196,0.07388701336929901,0.8195806956357281,0.07388701336929901,,0.07388701336929901,0.05224600819505242,0.6866,0.13293363810246395,0.42365768551826477,0.8176,0.0519,0.935,,,,27.90917416078719,,,,
2910,P35557,M,139,N,NONSYN,0.3182579182514713,0.5165043643579245,0.058204336299456594,-1.7266666666666666,100.0,2.0,6.0,0.357026609657647,0.0677051672955076,0.7248293851850136,0.357,0.0677051672955076,0.357026609657647,0.0677051672955076,,0.0677051672955076,0.04787478291602308,0.6509,0.29384013724481883,0.43717435002326965,0.3605,0.0476,0.9590000000000001,,,,27.90917416078719,,,,
2911,P35557,M,139,C,NONSYN,,0.7631558837261764,0.03999764223909592,-1.5218999999999998,100.0,2.0,6.0,0.0219700567071604,0.0696347975774089,0.9425767339180572,0.022,0.0696347975774089,0.0219700567071604,0.0696347975774089,,0.0696347975774089,0.0492392375735384,0.7841,0.7621156938726736,0.4204462170600891,0.0323,0.0489,0.987,,,,27.90917416078719,,,,
2912,P35557,M,139,P,NONSYN,0.29396488881585514,0.48306458342781683,0.03678302299672279,-1.7313666666666665,100.0,2.0,6.0,0.45734595244797,0.20300138269874698,0.5976653208724441,0.4573,0.20300138269874698,0.45734595244797,0.20300138269874698,,0.20300138269874698,0.14354365429652946,0.6031,0.14572031313506834,0.43522173166275024,0.4716,0.1363,0.9590000000000001,,,,27.90917416078719,,,,
2913,P35557,M,139,E,NONSYN,0.3715633530173947,0.654282424877609,0.056630153997039766,-1.7125666666666666,100.0,2.0,6.0,-0.0563075719014064,0.0885316738827698,0.9611006294547931,-0.0563,0.0885316738827698,-0.0563075719014064,0.0885316738827698,,0.0885316738827698,0.06260134695230249,0.8377,0.8939858851567165,0.4211964011192322,-0.037,0.0619,0.47,,,,27.90917416078719,,,,
2914,P35557,M,139,M,SYN,,,,,,,,,,,,,,,,,,,,,,,,,,,27.90917416078719,,,,
2915,P35557,M,139,W,NONSYN,0.17309253470131644,0.4562986245676504,0.03164658501229278,-1.3791,100.0,2.0,6.0,0.22452680608325798,0.0703637204867707,0.8465032906202862,0.2245,0.0703637204867707,0.22452680608325798,0.0703637204867707,,0.0703637204867707,0.04975466390571036,0.445,0.22046546796268623,0.4166053831577301,0.2276,0.0494,0.998,,,,27.90917416078719,,,,
2916,P35557,M,139,H,NONSYN,,0.3876543317861598,0.03473200802254903,-1.4892,100.0,2.0,6.0,1.14847471252721,0.10923363536473599,0.020564697176900633,1.1485,0.10923363536473599,1.14847471252721,0.10923363536473599,,0.10923363536473599,0.07723984430006349,0.4868,0.6616368784074131,0.42326146364212036,1.1272,0.076,0.992,,,,27.90917416078719,,,,
2917,P35557,M,139,Q,NONSYN,0.13890249407095925,0.7781225028324901,0.07493639223547512,-0.3912,100.0,2.0,6.0,0.753521796487029,0.0547301034810854,0.20382862020750978,0.7535,0.0547301034810854,0.753521796487029,0.0547301034810854,,0.0547301034810854,0.038700027306516956,0.7841,0.03056395409280499,0.42577773332595825,0.7538,0.0385,0.97,,,,27.90917416078719,,,,
2918,P35557,M,139,*,STOP,,,,,100.0,2.0,6.0,-0.17598652520648103,0.05,0.9785167662370318,-0.176,0.05,-0.17598652520648103,0.05,,0.05,0.035355339059327376,,,,-0.176,0.0354,,,,,27.90917416078719,,,,
2919,P35557,K,140,S,NONSYN,0.39799365034538775,0.10839958189966901,0.054752705995536444,-0.8266,100.0,2.0,6.0,0.443753138575558,0.231110948440441,0.6163378041848312,0.4438,0.231110948440441,0.443753138575558,0.231110948440441,,0.231110948440441,0.16342011884869037,0.29,0.15376545527935437,0.37131571769714355,0.4188,0.1496,0.9990000000000001,,,,52.47482836589959,,,,
2920,P35557,K,140,A,NONSYN,0.4253782567817681,0.12688158306132966,0.04974205109362637,-0.8658,100.0,2.0,6.0,0.114077194345045,0.11463544405749,0.9095380671257446,0.1141,0.11463544405749,0.114077194345045,0.11463544405749,,0.11463544405749,0.08105949985738228,0.2632,0.14911361156697284,0.35735374689102173,0.1214,0.0791,0.9990000000000001,,,,52.47482836589959,,,,
2921,P35557,K,140,V,NONSYN,0.4018371367991864,0.08740306496966836,0.04123769179831024,-1.8981333333333332,100.0,2.0,6.0,0.0782861213207255,0.0776752670204979,0.9241157253822748,0.0783,0.0776752670204979,0.0782861213207255,0.0776752670204979,,0.0776752670204979,0.05492470804066986,0.1947,0.11646117763519186,0.3286910951137543,0.0814,0.0542,0.996,,,,52.47482836589959,,,,
2922,P35557,K,140,R,NONSYN,0.4425642104838123,0.5983530462199644,0.24615883276678627,0.014233333333333356,100.0,2.0,6.0,0.7367569945216659,0.0497976741063269,0.22091733944990807,0.7368,0.0497976741063269,0.7367569945216659,0.0497976741063269,,0.0497976741063269,0.0352122730479015,0.6692,0.06758542279009849,0.5644315481185913,0.7365,0.0351,0.996,,,,52.47482836589959,,,,
2923,P35557,K,140,D,NONSYN,0.3868073539125079,0.10839958189966901,0.054752705995536444,-0.8266,100.0,2.0,6.0,0.16952319783002698,0.0609648753895966,0.8816619710303893,0.1695,0.0609648753895966,0.16952319783002698,0.0609648753895966,,0.0609648753895966,0.043108676802176615,0.2251,0.05556244808405078,0.35930633544921875,0.1703,0.0428,1.0,,,,52.47482836589959,,,,
2924,P35557,K,140,F,NONSYN,0.39391394066408775,0.17027153634231051,0.041918855793733105,-1.9194666666666667,100.0,2.0,6.0,-0.003339938415105,0.0865606411626257,0.9493653599549177,-0.0033,0.0865606411626257,-0.003339938415105,0.0865606411626257,,0.0865606411626257,0.06120761634994802,0.242,0.24530544091563905,0.34721267223358154,0.0041,0.0603,1.0,,,,52.47482836589959,,,,
2925,P35557,K,140,T,NONSYN,0.4423640368257771,0.03972017595692599,0.03519298718334348,-0.8377,100.0,2.0,6.0,0.375561415658256,0.18810725779806897,0.7034087455719537,0.3756,0.18810725779806897,0.375561415658256,0.18810725779806897,,0.18810725779806897,0.13301191757942063,0.1687,0.2068903441288676,0.32567131519317627,0.346,0.1231,0.9990000000000001,,,,52.47482836589959,,,,
2926,P35557,K,140,I,NONSYN,0.4603939774498695,0.10447284486059884,0.04572567207901662,-1.9278666666666666,100.0,2.0,6.0,0.19405613603003,0.0385630070156543,0.8669797732574019,0.1941,0.0385630070156543,0.19405613603003,0.0385630070156543,,0.0385630070156543,0.02726816376371356,0.2459,0.051868962627578036,0.34721267223358154,0.1944,0.0272,0.993,,,,52.47482836589959,,,,
2927,P35557,K,140,L,NONSYN,0.4356747906628182,0.034007654851184836,0.02638857211816432,-1.8765,100.0,2.0,6.0,0.23847235167617603,0.155270331558251,0.8362536090892175,0.2385,0.155270331558251,0.23847235167617603,0.155270331558251,,0.155270331558251,0.10979270436192287,0.1216,0.11690653288955494,0.26344579458236694,0.2212,0.1013,0.995,,,,52.47482836589959,,,,
2928,P35557,K,140,K,SYN,,,,,,,,,,,,,,,,,,,,,,,,,,,52.47482836589959,,,,
2929,P35557,K,140,G,NONSYN,0.3929842999811576,0.1177676530039235,0.030240169582084888,-1.5884666666666665,100.0,2.0,6.0,0.23980027155834302,0.0597452914921411,0.8352478621979801,0.2398,0.0597452914921411,0.23980027155834302,0.0597452914921411,,0.0597452914921411,0.042246300758059914,0.2063,0.03352418260532483,0.35008710622787476,0.2393,0.0419,1.0,,,,52.47482836589959,,,,
2930,P35557,K,140,Y,NONSYN,0.3944793974738757,0.18551958151841486,0.043276772589921304,-1.7455,100.0,2.0,6.0,-0.17031929279720098,0.0708086765519948,0.9779073574686158,-0.1703,0.0708086765519948,-0.17031929279720098,0.0708086765519948,,0.0708086765519948,0.0500692953567604,0.2697,0.43999666358386785,0.3610857427120209,-0.162,0.0496,0.9990000000000001,,,,52.47482836589959,,,,
2931,P35557,K,140,N,NONSYN,0.4560364383708069,0.7838407327155009,0.061435534169860424,-0.5051666666666667,100.0,2.0,6.0,-0.0758435871738538,1.0382250256260601,0.9647045068353277,-0.0758,1.0382250256260601,-0.0758435871738538,1.0382250256260601,,1.0382250256260601,0.7341359560177642,0.718,0.7937956001896008,0.42588168382644653,0.5181,0.3684,1.0,,,,52.47482836589959,,,,
2932,P35557,K,140,C,NONSYN,0.4535515939759026,0.09081021372855318,0.023902499336399638,-2.2871333333333332,100.0,2.0,6.0,0.010920513426365,0.105346824499164,0.9456443081724949,0.0109,0.105346824499164,0.010920513426365,0.105346824499164,,0.105346824499164,0.07449145397982797,0.1691,0.1581350378641471,0.3008357286453247,0.0201,0.0723,1.0,,,,52.47482836589959,,,,
2933,P35557,K,140,P,NONSYN,0.27870648767165224,0.3301402479921763,0.04972935758247731,-0.9779666666666667,100.0,2.0,6.0,0.148343587207215,0.0565595838946227,0.8931355310533006,0.1483,0.0565595838946227,0.148343587207215,0.0565595838946227,,0.0565595838946227,0.03999366531297715,0.3501,0.20171747179089292,0.38418859243392944,0.1505,0.0398,1.0,,,,52.47482836589959,,,,
2934,P35557,K,140,E,NONSYN,0.4020218445230145,0.14837347066985054,0.2519615331795056,-0.16533333333333333,100.0,2.0,6.0,1.7936918652258997,0.0372060738852074,0.0002404014206843075,1.7937,0.0372060738852074,1.7936918652258997,0.0372060738852074,,0.0372060738852074,0.02630866714555787,0.351,1.4427318489752894,0.6162411570549011,1.7911,0.0263,0.997,,,,52.47482836589959,,,,
2935,P35557,K,140,M,NONSYN,0.43998119930382734,0.231142733565166,0.0484768232124676,-0.9419333333333334,100.0,2.0,6.0,0.445336130488246,0.0735738107794334,0.6141822422789,0.4453,0.0735738107794334,0.445336130488246,0.0735738107794334,,0.0735738107794334,0.05202454051987326,0.2621,0.18323245369228652,0.3567326068878174,0.4415,0.0515,1.0,,,,52.47482836589959,,,,
2936,P35557,K,140,W,NONSYN,0.4169292295856069,0.06721223701376333,0.0333981066833901,-2.216833333333333,100.0,2.0,6.0,0.0817144435707345,0.0361120538450014,0.9228230440120305,0.0817,0.0361120538450014,0.0817144435707345,0.0361120538450014,,0.0361120538450014,0.025535078156374225,0.1318,0.050071396225331785,0.26708024740219116,0.0822,0.0254,1.0,,,,52.47482836589959,,,,
2937,P35557,K,140,H,NONSYN,0.4436698866414692,0.21972060261110934,0.05387348425392183,-0.8412999999999999,100.0,2.0,6.0,-0.164439864304294,0.0737281030438099,0.9772564159068701,-0.1644,0.0737281030438099,-0.164439864304294,0.0737281030438099,,0.0737281030438099,0.052133641626298514,0.2713,0.435755200531711,0.3626219630241394,-0.1556,0.0516,1.0,,,,52.47482836589959,,,,
2938,P35557,K,140,Q,NONSYN,0.4867518824335938,0.8182017575245705,0.2451502151874987,0.19553333333333334,100.0,2.0,6.0,0.0772108606078475,0.10676882182423302,0.924516857773284,0.0772,0.10676882182423302,0.0772108606078475,0.10676882182423302,,0.10676882182423302,0.07549695793121342,0.763,0.6857741304657609,0.5644315481185913,0.0893,0.0748,0.998,,,,52.47482836589959,,,,
2939,P35557,K,140,*,STOP,,,,,100.0,2.0,6.0,-0.140126460849926,0.05,0.9743495411798019,-0.1401,0.05,-0.140126460849926,0.05,,0.05,0.035355339059327376,,,,-0.1401,0.0354,,,,,52.47482836589959,,,,
2940,P35557,H,141,S,NONSYN,0.4274947371973565,0.39879082884725364,0.07654336275411483,-0.8565666666666667,100.0,2.0,6.0,0.279791820654407,0.154684294699439,0.802451904872761,0.2798,0.154684294699439,0.279791820654407,0.154684294699439,,0.154684294699439,0.10937831372503164,0.4159,0.1361221188216062,0.4198419451713562,0.2884,0.1058,0.9990000000000001,,,,144.94830993112268,,,,
2941,P35557,H,141,A,NONSYN,0.3450641386058211,0.24397793730502979,0.05135545072071392,-1.3736666666666668,100.0,2.0,6.0,-0.0104630529991958,0.236550491630385,0.9511284469666885,-0.0105,0.236550491630385,-0.0104630529991958,0.236550491630385,,0.236550491630385,0.16726645672485688,0.2875,0.2980115354172561,0.36152124404907227,0.0421,0.1518,0.998,,,,144.94830993112268,,,,
2942,P35557,H,141,V,NONSYN,0.3100277196420108,0.045447869026231345,0.033243986564563406,-2.3561,100.0,2.0,6.0,0.528714654145286,0.0295568394155134,0.495309715625021,0.5287,0.0295568394155134,0.528714654145286,0.0295568394155134,,0.0295568394155134,0.020899841581151355,0.1268,0.4018687579012369,0.26564183831214905,0.5262,0.0208,0.9990000000000001,,,,144.94830993112268,,,,
2943,P35557,H,141,R,NONSYN,0.40896647076546666,0.32907767766871737,0.08390075272720592,-0.5006666666666667,100.0,2.0,6.0,0.264516108285952,0.0805819978441348,0.8155598629095963,0.2645,0.0805819978441348,0.264516108285952,0.0805819978441348,,0.0805819978441348,0.05698007711714747,0.4086,0.1441006729487892,0.42309507727622986,0.2671,0.0565,0.998,,,,144.94830993112268,,,,
2944,P35557,H,141,D,NONSYN,0.31424584995616583,0.3074823179123363,0.052996964745520486,-1.1517666666666666,100.0,2.0,6.0,0.502468748465984,0.0728234663722672,0.5335375070163314,0.5025,0.0728234663722672,0.502468748465984,0.0728234663722672,,0.0728234663722672,0.05149396690134064,0.3856,0.11690680541178478,0.4044966399669647,0.5006,0.0511,0.998,,,,144.94830993112268,,,,
2945,P35557,H,141,F,NONSYN,0.4107279990990593,0.3006969448569857,0.065544793688235,-1.2622333333333333,100.0,2.0,6.0,0.232569993978433,0.10275315365121601,0.8406610149712662,0.2326,0.10275315365121601,0.232569993978433,0.10275315365121601,,0.10275315365121601,0.0726574517350781,0.3469,0.11433553552062095,0.3820708096027374,0.2366,0.0714,0.9990000000000001,,,,144.94830993112268,,,,
2946,P35557,H,141,T,NONSYN,0.34470915542349684,0.24152522981507374,0.06316539265659812,-1.2422333333333333,100.0,2.0,6.0,0.410085139104169,0.126770530046812,0.660837547538915,0.4101,0.126770530046812,0.410085139104169,0.126770530046812,,0.126770530046812,0.08964030145071372,0.2875,0.12253665668610869,0.36200082302093506,0.403,0.087,0.998,,,,144.94830993112268,,,,
2947,P35557,H,141,I,NONSYN,0.4064210844894963,0.17548922867554836,0.031686815731675526,-2.3591,100.0,2.0,6.0,0.138590575197335,0.0518994902006298,0.8980662622323902,0.1386,0.0518994902006298,0.138590575197335,0.0518994902006298,,0.0518994902006298,0.0366984814609901,0.2681,0.1294680526465218,0.342544823884964,0.1401,0.0365,0.9990000000000001,,,,144.94830993112268,,,,
2948,P35557,H,141,L,NONSYN,0.37474439086043504,0.6153889709685902,0.10822799191762043,-2.1879333333333335,100.0,2.0,6.0,-0.16705483586773598,0.0952435318672378,0.9775483215019424,-0.1671,0.0952435318672378,-0.16705483586773598,0.0952435318672378,,0.0952435318672378,0.06734734724748088,0.6662,0.833277169775817,0.4807252287864685,-0.151,0.0667,0.998,,,,144.94830993112268,,,,
2949,P35557,H,141,K,NONSYN,0.3667056690225641,0.4072112178200296,0.0835036213285773,-0.8806333333333333,100.0,2.0,6.0,0.25453065373607897,0.0622559229925263,0.8237374201334567,0.2545,0.0622559229925263,0.25453065373607897,0.0622559229925263,,0.0622559229925263,0.044021585317042845,0.4159,0.1613832857399342,0.4230971932411194,0.2563,0.0438,0.9990000000000001,,,,144.94830993112268,,,,
2950,P35557,H,141,G,NONSYN,0.2666216007931661,0.5681130969081004,0.04011899115532485,-1.8095333333333334,100.0,2.0,6.0,1.1788616835631498,0.455271572121574,0.01690314998225237,1.1789,0.455271572121574,1.1788616835631498,0.455271572121574,,0.455271572121574,0.3219256159286253,0.5914,0.5874944388426908,0.43196940422058105,0.9691,0.2581,0.998,,,,144.94830993112268,,,,
2951,P35557,H,141,Y,NONSYN,0.3971056557325536,0.5005262316447446,0.04405536411907011,-0.05406666666666666,100.0,2.0,6.0,0.5413487491714629,0.0596843846555513,0.47682971479928704,0.5413,0.0596843846555513,0.5413487491714629,0.0596843846555513,,0.0596843846555513,0.04220323312088665,0.4989,0.04242833829995718,0.4033326506614685,0.5409,0.042,0.996,,,,144.94830993112268,,,,
2952,P35557,H,141,N,NONSYN,0.4170819178402928,0.5831993830584407,0.0257623991490625,0.08810000000000001,100.0,2.0,6.0,0.293329294930375,0.162945868100974,0.7902218098991621,0.2933,0.162945868100974,0.293329294930375,0.162945868100974,,0.162945868100974,0.11522012830052746,0.6504,0.3570305740729209,0.41796499490737915,0.3185,0.1111,0.992,,,,144.94830993112268,,,,
2953,P35557,H,141,C,NONSYN,0.3215631552657849,0.16675013115829498,0.026497897402818438,-2.231333333333333,100.0,2.0,6.0,0.164807867749095,0.0901556438780007,0.8843098235641103,0.1648,0.0901556438780007,0.164807867749095,0.0901556438780007,,0.0901556438780007,0.06374966714837374,0.2403,0.075538891808629,0.35314035415649414,0.1672,0.0627,1.0,,,,144.94830993112268,,,,
2954,P35557,H,141,P,NONSYN,0.3372425756544121,0.9999345069374458,0.11459029735811653,-1.7345333333333333,100.0,2.0,6.0,0.139730968175337,0.107979292142394,0.8975008258009551,0.1397,0.107979292142394,0.139730968175337,0.107979292142394,,0.107979292142394,0.07635288970161008,0.8316,0.6918956258912828,0.47680267691612244,0.157,0.0754,0.998,,,,144.94830993112268,,,,
2955,P35557,H,141,E,NONSYN,0.22798112642128554,0.2662795275588126,0.04365043550175161,-0.7021666666666667,100.0,2.0,6.0,0.439373084339698,0.31029163325590997,0.6222746120999532,0.4394,0.31029163325590997,0.439373084339698,0.31029163325590997,,0.31029163325590997,0.21940931802070318,0.3789,0.060460397038062275,0.37465375661849976,0.4239,0.1893,0.996,,,,144.94830993112268,,,,
2956,P35557,H,141,M,NONSYN,0.34585524966568515,0.6203103578642805,0.06491721516747734,-1.5882666666666667,100.0,2.0,6.0,0.0892786788324873,0.14437418004434902,0.9198957382785058,0.0893,0.14437418004434902,0.0892786788324873,0.14437418004434902,,0.14437418004434902,0.1020879617376067,0.6473,0.5579886031766375,0.43717435002326965,0.1181,0.0994,1.0,,,,144.94830993112268,,,,
2957,P35557,H,141,W,NONSYN,0.3935142425056496,0.469290443523658,0.11541606757416117,-1.7288,100.0,2.0,6.0,1.7316631584167002,0.0907785449853686,0.00037711786374557875,1.7317,0.0907785449853686,1.7316631584167002,0.0907785449853686,,0.0907785449853686,0.06419012474540219,0.4042,1.3274782209395883,0.4645819664001465,1.7068,0.0636,1.0,,,,144.94830993112268,,,,
2958,P35557,H,141,H,SYN,,,,,,,,,,,,,,,,,,,,,,,,,,,144.94830993112268,,,,
2959,P35557,H,141,Q,NONSYN,0.3372315255555827,0.36639805079592996,0.04509683413342891,0.006400000000000017,100.0,2.0,6.0,0.9437332917179071,0.043484912673445,0.07278452638590789,0.9437,0.043484912673445,0.9437332917179071,0.043484912673445,,0.043484912673445,0.0307484766306978,0.4086,0.5351165104831659,0.3911679983139038,0.9404,0.0307,0.998,,,,144.94830993112268,,,,
2960,P35557,H,141,*,STOP,,,,,100.0,2.0,6.0,0.16842346034898098,0.05,0.8822844082982164,0.1684,0.05,0.16842346034898098,0.05,,0.05,0.035355339059327376,,,,0.1684,0.0354,,,,,144.94830993112268,,,,
2961,P35557,K,142,S,NONSYN,0.39799365034538775,0.392364348288294,0.09115577414282548,-0.8266,100.0,2.0,6.0,0.38024309724671507,0.0953816128924025,0.6978348755782056,0.3802,0.0953816128924025,0.38024309724671507,0.0953816128924025,,0.0953816128924025,0.06744498527672803,0.4237,0.043484534322193624,0.4313054084777832,0.3813,0.0666,0.998,,,,96.54977161871378,,,,
2962,P35557,K,142,A,NONSYN,0.4253782567817681,0.46814624445197,0.09954746022109441,-0.8658,100.0,2.0,6.0,0.269678349210849,0.132205203450826,0.8112116326421551,0.2697,0.132205203450826,0.269678349210849,0.132205203450826,,0.132205203450826,0.09348319586822622,0.4498,0.1801059594611023,0.4463362395763397,0.2772,0.0915,0.998,,,,96.54977161871378,,,,
2963,P35557,K,142,V,NONSYN,0.4018371367991864,0.4032244296661447,0.029803581172525836,-1.8981333333333332,100.0,2.0,6.0,0.50882353192317,0.0951784297656108,0.5243186781743102,0.5088,0.0951784297656108,0.50882353192317,0.0951784297656108,,0.0951784297656108,0.06730131310995094,0.4413,0.06753693824755658,0.4080382287502289,0.507,0.0664,0.996,,,,96.54977161871378,,,,
2964,P35557,K,142,R,NONSYN,0.4425642104838123,0.6173519821807933,0.12878719701033145,0.014233333333333356,100.0,2.0,6.0,1.45847128414065,0.135677204641979,0.0025955566923504497,1.4585,0.135677204641979,1.45847128414065,0.135677204641979,,0.135677204641979,0.09593827145477826,0.8257,0.6327933528319036,0.47025978565216064,1.4332,0.094,0.784,,,,96.54977161871378,,,,
2965,P35557,K,142,D,NONSYN,0.3868073539125079,0.392364348288294,0.09115577414282545,-0.8266,100.0,2.0,6.0,0.497024037701877,0.215137179500756,0.5414090357701051,0.497,0.215137179500756,0.497024037701877,0.215137179500756,,0.215137179500756,0.15212495851033206,0.3726,0.12446478830078445,0.4007730782032013,0.4813,0.1422,1.0,,,,96.54977161871378,,,,
2966,P35557,K,142,F,NONSYN,0.39391394066408775,0.304242603089607,0.03224798595006694,-1.9194666666666667,100.0,2.0,6.0,0.28260552355025603,0.0513938925553041,0.79995769412194,0.2826,0.0513938925553041,0.28260552355025603,0.0513938925553041,,0.0513938925553041,0.036340969937428344,0.3257,0.04314342669274018,0.3611361086368561,0.283,0.0362,1.0,,,,96.54977161871378,,,,
2967,P35557,K,142,T,NONSYN,0.4423640368257771,0.46121705810820196,0.09749561566988958,-0.8377,100.0,2.0,6.0,0.290465908242153,0.15733927522594698,0.7928571469587903,0.2905,0.15733927522594698,0.290465908242153,0.15733927522594698,,0.15733927522594698,0.11125566845924366,0.4498,0.15931840042979828,0.4463362395763397,0.2998,0.108,0.9990000000000001,,,,96.54977161871378,,,,
2968,P35557,K,142,I,NONSYN,0.4603939774498695,0.3612080913482803,0.02874198093006279,-1.9278666666666666,100.0,2.0,6.0,0.111709058774236,0.0805623518333181,0.9105795332617959,0.1117,0.0805623518333181,0.111709058774236,0.0805623518333181,,0.0805623518333181,0.056966185289675716,0.4353,0.3235784466140239,0.4080382287502289,0.1179,0.0564,0.995,,,,96.54977161871378,,,,
2969,P35557,K,142,L,NONSYN,0.4356747906628182,0.47543386745006294,0.034863172920798643,-1.8765,100.0,2.0,6.0,0.292195218571415,0.0562988519907842,0.7912686851952684,0.2922,0.0562988519907842,0.292195218571415,0.0562988519907842,,0.0562988519907842,0.039809300015701266,0.5943,0.3020767393028831,0.42574018239974976,0.2948,0.0396,0.9840000000000001,,,,96.54977161871378,,,,
2970,P35557,K,142,K,SYN,,,,,,,,,,,,,,,,,,,,,,,,,,,96.54977161871378,,,,
2971,P35557,K,142,G,NONSYN,0.3929842999811576,0.5355959207157893,0.03210849928364765,-1.8229999999999997,100.0,2.0,6.0,0.4326403031660321,0.0691008791440063,0.6313187868494887,0.4326,0.0691008791440063,0.4326403031660321,0.0691008791440063,,0.0691008791440063,0.048861700228678924,0.5801,0.14746786257493472,0.43196940422058105,0.4345,0.0486,1.0,,,,96.54977161871378,,,,
2972,P35557,K,142,Y,NONSYN,0.3944793974738757,0.411219684553539,0.030734911136832743,-1.7455,100.0,2.0,6.0,0.805769011652783,0.0795531824903096,0.15668245619243695,0.8058,0.0795531824903096,0.805769011652783,0.0795531824903096,,0.0795531824903096,0.05625259480386883,0.4205,0.38531880108149397,0.4122315049171448,0.7987,0.0557,0.997,,,,96.54977161871378,,,,
2973,P35557,K,142,N,NONSYN,0.4560364383708069,0.3807421259815043,0.06779202767951518,-0.5051666666666667,100.0,2.0,6.0,0.7984607426364342,0.0929546475639755,0.16272496994772243,0.7985,0.0929546475639755,0.7984607426364342,0.0929546475639755,,0.0929546475639755,0.06572886163529267,0.3799,0.41856979410242234,0.418648362159729,0.7884,0.0649,1.0,,,,96.54977161871378,,,,
2974,P35557,K,142,C,NONSYN,0.4535515939759026,0.07195808206958366,0.04091583048274955,-2.2871333333333332,100.0,2.0,6.0,0.448335346405877,0.14811938855008802,0.6100840933174068,0.4483,0.14811938855008802,0.448335346405877,0.14811938855008802,,0.14811938855008802,0.1047362240689723,0.137,0.31134870332993403,0.28022462129592896,0.4102,0.0981,1.0,,,,96.54977161871378,,,,
2975,P35557,K,142,P,NONSYN,0.27870648767165224,0.46814624445197,0.09954746022109441,-0.8658,100.0,2.0,6.0,-0.24971949452422001,0.236545963965901,0.9850421084076469,-0.2497,0.236545963965901,-0.24971949452422001,0.236545963965901,,0.236545963965901,0.1672632551825973,0.409,0.6586964666273389,0.4382266104221344,-0.166,0.1563,1.0,,,,96.54977161871378,,,,
2976,P35557,K,142,E,NONSYN,0.4020218445230145,0.5799980374340489,0.11820425253658423,-0.16533333333333333,100.0,2.0,6.0,0.4923049314869489,0.236955258238285,0.5482082085853294,0.4923,0.236955258238285,0.4923049314869489,0.236955258238285,,0.236955258238285,0.16755266993810083,0.6552,0.16284697214235405,0.48817914724349976,0.5095,0.1585,0.993,,,,96.54977161871378,,,,
2977,P35557,K,142,M,NONSYN,0.43998119930382734,0.17925681713993666,0.08399525337142044,-0.9419333333333334,,,,,,,,,,,,,,0.2484,,0.36719489097595215,0.2484,0.3672,1.0,,,,96.54977161871378,,,,
2978,P35557,K,142,W,NONSYN,0.4169292295856069,0.2808833095767897,0.04154714724085118,-2.216833333333333,100.0,2.0,6.0,-0.17844033611574103,0.144921594625419,0.9787752638623648,-0.1784,0.144921594625419,-0.17844033611574103,0.144921594625419,,0.144921594625419,0.10247504230000169,0.3022,0.48059803617753916,0.35123857855796814,-0.1407,0.0984,1.0,,,,96.54977161871378,,,,
2979,P35557,K,142,H,NONSYN,0.4436698866414692,0.352389431718293,0.0701260251862638,-0.8412999999999999,100.0,2.0,6.0,0.61694878741188,0.32762003834365805,0.36835467064720917,0.6169,0.32762003834365805,0.61694878741188,0.32762003834365805,,0.32762003834365805,0.23166235076539732,0.3501,0.26688772841377206,0.3867623507976532,0.5465,0.1987,1.0,,,,96.54977161871378,,,,
2980,P35557,K,142,Q,NONSYN,0.4867518824335938,0.9164123194213444,0.06798556414170122,0.19553333333333334,100.0,2.0,6.0,0.5612902724189971,0.48348960396009294,0.44771736155442415,0.5613,0.48348960396009294,0.5612902724189971,0.48348960396009294,,0.48348960396009294,0.3418787775933799,0.8368,0.2755382574157502,0.3997742831707001,0.6777,0.2598,0.995,,,,96.54977161871378,,,,
2981,P35557,K,142,*,STOP,,,,,100.0,2.0,6.0,0.0342935188555882,0.05,0.9389546095828,0.0343,0.05,0.0342935188555882,0.05,,0.05,0.035355339059327376,,,,0.0343,0.0354,,,,,96.54977161871378,,,,
2982,P35557,K,143,S,NONSYN,0.39799365034538775,0.16699708061208493,0.05819194122234549,-0.8266,100.0,2.0,6.0,0.28809862250681606,0.0958127573243543,0.7950162102499121,0.2881,0.0958127573243543,0.28809862250681606,0.0958127573243543,,0.0958127573243543,0.06774985042823198,0.3176,0.029477964693348735,0.3732298016548157,0.289,0.0667,0.998,,,,111.36829325237021,,,,
2983,P35557,K,143,A,NONSYN,0.4253782567817681,0.21220169935371339,0.047663045688431604,-0.8658,100.0,2.0,6.0,0.0237756563028026,0.154114111302979,0.942059528579195,0.0238,0.154114111302979,0.0237756563028026,0.154114111302979,,0.154114111302979,0.10897513317887479,0.3018,0.27797846070922133,0.36936309933662415,0.046,0.1045,0.998,,,,111.36829325237021,,,,
2984,P35557,K,143,V,NONSYN,0.4018371367991864,0.305736851264042,0.0419986352610572,-1.8981333333333332,100.0,2.0,6.0,0.7321823683008369,0.085317850960804,0.22574499477295817,0.7322,0.085317850960804,0.7321823683008369,0.085317850960804,,0.085317850960804,0.06032883097064771,0.5313,0.20090793039647903,0.413646936416626,0.728,0.0597,0.987,,,,111.36829325237021,,,,
2985,P35557,K,143,R,NONSYN,0.4425642104838123,0.402029220083439,0.14024536976391141,0.014233333333333356,100.0,2.0,6.0,0.68664883677112,0.24768067621973605,0.27752692789431166,0.6866,0.24768067621973605,0.68664883677112,0.24768067621973605,,0.24768067621973605,0.17513668572384503,0.6019,0.084733656087984,0.5064998865127563,0.6776,0.1655,0.987,,,,111.36829325237021,,,,
2986,P35557,K,143,D,NONSYN,0.3868073539125079,0.16699708061208493,0.05819194122234549,-0.8266,100.0,2.0,6.0,0.15938951252768802,0.06074133289625701,0.8872855815861539,0.1594,0.06074133289625701,0.15938951252768802,0.06074133289625701,,0.06074133289625701,0.04295060838925284,0.2761,0.11668513537575437,0.3626219630241394,0.161,0.0427,0.9990000000000001,,,,111.36829325237021,,,,
2987,P35557,K,143,F,NONSYN,0.39391394066408775,0.32681748873813266,0.04506033364809761,-1.9194666666666667,100.0,2.0,6.0,0.354650059688456,0.192073984156617,0.7274998905270058,0.3547,0.192073984156617,0.354650059688456,0.192073984156617,,0.192073984156617,0.13581681668666137,0.3434,0.011229673374063887,0.3611361086368561,0.3533,0.1271,1.0,,,,111.36829325237021,,,,
2988,P35557,K,143,T,NONSYN,0.4423640368257771,0.047904064657695235,0.04570878146953151,-0.8377,100.0,2.0,6.0,0.5166685603908571,0.16442529391286903,0.5128998171895823,0.5167,0.16442529391286903,0.5166685603908571,0.16442529391286903,,0.16442529391286903,0.11626624032438083,0.1687,0.34799748886146864,0.32567131519317627,0.4773,0.1095,0.998,,,,111.36829325237021,,,,
2989,P35557,K,143,I,NONSYN,0.4603939774498695,0.29798545862641795,0.06086047506384609,-1.9278666666666666,100.0,2.0,6.0,0.4411461500236,0.0822694826314812,0.6198762921110583,0.4411,0.0822694826314812,0.4411461500236,0.0822694826314812,,0.0822694826314812,0.05817330905342925,0.4946,0.053448990195134716,0.41404587030410767,0.4422,0.0576,0.982,,,,111.36829325237021,,,,
2990,P35557,K,143,L,NONSYN,0.4356747906628182,0.6140896580676674,0.030302795684404197,-1.8765,100.0,2.0,6.0,-0.19287605211003897,0.150001341885932,0.9802327903591084,-0.1929,0.150001341885932,-0.19287605211003897,0.150001341885932,,0.150001341885932,0.10606696603462422,0.7194,0.9123005382703173,0.4141761064529419,-0.1367,0.1028,0.982,,,,111.36829325237021,,,,
2991,P35557,K,143,K,SYN,,,,,100.0,2.0,6.0,0.6096566726136989,0.05,0.3784986295504611,0.6097,0.05,0.6096566726136989,0.05,,0.05,0.035355339059327376,,,,0.6097,0.0354,,,,,111.36829325237021,,,,
2992,P35557,K,143,G,NONSYN,0.3929842999811576,0.4415670716084763,0.033684274193459034,-1.5884666666666665,100.0,2.0,6.0,0.271928653533687,0.0987163268152867,0.8092902305212386,0.2719,0.0987163268152867,0.271928653533687,0.0987163268152867,,0.0987163268152867,0.06980298410491664,0.4433,0.17133088368631422,0.419206440448761,0.2766,0.0689,0.9990000000000001,,,,111.36829325237021,,,,
2993,P35557,K,143,Y,NONSYN,0.3944793974738757,0.2704116565748283,0.04685939455200746,-1.7455,100.0,2.0,6.0,0.668940455878565,0.0498123098060296,0.2993976152311224,0.6689,0.0498123098060296,0.668940455878565,0.0498123098060296,,0.0498123098060296,0.035222622050408686,0.3272,0.3417740177758428,0.37169355154037476,0.6659,0.0351,0.997,,,,111.36829325237021,,,,
2994,P35557,K,143,N,NONSYN,0.4560364383708069,0.20845419383015193,0.12836685569726194,-0.5051666666666667,100.0,2.0,6.0,0.707462179709414,0.26276536836689396,0.25303222801352765,0.7075,0.26276536836689396,0.707462179709414,0.26276536836689396,,0.26276536836689396,0.18580317383321182,0.3315,0.3759731531629358,0.4137802720069885,0.6444,0.1695,0.9990000000000001,,,,111.36829325237021,,,,
2995,P35557,K,143,C,NONSYN,0.4535515939759026,0.524713039330991,0.05645427846520204,-2.2871333333333332,100.0,2.0,6.0,0.43923068909779295,0.0575491064408696,0.6224669273582378,0.4392,0.0575491064408696,0.43923068909779295,0.0575491064408696,,0.0575491064408696,0.04069336341556531,0.5707,0.13147639365062014,0.4081515967845917,0.4405,0.0405,1.0,,,,111.36829325237021,,,,
2996,P35557,K,143,P,NONSYN,0.27870648767165224,0.19987882118819067,0.04795144002152813,-0.9779666666666667,100.0,2.0,6.0,0.0692271154815572,0.0749337505356484,0.9274320344217364,0.0692,0.0749337505356484,0.0692271154815572,0.0749337505356484,,0.0749337505356484,0.05298616314349806,0.2913,0.22208367171937055,0.3687419593334198,0.0737,0.0524,0.9990000000000001,,,,111.36829325237021,,,,
2997,P35557,K,143,E,NONSYN,0.4020218445230145,0.39356599335876535,0.07436553189406156,-0.16533333333333333,100.0,2.0,6.0,0.313488302680837,0.5134916258129509,0.7709272006124323,0.3135,0.5134916258129509,0.313488302680837,0.5134916258129509,,0.5134916258129509,0.3630934106948428,0.4993,0.1858449299603831,0.423720121383667,0.3922,0.2757,0.992,,,,111.36829325237021,,,,
2998,P35557,K,143,M,NONSYN,0.43998119930382734,0.24842839613336742,0.0449322043439311,-0.9419333333333334,100.0,2.0,6.0,-0.0764216093539731,0.103261532054006,0.9648058572408973,-0.0764,0.103261532054006,-0.0764216093539731,0.103261532054006,,0.103261532054006,0.07301692955109967,0.2875,0.36397009177203343,0.36004823446273804,-0.062,0.0716,0.998,,,,111.36829325237021,,,,
2999,P35557,K,143,W,NONSYN,0.4169292295856069,0.4116756329366163,0.05108412604843901,-2.216833333333333,100.0,2.0,6.0,0.778342908280917,0.117076286515376,0.18028067262394792,0.7783,0.117076286515376,0.778342908280917,0.117076286515376,,0.117076286515376,0.08278543611116151,0.3726,0.4057836588798245,0.3651643991470337,0.7585,0.0807,1.0,,,,111.36829325237021,,,,
3000,P35557,K,143,H,NONSYN,0.4436698866414692,0.23327790974044924,0.055013304503473553,-0.8412999999999999,100.0,2.0,6.0,-0.0394529748574049,0.100829558349762,0.9576957516827571,-0.0395,0.100829558349762,-0.0394529748574049,0.100829558349762,,0.100829558349762,0.07129726445316138,0.2713,0.3107683110848219,0.3626219630241394,-0.0279,0.07,1.0,,,,111.36829325237021,,,,
3001,P35557,K,143,Q,NONSYN,0.4867518824335938,0.5691997730537903,0.14796114466787158,0.19553333333333334,100.0,2.0,6.0,0.185137177860066,0.146008420068417,0.8724969265649314,0.1851,0.146008420068417,0.185137177860066,0.146008420068417,,0.146008420068417,0.10324354394071164,0.6467,0.4615235076791796,0.5064998865127563,0.2035,0.1012,0.9940000000000001,,,,111.36829325237021,,,,
3002,P35557,K,143,*,STOP,,,,,100.0,2.0,6.0,0.114195937273114,0.05,0.9094855455334672,0.1142,0.05,0.114195937273114,0.05,,0.05,0.035355339059327376,,,,0.1142,0.0354,,,,,111.36829325237021,,,,
3003,P35557,L,144,S,NONSYN,0.3696688568840947,0.511749139295254,0.07354897876175472,-1.8501333333333332,100.0,2.0,6.0,1.02439176376213,0.10825571934139398,0.04485325944980925,1.0244,0.10825571934139398,1.02439176376213,0.10825571934139398,,0.10825571934139398,0.07654835324852736,0.5161,0.508301847532882,0.42239075899124146,1.0082,0.0753,1.0,,,,14.884484629052224,,,,
3004,P35557,L,144,A,NONSYN,0.2800117097075371,0.328163223665084,0.11617844315813308,-1.3620666666666665,100.0,2.0,6.0,0.222826949607338,0.209600297453417,0.8477140985841475,0.2228,0.209600297453417,0.222826949607338,0.209600297453417,,0.209600297453417,0.14820979166802858,0.3434,0.12059343670705408,0.4066537618637085,0.237,0.1392,1.0,,,,14.884484629052224,,,,
3005,P35557,L,144,V,NONSYN,0.45006845647116095,0.4826525070883217,0.058990788571073795,0.4434,100.0,2.0,6.0,0.227368386632573,0.062850417576891,0.8444606769300622,0.2274,0.062850417576891,0.227368386632573,0.062850417576891,,0.062850417576891,0.0444419564690258,0.6079,0.38048991357647244,0.41480791568756104,0.2317,0.0442,0.9890000000000001,,,,14.884484629052224,,,,
3006,P35557,L,144,R,NONSYN,0.2792328090176149,0.43693208670849737,0.036158574299449846,-1.8351333333333333,100.0,2.0,6.0,1.2488429215224,0.292498678351938,0.010693341215503731,1.2488,0.292498678351938,1.2488429215224,0.292498678351938,,0.292498678351938,0.20682779895075815,0.3999,0.848938044574997,0.403612345457077,1.0723,0.1841,1.0,,,,14.884484629052224,,,,
3007,P35557,L,144,D,NONSYN,0.15709418040401155,0.24901230002084992,0.07539811484419896,-2.512333333333333,100.0,2.0,6.0,-0.10702875261186098,0.10258344713467199,0.9697731584821478,-0.107,0.10258344713467199,-0.10702875261186098,0.10258344713467199,,0.10258344713467199,0.07253745110641827,0.2623,0.3693413436877582,0.345561146736145,-0.0914,0.071,1.0,,,,14.884484629052224,,,,
3008,P35557,L,144,F,NONSYN,0.463424518412456,0.4158002364381013,0.03342635227322457,0.48950000000000005,100.0,2.0,6.0,0.427925198583234,0.21558486256825,0.637591387909357,0.4279,0.21558486256825,0.427925198583234,0.21558486256825,,0.21558486256825,0.15244151824317945,0.3756,0.05234426191293068,0.382659375667572,0.4208,0.1416,1.0,,,,14.884484629052224,,,,
3009,P35557,L,144,T,NONSYN,0.3205067496312658,0.4411526708861213,0.11438160149553833,-1.3817666666666666,100.0,2.0,6.0,-0.11614139205577399,0.226692132161446,0.9711102457174797,-0.1161,0.226692132161446,-0.11614139205577399,0.226692132161446,,0.226692132161446,0.1602955438929955,0.4047,0.5208382738268617,0.4645819664001465,-0.0607,0.1515,1.0,,,,14.884484629052224,,,,
3010,P35557,L,144,I,NONSYN,0.3599458773266949,0.468457768781845,0.058774379974065004,0.27723333333333333,100.0,2.0,6.0,0.269952601552003,0.0663996392897884,0.8109783094190095,0.27,0.0663996392897884,0.269952601552003,0.0663996392897884,,0.0663996392897884,0.04695163521015008,0.6054,0.3354493316412038,0.41480791568756104,0.2742,0.0467,0.9890000000000001,,,,14.884484629052224,,,,
3011,P35557,L,144,L,SYN,,,,,100.0,2.0,6.0,0.6830521510823511,0.05,0.28189458603692047,0.6831,0.05,0.6830521510823511,0.05,,0.05,0.035355339059327376,,,,0.6831,0.0354,,,,,14.884484629052224,,,,
3012,P35557,L,144,K,NONSYN,0.16637828819819184,0.8542327230929927,0.0740465102617059,-1.8327,100.0,2.0,6.0,-0.0030589876310858,0.10196812972397301,0.9492945424906238,-0.0031,0.10196812972397301,-0.0030589876310858,0.10196812972397301,,0.10196812972397301,0.07210235599273088,0.8286,0.8316351947920355,0.421051561832428,0.0206,0.0711,0.997,,,,14.884484629052224,,,,
3013,P35557,L,144,G,NONSYN,0.3375782897720982,0.186838689969639,0.07423438345164939,-2.5354666666666663,100.0,2.0,6.0,0.0794920775417717,0.11686633504588499,0.9236633980701034,0.0795,0.11686633504588499,0.0794920775417717,0.11686633504588499,,0.11686633504588499,0.08263697800336435,0.2543,0.1748075035091011,0.345561146736145,0.0889,0.0804,1.0,,,,14.884484629052224,,,,
3014,P35557,L,144,Y,NONSYN,0.3932294491632085,0.169534722353927,0.0745153647892204,-1.3710666666666667,100.0,2.0,6.0,0.698712453540809,0.432365960572923,0.2631648292932746,0.6987,0.432365960572923,0.698712453540809,0.432365960572923,,0.432365960572923,0.30572890267534925,0.2656,0.43312977283859955,0.3634738326072693,0.5192,0.234,0.998,,,,14.884484629052224,,,,
3015,P35557,L,144,N,NONSYN,0.1790631080953343,0.25772625283147027,0.06727160462687769,-2.4369,100.0,2.0,6.0,0.637029528138467,0.24537731862268697,0.3409668174606251,0.637,0.24537731862268697,0.637029528138467,0.24537731862268697,,0.24537731862268697,0.17350796594747406,0.2875,0.34956067752582665,0.3444974422454834,0.5663,0.155,1.0,,,,14.884484629052224,,,,
3016,P35557,L,144,C,NONSYN,0.3444819501115762,0.33716935550981403,0.11586328993214552,-1.3948999999999998,100.0,2.0,6.0,0.401918609510217,0.0680007730662469,0.6712064256316641,0.4019,0.0680007730662469,0.401918609510217,0.0680007730662469,,0.0680007730662469,0.04808380776107071,0.3434,0.05849822319582493,0.4081267714500427,0.4011,0.0478,1.0,,,,14.884484629052224,,,,
3017,P35557,L,144,P,NONSYN,0.3101239067988947,0.524552970873536,0.07149685349288971,-2.2839666666666667,100.0,2.0,6.0,0.663171386570328,0.19834491095247803,0.306715666938315,0.6632,0.19834491095247803,0.663171386570328,0.19834491095247803,,0.19834491095247803,0.14025103154833912,0.5659,0.09725633844792203,0.4081515967845917,0.6529,0.1326,1.0,,,,14.884484629052224,,,,
3018,P35557,L,144,E,NONSYN,0.22335052551716408,0.45989766408352234,0.07930548266820421,-2.4328000000000003,100.0,2.0,6.0,0.030515294382310997,0.168700901703416,0.9400882863767684,0.0305,0.168700901703416,0.030515294382310997,0.168700901703416,,0.168700901703416,0.11928955158677064,0.4042,0.37366964309480083,0.3987613618373871,0.0612,0.1143,1.0,,,,14.884484629052224,,,,
3019,P35557,L,144,M,NONSYN,0.4855550162170784,0.30841539558927006,0.05519456497799136,0.15566666666666665,100.0,2.0,6.0,0.750079721129728,0.10840983066993101,0.20725952943138023,0.7501,0.10840983066993101,0.750079721129728,0.10840983066993101,,0.10840983066993101,0.07665732641399357,0.4093,0.34073251477558675,0.39312058687210083,0.7376,0.0752,0.9990000000000001,,,,14.884484629052224,,,,
3020,P35557,L,144,W,NONSYN,0.28885364138641745,0.7567252325511481,0.07734205305982499,-1.8677333333333335,100.0,2.0,6.0,0.289463483994448,0.0376452476032683,0.7937735725918486,0.2895,0.0376452476032683,0.289463483994448,0.0376452476032683,,0.0376452476032683,0.026619209859717642,0.731,0.44156513243392725,0.42772987484931946,0.2912,0.0266,1.0,,,,14.884484629052224,,,,
3021,P35557,L,144,H,NONSYN,0.29725486605293433,0.6363184401538807,0.08669668711400359,-1.9786333333333335,100.0,2.0,6.0,0.9061140900998299,0.0578133058984002,0.09049564420737355,0.9061,0.0578133058984002,0.9061140900998299,0.0578133058984002,,0.0578133058984002,0.040880180643571004,0.6699,0.2362092024235909,0.43884676694869995,0.9041,0.0407,1.0,,,,14.884484629052224,,,,
3022,P35557,L,144,Q,NONSYN,0.3225298006389851,0.304736347704001,0.052690687822253675,-1.5422,100.0,2.0,6.0,0.0899686633812951,0.10375368241898801,0.9196234910288856,0.09,0.10375368241898801,0.0899686633812951,0.10375368241898801,,0.10375368241898801,0.07336493241154189,0.3257,0.2357802868617011,0.37408167123794556,0.0987,0.072,1.0,,,,14.884484629052224,,,,
3023,P35557,L,144,*,STOP,,,,,100.0,2.0,6.0,-0.21947089852788298,0.05,0.9826549123494779,-0.2195,0.05,-0.21947089852788298,0.05,,0.05,0.035355339059327376,,,,-0.2195,0.0354,,,,,14.884484629052224,,,,
3024,P35557,P,145,S,NONSYN,0.4256921542014803,1.6734518200774928,0.16639027931181274,-1.0698999999999999,100.0,2.0,6.0,2.33232334562052,0.0901783883979519,4.0007331720303646e-06,2.3323,0.0901783883979519,2.33232334562052,0.0901783883979519,,0.0901783883979519,0.06376574995266607,1.1833,1.1489792198728392,0.6977027654647827,2.3228,0.0635,1.0,,,,24.186826868567408,,,,
3025,P35557,P,145,A,NONSYN,0.4817034186214992,1.9048330306002093,0.16254577845643117,-1.1502000000000001,100.0,2.0,6.0,1.6381797140523702,0.17576931169079898,0.0007370485053173355,1.6382,0.17576931169079898,1.6381797140523702,0.17576931169079898,,0.17576931169079898,0.12428767222105586,1.2102,0.4279840534612447,0.8294240236282349,1.6288,0.1229,1.0,,,,24.186826868567408,,,,
3026,P35557,P,145,V,NONSYN,0.4383577870550538,1.9251443937533033,0.03667952209069227,-1.8745,100.0,2.0,6.0,1.7226598185086999,0.17753670668372895,0.00040243713682371394,1.7227,0.17753670668372895,1.7226598185086999,0.17753670668372895,,0.17753670668372895,0.12553740920559178,1.2067,0.5159134787107262,0.608923614025116,1.7016,0.123,1.0,,,,24.186826868567408,,,,
3027,P35557,P,145,R,NONSYN,0.33291698217037546,1.5145294599749526,0.029075737885283583,-1.6794333333333331,100.0,2.0,6.0,3.0738668842073196,0.117321782087531,8.26424307321936e-09,3.0739,0.117321782087531,3.0738668842073196,0.117321782087531,,0.117321782087531,0.08295902769498359,0.9911,2.0827782554383987,0.5301014184951782,3.0241,0.082,1.0,,,,24.186826868567408,,,,
3028,P35557,P,145,D,NONSYN,0.13167158673135695,2.21778242416469,0.03901014738804991,-1.6679666666666666,100.0,2.0,6.0,0.9641079916381079,0.03986634382845,0.0645393148610778,0.9641,0.03986634382845,0.9641079916381079,0.03986634382845,,0.03986634382845,0.028189762062211462,1.2632,0.29907083374031007,0.7231444120407104,0.9646,0.0282,1.0,,,,24.186826868567408,,,,
3029,P35557,P,145,F,NONSYN,0.305723171027891,1.506374412738606,0.1488348423970232,-2.4105666666666665,100.0,2.0,6.0,1.12365766646567,0.0822363786074464,0.024103452710657083,1.1237,0.0822363786074464,1.12365766646567,0.0822363786074464,,0.0822363786074464,0.058149900973549676,0.9911,0.132569037696749,0.6036751866340637,1.1224,0.0579,1.0,,,,24.186826868567408,,,,
3030,P35557,P,145,T,NONSYN,0.3905683468454612,2.1520142101291424,0.163505453614495,-1.3479999999999999,100.0,2.0,6.0,1.5142550006275701,0.189606860803436,0.0017633821760498934,1.5143,0.189606860803436,1.5142550006275701,0.189606860803436,,0.189606860803436,0.13407229703360338,1.2666,0.2476268544560003,0.7473986744880676,1.5065,0.132,1.0,,,,24.186826868567408,,,,
3031,P35557,P,145,I,NONSYN,0.29395116310669084,1.84987748297224,0.03588607747418852,-2.2228666666666665,100.0,2.0,6.0,0.9506984314337379,0.37353259536825,0.06986557180292967,0.9507,0.37353259536825,0.9506984314337379,0.37353259536825,,0.37353259536825,0.2641274311791003,1.2002,0.24951976924985586,0.5603652000427246,0.9961,0.2389,1.0,,,,24.186826868567408,,,,
3032,P35557,P,145,L,NONSYN,0.3804758514067072,1.6165817342648026,0.1005512449724954,-2.067833333333333,100.0,2.0,6.0,1.17754839274138,0.106832062909798,0.017047615320261087,1.1775,0.106832062909798,1.17754839274138,0.106832062909798,,0.106832062909798,0.07554167613166601,1.1421,0.03546093317717092,0.5825874209403992,1.177,0.0749,1.0,,,,24.186826868567408,,,,
3033,P35557,P,145,K,NONSYN,0.2878654235137882,1.9048330306002093,0.16254577845643117,-1.1502000000000001,,,,,,,,,,,,,,1.2102,,0.8294240236282349,1.2102,0.8294,1.0,,,,24.186826868567408,,,,
3034,P35557,P,145,G,NONSYN,0.4312798460663611,1.2836355475612724,0.10068073071960587,-2.113766666666667,100.0,2.0,6.0,2.1763869528519697,0.104613907090276,1.3550788693842219e-05,2.1764,0.104613907090276,2.1763869528519697,0.104613907090276,,0.104613907090276,0.0739732031099536,0.9911,1.1852983240830488,0.5113171935081482,2.1521,0.0732,1.0,,,,24.186826868567408,,,,
3035,P35557,P,145,Y,NONSYN,0.20942896620986876,1.1490279337860392,0.1499392426537166,-2.4152666666666667,100.0,2.0,6.0,2.1956971033233703,0.0286954838684828,1.1668375061145662e-05,2.1957,0.0286954838684828,2.1956971033233703,0.0286954838684828,,0.0286954838684828,0.02029077123283337,0.8745,1.3211702449935974,0.4945060908794403,2.1935,0.0203,1.0,,,,24.186826868567408,,,,
3036,P35557,P,145,N,NONSYN,0.21903311575636186,1.7673800689318167,0.05008167243734261,-1.8017666666666665,100.0,2.0,6.0,1.3854497355611202,0.0460654571018767,0.004279527496236694,1.3854,0.0460654571018767,1.3854497355611202,0.0460654571018767,,0.0460654571018767,0.03257319709519502,1.1938,0.19165906135152544,0.603934109210968,1.3849,0.0325,1.0,,,,24.186826868567408,,,,
3037,P35557,P,145,C,NONSYN,0.4219649037795377,1.2014765789844928,0.030935815414097404,-2.593,100.0,2.0,6.0,1.37272770345871,0.508313441694447,0.004665726987495259,1.3727,0.508313441694447,1.37272770345871,0.508313441694447,,0.508313441694447,0.3594318815904162,0.9747,0.39800555647079494,0.47123146057128906,1.2263,0.2858,1.0,,,,24.186826868567408,,,,
3038,P35557,P,145,P,SYN,,,,,100.0,2.0,6.0,0.8179934704221969,0.05,0.1469679889621561,0.818,0.05,0.8179934704221969,0.05,,0.05,0.035355339059327376,,,,0.818,0.0354,,,,,24.186826868567408,,,,
3039,P35557,P,145,E,NONSYN,0.187686271514566,2.32889556187628,0.05557418627855431,-1.3534666666666666,100.0,2.0,6.0,0.9836109453861579,0.679389828393525,0.057444873910350476,0.9836,0.679389828393525,0.9836109453861579,0.679389828393525,,0.679389828393525,0.48040115472622635,1.5775,0.593861264544262,0.7983101010322571,1.1415,0.4116,1.0,,,,24.186826868567408,,,,
3040,P35557,P,145,M,NONSYN,0.2411349625055221,1.2384805408797195,0.01854173026595979,-1.6978,100.0,2.0,6.0,2.2135964928468197,0.10559770944358,1.0153973093214505e-05,2.2136,0.10559770944358,2.2135964928468197,0.10559770944358,,0.10559770944358,0.07466885642532214,0.9796,1.233982950290057,0.44347402453422546,2.1796,0.0736,1.0,,,,24.186826868567408,,,,
3041,P35557,P,145,W,NONSYN,0.30546275679376184,1.5640274910825835,0.12155675578103141,-2.4996333333333336,100.0,2.0,6.0,0.285074967164438,0.09818447634487999,0.7977480510341534,0.2851,0.09818447634487999,0.285074967164438,0.09818447634487999,,0.09818447634487999,0.0694269090307148,0.9964,0.7113743245416473,0.5501497983932495,0.2962,0.0689,1.0,,,,24.186826868567408,,,,
3042,P35557,P,145,H,NONSYN,0.3015928613207122,2.0838571228974154,0.03837287971860468,-1.6375666666666666,100.0,2.0,6.0,1.36588389543993,0.0497691871979836,0.004887263420141798,1.3659,0.0497691871979836,1.36588389543993,0.0497691871979836,,0.0497691871979836,0.03519212976183691,1.2632,0.10270507006151197,0.7231444120407104,1.3656,0.0352,1.0,,,,24.186826868567408,,,,
3043,P35557,P,145,Q,NONSYN,0.32572451857320683,1.610063097211416,0.16760625855497838,-1.1827333333333334,100.0,2.0,6.0,2.39856480079395,0.0766659052871256,2.3627231324506676e-06,2.3986,0.0766659052871256,2.39856480079395,0.0766659052871256,,0.0766659052871256,0.05421098151433209,1.1347,1.26385496574146,0.732620120048523,2.3917,0.0541,1.0,,,,24.186826868567408,,,,
3044,P35557,P,145,*,STOP,,,,,100.0,2.0,6.0,-0.0905502065103981,0.05,0.9671939081377604,-0.0906,0.05,-0.0905502065103981,0.05,,0.05,0.035355339059327376,,,,-0.0906,0.0354,,,,,24.186826868567408,,,,
3045,P35557,L,146,S,NONSYN,0.3696688568840947,0.039370048678886695,0.149377094054886,-1.8501333333333332,100.0,2.0,6.0,-0.146616662730682,0.23232626972686604,0.9751607449929006,-0.1466,0.23232626972686604,-0.146616662730682,0.23232626972686604,,0.23232626972686604,0.16427948077164187,0.1246,0.2711866748232723,0.30996546149253845,-0.0871,0.1452,1.0,,,,0.3026401403384063,,,,
3046,P35557,L,146,A,NONSYN,0.2800117097075371,-0.05235942458924436,0.11050850990072518,-1.3620666666666665,100.0,2.0,6.0,0.29559435666175105,0.24283352813417003,0.7881186484232053,0.2956,0.24283352813417003,0.29559435666175105,0.24283352813417003,,0.24283352813417003,0.17170923444312589,0.1269,0.16864778817267634,0.29812806844711304,0.2536,0.1488,1.0,,,,0.3026401403384063,,,,
3047,P35557,L,146,V,NONSYN,0.45006845647116095,0.17023893060483863,0.26038600138975593,-0.2792333333333333,100.0,2.0,6.0,-0.0245918582263977,0.116951736450815,0.9544471326188926,-0.0246,0.116951736450815,-0.0245918582263977,0.116951736450815,,0.116951736450815,0.08269736591591322,0.3772,0.40182098253403015,0.47890931367874146,-0.013,0.0815,0.9940000000000001,,,,0.3026401403384063,,,,
3048,P35557,L,146,R,NONSYN,0.2792328090176149,-0.053364545117980965,0.1538336783101826,-1.8351333333333333,100.0,2.0,6.0,0.13158711865992098,0.17219865629658,0.901475549037985,0.1316,0.17219865629658,0.13158711865992098,0.17219865629658,,0.17219865629658,0.12176283757852328,0.1189,0.01268741563410311,0.30996546149253845,0.1299,0.1133,1.0,,,,0.3026401403384063,,,,
3049,P35557,L,146,D,NONSYN,0.15709418040401155,-0.05465901183002069,0.05324875691012582,-2.512333333333333,100.0,2.0,6.0,-0.660693243359566,0.24959786475784398,0.9978247236417013,-0.6607,0.24959786475784398,-0.660693243359566,0.24959786475784398,,0.24959786475784398,0.17649234273995426,0.1067,0.7673497351160052,0.2690693736076355,-0.4299,0.1476,1.0,,,,0.3026401403384063,,,,
3050,P35557,L,146,F,NONSYN,0.463424518412456,-0.009619510764325592,0.12914212197290367,-0.2331333333333333,100.0,2.0,6.0,0.514983465881095,0.966382422023668,0.5153555903664399,0.515,0.966382422023668,0.514983465881095,0.966382422023668,,0.966382422023668,0.6833355638324156,0.2282,0.286756029338584,0.4166211187839508,0.3059,0.3557,1.0,,,,0.3026401403384063,,,,
3051,P35557,L,146,T,NONSYN,0.3205067496312658,-0.03691851554411368,0.06836968842943149,-1.3817666666666666,100.0,2.0,6.0,0.24927162952635898,0.44118818971934104,0.8279218712749374,0.2493,0.44118818971934104,0.24927162952635898,0.44118818971934104,,0.44118818971934104,0.31196716072996306,0.1269,0.12232506103728427,0.2880533039569855,0.1832,0.2116,1.0,,,,0.3026401403384063,,,,
3052,P35557,L,146,I,NONSYN,0.3599458773266949,0.24655441239368545,0.2519060355021095,-0.44539999999999996,100.0,2.0,6.0,-0.25353830359293805,0.30310666540224396,0.9853184133906097,-0.2535,0.30310666540224396,-0.25353830359293805,0.30310666540224396,,0.30310666540224396,0.21432877852876858,0.4002,0.6537737479002653,0.6281958818435669,-0.1854,0.2028,0.9940000000000001,,,,0.3026401403384063,,,,
3053,P35557,L,146,L,SYN,,,,,100.0,2.0,6.0,0.300006963273104,0.05,0.7839744363917072,0.3,0.05,0.300006963273104,0.05,,0.05,0.035355339059327376,,,,0.3,0.0354,,,,,0.3026401403384063,,,,
3054,P35557,L,146,K,NONSYN,0.16637828819819184,-0.014897413281416938,0.09602401021575331,-1.8327,100.0,2.0,6.0,0.0161857231502289,0.538189370047207,0.9442032523858948,0.0162,0.538189370047207,0.0161857231502289,0.538189370047207,,0.538189370047207,0.38055735312289624,0.1067,0.09047076860621031,0.28739216923713684,0.0738,0.2293,1.0,,,,0.3026401403384063,,,,
3055,P35557,L,146,G,NONSYN,0.3375782897720982,-0.23075946015761972,0.07737772080327414,-2.5354666666666663,100.0,2.0,6.0,-0.13239189837676898,0.0746004419251729,0.9733474502744895,-0.1324,0.0746004419251729,-0.13239189837676898,0.0746004419251729,,0.0746004419251729,0.052750478364802976,0.0778,0.2102395281623067,0.271497905254364,-0.1247,0.0518,1.0,,,,0.3026401403384063,,,,
3056,P35557,L,146,Y,NONSYN,0.3932294491632085,0.10652928858278299,0.1208650954852427,-1.3710666666666667,100.0,2.0,6.0,-0.18107178285433104,0.12584034549730802,0.9790489362560165,-0.1811,0.12584034549730802,-0.18107178285433104,0.12584034549730802,,0.12584034549730802,0.08898256164800451,0.2051,0.38618349507166194,0.394209086894989,-0.1623,0.0868,1.0,,,,0.3026401403384063,,,,
3057,P35557,L,146,N,NONSYN,0.1790631080953343,-0.06274955141018183,0.07430801821391717,-2.4369,100.0,2.0,6.0,-0.0150212706011686,0.19099182976177498,0.9522245734283815,-0.015,0.19099182976177498,-0.0150212706011686,0.19099182976177498,,0.19099182976177498,0.13505161797577775,0.1048,0.1198067725581083,0.2668485939502716,0.0094,0.1205,1.0,,,,0.3026401403384063,,,,
3058,P35557,L,146,C,NONSYN,0.3444819501115762,-0.09619188216752535,0.10258087147981532,-1.3948999999999998,100.0,2.0,6.0,-0.22527812043976103,0.09662061056475,0.9831419083947618,-0.2253,0.09662061056475,-0.22527812043976103,0.09662061056475,,0.09662061056475,0.0683210889327193,0.1075,0.33274672548126494,0.28996971249580383,-0.2078,0.0665,1.0,,,,0.3026401403384063,,,,
3059,P35557,L,146,P,NONSYN,0.3101239067988947,-0.012836027006117065,0.07785644440965116,-2.2839666666666667,100.0,2.0,6.0,-0.039292889341652,0.29125659698462103,0.957662020907954,-0.0393,0.29125659698462103,-0.039292889341652,0.29125659698462103,,0.29125659698462103,0.20594951479314286,0.1067,0.14594938109809122,0.26711857318878174,0.0151,0.1631,1.0,,,,0.3026401403384063,,,,
3060,P35557,L,146,E,NONSYN,0.22335052551716408,-0.06223535277319653,0.08395551409931462,-2.4328000000000003,100.0,2.0,6.0,-0.0165638665121245,0.0948400603824364,0.9525899655277436,-0.0166,0.0948400603824364,-0.0165638665121245,0.0948400603824364,,0.0948400603824364,0.0670620498245624,0.1067,0.1232203582685637,0.2771140933036804,-0.0097,0.0652,1.0,,,,0.3026401403384063,,,,
3061,P35557,L,146,M,NONSYN,0.4855550162170784,0.07895110135391975,0.24030609471931363,0.15566666666666665,,,,,,,,,,,,,,0.3035,,0.5083680152893066,0.3035,0.5084,0.9990000000000001,,,,0.3026401403384063,,,,
3062,P35557,L,146,W,NONSYN,0.28885364138641745,0.00038539302648929577,0.14400533764554965,-1.8677333333333335,100.0,2.0,6.0,-0.0296626957734898,0.28695490385585604,0.9555826737064023,-0.0297,0.28695490385585604,-0.0296626957734898,0.28695490385585604,,0.28695490385585604,0.20290775841120956,0.1154,0.14507153356874736,0.30996546149253845,0.0139,0.1698,1.0,,,,0.3026401403384063,,,,
3063,P35557,L,146,H,NONSYN,0.29725486605293433,0.03615998415616596,0.14983890989793358,-1.9786333333333335,100.0,2.0,6.0,-0.0069229439050581,0.252263256858665,0.9502599562829834,-0.0069,0.252263256858665,-0.0069229439050581,0.252263256858665,,0.252263256858665,0.17837705956896588,0.1189,0.12582264693087597,0.3087647557258606,0.0246,0.1545,1.0,,,,0.3026401403384063,,,,
3064,P35557,L,146,Q,NONSYN,0.3225298006389851,0.01355118014950007,0.09148369059835425,-1.5422,100.0,2.0,6.0,-0.40309822030999604,0.338536731453295,0.9928569012555397,-0.4031,0.338536731453295,-0.40309822030999604,0.338536731453295,,0.338536731453295,0.23938161849135406,0.1269,0.5300447887990707,0.2988465428352356,-0.1959,0.1868,1.0,,,,0.3026401403384063,,,,
3065,P35557,L,146,*,STOP,,,,,,,,,,,,,,,,,,,,,,,,,,,0.3026401403384063,E,151.0,,
3066,P35557,G,147,S,NONSYN,0.36837526824294986,-0.10195120858267352,0.1794329851986033,-0.8648000000000001,100.0,2.0,6.0,-0.0161665700064497,0.185271123946472,0.9524961250288339,-0.0162,0.185271123946472,-0.0161665700064497,0.185271123946472,,0.185271123946472,0.13100646810060368,0.2111,0.2272302232371168,0.4106954336166382,0.0048,0.1248,1.0,,,,0.5229750815469402,,,,
3067,P35557,G,147,A,NONSYN,0.4089269105168704,-0.0977565432490699,0.1834122951043652,-0.9328,100.0,2.0,6.0,-0.0287505660072606,0.0912998392186697,0.9553805180431981,-0.0288,0.0912998392186697,-0.0287505660072606,0.0912998392186697,,0.0912998392186697,0.06455873543276285,0.2074,0.23618092870867663,0.41668155789375305,-0.0232,0.0638,1.0,,,,0.5229750815469402,,,,
3068,P35557,G,147,V,NONSYN,0.3988573139738447,0.28912564623137027,0.08408340112827324,-2.7219333333333338,100.0,2.0,6.0,0.0506400737797226,0.196898040273353,0.9338034238854672,0.0506,0.196898040273353,0.0506400737797226,0.196898040273353,,0.196898040273353,0.13922793947962983,0.3053,0.25464511179576266,0.380330353975296,0.0807,0.1307,1.0,,,,0.5229750815469402,,,,
3069,P35557,G,147,R,NONSYN,0.3362652746103357,-0.01187393507377199,0.07204177360076734,-1.9470333333333334,100.0,2.0,6.0,-0.128751731860818,0.156685153875593,0.9728621230777745,-0.1288,0.156685153875593,-0.128751731860818,0.156685153875593,,0.156685153875593,0.11079313481668947,0.1067,0.23540822361725722,0.2748320698738098,-0.0958,0.1028,1.0,,,,0.5229750815469402,,,,
3070,P35557,G,147,D,NONSYN,0.3623286966209139,0.24452931179937296,0.1293597726349938,-1.5976,100.0,2.0,6.0,0.274250598107481,0.686872523227028,0.8072910829229487,0.2743,0.686872523227028,0.274250598107481,0.686872523227028,,0.686872523227028,0.4856922189845458,0.2643,0.009935052548551537,0.41209614276885986,0.2685,0.3142,1.0,,,,0.5229750815469402,,,,
3071,P35557,G,147,F,NONSYN,0.3709207412708021,0.35998793428784914,0.09504557978377358,-2.717866666666667,100.0,2.0,6.0,-0.161946790389714,0.0585085311988502,0.9769745036352466,-0.1619,0.0585085311988502,-0.161946790389714,0.0585085311988502,,0.0585085311988502,0.041371779167971655,0.3434,0.5053671767041061,0.39349865913391113,-0.1564,0.0411,1.0,,,,0.5229750815469402,,,,
3072,P35557,G,147,T,NONSYN,0.21962954488217865,0.1579605600842673,0.18997329494890317,-1.5144,100.0,2.0,6.0,0.533956853252798,0.351265749608586,0.4876429937979156,0.534,0.351265749608586,0.533956853252798,0.351265749608586,,0.351265749608586,0.24838239354680697,0.2509,0.28303193817749583,0.4276091754436493,0.4626,0.2148,1.0,,,,0.5229750815469402,,,,
3073,P35557,G,147,I,NONSYN,0.29686370150880703,0.28912564623137027,0.08408340112827324,-2.721933333333333,100.0,2.0,6.0,-0.0516674018709284,0.0960690144254417,0.9601916288475043,-0.0517,0.0960690144254417,-0.0516674018709284,0.0960690144254417,,0.0960690144254417,0.06793105156213808,0.3053,0.3569525874464136,0.380330353975296,-0.0406,0.0669,1.0,,,,0.5229750815469402,,,,
3074,P35557,G,147,L,NONSYN,0.33670580158540125,0.041295365894723525,0.07205343400236362,-2.6893,100.0,2.0,6.0,0.7941309147896629,0.26940418733059696,0.16638865573411785,0.7941,0.26940418733059696,0.7941309147896629,0.26940418733059696,,0.26940418733059696,0.19049752774151607,0.1146,0.6795763605656486,0.2752785384654999,0.5741,0.1566,1.0,,,,0.5229750815469402,,,,
3075,P35557,G,147,K,NONSYN,0.4007452768135149,0.3584425308992996,0.2053898499321349,-1.5245,100.0,2.0,6.0,-0.0674890591922991,0.11694079246715801,0.963206348969791,-0.0675,0.11694079246715801,-0.0674890591922991,0.11694079246715801,,0.11694079246715801,0.08268962735085615,0.3665,0.43401077531015797,0.4725598990917206,-0.0546,0.0815,1.0,,,,0.5229750815469402,,,,
3076,P35557,G,147,G,SYN,,,,,100.0,2.0,6.0,1.20044488385528,0.05,0.014690305410774915,1.2004,0.05,1.20044488385528,0.05,,0.05,0.035355339059327376,,,,1.2004,0.0354,,,,,0.5229750815469402,,,,
3077,P35557,G,147,Y,NONSYN,0.28089736795090275,0.22760806605989048,0.07985079928556797,-2.6748999999999996,100.0,2.0,6.0,0.23519281429416197,0.22640332559629,0.8387151531440104,0.2352,0.22640332559629,0.23519281429416197,0.22640332559629,,0.22640332559629,0.1600913268123225,0.2585,0.023289165075955215,0.35009804368019104,0.2392,0.1456,1.0,,,,0.5229750815469402,,,,
3078,P35557,G,147,N,NONSYN,0.382875509440285,0.07644448736459022,0.16905865405138865,-0.8179,100.0,2.0,6.0,-0.551353657848241,0.31528083891264397,0.9964274461501331,-0.5514,0.31528083891264397,-0.551353657848241,0.31528083891264397,,0.31528083891264397,0.22293721917331405,0.1871,0.7384670621222278,0.3757599890232086,-0.3591,0.1917,1.0,,,,0.5229750815469402,,,,
3079,P35557,G,147,C,NONSYN,0.3672992043124827,-0.02614188575214237,0.05475493807053806,-2.438433333333333,,,,,,,,,,,,,,0.1067,,0.2646900415420532,0.1067,0.2647,1.0,,,,0.5229750815469402,,,,
3080,P35557,G,147,P,NONSYN,0.2021261040610908,-0.16112041284034798,0.056157518608429075,-1.8968333333333334,100.0,2.0,6.0,0.31898770143891,0.24739551713037397,0.765437638705922,0.319,0.24739551713037397,0.31898770143891,0.24739551713037397,,0.24739551713037397,0.17493504779804012,0.0833,0.23571935703659674,0.27436017990112305,0.2509,0.1475,1.0,,,,0.5229750815469402,,,,
3081,P35557,G,147,E,NONSYN,0.4108810729254607,0.01825588640584667,0.07709477814983805,-1.9435333333333331,100.0,2.0,6.0,-0.219141196299674,0.104812495940631,0.9826268327574086,-0.2191,0.104812495940631,-0.219141196299674,0.104812495940631,,0.104812495940631,0.07411362663270765,0.1067,0.3257976880561132,0.27510201930999756,-0.1971,0.0716,1.0,,,,0.5229750815469402,,,,
3082,P35557,G,147,M,NONSYN,0.2878381921366005,0.06272896497417219,0.07561418558448454,-2.3474999999999997,100.0,2.0,6.0,0.0523751492599663,0.110703699862605,0.93323241534502,0.0524,0.110703699862605,0.0523751492599663,0.110703699862605,,0.110703699862605,0.07827933687528826,0.1224,0.07002701209982068,0.27348044514656067,0.0577,0.0753,1.0,,,,0.5229750815469402,,,,
3083,P35557,G,147,W,NONSYN,0.355895468841822,-0.019643855783341695,0.054998684655889474,-2.530533333333333,100.0,2.0,6.0,-0.18144088029611602,0.0542375418800998,0.9790870324984328,-0.1814,0.0542375418800998,-0.18144088029611602,0.0542375418800998,,0.0542375418800998,0.038351733658307935,0.1067,0.28809737205255526,0.2690693736076355,-0.1757,0.038,1.0,,,,0.5229750815469402,,,,
3084,P35557,G,147,H,NONSYN,0.3218287257213429,-0.009635075573860674,0.07331076874304356,-1.9332999999999998,100.0,2.0,6.0,-0.13546831036055199,0.145705550279617,0.9737507216006384,-0.1355,0.145705550279617,-0.13546831036055199,0.145705550279617,,0.145705550279617,0.10302938265923464,0.1067,0.2421248021169912,0.2748320698738098,-0.1056,0.0965,1.0,,,,0.5229750815469402,,,,
3085,P35557,G,147,Q,NONSYN,0.29754150588632416,0.06202130836410199,0.0939632089934982,-1.7754,100.0,2.0,6.0,0.26712014133761997,0.405152240744467,0.8133767854940801,0.2671,0.405152240744467,0.26712014133761997,0.405152240744467,,0.405152240744467,0.2864858968433372,0.1224,0.14471797997783298,0.2984110414981842,0.1977,0.2067,1.0,,,,0.5229750815469402,,,,
3086,P35557,G,147,*,STOP,,,,,100.0,2.0,6.0,-0.136525330898655,0.05,0.9738878423141668,-0.1365,0.05,-0.136525330898655,0.05,,0.05,0.035355339059327376,,,,-0.1365,0.0354,,,,,0.5229750815469402,,,,
3087,P35557,F,148,S,NONSYN,0.3509668135339838,-0.0468028347814593,0.07573589116543712,-1.8094999999999999,100.0,2.0,6.0,-0.0105549853557152,0.10541201202640402,0.9511507990162641,-0.0106,0.10541201202640402,-0.0105549853557152,0.10541201202640402,,0.10541201202640402,0.07453754852238817,0.1067,0.1172114771121544,0.2810024619102478,-0.0029,0.072,1.0,,,,3.3565291370997192,,,,
3088,P35557,F,148,A,NONSYN,0.21205940102164186,-0.04613039945017977,0.04572981207592274,-1.7977999999999998,100.0,2.0,6.0,-0.0125722913495538,0.276977369555135,0.9516387315718166,-0.0126,0.276977369555135,-0.0125722913495538,0.276977369555135,,0.276977369555135,0.19585257624764835,0.1067,0.11922878310599301,0.2731638550758362,0.0279,0.1592,1.0,,,,3.3565291370997192,,,,
3089,P35557,F,148,V,NONSYN,0.3686871445054262,-0.04279905044506851,0.08340289919418763,-1.0737666666666665,100.0,2.0,6.0,0.486274967400129,0.274380879082462,0.5568604289450263,0.4863,0.274380879082462,0.486274967400129,0.274380879082462,,0.274380879082462,0.194016580227135,0.1362,0.35011679908424154,0.30270642042160034,0.3843,0.1633,1.0,,,,3.3565291370997192,,,,
3090,P35557,F,148,R,NONSYN,0.12156869505678705,-0.18256917905603856,0.0700844445873019,-2.1628666666666665,100.0,2.0,6.0,-0.0121829249049814,0.091046241877297,0.9515449325989545,-0.0122,0.091046241877297,-0.0121829249049814,0.091046241877297,,0.091046241877297,0.06437941503298733,0.0778,0.09003055469051913,0.2668485939502716,-0.0072,0.0626,1.0,,,,3.3565291370997192,,,,
3091,P35557,F,148,D,NONSYN,0.1992068019592559,-0.09549047378102264,0.029507692495802568,-2.6122333333333336,100.0,2.0,6.0,-0.24383461543077398,0.0974245049455008,0.9846057644159174,-0.2438,0.0974245049455008,-0.24383461543077398,0.0974245049455008,,0.0974245049455008,0.06888952810070595,0.0872,0.33101311393732,0.26338931918144226,-0.2226,0.0666,1.0,,,,3.3565291370997192,,,,
3092,P35557,F,148,F,SYN,,,,,,,,,,,,,,,,,,,,,,,,,,,3.3565291370997192,,,,
3093,P35557,F,148,T,NONSYN,0.18720675519309532,-0.0319179703382152,0.07091673743596531,-1.6453666666666666,100.0,2.0,6.0,0.0603799696741289,0.117656713669606,0.9305355109433552,0.0604,0.117656713669606,0.0603799696741289,0.117656713669606,,0.117656713669606,0.08319586008790236,0.1269,0.06656659881494581,0.29088664054870605,0.0654,0.08,1.0,,,,3.3565291370997192,,,,
3094,P35557,F,148,I,NONSYN,0.40023011164303374,0.7228690107848464,0.0695215603278343,-0.511,100.0,2.0,6.0,-0.0607480898076693,0.33479865561523603,0.9619510020712072,-0.0607,0.33479865561523603,-0.0607480898076693,0.33479865561523603,,0.33479865561523603,0.23673839971767296,0.7002,0.7609436407262484,0.42588168382644653,0.1189,0.2069,1.0,,,,3.3565291370997192,,,,
3095,P35557,F,148,L,NONSYN,0.4640274525972558,0.35294827623095126,0.08373571108147321,-0.3554666666666666,100.0,2.0,6.0,0.28908322958358,0.0746259636537689,0.7941203695047355,0.2891,0.0746259636537689,0.28908322958358,0.0746259636537689,,0.0746259636537689,0.05276852495216081,0.3528,0.06367338986985016,0.3994053304195404,0.2902,0.0523,1.0,,,,3.3565291370997192,,,,
3096,P35557,F,148,K,NONSYN,0.1539819943883161,-0.0709904663078294,0.07367080293050689,-1.9918333333333333,100.0,2.0,6.0,-0.0464455551066327,0.22901433764028103,0.9591431777745238,-0.0464,0.22901433764028103,-0.0464455551066327,0.22901433764028103,,0.22901433764028103,0.1619375911343883,0.1048,0.1512310570635724,0.27363136410713196,-0.0072,0.1394,1.0,,,,3.3565291370997192,,,,
3097,P35557,F,148,G,NONSYN,0.22544940105055214,-0.11580314616013028,0.034617744417345823,-2.584433333333333,100.0,2.0,6.0,-0.18289659829345103,0.0599434445603093,0.9792365930673518,-0.1829,0.0599434445603093,-0.18289659829345103,0.0599434445603093,,0.0599434445603093,0.042386416136274564,0.0851,0.26796393008437513,0.26338931918144226,-0.1761,0.0418,1.0,,,,3.3565291370997192,,,,
3098,P35557,F,148,Y,NONSYN,0.41795167961904656,0.46955871602803434,0.0330731027298648,-0.19666666666666666,,,,,,,,,,,,,,0.3974,,0.4156217575073242,0.3974,0.4156,1.0,,,,3.3565291370997192,,,,
3099,P35557,F,148,N,NONSYN,0.06350654443895225,-0.15219582982955412,0.03738634309025228,-2.4017,100.0,2.0,6.0,-0.31304579939253,0.152572191428106,0.9890035340026891,-0.313,0.152572191428106,-0.31304579939253,0.152572191428106,,0.152572191428106,0.10788483117930578,0.0833,0.39631414379484325,0.25900998711586,-0.2545,0.0996,1.0,,,,3.3565291370997192,,,,
3100,P35557,F,148,C,NONSYN,0.42192151878195305,0.01826751903341803,0.04433226144830066,-1.5309000000000001,100.0,2.0,6.0,-0.0726266343093766,0.0519340942827836,0.964135048120354,-0.0726,0.0519340942827836,-0.0726266343093766,0.0519340942827836,,0.0519340942827836,0.03672295024213779,0.1269,0.1995732027984513,0.28461822867393494,-0.0694,0.0364,1.0,,,,3.3565291370997192,,,,
3101,P35557,F,148,P,NONSYN,0.14474630447280185,-0.246592337705585,0.044946279234712457,-2.5313999999999997,100.0,2.0,6.0,-0.200569949152907,0.0858972838340177,0.9809672651651591,-0.2006,0.0858972838340177,-0.200569949152907,0.0858972838340177,,0.0858972838340177,0.06073855188453951,0.0778,0.2784175789384447,0.26338931918144226,-0.1865,0.0592,1.0,,,,3.3565291370997192,,,,
3102,P35557,F,148,E,NONSYN,0.14341137314980398,-0.20910038762571068,0.03371703664296317,-2.5673,100.0,2.0,6.0,0.0969951261032901,0.0685646452617273,0.9168002630830926,0.097,0.0685646452617273,0.0969951261032901,0.0685646452617273,,0.0685646452617273,0.04848252561421745,0.0778,0.01914749631775238,0.26338931918144226,0.0964,0.0477,1.0,,,,3.3565291370997192,,,,
3103,P35557,F,148,M,NONSYN,0.21680558431241104,-0.015106925698132092,0.08354457592169,-0.25303333333333333,100.0,2.0,6.0,1.39324883537083,0.0783871867729823,0.00405831615194087,1.3932,0.0783871867729823,1.39324883537083,0.0783871867729823,,0.0783871867729823,0.055428111325312224,0.2279,1.1653688045003925,0.3776044249534607,1.3687,0.0548,0.9990000000000001,,,,3.3565291370997192,,,,
3104,P35557,F,148,W,NONSYN,0.32132997916102696,0.5405279917155802,0.08293361645959356,-0.3639333333333333,100.0,2.0,6.0,-0.273655916870307,0.089304852800995,0.9866894029753465,-0.2737,0.089304852800995,-0.273655916870307,0.089304852800995,,0.089304852800995,0.06314806700845,0.5729,0.8465860740549078,0.44319507479667664,-0.2568,0.0625,1.0,,,,3.3565291370997192,,,,
3105,P35557,F,148,H,NONSYN,0.3132585296390889,0.15800943425496042,0.07142405415955598,-1.3437666666666666,100.0,2.0,6.0,0.0049775727818404,0.10208572251388699,0.9472267835521576,0.005,0.10208572251388699,0.0049775727818404,0.10208572251388699,,0.10208572251388699,0.0721855066518977,0.2423,0.23737214125891581,0.3586851954460144,0.0142,0.0708,1.0,,,,3.3565291370997192,,,,
3106,P35557,F,148,Q,NONSYN,0.15363519183063878,-0.02373359045372263,0.08738594097783747,-2.0034333333333336,100.0,2.0,6.0,-0.188216182668953,0.112636975607477,0.9797738672027216,-0.1882,0.112636975607477,-0.188216182668953,0.112636975607477,,0.112636975607477,0.07964636926439073,0.1067,0.2948726744253922,0.28072428703308105,-0.1662,0.0766,1.0,,,,3.3565291370997192,,,,
3107,P35557,F,148,*,STOP,,,,,100.0,2.0,6.0,-0.266316970205055,0.05,0.9862052766754714,-0.2663,0.05,-0.266316970205055,0.05,,0.05,0.035355339059327376,,,,-0.2663,0.0354,,,,,3.3565291370997192,,,,
3108,P35557,T,149,S,NONSYN,0.5112342370012433,0.5079496098398765,0.13898915020903288,-0.33873333333333333,100.0,2.0,6.0,0.247863759410992,0.144297428579546,0.8290278706906452,0.2479,0.144297428579546,0.247863759410992,0.144297428579546,,0.144297428579546,0.1020336902563785,0.4988,0.2509677809351536,0.5174355506896973,0.2573,0.1001,0.9990000000000001,,,,3.999816373430721,,,,
3109,P35557,T,149,A,NONSYN,0.4371005638552374,-0.11664004082109593,0.14028553317808878,-0.5245,100.0,2.0,6.0,1.54044159045125,0.120994466256526,0.001468795153179702,1.5404,0.120994466256526,1.54044159045125,0.120994466256526,,0.120994466256526,0.08555600757603643,0.2191,1.3213536321153736,0.41414734721183777,1.4864,0.0838,1.0,,,,3.999816373430721,,,,
3110,P35557,T,149,V,NONSYN,0.335359974884157,0.4152252874530597,0.14151897554288834,-0.4691,100.0,2.0,6.0,-0.0551543943712167,0.09155898487334801,0.9608766878096503,-0.0552,0.09155898487334801,-0.0551543943712167,0.09155898487334801,,0.09155898487334801,0.0647419790825009,0.3668,0.4220015816518716,0.43706631660461426,-0.0461,0.064,1.0,,,,3.999816373430721,,,,
3111,P35557,T,149,R,NONSYN,0.3928132642818517,0.04171472173012807,0.04498863038394762,-1.2489999999999999,100.0,2.0,6.0,0.0380716978072642,0.06364232922318701,0.9377999613398407,0.0381,0.06364232922318701,0.0380716978072642,0.06364232922318701,,0.06364232922318701,0.045001922564222314,0.1348,0.09677290334706319,0.2823386788368225,0.0405,0.0444,1.0,,,,3.999816373430721,,,,
3112,P35557,T,149,D,NONSYN,0.24736015353784535,0.026733576773564405,0.041390336072177215,-1.2412666666666667,100.0,2.0,6.0,0.0830151326769552,0.0982092208234785,0.9223270955442969,0.083,0.0982092208234785,0.0830151326769552,0.0982092208234785,,0.0982092208234785,0.06944440601932873,0.1269,0.0439314358121195,0.280900239944458,0.0855,0.0674,1.0,,,,3.999816373430721,,,,
3113,P35557,T,149,F,NONSYN,0.2626450658678516,0.318313628224191,0.05640778652114976,-1.4809,100.0,2.0,6.0,0.0957839794315267,0.10462204848947301,0.9172935565330831,0.0958,0.10462204848947301,0.0957839794315267,0.10462204848947301,,0.10462204848947301,0.07397895994853415,0.3434,0.2476364068828654,0.37408167123794556,0.1051,0.0726,1.0,,,,3.999816373430721,,,,
3114,P35557,T,149,T,SYN,,,,,100.0,2.0,6.0,0.5109471551000789,0.05,0.5212313740089464,0.5109,0.05,0.5109471551000789,0.05,,0.05,0.035355339059327376,,,,0.5109,0.0354,,,,,3.999816373430721,,,,
3115,P35557,T,149,I,NONSYN,0.39900335367527456,-0.056560964770913,0.14195176034800125,-0.8405666666666667,100.0,2.0,6.0,-0.123840299266689,0.512861783328416,0.972193019334774,-0.1238,0.512861783328416,-0.123840299266689,0.512861783328416,,0.512861783328416,0.3626480448029488,0.1572,0.2810743719519307,0.3757599890232086,0.0117,0.2609,1.0,,,,3.999816373430721,,,,
3116,P35557,T,149,L,NONSYN,0.3692076635094301,0.053763276444296106,0.056364558140004274,-1.2598666666666667,100.0,2.0,6.0,0.0954069469295899,0.135054554922585,0.9174465499183083,0.0954,0.135054554922585,0.0954069469295899,0.135054554922585,,0.135054554922585,0.09549799161589087,0.1348,0.039437654224737495,0.28801873326301575,0.0993,0.0906,1.0,,,,3.999816373430721,,,,
3117,P35557,T,149,K,NONSYN,0.35305220057868336,-0.044885947959452,0.16648520813346726,-0.8414,100.0,2.0,6.0,-0.158865349701072,0.35611909257234103,0.9766211177446397,-0.1589,0.35611909257234103,-0.158865349701072,0.35611909257234103,,0.35611909257234103,0.2518142252679022,0.1607,0.319590287616874,0.3757599890232086,-0.0598,0.2092,1.0,,,,3.999816373430721,,,,
3118,P35557,T,149,G,NONSYN,0.43600131382643137,0.07756667992120993,0.055390691057765194,-1.4976,100.0,2.0,6.0,0.81802482434047,0.11398485894447699,0.14694369883445393,0.818,0.11398485894447699,0.81802482434047,0.11398485894447699,,0.11398485894447699,0.08059946671223177,0.1609,0.6571743292404486,0.3322032392024994,0.7815,0.0783,1.0,,,,3.999816373430721,,,,
3119,P35557,T,149,Y,NONSYN,0.2452402164451186,0.3484538049480302,0.05912877275393836,-1.4882666666666668,100.0,2.0,6.0,0.0053634492600091,0.0727121177043456,0.9471254288011389,0.0054,0.0727121177043456,0.0053634492600091,0.0727121177043456,,0.0727121177043456,0.05141523150317719,0.3434,0.338056937054383,0.37408167123794556,0.0116,0.0509,1.0,,,,3.999816373430721,,,,
3120,P35557,T,149,N,NONSYN,0.4084330644454248,0.3839866115161221,0.04954190954165807,-0.5004666666666666,100.0,2.0,6.0,0.0385616334395959,0.569825412902219,0.9376486770241366,0.0386,0.569825412902219,0.0385616334395959,0.569825412902219,,0.569825412902219,0.4029274135555834,0.3523,0.3137826410812781,0.385932981967926,0.2022,0.2787,1.0,,,,3.999816373430721,,,,
3121,P35557,T,149,C,NONSYN,0.4354541497454498,0.007893212573405,0.14810035396738955,-0.9072999999999999,100.0,2.0,6.0,2.9831518783513795,0.0211882800143937,1.821082848678552e-08,2.9832,0.0211882800143937,2.9831518783513795,0.0211882800143937,,0.0211882800143937,0.014982376479857182,0.1607,2.8224269404355775,0.3828699588775635,2.9788,0.015,1.0,,,,3.999816373430721,,,,
3122,P35557,T,149,P,NONSYN,0.34993609822478866,0.04171472173012807,0.04498863038394762,-1.2489999999999999,100.0,2.0,6.0,0.131552611072094,0.19746769536873102,0.9014920807989758,0.1316,0.19746769536873102,0.131552611072094,0.19746769536873102,,0.19746769536873102,0.1396307464605091,0.1348,0.0032919900822333814,0.2823386788368225,0.1322,0.1252,1.0,,,,3.999816373430721,,,,
3123,P35557,T,149,E,NONSYN,0.187606014059847,0.9001487431278727,0.14725204395927546,-0.9009666666666667,100.0,2.0,6.0,0.306385286687976,0.0704191048042975,0.7778740502613247,0.3064,0.0704191048042975,0.306385286687976,0.0704191048042975,,0.0704191048042975,0.049793826532204946,0.7074,0.40099226629816903,0.5238184928894043,0.31,0.0496,1.0,,,,3.999816373430721,,,,
3124,P35557,T,149,M,NONSYN,0.3518740482942453,0.013268055984079657,0.18326910143618327,-0.8553000000000001,100.0,2.0,6.0,-0.333327361531667,0.145452761551197,0.9900282289848381,-0.3333,0.145452761551197,-0.333327361531667,0.145452761551197,,0.145452761551197,0.10285063403516131,0.1607,0.494052299447469,0.3906170725822449,-0.3013,0.0995,1.0,,,,3.999816373430721,,,,
3125,P35557,T,149,W,NONSYN,0.2914737870902876,0.3063907510106686,0.04029431525922495,-1.5825333333333333,100.0,2.0,6.0,0.130045645662687,0.0836738735486352,0.9022115083204636,0.13,0.0836738735486352,0.130045645662687,0.0836738735486352,,0.0836738735486352,0.059166363394385635,0.3317,0.2016275890384696,0.37212902307510376,0.135,0.0584,1.0,,,,3.999816373430721,,,,
3126,P35557,T,149,H,NONSYN,0.3614886802674268,0.10332489689287971,0.06095457077671782,-1.2503,100.0,2.0,6.0,-0.0532779144161609,0.0924489031234546,0.9605095151368596,-0.0533,0.0924489031234546,-0.0532779144161609,0.0924489031234546,,0.0924489031234546,0.06537124631185294,0.2067,0.2600083993786243,0.3586851954460144,-0.0449,0.0643,1.0,,,,3.999816373430721,,,,
3127,P35557,T,149,Q,NONSYN,0.1843049627657748,-0.20534433683314268,0.15110785749409814,-0.8452333333333334,100.0,2.0,6.0,0.32250981691999997,0.463387663677744,0.7618709177333388,0.3225,0.463387663677744,0.32250981691999997,0.463387663677744,,0.463387663677744,0.327664559304724,0.1319,0.1906178808562335,0.31802287697792053,0.2244,0.2282,1.0,,,,3.999816373430721,,,,
3128,P35557,T,149,*,STOP,,,,,100.0,2.0,6.0,0.133827265760379,0.05,0.9003967871928066,0.1338,0.05,0.133827265760379,0.05,,0.05,0.035355339059327376,,,,0.1338,0.0354,,,,,3.999816373430721,,,,
3129,P35557,F,150,S,NONSYN,0.3509668135339838,0.29146648902848177,0.07059930898725013,-1.8094999999999999,100.0,2.0,6.0,0.0930919474451368,0.0595839349064037,0.9183800364515283,0.0931,0.0595839349064037,0.0930919474451368,0.0595839349064037,,0.0595839349064037,0.04213220442209589,0.3053,0.21219323813034843,0.3692591190338135,0.0958,0.0419,1.0,,,,34.21934508276547,,,,
3130,P35557,F,150,A,NONSYN,0.21205940102164186,0.10008586942967901,0.04828405230901764,-1.7977999999999998,100.0,2.0,6.0,0.667233806241545,0.22650093663532897,0.30155291240929055,0.6672,0.22650093663532897,0.667233806241545,0.22650093663532897,,0.22650093663532897,0.16016034823994563,0.1914,0.4758494609485,0.33486148715019226,0.5786,0.1445,1.0,,,,34.21934508276547,,,,
3131,P35557,F,150,V,NONSYN,0.3686871445054262,0.11925574439029586,0.18180551895222996,-1.0737666666666665,100.0,2.0,6.0,0.0736152300458302,0.0922549703952341,0.9258434632670384,0.0736,0.0922549703952341,0.0736152300458302,0.0922549703952341,,0.0922549703952341,0.06523411516463422,0.2212,0.1475948324579845,0.41007429361343384,0.0773,0.0644,1.0,,,,34.21934508276547,,,,
3132,P35557,F,150,R,NONSYN,0.12156869505678705,0.06944589843011677,0.0973544747099948,-2.1628666666666665,100.0,2.0,6.0,-0.0525125596265869,0.12172043281836901,0.9603587665786802,-0.0525,0.12172043281836901,-0.0525125596265869,0.12172043281836901,,0.12172043281836901,0.0860693434548303,0.1318,0.1842983994226532,0.28733134269714355,-0.0373,0.0824,1.0,,,,34.21934508276547,,,,
3133,P35557,F,150,D,NONSYN,0.1992068019592559,-0.006880573313768433,0.06570295621554986,-2.6122333333333336,100.0,2.0,6.0,0.0890966466577026,0.0902133722943347,0.9199674155685769,0.0891,0.0902133722943347,0.0890966466577026,0.0902133722943347,,0.0902133722943347,0.06379048730303066,0.1067,0.017559845098736607,0.2690693736076355,0.09,0.0621,1.0,,,,34.21934508276547,,,,
3134,P35557,F,150,F,SYN,,,,,,,,,,,,,,,,,,,,,,,,,,,34.21934508276547,,,,
3135,P35557,F,150,T,NONSYN,0.18720675519309532,0.22275294232041318,0.06552237585620779,-1.6453666666666666,100.0,2.0,6.0,-0.0369350335771468,0.18233692480717498,0.9571620834248887,-0.0369,0.18233692480717498,-0.0369350335771468,0.18233692480717498,,0.18233692480717498,0.12893167599185504,0.2605,0.2974199674302962,0.35858801007270813,-0.0029,0.1213,1.0,,,,34.21934508276547,,,,
3136,P35557,F,150,I,NONSYN,0.40023011164303374,0.10924356595433855,0.061566643568451394,-0.511,100.0,2.0,6.0,0.331220344483181,0.311124963945224,0.7528796558228832,0.3312,0.311124963945224,0.331220344483181,0.311124963945224,,0.311124963945224,0.21999857180208798,0.2775,0.053740159451290126,0.36374521255493164,0.3168,0.1882,1.0,,,,34.21934508276547,,,,
3137,P35557,F,150,L,NONSYN,0.4640274525972558,0.07487145388930017,0.10154055782151399,-0.3554666666666666,100.0,2.0,6.0,0.253330804049272,0.147022115719465,0.8246994972397695,0.2533,0.147022115719465,0.253330804049272,0.147022115719465,,0.147022115719465,0.103960335009627,0.2494,0.003979481398362572,0.38188058137893677,0.2531,0.1003,1.0,,,,34.21934508276547,,,,
3138,P35557,F,150,K,NONSYN,0.1539819943883161,0.2862739803453351,0.06293110578152711,-1.9918333333333333,100.0,2.0,6.0,0.007168000867931999,0.38926328710071706,0.9466488850495534,0.0072,0.38926328710071706,0.007168000867931999,0.38926328710071706,,0.38926328710071706,0.27525070997588297,0.3053,0.2981171847075532,0.36188799142837524,0.1164,0.2191,1.0,,,,34.21934508276547,,,,
3139,P35557,F,150,G,NONSYN,0.22544940105055214,0.0335902344036684,0.06535121953572141,-2.584433333333333,100.0,2.0,6.0,-0.0323157764946079,0.0947005313212737,0.9561654969378053,-0.0323,0.0947005313212737,-0.0323157764946079,0.0947005313212737,,0.0947005313212737,0.06696338787924168,0.1067,0.1389722682510471,0.2690693736076355,-0.0242,0.065,1.0,,,,34.21934508276547,,,,
3140,P35557,F,150,Y,NONSYN,0.41795167961904656,0.04890827374466383,0.07831754706513268,-0.19666666666666666,100.0,2.0,6.0,0.234714442339517,0.7726851226798779,0.8390715604626171,0.2347,0.7726851226798779,0.234714442339517,0.7726851226798779,,0.7726851226798779,0.546370889968901,0.228,0.006728613224603053,0.3692200779914856,0.2301,0.3059,1.0,,,,34.21934508276547,,,,
3141,P35557,F,150,N,NONSYN,0.06350654443895225,0.032126991388502564,0.056486143257763737,-2.4017,100.0,2.0,6.0,-0.0429309999986287,0.11793593794444401,0.9584219880814917,-0.0429,0.11793593794444401,-0.0429309999986287,0.11793593794444401,,0.11793593794444401,0.08339330146611222,0.1067,0.14958749175506791,0.2646900415420532,-0.0294,0.0795,1.0,,,,34.21934508276547,,,,
3142,P35557,F,150,C,NONSYN,0.42192151878195305,0.058256909760379665,0.16874246412118635,-1.5309000000000001,100.0,2.0,6.0,-0.0920669267254424,0.149747626644121,0.9674403397559289,-0.0921,0.149747626644121,-0.0920669267254424,0.149747626644121,,0.149747626644121,0.10588756226664928,0.1471,0.23915476895147084,0.36517274379730225,-0.0735,0.1017,1.0,,,,34.21934508276547,,,,
3143,P35557,F,150,P,NONSYN,0.14474630447280185,0.0046166233881553345,0.04151005810649559,-2.5313999999999997,100.0,2.0,6.0,0.059796887134392,0.185682531586177,0.9307354739280531,0.0598,0.185682531586177,0.059796887134392,0.185682531586177,,0.185682531586177,0.13129737723247106,0.1067,0.04685960462204721,0.26338931918144226,0.0691,0.1175,1.0,,,,34.21934508276547,,,,
3144,P35557,F,150,E,NONSYN,0.14341137314980398,0.03885925243249557,0.05353329478490693,-2.5673,100.0,2.0,6.0,-0.0481228305810894,0.18508813854361703,0.9594829264616163,-0.0481,0.18508813854361703,-0.0481228305810894,0.18508813854361703,,0.18508813854361703,0.13087707788138678,0.1123,0.16044963140430107,0.2731199860572815,-0.0182,0.118,1.0,,,,34.21934508276547,,,,
3145,P35557,F,150,M,NONSYN,0.21680558431241104,0.15905350064975302,0.09692568277563997,-0.25303333333333333,100.0,2.0,6.0,0.0007846637679135,0.195196431145326,0.9483157923402159,0.0008,0.195196431145326,0.0007846637679135,0.195196431145326,,0.195196431145326,0.138024720126273,0.301,0.3002328590439762,0.4009391963481903,0.0326,0.1305,1.0,,,,34.21934508276547,,,,
3146,P35557,F,150,W,NONSYN,0.32132997916102696,0.19511193743345548,0.09324873917301231,-0.3639333333333333,100.0,2.0,6.0,-0.107390646583194,0.22514070704092398,0.9698274372022214,-0.1074,0.22514070704092398,-0.107390646583194,0.22514070704092398,,0.22514070704092398,0.15919852066977122,0.3099,0.41726550901567383,0.3910181522369385,-0.0481,0.1474,1.0,,,,34.21934508276547,,,,
3147,P35557,F,150,H,NONSYN,0.3132585296390889,-0.018462243418919663,0.05971324317859572,-1.3437666666666666,100.0,2.0,6.0,0.118613815413149,0.6897357074353551,0.9075108887308689,0.1186,0.6897357074353551,0.118613815413149,0.6897357074353551,,0.6897357074353551,0.48771679595404016,0.1269,0.008332753075925708,0.28658032417297363,0.1248,0.2471,1.0,,,,34.21934508276547,,,,
3148,P35557,F,150,Q,NONSYN,0.15363519183063878,0.20729641582763003,0.10996071135400733,-2.0034333333333336,100.0,2.0,6.0,0.244100694421047,0.0718839014367695,0.8319548095856396,0.2441,0.0718839014367695,0.244100694421047,0.0718839014367695,,0.0718839014367695,0.05082959416408511,0.2585,0.014381284949070178,0.38271862268447876,0.2443,0.0504,1.0,,,,34.21934508276547,,,,
3149,P35557,F,150,*,STOP,,,,,100.0,2.0,6.0,-0.11885802097390101,0.05,0.971497119027427,-0.1189,0.05,-0.11885802097390101,0.05,,0.05,0.035355339059327376,,,,-0.1189,0.0354,,,,,34.21934508276547,,,,
3150,P35557,S,151,S,SYN,,,,,100.0,2.0,6.0,0.6846509328042939,0.05,0.2799483142149083,0.6847,0.05,0.6846509328042939,0.05,,0.05,0.035355339059327376,,,,0.6847,0.0354,,,,,15.756003426682362,,,,
3151,P35557,S,151,A,NONSYN,0.4563330621977513,-0.05395404588493086,0.049357071319162754,-0.01466666666666668,100.0,2.0,6.0,-0.09925527467399099,0.0860758935086963,0.9685830572015528,-0.0993,0.0860758935086963,-0.09925527467399099,0.0860758935086963,,0.0860758935086963,0.06086484799669027,0.2187,0.3179737140145824,0.34023773670196533,-0.0894,0.0599,0.997,,,,15.756003426682362,,,,
3152,P35557,S,151,V,NONSYN,0.3566796973350173,-0.13250260448498866,0.16606876651001742,-1.3498999999999999,100.0,2.0,6.0,0.536378459917761,0.19879095075184602,0.48410048330650657,0.5364,0.19879095075184602,0.536378459917761,0.19879095075184602,,0.19879095075184602,0.14056642931515131,0.1177,0.4187058377139341,0.3136197626590729,0.4663,0.1283,1.0,,,,15.756003426682362,,,,
3153,P35557,S,151,R,NONSYN,0.5078165034060199,-0.16707604345478286,0.13768695757331864,-0.9542999999999999,100.0,2.0,6.0,0.0359567685934455,0.0663252874345146,0.9384489105425472,0.036,0.0663252874345146,0.0359567685934455,0.0663252874345146,,0.0663252874345146,0.046899060509092184,0.1278,0.0918557063726037,0.3190731406211853,0.0379,0.0464,1.0,,,,15.756003426682362,,,,
3154,P35557,S,151,D,NONSYN,0.26426002389568154,0.08296986230287445,0.03186117263784158,-0.6365333333333334,100.0,2.0,6.0,-0.155012602325154,0.14935566036230802,0.9761714679684611,-0.155,0.14935566036230802,-0.155012602325154,0.14935566036230802,,0.14935566036230802,0.10561040025078283,0.2411,0.3961501367051131,0.3582841157913208,-0.1233,0.1013,1.0,,,,15.756003426682362,,,,
3155,P35557,S,151,F,NONSYN,0.4400921079880442,0.039823163242100994,0.15305171882625362,-1.7383,100.0,2.0,6.0,-0.296080026707785,0.3434692436924361,0.9880626276774147,-0.2961,0.3434692436924361,-0.296080026707785,0.3434692436924361,,0.3434692436924361,0.24286943134393635,0.1268,0.42287779220117794,0.316902220249176,-0.1396,0.1928,1.0,,,,15.756003426682362,,,,
3156,P35557,S,151,T,NONSYN,0.5032644910640633,0.0063297499440341425,0.03921449214707391,-0.06083333333333333,100.0,2.0,6.0,-0.280106662160886,0.153555374867363,0.9871004227346291,-0.2801,0.153555374867363,-0.280106662160886,0.153555374867363,,0.153555374867363,0.10858004685635472,0.2529,0.5330494626827366,0.3555561900138855,-0.2346,0.1038,0.988,,,,15.756003426682362,,,,
3157,P35557,S,151,I,NONSYN,0.40690641070991895,-0.00776433850735934,0.1726361210609142,-1.7275666666666665,100.0,2.0,6.0,-0.153317521459404,0.0562129121774474,0.9759708482717468,-0.1533,0.0562129121774474,-0.153317521459404,0.0562129121774474,,0.0562129121774474,0.03974853139091691,0.1189,0.2722172244852219,0.3157675266265869,-0.1491,0.0394,1.0,,,,15.756003426682362,,,,
3158,P35557,S,151,L,NONSYN,0.393745075519064,-0.09405415174294968,0.17193632192119643,-1.7093,100.0,2.0,6.0,0.105551918247367,0.0866040327035492,0.91323451369809,0.1056,0.0866040327035492,0.105551918247367,0.0866040327035492,,0.0866040327035492,0.061238298802781164,0.1109,0.005358795425270943,0.31318628787994385,0.1057,0.0601,1.0,,,,15.756003426682362,,,,
3159,P35557,S,151,K,NONSYN,0.33912790346884786,-0.006711361211357065,0.031640399491713905,-0.6167666666666666,100.0,2.0,6.0,0.21726418989660698,0.0821069056337426,0.8516188066537826,0.2173,0.0821069056337426,0.21726418989660698,0.0821069056337426,,0.0821069056337426,0.058058349755863325,0.2201,0.0028236065530542753,0.3527666926383972,0.2173,0.0573,1.0,,,,15.756003426682362,,,,
3160,P35557,S,151,G,NONSYN,0.4188135801978989,0.056372249890196326,0.04353731071628555,-0.6509999999999999,100.0,2.0,6.0,-0.0752197650871196,0.0803777172877922,0.9645947957478034,-0.0752,0.0803777172877922,-0.0752197650871196,0.0803777172877922,,0.0803777172877922,0.05683562895049305,0.2316,0.3068388847312846,0.36376407742500305,-0.0679,0.0562,1.0,,,,15.756003426682362,,,,
3161,P35557,S,151,Y,NONSYN,0.3987520148682556,-0.209260572143566,0.08320011631455763,-1.6658,100.0,2.0,6.0,0.16723509293834,0.6410824950551091,0.8829536569067659,0.1672,0.6410824950551091,0.16723509293834,0.6410824950551091,,0.6410824950551091,0.4533137795534589,0.0981,0.06909738642016677,0.282512903213501,0.1175,0.2398,1.0,,,,15.756003426682362,,,,
3162,P35557,S,151,N,NONSYN,0.3577198430860929,-0.014723197740314197,0.032462414032606544,-0.23683333333333337,100.0,2.0,6.0,0.17002400515218102,0.11739557766721699,0.8813775294826303,0.17,0.11739557766721699,0.17002400515218102,0.11739557766721699,,0.11739557766721699,0.08301120904980114,0.2279,0.0578560257182566,0.35902369022369385,0.173,0.0809,0.9990000000000001,,,,15.756003426682362,,,,
3163,P35557,S,151,C,NONSYN,0.4413057931247456,-0.026304207880368666,0.12103144681085641,-0.9221333333333334,100.0,2.0,6.0,-0.38635873812979704,0.28629113292117403,0.9922649094499136,-0.3864,0.28629113292117403,-0.38635873812979704,0.28629113292117403,,0.28629113292117403,0.20243840148214137,0.1485,0.534840434973898,0.34820806980133057,-0.2513,0.175,1.0,,,,15.756003426682362,,,,
3164,P35557,S,151,P,NONSYN,0.3754690196139504,-0.12714468087017064,0.131401821661433,-0.9290666666666666,100.0,2.0,6.0,-0.0838373191603911,0.186659357254437,0.9660803867295158,-0.0838,0.186659357254437,-0.0838373191603911,0.186659357254437,,0.186659357254437,0.13198809728653477,0.1332,0.21707050874321582,0.3156219720840454,-0.0515,0.1218,1.0,,,,15.756003426682362,,,,
3165,P35557,S,151,E,NONSYN,0.32956968841657797,0.030088314721133266,0.033075095858059754,-0.6321,100.0,2.0,6.0,0.106865162099136,0.0712060138212051,0.9126745815687836,0.1069,0.0712060138212051,0.106865162099136,0.0712060138212051,,0.0712060138212051,0.050350255234237154,0.2201,0.11322263435052525,0.3553677797317505,0.1091,0.0499,1.0,,,,15.756003426682362,,,,
3166,P35557,S,151,M,NONSYN,0.4679817126368144,0.13584450871610532,0.17771320980875663,-1.5591333333333335,100.0,2.0,6.0,-0.17838416826350897,0.0589037819455006,0.9787693826095882,-0.1784,0.0589037819455006,-0.17838416826350897,0.0589037819455006,,0.0589037819455006,0.041651263651197194,0.2493,0.42769040000064584,0.41154730319976807,-0.174,0.0414,1.0,,,,15.756003426682362,,,,
3167,P35557,S,151,W,NONSYN,0.3832492129242465,-0.114615209973274,0.08453509177279932,-1.7880333333333336,100.0,2.0,6.0,-0.0162190484945988,0.0499856767642759,0.9525085309010047,-0.0162,0.0499856767642759,-0.0162190484945988,0.0499856767642759,,0.0499856767642759,0.03534521100221833,0.0851,0.10128638028552286,0.2852451801300049,-0.0147,0.0351,1.0,,,,15.756003426682362,,,,
3168,P35557,S,151,H,NONSYN,0.2629764798769622,-0.1447464295655809,0.08205803237587403,-0.9429,100.0,2.0,6.0,-0.0310320730741604,0.47374491100635,0.9558844548981443,-0.031,0.47374491100635,-0.0310320730741604,0.47374491100635,,0.47374491100635,0.33498823912520753,0.1251,0.15612559276181298,0.2906074523925781,0.0581,0.2195,1.0,,,,15.756003426682362,,,,
3169,P35557,S,151,Q,NONSYN,0.3963611118941722,0.08296986230287447,0.03186117263784158,-0.6365333333333333,100.0,2.0,6.0,-0.0517794806460876,0.0805555336349564,0.9602138340422052,-0.0518,0.0805555336349564,-0.0517794806460876,0.0805555336349564,,0.0805555336349564,0.056961364095378685,0.2567,0.3084296900729675,0.3582841157913208,-0.0442,0.0563,1.0,,,,15.756003426682362,,,,
3170,P35557,S,151,*,STOP,,,,,100.0,2.0,6.0,-0.36301931625536205,0.05,0.9913528721818451,-0.363,0.05,-0.36301931625536205,0.05,,0.05,0.035355339059327376,,,,-0.363,0.0354,,,,,15.756003426682362,,,,
3171,P35557,F,152,S,NONSYN,0.3509668135339838,-0.09089892934886247,0.08245532077859867,-1.8094999999999999,100.0,2.0,6.0,-0.194751437098095,0.11145122236656599,0.9804144583377938,-0.1948,0.11145122236656599,-0.194751437098095,0.11145122236656599,,0.11145122236656599,0.07880791510692862,0.0872,0.281929935604641,0.2792605757713318,-0.174,0.0758,1.0,,,,22.65881408352603,,,,
3172,P35557,F,152,A,NONSYN,0.21205940102164186,-0.12861457504221155,0.08585853585887031,-1.7977999999999998,100.0,2.0,6.0,-0.0816045000180478,0.045943730526701,0.9657016130425138,-0.0816,0.045943730526701,-0.0816045000180478,0.045943730526701,,0.045943730526701,0.032487123408437665,0.0833,0.16487284442036104,0.28739216923713684,-0.0795,0.0323,1.0,,,,22.65881408352603,,,,
3173,P35557,F,152,V,NONSYN,0.3686871445054262,-0.055247852686954,0.05197087711410525,-1.0737666666666665,100.0,2.0,6.0,-0.0238217483894028,0.135907400901889,0.9542721648985959,-0.0238,0.135907400901889,-0.0238217483894028,0.135907400901889,,0.135907400901889,0.09610104479116441,0.1362,0.15997991670529024,0.2987804710865021,-0.0088,0.0915,1.0,,,,22.65881408352603,,,,
3174,P35557,F,152,R,NONSYN,0.12156869505678705,-0.09518900983848544,0.10770867105681815,-2.1628666666666665,100.0,2.0,6.0,-0.171140071806866,0.0510145856935452,0.977996701732233,-0.1711,0.0510145856935452,-0.171140071806866,0.0510145856935452,,0.0510145856935452,0.03607275948332804,0.0872,0.258318570313412,0.28226056694984436,-0.167,0.0358,1.0,,,,22.65881408352603,,,,
3175,P35557,F,152,D,NONSYN,0.1992068019592559,-0.07795017425744971,0.030095925820722944,-2.6122333333333336,100.0,2.0,6.0,-0.10548309923324801,0.316827655595599,0.9695402169306023,-0.1055,0.316827655595599,-0.10548309923324801,0.316827655595599,,0.316827655595599,0.22403098373908403,0.0872,0.19266159773979402,0.26338931918144226,-0.0246,0.1707,1.0,,,,22.65881408352603,,,,
3176,P35557,F,152,F,SYN,,,,,100.0,2.0,6.0,0.196156210554706,0.05,0.8656501034505084,0.1962,0.05,0.196156210554706,0.05,,0.05,0.035355339059327376,,,,0.1962,0.0354,,,,,22.65881408352603,,,,
3177,P35557,F,152,T,NONSYN,0.18720675519309532,-0.09139044012226939,0.04622173680046662,-1.6453666666666666,100.0,2.0,6.0,0.0885475946937204,0.10634821531019198,0.9201832397568434,0.0885,0.10634821531019198,0.0885475946937204,0.10634821531019198,,0.10634821531019198,0.07519954421292376,0.1075,0.018921010347783512,0.27641618251800537,0.0899,0.0726,1.0,,,,22.65881408352603,,,,
3178,P35557,F,152,I,NONSYN,0.40023011164303374,-0.093946171289416,0.03429889471468846,-0.511,100.0,2.0,6.0,-0.125295950635073,0.0590850546755838,0.972393059473068,-0.1253,0.0590850546755838,-0.125295950635073,0.0590850546755838,,0.0590850546755838,0.04177944282788323,0.2024,0.32769135998069987,0.3465292453765869,-0.1206,0.0415,1.0,,,,22.65881408352603,,,,
3179,P35557,F,152,L,NONSYN,0.4640274525972558,-0.1496999495521644,0.019027155914653614,-0.3554666666666666,100.0,2.0,6.0,-0.196571231827077,0.0346993873276437,0.980589103439641,-0.1966,0.0346993873276437,-0.196571231827077,0.0346993873276437,,0.0346993873276437,0.024536172082395412,0.1985,0.3950564572661487,0.3346039950847626,-0.1945,0.0245,1.0,,,,22.65881408352603,,,,
3180,P35557,F,152,K,NONSYN,0.1539819943883161,-0.1774614848490579,0.07946780749266755,-1.9918333333333333,100.0,2.0,6.0,-0.0926233148482306,0.299679009020425,0.9675302698813061,-0.0926,0.299679009020425,-0.0926233148482306,0.299679009020425,,0.299679009020425,0.21190505945760704,0.0778,0.17047094463376833,0.2739013433456421,-0.0288,0.1676,1.0,,,,22.65881408352603,,,,
3181,P35557,F,152,G,NONSYN,0.22544940105055214,-0.12688676340172808,0.07851099802882362,-2.584433333333333,100.0,2.0,6.0,0.0413266681995871,0.0757096180260124,0.9367881157760086,0.0413,0.0757096180260124,0.0413266681995871,0.0757096180260124,,0.0757096180260124,0.05353478430723665,0.0833,0.04194167620272613,0.271497905254364,0.0429,0.0525,1.0,,,,22.65881408352603,,,,
3182,P35557,F,152,Y,NONSYN,0.41795167961904656,-0.17345837661616573,0.015328969876433313,-0.19666666666666666,100.0,2.0,6.0,-0.0847169211703309,0.235993151672309,0.9662284397808917,-0.0847,0.235993151672309,-0.0847169211703309,0.235993151672309,,0.235993151672309,0.1668723578610751,0.2028,0.28747466715154735,0.3635237514972687,-0.0347,0.1517,1.0,,,,22.65881408352603,,,,
3183,P35557,F,152,N,NONSYN,0.06350654443895225,-0.15104026398180334,0.07883242502808635,-2.4017,100.0,2.0,6.0,0.0866961680550343,0.100270947722387,0.9209069099409275,0.0867,0.100270947722387,0.0866961680550343,0.100270947722387,,0.100270947722387,0.07090226709050164,0.0833,0.003427823652721068,0.26711857318878174,0.0865,0.0685,1.0,,,,22.65881408352603,,,,
3184,P35557,F,152,C,NONSYN,0.42192151878195305,-0.04961202219316607,0.04996325960988208,-1.5309000000000001,100.0,2.0,6.0,0.0021846167493346,0.154673461878944,0.9479546817885418,0.0022,0.154673461878944,0.0021846167493346,0.154673461878944,,0.154673461878944,0.10937065376420026,0.1269,0.12476195173974011,0.28461822867393494,0.0182,0.1021,1.0,,,,22.65881408352603,,,,
3185,P35557,F,152,P,NONSYN,0.14474630447280185,0.007513245673791129,0.08033470696232034,-2.5313999999999997,100.0,2.0,6.0,-0.17649762090529603,0.0942320059261812,0.9785708723758038,-0.1765,0.0942320059261812,-0.17649762090529603,0.0942320059261812,,0.0942320059261812,0.06663209039521364,0.1067,0.28315411266173524,0.26764315366744995,-0.16,0.0647,1.0,,,,22.65881408352603,,,,
3186,P35557,F,152,E,NONSYN,0.14341137314980398,-0.08021801731298565,0.07992752986741594,-2.5673,100.0,2.0,6.0,-0.0986795700666402,0.0411357304007076,0.9684930527038135,-0.0987,0.0411357304007076,-0.0986795700666402,0.0411357304007076,,0.0411357304007076,0.02908735391540196,0.0872,0.1858580685731862,0.271497905254364,-0.0966,0.0289,1.0,,,,22.65881408352603,,,,
3187,P35557,F,152,M,NONSYN,0.21680558431241104,-0.194741848943934,0.018589198305672384,-0.25303333333333333,100.0,2.0,6.0,-0.0614455336517682,0.0387373994334479,0.9620828572477698,-0.0614,0.0387373994334479,-0.0614455336517682,0.0387373994334479,,0.0387373994334479,0.027391477824922933,0.1947,0.2561747425979962,0.3432691693305969,-0.0598,0.0273,1.0,,,,22.65881408352603,,,,
3188,P35557,F,152,W,NONSYN,0.32132997916102696,-0.1277709053713061,0.01855274355541977,-0.3639333333333333,100.0,2.0,6.0,-0.262358364369652,0.0390507121410925,0.9859366189845509,-0.2624,0.0390507121410925,-0.262358364369652,0.0390507121410925,,0.0390507121410925,0.027613023365130347,0.1985,0.46084358980872364,0.3346039950847626,-0.2592,0.0275,1.0,,,,22.65881408352603,,,,
3189,P35557,F,152,H,NONSYN,0.3132585296390889,0.022303487684550732,0.05462226058688429,-1.3437666666666666,100.0,2.0,6.0,-0.0426322241751236,0.14561103573745998,0.9583600944043448,-0.0426,0.14561103573745998,-0.0426322241751236,0.14561103573745998,,0.14561103573745998,0.10296255078555466,0.1269,0.1695787926641983,0.28658032417297363,-0.0232,0.0969,1.0,,,,22.65881408352603,,,,
3190,P35557,F,152,Q,NONSYN,0.15363519183063878,-0.11512262889104813,0.07246486611365467,-2.0034333333333336,100.0,2.0,6.0,-0.27963988272226004,0.330089486912649,0.9870711266219109,-0.2796,0.330089486912649,-0.27963988272226004,0.330089486912649,,0.330089486912649,0.23340851459432221,0.0851,0.3647072145131841,0.27065080404281616,-0.1241,0.1768,1.0,,,,22.65881408352603,,,,
3191,P35557,F,152,*,STOP,,,,,100.0,2.0,6.0,0.37957528433503496,0.05,0.6986339034147316,0.3796,0.05,0.37957528433503496,0.05,,0.05,0.035355339059327376,,,,0.3796,0.0354,,,,,22.65881408352603,C,155.0,,
3192,P35557,P,153,S,NONSYN,0.4256921542014803,0.2438255100395285,0.08657093815743978,-1.0001,100.0,2.0,6.0,0.23900816436279998,0.101139928698273,0.8358484212448486,0.239,0.101139928698273,0.23900816436279998,0.101139928698273,,0.101139928698273,0.07151672943127274,0.2709,0.031903946442711495,0.3749147057533264,0.2401,0.0703,1.0,,,,22.231600834101148,,,,
3193,P35557,P,153,A,NONSYN,0.4817034186214992,0.26264871176397847,0.06295336066692785,-1.0804,100.0,2.0,6.0,0.18253855918945,0.271651460575262,0.8740653417028503,0.1825,0.271651460575262,0.18253855918945,0.271651460575262,,0.271651460575262,0.19208658989199784,0.3221,0.13954241062103584,0.37260866165161133,0.2118,0.1707,1.0,,,,22.231600834101148,,,,
3194,P35557,P,153,V,NONSYN,0.4383577870550538,-0.13788635912421643,0.07226040383295582,-1.8745,100.0,2.0,6.0,-0.159264031572914,0.13094690320452002,0.9766671497980663,-0.1593,0.13094690320452002,-0.159264031572914,0.13094690320452002,,0.13094690320452002,0.09259344323129455,0.0833,0.24253237597522723,0.2785158157348633,-0.1351,0.0879,1.0,,,,22.231600834101148,,,,
3195,P35557,P,153,R,NONSYN,0.33291698217037546,-0.04062981831968904,0.08267301253004519,-1.6794333333333331,100.0,2.0,6.0,-0.129533916089506,0.0660450446113308,0.9729671613260449,-0.1295,0.0660450446113308,-0.129533916089506,0.0660450446113308,,0.0660450446113308,0.04670089890844006,0.1249,0.2544775300955485,0.28914475440979004,-0.1231,0.0461,1.0,,,,22.231600834101148,,,,
3196,P35557,P,153,D,NONSYN,0.13167158673135695,-0.08732213852905672,0.04540884761490844,-1.6679666666666666,100.0,2.0,6.0,0.010543044538597002,0.30045547420730295,0.9457461980383636,0.0105,0.30045547420730295,0.010543044538597002,0.30045547420730295,,0.30045547420730295,0.21245410325660372,0.1075,0.0969255605029069,0.27641618251800537,0.0465,0.1684,1.0,,,,22.231600834101148,,,,
3197,P35557,P,153,F,NONSYN,0.305723171027891,-0.18618401164350032,0.09959711412893905,-2.4105666666666665,100.0,2.0,6.0,-0.0355296324308538,0.100359988892364,0.9568612932361876,-0.0355,0.100359988892364,-0.0355296324308538,0.100359988892364,,0.100359988892364,0.07096522870559717,0.0778,0.11337726221639152,0.27926105260849,-0.0287,0.0688,1.0,,,,22.231600834101148,,,,
3198,P35557,P,153,T,NONSYN,0.3905683468454612,0.24584171446535283,0.06500805140129623,-1.1884333333333332,100.0,2.0,6.0,-0.22122202221520498,0.17013415821168698,0.9828032686289662,-0.2212,0.17013415821168698,-0.22122202221520498,0.17013415821168698,,0.17013415821168698,0.12030301698294879,0.2643,0.4855375677741344,0.3586851954460144,-0.1721,0.1141,1.0,,,,22.231600834101148,,,,
3199,P35557,P,153,I,NONSYN,0.29395116310669084,-0.13469990759695308,0.042441852133323556,-2.2228666666666665,100.0,2.0,6.0,-0.23228399120685503,0.399070415831483,0.9837107390542819,-0.2323,0.399070415831483,-0.23228399120685503,0.399070415831483,,0.399070415831483,0.28218539720537694,0.0833,0.3155523356091683,0.25900998711586,-0.061,0.1908,1.0,,,,22.231600834101148,,,,
3200,P35557,P,153,L,NONSYN,0.3804758514067072,-0.12412887857465212,0.10135803993628749,-2.067833333333333,100.0,2.0,6.0,-0.22791900869768697,0.10808519031952901,0.9833586962321379,-0.2279,0.10808519031952901,-0.22791900869768697,0.10808519031952901,,0.10808519031952901,0.07642777102077754,0.0833,0.31118735310000023,0.27926105260849,-0.2062,0.0737,1.0,,,,22.231600834101148,,,,
3201,P35557,P,153,K,NONSYN,0.2878654235137882,0.13350462766277413,0.04470534816795021,-1.1502000000000001,100.0,2.0,6.0,0.576019424770536,0.224329890643798,0.4263597058570625,0.576,0.224329890643798,0.576019424770536,0.224329890643798,,0.224329890643798,0.1586251868970662,0.2532,0.3228393083555122,0.3567326068878174,0.5227,0.1449,1.0,,,,22.231600834101148,,,,
3202,P35557,P,153,G,NONSYN,0.4312798460663611,-0.20648901049248533,0.10222162649447726,-2.113766666666667,100.0,2.0,6.0,0.0191613870558127,0.092292212154126,0.9433722572015835,0.0192,0.092292212154126,0.0191613870558127,0.092292212154126,,0.092292212154126,0.06526044906489,0.0778,0.058686242729725016,0.27926105260849,0.0222,0.0635,1.0,,,,22.231600834101148,,,,
3203,P35557,P,153,Y,NONSYN,0.20942896620986876,-0.1329131887374566,0.09899532146820951,-2.4152666666666667,100.0,2.0,6.0,-0.19534210114898498,0.110559187019502,0.9804713202676141,-0.1953,0.110559187019502,-0.19534210114898498,0.110559187019502,,0.110559187019502,0.07817715086396158,0.0833,0.2786104455512982,0.27926105260849,-0.1751,0.0753,1.0,,,,22.231600834101148,,,,
3204,P35557,P,153,N,NONSYN,0.21903311575636186,-0.09723217702352603,0.05265215279548977,-1.8017666666666665,100.0,2.0,6.0,-0.24131558369004197,0.250474282254957,0.9844149930318643,-0.2413,0.250474282254957,-0.24131558369004197,0.250474282254957,,0.250474282254957,0.17711206349531342,0.0872,0.328494082196588,0.2788439095020294,-0.1469,0.1495,1.0,,,,22.231600834101148,,,,
3205,P35557,P,153,C,NONSYN,0.4219649037795377,-0.17554591401332462,0.04227795869867467,-2.593,100.0,2.0,6.0,-0.130925942574661,0.0840951957266669,0.9731530722027842,-0.1309,0.0840951957266669,-0.130925942574661,0.0840951957266669,,0.0840951957266669,0.059464283163536136,0.0778,0.20877357236019872,0.26338931918144226,-0.1208,0.058,1.0,,,,22.231600834101148,,,,
3206,P35557,P,153,P,SYN,,,,,100.0,2.0,6.0,0.915361521170041,0.05,0.08582377407645533,0.9154,0.05,0.915361521170041,0.05,,0.05,0.035355339059327376,,,,0.9154,0.0354,,,,,22.231600834101148,,,,
3207,P35557,P,153,E,NONSYN,0.187686271514566,0.10923864957131015,0.0707313413794263,-1.1939,100.0,2.0,6.0,0.188587172466923,0.12231870452343199,0.8703875688325202,0.1886,0.12231870452343199,0.188587172466923,0.12231870452343199,,0.12231870452343199,0.08649238543447238,0.2051,0.016524539750407935,0.3586851954460144,0.1895,0.0841,1.0,,,,22.231600834101148,,,,
3208,P35557,P,153,M,NONSYN,0.2411349625055221,-0.05723338597022969,0.0951698140936081,-1.6978,100.0,2.0,6.0,-0.19150488073842,0.150774562915617,0.9800988718216481,-0.1915,0.150774562915617,-0.19150488073842,0.150774562915617,,0.150774562915617,0.10661371586807053,0.1184,0.3099351375819869,0.2972763180732727,-0.1562,0.1004,1.0,,,,22.231600834101148,,,,
3209,P35557,P,153,W,NONSYN,0.30546275679376184,-0.12059922538483325,0.040392149367306965,-2.4996333333333336,100.0,2.0,6.0,-0.295766008460135,0.0993891495395473,0.9880444463021977,-0.2958,0.0993891495395473,-0.295766008460135,0.0993891495395473,,0.0993891495395473,0.07027874161577773,0.0833,0.37903435286244824,0.2612617611885071,-0.2702,0.0679,1.0,,,,22.231600834101148,,,,
3210,P35557,P,153,H,NONSYN,0.3015928613207122,-0.10349858409644301,0.08074940960267253,-1.6375666666666666,100.0,2.0,6.0,0.0590723812407559,0.100102073958253,0.9309831596518708,0.0591,0.100102073958253,0.0590723812407559,0.100102073958253,,0.100102073958253,0.070782855306718,0.1054,0.04628502728280367,0.2806699872016907,0.0618,0.0686,1.0,,,,22.231600834101148,,,,
3211,P35557,P,153,Q,NONSYN,0.32572451857320683,0.18112819167408467,0.0723538362274625,-1.2209666666666668,100.0,2.0,6.0,-0.0270814538414006,0.10384159153891699,0.9550082131982686,-0.0271,0.10384159153891699,-0.0270814538414006,0.10384159153891699,,0.10384159153891699,0.07342709354637182,0.2484,0.27552881244964644,0.3586851954460144,-0.016,0.0719,1.0,,,,22.231600834101148,,,,
3212,P35557,P,153,*,STOP,,,,,100.0,2.0,6.0,0.150003146945928,0.05,0.89227486365651,0.15,0.05,0.150003146945928,0.05,,0.05,0.035355339059327376,,,,0.15,0.0354,,,,,22.231600834101148,,,,
3213,P35557,V,154,S,NONSYN,0.33699392667600697,-0.05486314193423286,0.11509400183973269,-1.4466,100.0,2.0,6.0,-0.0119900282160211,0.126365029624723,0.9514983965908993,-0.012,0.126365029624723,-0.0119900282160211,0.126365029624723,,0.126365029624723,0.08935356935248061,0.1269,0.1389365967050958,0.29960107803344727,-0.0006,0.0856,1.0,,,,13.277937489625616,,,,
3214,P35557,V,154,A,NONSYN,0.4716545268994549,0.3433942065299955,0.0663337486637287,-0.7901333333333334,100.0,2.0,6.0,0.0094168289188308,0.0965485663218466,0.9460490781038564,0.0094,0.0965485663218466,0.0094168289188308,0.0965485663218466,,0.0965485663218466,0.06827014596001685,0.3606,0.3512174086090165,0.3885078430175781,0.0199,0.0672,1.0,,,,13.277937489625616,,,,
3215,P35557,V,154,V,SYN,,,,,100.0,2.0,6.0,0.7159902463511341,0.05,0.2433923028169816,0.716,0.05,0.7159902463511341,0.05,,0.05,0.035355339059327376,,,,0.716,0.0354,,,,,13.277937489625616,,,,
3216,P35557,V,154,R,NONSYN,0.17643841508486408,-0.1231532772297212,0.07138031700138428,-1.9857333333333334,100.0,2.0,6.0,-0.12324224520998199,0.0987366441605234,0.972110406364409,-0.1232,0.0987366441605234,-0.12324224520998199,0.0987366441605234,,0.0987366441605234,0.06981735063750923,0.0833,0.20651058961229524,0.27363136410713196,-0.1106,0.0676,1.0,,,,13.277937489625616,,,,
3217,P35557,V,154,D,NONSYN,0.27348180848279724,0.002785752608487966,0.07859703447747704,-2.3809,,,,,,,,,,,,,,0.1067,,0.26711857318878174,0.1067,0.2671,1.0,,,,13.277937489625616,,,,
3218,P35557,V,154,F,NONSYN,0.4053248813429461,0.07126191201774089,0.05906402425336416,-0.9184666666666667,100.0,2.0,6.0,-0.0231819453842004,0.13812422765210197,0.9541262936639502,-0.0232,0.13812422765210197,-0.0231819453842004,0.13812422765210197,,0.13812422765210197,0.09766857801895575,0.1665,0.18967026501959164,0.33846136927604675,-0.0086,0.0938,1.0,,,,13.277937489625616,,,,
3219,P35557,V,154,T,NONSYN,0.3185872156759129,0.10972902150145945,0.03890842800835817,-0.1374,100.0,2.0,6.0,0.837005629623774,0.15040071349706,0.1328165727893065,0.837,0.15040071349706,0.837005629623774,0.15040071349706,,0.15040071349706,0.10634936440906621,0.2934,0.5435815597423348,0.36956918239593506,0.7954,0.1022,0.9990000000000001,,,,13.277937489625616,,,,
3220,P35557,V,154,I,NONSYN,0.4306262074024321,0.3855919550697739,0.047462460501308784,-0.1123,100.0,2.0,6.0,-0.289247493293884,0.671385790241622,0.9876604815634015,-0.2892,0.671385790241622,-0.289247493293884,0.671385790241622,,0.671385790241622,0.4747414450721399,0.5878,0.8770955605775144,0.42818623781204224,0.1944,0.318,0.9790000000000001,,,,13.277937489625616,,,,
3221,P35557,V,154,L,NONSYN,0.4667115524229356,0.2780247448544154,0.044549329613595263,-0.29109999999999997,100.0,2.0,6.0,0.33211845956490604,0.118938591884719,0.7519388199737604,0.3321,0.118938591884719,0.33211845956490604,0.118938591884719,,0.118938591884719,0.08410228486646407,0.3815,0.049352071660298424,0.42820069193840027,0.334,0.0825,0.998,,,,13.277937489625616,,,,
3222,P35557,V,154,K,NONSYN,0.1909141340536438,-0.1931808870888014,0.024567534325747337,-1.7571333333333332,100.0,2.0,6.0,-0.162386998558346,0.282415440120277,0.9770245400431662,-0.1624,0.282415440120277,-0.162386998558346,0.282415440120277,,0.282415440120277,0.19969787282083118,0.0778,0.24023462834388373,0.27480053901672363,-0.0794,0.1615,1.0,,,,13.277937489625616,,,,
3223,P35557,V,154,G,NONSYN,0.3807983932718594,-0.0576266526035465,0.048351292329577605,-2.1775333333333333,100.0,2.0,6.0,0.0579949704261214,0.280824784085956,0.9313499051950203,0.058,0.280824784085956,0.0579949704261214,0.280824784085956,,0.280824784085956,0.19857310915242754,0.1067,0.04866152133031781,0.25900998711586,0.076,0.1576,1.0,,,,13.277937489625616,,,,
3224,P35557,V,154,Y,NONSYN,0.33250944557826595,-0.1931808870888014,0.024567534325747337,-1.7571333333333332,100.0,2.0,6.0,-0.12157255986000098,0.465239696734706,0.9718784391945975,-0.1216,0.465239696734706,-0.12157255986000098,0.465239696734706,,0.465239696734706,0.32897414443828343,0.0844,0.2059335468080143,0.27480053901672363,-0.0003,0.2109,1.0,,,,13.277937489625616,,,,
3225,P35557,V,154,N,NONSYN,0.2445312890805706,-0.1278823376636713,0.048348605401875376,-2.1033666666666666,100.0,2.0,6.0,0.0018471110247784,0.0773268706110902,0.9480419672654958,0.0018,0.0773268706110902,0.0018471110247784,0.0773268706110902,,0.0773268706110902,0.054678354577036625,0.0833,0.08142123337753483,0.25900998711586,0.0053,0.0535,1.0,,,,13.277937489625616,,,,
3226,P35557,V,154,C,NONSYN,0.4349501020449153,-0.008585048227130234,0.0496476745764877,-0.9503666666666666,100.0,2.0,6.0,0.21635893535041298,0.19366030808396104,0.8522459366786486,0.2164,0.19366030808396104,0.21635893535041298,0.19366030808396104,,0.19366030808396104,0.1369385170928448,0.1485,0.06787723850631203,0.3177112340927124,0.2057,0.1258,1.0,,,,13.277937489625616,,,,
3227,P35557,V,154,P,NONSYN,0.17175025849116904,-0.22987205650561768,0.07249312722559022,-1.883333333333333,100.0,2.0,6.0,-0.208919944155596,0.0772966238401909,0.981732725216282,-0.2089,0.0772966238401909,-0.208919944155596,0.0772966238401909,,0.0772966238401909,0.054656966880224735,0.0778,0.2867675739411337,0.27651870250701904,-0.1981,0.0536,1.0,,,,13.277937489625616,,,,
3228,P35557,V,154,E,NONSYN,0.32079411141973807,-0.19540294828845609,0.0698246561822173,-1.7854,100.0,2.0,6.0,-0.15572081495938198,0.0535158032005897,0.9762547804148125,-0.1557,0.0535158032005897,-0.15572081495938198,0.0535158032005897,,0.0535158032005897,0.037841387343781716,0.0778,0.2335684447449197,0.28330814838409424,-0.1516,0.0375,1.0,,,,13.277937489625616,,,,
3229,P35557,V,154,M,NONSYN,0.4348220015603004,0.3928469727025036,0.05060104792434226,-0.2969,100.0,2.0,6.0,-0.0123482239793585,0.0614944677442197,0.9515847754483289,-0.0123,0.0614944677442197,-0.0123482239793585,0.0614944677442197,,0.0614944677442197,0.04348315514739516,0.3756,0.3879291606496618,0.3970343768596649,-0.0078,0.0432,1.0,,,,13.277937489625616,,,,
3230,P35557,V,154,W,NONSYN,0.20407639127029992,-0.11264757802540841,0.06893453859317154,-1.7649666666666668,100.0,2.0,6.0,-0.403986925748525,0.0713243099553682,0.9928869779984575,-0.404,0.0713243099553682,-0.403986925748525,0.0713243099553682,,0.0713243099553682,0.050433903232892034,0.0851,0.4890542575394491,0.2853894829750061,-0.3892,0.0497,1.0,,,,13.277937489625616,,,,
3231,P35557,V,154,H,NONSYN,0.2484595230317529,-0.021133387919694064,0.07249173484516468,-2.2815999999999996,100.0,2.0,6.0,-0.0514848236254359,0.162335715849405,0.9601554295875204,-0.0515,0.162335715849405,-0.0514848236254359,0.162335715849405,,0.162335715849405,0.11478868550588678,0.1067,0.15814131538187512,0.2668485939502716,-0.0268,0.1054,1.0,,,,13.277937489625616,,,,
3232,P35557,V,154,Q,NONSYN,0.31633139311143543,-0.24069824642208434,0.06980511729138146,-1.7866,100.0,2.0,6.0,-0.0198349205584972,0.0539726689022161,0.9533556063026039,-0.0198,0.0539726689022161,-0.0198349205584972,0.0539726689022161,,0.0539726689022161,0.038164440179493296,0.0778,0.09768255034403492,0.28330814838409424,-0.0181,0.0378,1.0,,,,13.277937489625616,,,,
3233,P35557,V,154,*,STOP,,,,,100.0,2.0,6.0,0.0004881734415159999,0.05,0.9483919518215734,0.0005,0.05,0.0004881734415159999,0.05,,0.05,0.035355339059327376,,,,0.0005,0.0354,,,,,13.277937489625616,,,,
3234,P35557,R,155,S,NONSYN,0.4030125793742561,0.05186307655137166,0.07080518631822627,-0.8416666666666667,100.0,2.0,6.0,0.17675464792600099,0.19580307701320201,0.8774940517193571,0.1768,0.19580307701320201,0.17675464792600099,0.19580307701320201,,0.19580307701320201,0.13845368353322693,0.1687,0.008083576396612557,0.3335099220275879,0.1756,0.1279,0.9990000000000001,,,,99.89828910365036,,,,
3235,P35557,R,155,A,NONSYN,0.3189859929557896,-0.046404173975323315,0.1019555698948119,-1.0746,100.0,2.0,6.0,0.117980974276901,0.243266951270763,0.9077962198619997,0.118,0.243266951270763,0.117980974276901,0.243266951270763,,0.243266951270763,0.1720157108821339,0.1348,0.016807836929916622,0.29769366979599,0.1222,0.1489,0.9990000000000001,,,,99.89828910365036,,,,
3236,P35557,R,155,V,NONSYN,0.398009908378716,-0.05465070751452269,0.0524365429045269,-1.9711666666666667,100.0,2.0,6.0,0.18434083687015998,0.0952047088867332,0.8729794193433411,0.1843,0.0952047088867332,0.18434083687015998,0.0952047088867332,,0.0952047088867332,0.06731989525470021,0.1053,0.0790537022227906,0.2714728116989136,0.1798,0.0653,0.9990000000000001,,,,99.89828910365036,,,,
3237,P35557,R,155,R,SYN,,,,,100.0,2.0,6.0,0.9270530132455,0.05,0.08022012537068064,0.9271,0.05,0.9270530132455,0.05,,0.05,0.035355339059327376,,,,0.9271,0.0354,,,,,99.89828910365036,,,,
3238,P35557,R,155,D,NONSYN,0.1122725979085614,0.08747802300107181,0.07462181075489653,-1.7069333333333334,100.0,2.0,6.0,0.445192218188608,0.246863999081298,0.6143784224557953,0.4452,0.246863999081298,0.445192218188608,0.246863999081298,,0.246863999081298,0.17455920778121545,0.1857,0.2594683173936251,0.3327915668487549,0.3892,0.1546,1.0,,,,99.89828910365036,,,,
3239,P35557,R,155,F,NONSYN,0.3436253892885596,0.34777016639652536,0.06298703193496204,-2.1555666666666666,100.0,2.0,6.0,0.281322152049518,0.0846972841892236,0.8010984381839864,0.2813,0.0846972841892236,0.281322152049518,0.0846972841892236,,0.0846972841892236,0.059890023998284164,0.3482,0.06689026889088118,0.3645673990249634,0.2831,0.0591,1.0,,,,99.89828910365036,,,,
3240,P35557,R,155,T,NONSYN,0.292232657128476,0.08689897450288636,0.08618482870469159,-1.0614333333333332,100.0,2.0,6.0,-0.281928471157728,0.335539644732945,0.9872141078458285,-0.2819,0.335539644732945,-0.281928471157728,0.335539644732945,,0.335539644732945,0.23726235814759042,0.2053,0.48721798403042393,0.37344199419021606,-0.1418,0.2003,0.9990000000000001,,,,99.89828910365036,,,,
3241,P35557,R,155,I,NONSYN,0.35928103966798514,0.27078747757600835,0.04875883546350556,-2.1296999999999997,100.0,2.0,6.0,0.512270218511069,0.18918929346283603,0.5193064296912757,0.5123,0.18918929346283603,0.512270218511069,0.18918929346283603,,0.18918929346283603,0.13377703233546312,0.3288,0.1834850374655368,0.35315263271331787,0.4892,0.1251,0.9990000000000001,,,,99.89828910365036,,,,
3242,P35557,R,155,L,NONSYN,0.3775202648814329,0.17950653400345665,0.03898871859049262,-1.8647666666666665,100.0,2.0,6.0,-0.33565168899239006,0.18046056666812502,0.9901391570930507,-0.3357,0.18046056666812502,-0.33565168899239006,0.18046056666812502,,0.18046056666812502,0.12760489042779824,0.2681,0.6037103168362469,0.35421204566955566,-0.2663,0.1201,0.9990000000000001,,,,99.89828910365036,,,,
3243,P35557,R,155,K,NONSYN,0.4996982892545154,0.32833130293401597,0.050775180872400294,-0.31583333333333335,100.0,2.0,6.0,-0.567902927155291,0.33788971584593297,0.9966886357502099,-0.5679,0.33788971584593297,-0.567902927155291,0.33788971584593297,,0.33788971584593297,0.23892410936785483,0.5735,1.1413779303977836,0.4422460198402405,-0.31,0.2102,0.963,,,,99.89828910365036,,,,
3244,P35557,R,155,G,NONSYN,0.4710347881166008,0.10416349953955865,0.05279687849216599,-1.865,100.0,2.0,6.0,-0.109622585600696,0.0987572402449478,0.9701600174860544,-0.1096,0.0987572402449478,-0.109622585600696,0.0987572402449478,,0.0987572402449478,0.0698319142684716,0.2057,0.3153320429981569,0.3528490662574768,-0.0977,0.0685,0.9990000000000001,,,,99.89828910365036,,,,
3245,P35557,R,155,Y,NONSYN,0.3907391645635834,0.08127497881697247,0.0920833147727325,-1.6721666666666666,100.0,2.0,6.0,0.463801350740906,0.0924404353998254,0.5886757195985315,0.4638,0.0924404353998254,0.463801350740906,0.0924404353998254,,0.0924404353998254,0.06536525872705351,0.1784,0.2853732670826876,0.3454035520553589,0.4539,0.0642,0.9990000000000001,,,,99.89828910365036,,,,
3246,P35557,R,155,N,NONSYN,0.4070897773431755,0.12341591788696099,0.06667035428607429,-0.6592999999999999,100.0,2.0,6.0,0.243692383293765,0.10854162958582199,0.832269844151801,0.2437,0.10854162958582199,0.243692383293765,0.10854162958582199,,0.10854162958582199,0.07675052232117312,0.2869,0.04321078943763454,0.3626219630241394,0.2455,0.0751,1.0,,,,99.89828910365036,,,,
3247,P35557,R,155,C,NONSYN,0.3945781846907973,0.38009727145631134,0.062147800895387545,-2.1973999999999996,100.0,2.0,6.0,0.11192773374695401,0.12557641305103698,0.9104838405597895,0.1119,0.12557641305103698,0.11192773374695401,0.12557641305103698,,0.12557641305103698,0.08879593322547111,0.3702,0.2582428595147647,0.3671170473098755,0.1262,0.0863,1.0,,,,99.89828910365036,,,,
3248,P35557,R,155,P,NONSYN,0.180066694070857,0.2664569944429393,0.0663492697105078,-1.7161666666666668,100.0,2.0,6.0,-0.0917446961369946,0.28623982414822197,0.9673881418552531,-0.0917,0.28623982414822197,-0.0917446961369946,0.28623982414822197,,0.28623982414822197,0.20240212070085262,0.2875,0.379213546749635,0.3619036376476288,-0.0014,0.1767,1.0,,,,99.89828910365036,,,,
3249,P35557,R,155,E,NONSYN,0.2774716424939038,0.17947600183222234,0.07792408695560181,-0.8858,100.0,2.0,6.0,-0.206084127916551,0.13885476022931198,0.9814763725373183,-0.2061,0.13885476022931198,-0.206084127916551,0.13885476022931198,,0.13885476022931198,0.09818514255817862,0.3111,0.5171916442053084,0.38487666845321655,-0.1745,0.0951,0.995,,,,99.89828910365036,,,,
3250,P35557,R,155,M,NONSYN,0.37044865400284027,0.0042690503483913305,0.10803921812006782,-1.0532666666666668,100.0,2.0,6.0,-0.0340386986942429,0.190218795157095,0.9565398900412476,-0.034,0.190218795157095,-0.0340386986942429,0.190218795157095,,0.190218795157095,0.13450499996471668,0.1269,0.1609852671833176,0.3035814166069031,-0.0076,0.123,1.0,,,,99.89828910365036,,,,
3251,P35557,R,155,W,NONSYN,0.38841440406711497,0.32597773581024897,0.05376396733470228,-2.1376333333333335,100.0,2.0,6.0,0.346699443808347,0.16296032063171698,0.7363060480414535,0.3467,0.16296032063171698,0.346699443808347,0.16296032063171698,,0.16296032063171698,0.11523034778302112,0.3482,0.0015129771320521734,0.3645673990249634,0.3468,0.1099,1.0,,,,99.89828910365036,,,,
3252,P35557,R,155,H,NONSYN,0.3580838527509595,0.12644418241135463,0.04904500494467342,-0.45376666666666665,100.0,2.0,6.0,0.399577233651433,0.14963074926356,0.6741461649321021,0.3996,0.14963074926356,0.399577233651433,0.14963074926356,,0.14963074926356,0.10580491747828726,0.3051,0.09443515882805348,0.3704863488674164,0.3925,0.1017,0.9990000000000001,,,,99.89828910365036,,,,
3253,P35557,R,155,Q,NONSYN,0.3675437003413988,0.14572849634288235,0.05449326712573452,-0.5823,100.0,2.0,6.0,0.34172429185684994,0.11061417354448401,0.7417156884395155,0.3417,0.11061417354448401,0.34172429185684994,0.11061417354448401,,0.11061417354448401,0.07821603220865024,0.321,0.020711318071449547,0.37676119804382324,0.3409,0.0766,0.9990000000000001,,,,99.89828910365036,,,,
3254,P35557,R,155,*,STOP,,,,,100.0,2.0,6.0,-0.19776337077225897,0.05,0.980702645250388,-0.1978,0.05,-0.19776337077225897,0.05,,0.05,0.035355339059327376,,,,-0.1978,0.0354,,,,,99.89828910365036,,,,
3255,P35557,H,156,S,NONSYN,0.4274947371973565,-0.2131798419354409,0.16430765770794886,-0.8565666666666667,100.0,2.0,6.0,0.0396494950144831,0.0950870224983571,0.9373114761498538,0.0396,0.0950870224983571,0.0396494950144831,0.0950870224983571,,0.0950870224983571,0.06723667841142611,0.1319,0.09224244104928338,0.31802287697792053,0.0436,0.0658,1.0,,,,32.87530863025961,,,,
3256,P35557,H,156,A,NONSYN,0.3450641386058211,0.8296129582061065,0.03241401157532459,-1.3736666666666668,100.0,2.0,6.0,-0.0095851861638981,0.19148682386009197,0.9509144941603184,-0.0096,0.19148682386009197,-0.0095851861638981,0.19148682386009197,,0.19148682386009197,0.13540163165934502,0.6845,0.694067701022144,0.4210566282272339,0.0555,0.1289,1.0,,,,32.87530863025961,,,,
3257,P35557,H,156,V,NONSYN,0.3100277196420108,0.11653220511242673,0.03306894617504196,-2.3561,100.0,2.0,6.0,0.11518684487302498,0.10315285500519501,0.9090461301279781,0.1152,0.10315285500519501,0.11518684487302498,0.10315285500519501,,0.10315285500519501,0.07294008327292609,0.1947,0.07951762814562126,0.32070761919021606,0.1191,0.0711,1.0,,,,32.87530863025961,,,,
3258,P35557,H,156,R,NONSYN,0.40896647076546666,-0.27911161421905056,0.1769385447736257,-0.5006666666666667,100.0,2.0,6.0,-0.127888523585681,0.15908906348693302,0.9727457221651594,-0.1279,0.15908906348693302,-0.127888523585681,0.15908906348693302,,0.15908906348693302,0.11249295560422751,0.2151,0.3430172433923522,0.4118186831474304,-0.1041,0.1085,1.0,,,,32.87530863025961,,,,
3259,P35557,H,156,D,NONSYN,0.31424584995616583,-0.11904757112932929,0.035846161632177985,-1.1517666666666666,100.0,2.0,6.0,-0.22446832251887303,0.6716861318088161,0.9830748519423086,-0.2245,0.6716861318088161,-0.22446832251887303,0.6716861318088161,,0.6716861318088161,0.474953818630975,0.1146,0.33903733086924537,0.30125707387924194,0.0173,0.2544,1.0,,,,32.87530863025961,,,,
3260,P35557,H,156,F,NONSYN,0.4107279990990593,-0.13110709607093504,0.16633213514895814,-1.2622333333333333,100.0,2.0,6.0,-0.237524428872437,0.0626270524501518,0.9841232736339887,-0.2375,0.0626270524501518,-0.237524428872437,0.0626270524501518,,0.0626270524501518,0.04428401347322792,0.1177,0.35519705107626387,0.3136197626590729,-0.2306,0.0438,1.0,,,,32.87530863025961,,,,
3261,P35557,H,156,T,NONSYN,0.34470915542349684,-0.15719264585173606,0.16528621826578924,-1.2422333333333333,100.0,2.0,6.0,-0.159267779530034,0.10082341950899601,0.9766675820997984,-0.1593,0.10082341950899601,-0.159267779530034,0.10082341950899601,,0.10082341950899601,0.07129292363722713,0.1177,0.2769404017338609,0.3136197626590729,-0.1457,0.0695,1.0,,,,32.87530863025961,,,,
3262,P35557,H,156,I,NONSYN,0.4064210844894963,0.08675854422555673,0.03905351144399343,-2.3591,100.0,2.0,6.0,0.204507827533635,0.0535847320242746,0.8602447810425597,0.2045,0.0535847320242746,0.204507827533635,0.0535847320242746,,0.0535847320242746,0.03789012738242852,0.1691,0.035452276243122915,0.30358606576919556,0.204,0.0376,1.0,,,,32.87530863025961,,,,
3263,P35557,H,156,L,NONSYN,0.37474439086043504,0.043181875551464334,0.03989756150605365,-2.1879333333333335,100.0,2.0,6.0,0.0919421774090075,0.11405434743506401,0.9188399098926152,0.0919,0.11405434743506401,0.0919421774090075,0.11405434743506401,,0.11405434743506401,0.08064860249514028,0.1146,0.022612376815006788,0.263060599565506,0.0939,0.0771,1.0,,,,32.87530863025961,,,,
3264,P35557,H,156,K,NONSYN,0.3667056690225641,-0.07026671026154883,0.16109273370417787,-0.8806333333333333,100.0,2.0,6.0,-0.389089900007193,0.16694914606842098,0.9923648842248041,-0.3891,0.16694914606842098,-0.389089900007193,0.16694914606842098,,0.16694914606842098,0.11805087329828391,0.1607,0.549814837922995,0.3828699588775635,-0.3414,0.1128,1.0,,,,32.87530863025961,,,,
3265,P35557,H,156,G,NONSYN,0.2666216007931661,-0.011518195859958802,0.042284909051317994,-1.8095333333333334,100.0,2.0,6.0,-0.190149045752267,0.123048130633878,0.9799655357634074,-0.1901,0.123048130633878,-0.190149045752267,0.123048130633878,,0.123048130633878,0.08700816758354328,0.1067,0.2968055375087062,0.2731638550758362,-0.1628,0.0829,1.0,,,,32.87530863025961,,,,
3266,P35557,H,156,Y,NONSYN,0.3971056557325536,-0.01208899017985468,0.17864924566147436,-0.05406666666666666,100.0,2.0,6.0,-0.0431456086245573,0.7434296278904821,0.958466389054559,-0.0431,0.7434296278904821,-0.0431456086245573,0.7434296278904821,,0.7434296278904821,0.5256841312163515,0.2405,0.28365696640882854,0.39640113711357117,0.1377,0.3165,1.0,,,,32.87530863025961,,,,
3267,P35557,H,156,N,NONSYN,0.4170819178402928,0.11428368673519355,0.18233378200829828,0.08810000000000001,100.0,2.0,6.0,-0.422263639369702,0.727149654525625,0.9934770767231712,-0.4223,0.727149654525625,-0.422263639369702,0.727149654525625,,0.727149654525625,0.5141724516525247,0.2881,0.7104089430958983,0.42578303813934326,-0.0008,0.3279,1.0,,,,32.87530863025961,,,,
3268,P35557,H,156,C,NONSYN,0.3215631552657849,0.13721228327188917,0.03838419030066242,-2.231333333333333,100.0,2.0,6.0,0.0531466103946377,0.0616788127751272,0.9329769944512577,0.0531,0.0616788127751272,0.0531466103946377,0.0616788127751272,,0.0616788127751272,0.043613506768827894,0.242,0.18881889210589636,0.33922919631004333,0.0562,0.0433,1.0,,,,32.87530863025961,,,,
3269,P35557,H,156,P,NONSYN,0.3372425756544121,0.8316518642040137,0.038245553800613764,-1.7345333333333333,100.0,2.0,6.0,0.0740296796675981,0.11319101537752099,0.9256917047702847,0.074,0.11319101537752099,0.0740296796675981,0.11319101537752099,,0.11319101537752099,0.08003813454283587,0.6909,0.6169065281037032,0.42365768551826477,0.0953,0.0786,1.0,,,,32.87530863025961,,,,
3270,P35557,H,156,E,NONSYN,0.22798112642128554,-0.15910964285946363,0.058794788762708584,-0.7021666666666667,100.0,2.0,6.0,-0.0259813032802566,0.0831374634520419,0.9547611265192922,-0.026,0.0831374634520419,-0.0259813032802566,0.0831374634520419,,0.0831374634520419,0.05878706417758758,0.1909,0.2169116101917251,0.3463021516799927,-0.0199,0.058,1.0,,,,32.87530863025961,,,,
3271,P35557,H,156,M,NONSYN,0.34585524966568515,-0.045360650384260674,0.0556991188568823,-1.5882666666666667,100.0,2.0,6.0,2.8856310830207903,0.0694587432596784,4.2134462536659515e-08,2.8856,0.0694587432596784,2.8856310830207903,0.0694587432596784,,0.0694587432596784,0.04911474837161399,0.1269,2.7586845145317156,0.2902982831001282,2.8089,0.0484,1.0,,,,32.87530863025961,,,,
3272,P35557,H,156,W,NONSYN,0.3935142425056496,0.9231705723120406,0.04267289370568473,-1.7288,100.0,2.0,6.0,-0.200526444656482,0.0797724480731019,0.980963191879562,-0.2005,0.0797724480731019,-0.200526444656482,0.0797724480731019,,0.0797724480731019,0.05640763898434208,0.7276,0.9280821964570192,0.42365768551826477,-0.1844,0.0559,1.0,,,,32.87530863025961,,,,
3273,P35557,H,156,H,SYN,,,,,100.0,2.0,6.0,1.5658885925147,0.05,0.0012287724015533112,1.5659,0.05,1.5658885925147,0.05,,0.05,0.035355339059327376,,,,1.5659,0.0354,,,,,32.87530863025961,,,,
3274,P35557,H,156,Q,NONSYN,0.3372315255555827,-0.19776592385998013,0.2479632098409477,0.006400000000000017,100.0,2.0,6.0,0.513885192415819,0.142912572433511,0.5169553312395143,0.5139,0.142912572433511,0.513885192415819,0.142912572433511,,0.142912572433511,0.10105444908454927,0.2603,0.25359284116993885,0.47061148285865784,0.5027,0.0988,1.0,,,,32.87530863025961,,,,
3275,P35557,H,156,*,STOP,,,,,100.0,2.0,6.0,0.0306143136739324,0.05,0.940058839969805,0.0306,0.05,0.0306143136739324,0.05,,0.05,0.035355339059327376,,,,0.0306,0.0354,,,,,32.87530863025961,H,158.0,,
3276,P35557,E,157,S,NONSYN,0.4382670271083193,0.3591694266245939,0.09866160276061249,-0.6747666666666666,100.0,2.0,6.0,0.10024299342936,0.0766156167594,0.915463553116699,0.1002,0.0766156167594,0.10024299342936,0.0766156167594,,0.0766156167594,0.05417542215536143,0.4229,0.32270149271184484,0.4382266104221344,0.1051,0.0538,0.996,,,,107.48861850738828,,,,
3277,P35557,E,157,A,NONSYN,0.4725389201357859,0.013418081615925578,0.05620006133559269,-0.8022,100.0,2.0,6.0,0.141472952655372,0.238800241687858,0.8966314751604032,0.1415,0.238800241687858,0.141472952655372,0.238800241687858,,0.238800241687858,0.16885727024647085,0.167,0.02548183293003145,0.3313513994216919,0.1467,0.1504,0.995,,,,107.48861850738828,,,,
3278,P35557,E,157,V,NONSYN,0.5148579282991502,0.3352621824548854,0.08735600867177895,-1.6669666666666665,100.0,2.0,6.0,0.35349603952344605,0.0480273620994798,0.7287903283666455,0.3535,0.0480273620994798,0.35349603952344605,0.0480273620994798,,0.0480273620994798,0.03396047342304395,0.3866,0.033114826069510495,0.42726337909698486,0.3537,0.0339,0.998,,,,107.48861850738828,,,,
3279,P35557,E,157,R,NONSYN,0.4513055748960305,0.4157540969282973,0.11225227813719256,-0.7211333333333333,100.0,2.0,6.0,-0.0282810582557383,0.0736833621086745,0.9552761033605849,-0.0283,0.0736833621086745,-0.0282810582557383,0.0736833621086745,,0.0736833621086745,0.052102005007667644,0.4118,0.44011657971531776,0.4637300968170166,-0.0228,0.0518,0.9990000000000001,,,,107.48861850738828,,,,
3280,P35557,E,157,D,NONSYN,0.4800060668498122,0.04339793991130734,0.03818045119925314,-0.020166666666666666,100.0,2.0,6.0,0.27279022389998203,0.415917422683367,0.8085504027252309,0.2728,0.415917422683367,0.27279022389998203,0.415917422683367,,0.415917422683367,0.29409802999304036,0.2673,0.005446583572528418,0.34907078742980957,0.2705,0.2249,0.9640000000000001,,,,107.48861850738828,,,,
3281,P35557,E,157,F,NONSYN,0.4134101209643438,0.864185030719402,0.08689265505701092,-2.4431333333333334,100.0,2.0,6.0,0.7372877382596551,0.0392087894808182,0.22036178864835462,0.7373,0.0392087894808182,0.7372877382596551,0.0392087894808182,,0.0392087894808182,0.02772480092400232,0.7769,0.039635560576099294,0.43074604868888855,0.7375,0.0277,1.0,,,,107.48861850738828,,,,
3282,P35557,E,157,T,NONSYN,0.4070866311137473,0.09994443136192889,0.09677294880041766,-0.9768666666666667,100.0,2.0,6.0,0.247542378838665,0.13787289694357,0.8292795044663364,0.2475,0.13787289694357,0.247542378838665,0.13787289694357,,0.13787289694357,0.09749086037063236,0.2348,0.01275726908028793,0.37661194801330566,0.2467,0.0944,0.9990000000000001,,,,107.48861850738828,,,,
3283,P35557,E,157,I,NONSYN,0.377366298627538,0.9920260728513695,0.08091102236677307,-2.3962999999999997,100.0,2.0,6.0,0.948490420347178,0.15269552503203102,0.07077938380107912,0.9485,0.15269552503203102,0.948490420347178,0.15269552503203102,,0.15269552503203102,0.10797204120698933,0.824,0.12449828720661404,0.40621569752693176,0.9403,0.1043,0.9990000000000001,,,,107.48861850738828,,,,
3284,P35557,E,157,L,NONSYN,0.4309220950052253,0.8271342414745521,0.0539711183920592,-2.375633333333333,100.0,2.0,6.0,1.4431659144776299,0.29786362302881103,0.0028840065060250666,1.4432,0.29786362302881103,1.4431659144776299,0.29786362302881103,,0.29786362302881103,0.21062138771246575,0.7742,0.6689866942780449,0.4036778211593628,1.3,0.1867,0.9990000000000001,,,,107.48861850738828,,,,
3285,P35557,E,157,K,NONSYN,0.4890082107053284,0.4020107771862933,0.09878560633655577,-0.6217666666666667,100.0,2.0,6.0,-0.13357467179355498,0.117384394966616,0.9735032352582711,-0.1336,0.117384394966616,-0.13357467179355498,0.117384394966616,,0.117384394966616,0.08300330168637421,0.3732,0.506769604731177,0.41122573614120483,-0.1137,0.0814,1.0,,,,107.48861850738828,,,,
3286,P35557,E,157,G,NONSYN,0.4522640708552875,0.8259510541851268,0.028932141011725542,-1.9225,100.0,2.0,6.0,0.0268015713896494,0.15405201101425,0.9411824935593669,0.0268,0.15405201101425,0.0268015713896494,0.15405201101425,,0.15405201101425,0.10893122164360088,0.7613,0.7344892172608632,0.41248947381973267,0.0747,0.1053,1.0,,,,107.48861850738828,,,,
3287,P35557,E,157,Y,NONSYN,0.4671477233180428,0.8061526354048191,0.08684938539608282,-2.2137666666666664,100.0,2.0,6.0,1.33201354674308,0.0724472500599118,0.0061426947850980506,1.332,0.0724472500599118,1.33201354674308,0.0724472500599118,,0.0724472500599118,0.051227941795681145,0.7286,0.6033709042450637,0.4328821897506714,1.3237,0.0509,1.0,,,,107.48861850738828,,,,
3288,P35557,E,157,N,NONSYN,0.4945297857128286,0.4522527830127639,0.0908815149484044,-0.6558999999999999,100.0,2.0,6.0,-0.17900707573514998,0.180038525130008,0.9788345130367849,-0.179,0.180038525130008,-0.17900707573514998,0.180038525130008,,0.180038525130008,0.1273064619942533,0.4454,0.6244169101200682,0.45134276151657104,-0.133,0.1225,0.997,,,,107.48861850738828,,,,
3289,P35557,E,157,C,NONSYN,0.4263241553322161,0.7937841366902276,0.07962670157231731,-2.5622,100.0,2.0,6.0,0.486959908496216,0.0544984447957415,0.5558797788887431,0.487,0.0544984447957415,0.486959908496216,0.0544984447957415,,0.0544984447957415,0.03853621987918952,0.731,0.24406870793215923,0.41766121983528137,0.489,0.0384,1.0,,,,107.48861850738828,,,,
3290,P35557,E,157,P,NONSYN,0.2784783599621833,0.24750379033916103,0.06597184527930844,-1.2109666666666667,100.0,2.0,6.0,0.186641399686153,0.325753391186786,0.8715810463139169,0.1866,0.325753391186786,0.186641399686153,0.325753391186786,,0.325753391186786,0.23034243190269046,0.333,0.14634376304883234,0.37260866165161133,0.2271,0.1959,0.992,,,,107.48861850738828,,,,
3291,P35557,E,157,E,SYN,,,,,100.0,2.0,6.0,0.381523211395354,0.05,0.6962995854403051,0.3815,0.05,0.381523211395354,0.05,,0.05,0.035355339059327376,,,,0.3815,0.0354,,,,,107.48861850738828,,,,
3292,P35557,E,157,M,NONSYN,0.4318399535430367,0.5707703858853918,0.04169149503530036,-1.9440333333333335,100.0,2.0,6.0,0.792343576288854,0.0866718325174029,0.1679192798233591,0.7923,0.0866718325174029,0.792343576288854,0.0866718325174029,,0.0866718325174029,0.061286240510920305,0.6199,0.1724707678324331,0.42405351996421814,0.7888,0.0607,0.998,,,,107.48861850738828,,,,
3293,P35557,E,157,W,NONSYN,0.3886512979012191,1.042981357694821,0.07943410632621802,-2.4843333333333333,100.0,2.0,6.0,0.20089875733339801,0.154490587942318,0.8626038142911372,0.2009,0.154490587942318,0.20089875733339801,0.154490587942318,,0.154490587942318,0.10924134236350971,0.8086,0.6077405306152104,0.41232219338417053,0.2408,0.1056,1.0,,,,107.48861850738828,,,,
3294,P35557,E,157,H,NONSYN,0.3874690850586482,-0.03568171352050943,0.04927984775975865,-0.6659666666666667,100.0,2.0,6.0,1.28479641386467,0.370635811929508,0.008425454468995099,1.2848,0.370635811929508,1.28479641386467,0.370635811929508,,0.370635811929508,0.262079095965937,0.2201,1.0647086174150087,0.35183632373809814,0.9048,0.2102,1.0,,,,107.48861850738828,,,,
3295,P35557,E,157,Q,NONSYN,0.4979236622050323,0.07981951517859569,0.10345056559769027,-0.02876666666666668,100.0,2.0,6.0,0.163525498098117,0.0811812444774786,0.8850205185314952,0.1635,0.0811812444774786,0.163525498098117,0.0811812444774786,,0.0811812444774786,0.05740380847518808,0.2567,0.09312471132876288,0.37282758951187134,0.1657,0.0567,1.0,,,,107.48861850738828,,,,
3296,P35557,E,157,*,STOP,,,,,100.0,2.0,6.0,-0.11686247863626101,0.05,0.971213452125866,-0.1169,0.05,-0.11686247863626101,0.05,,0.05,0.035355339059327376,,,,-0.1169,0.0354,,,,,107.48861850738828,,,,
3297,P35557,D,158,S,NONSYN,0.3690767940714815,0.28083487004871194,0.044566493519858946,-0.9239999999999999,100.0,2.0,6.0,0.9826709666470229,0.117754801442123,0.057769876923126885,0.9827,0.117754801442123,0.9826709666470229,0.117754801442123,,0.117754801442123,0.0832652186170006,0.595,0.3876286187390029,0.433748722076416,0.9689,0.0818,0.904,,,,65.09224746881812,,,,
3298,P35557,D,158,A,NONSYN,0.4216252277516441,0.132953165863705,0.06874021255590355,-1.4927333333333335,100.0,2.0,6.0,1.7058642521836498,0.21173575864089605,0.00045418634470192784,1.7059,0.21173575864089605,1.7058642521836498,0.21173575864089605,,0.21173575864089605,0.14971979075465572,0.4279,1.277954937551234,0.4211590588092804,1.5625,0.1411,0.934,,,,65.09224746881812,,,,
3299,P35557,D,158,V,NONSYN,0.4506084315132353,0.05983476136988266,0.1133098641743962,-2.6115333333333335,100.0,2.0,6.0,-0.268935540040493,0.18303533456112697,0.9863800707054311,-0.2689,0.18303533456112697,-0.268935540040493,0.18303533456112697,,0.18303533456112697,0.12942552626492132,0.1527,0.4215944495997429,0.3607020378112793,-0.2208,0.1218,0.9840000000000001,,,,65.09224746881812,,,,
3300,P35557,D,158,R,NONSYN,0.35823216117602164,0.6304624663141128,0.08319234328857338,-1.472133333333333,100.0,2.0,6.0,0.21333635083242602,0.0728597736353958,0.8543231752769789,0.2133,0.0728597736353958,0.21333635083242602,0.0728597736353958,,0.0728597736353958,0.051519640013305196,0.675,0.4616739130874043,0.43135958909988403,0.2198,0.0512,0.996,,,,65.09224746881812,,,,
3301,P35557,D,158,D,SYN,,,,,,,,,,,,,,,,,,,,,,,,,,,65.09224746881812,,,,
3302,P35557,D,158,F,NONSYN,0.29646296686588297,0.05367604624924999,0.10160902019619433,-2.6194333333333333,100.0,2.0,6.0,-0.250459394678595,0.28065479812345,0.9850960591047435,-0.2505,0.28065479812345,-0.250459394678595,0.28065479812345,,0.28065479812345,0.19845291092563302,0.1146,0.3650139489026093,0.29584723711013794,-0.1372,0.1648,1.0,,,,65.09224746881812,,,,
3303,P35557,D,158,T,NONSYN,0.33041122774515563,0.3844868893718751,0.04460551608938985,-1.1000666666666665,100.0,2.0,6.0,0.152516702439817,0.0904325970456305,0.8909591162247344,0.1525,0.0904325970456305,0.152516702439817,0.0904325970456305,,0.0904325970456305,0.06394550261127586,0.6602,0.5076604091858544,0.446092426776886,0.1627,0.0633,0.893,,,,65.09224746881812,,,,
3304,P35557,D,158,I,NONSYN,0.3169485018080975,-0.009624043452346557,0.06234019669758826,-2.7128666666666668,100.0,2.0,6.0,-0.14497005502090196,0.0911794506318876,0.9749574467220307,-0.145,0.0911794506318876,-0.14497005502090196,0.0911794506318876,,0.0911794506318876,0.06447360784667176,0.1144,0.25941878119811757,0.2731199860572815,-0.1313,0.0627,0.998,,,,65.09224746881812,,,,
3305,P35557,D,158,L,NONSYN,0.37713817620354506,-0.03433427374335534,0.06398252329385205,-2.7055000000000002,100.0,2.0,6.0,-0.0708393641478756,0.0676709338486988,0.9638146783790087,-0.0708,0.0676709338486988,-0.0708393641478756,0.0676709338486988,,0.0676709338486988,0.04785057621364119,0.1053,0.176126498795245,0.2690693736076355,-0.0654,0.0471,0.998,,,,65.09224746881812,,,,
3306,P35557,D,158,K,NONSYN,0.3517044245741117,0.5527227333803072,0.05025336344204124,-0.8664,100.0,2.0,6.0,0.167007376652237,0.0644987270897122,0.8830815025929866,0.167,0.0644987270897122,0.167007376652237,0.0644987270897122,,0.0644987270897122,0.045607487303035966,0.6142,0.447237442035202,0.4414798617362976,0.1717,0.0454,0.996,,,,65.09224746881812,,,,
3307,P35557,D,158,G,NONSYN,0.41616550742326497,0.8263357468853543,0.0652314408932517,-1.2674333333333332,100.0,2.0,6.0,0.36582700543079205,0.0898398665520964,0.7147889208424207,0.3658,0.0898398665520964,0.36582700543079205,0.0898398665520964,,0.0898398665520964,0.06352637885988185,0.8719,0.506112474873926,0.4078614413738251,0.3778,0.0628,0.836,,,,65.09224746881812,,,,
3308,P35557,D,158,Y,NONSYN,0.4224113195979475,-0.13344467658739134,0.11370871074627299,-2.560966666666667,100.0,2.0,6.0,-0.0630159038054126,0.6576962330377399,0.9623780647115914,-0.063,0.6576962330377399,-0.0630159038054126,0.6576962330377399,,0.6576962330377399,0.4650614663418337,0.0833,0.14628424820772584,0.2947961091995239,0.0413,0.249,1.0,,,,65.09224746881812,,,,
3309,P35557,D,158,N,NONSYN,0.4295009636980524,0.6259560914979685,0.0547886659395393,-0.2961,100.0,2.0,6.0,0.165280740248954,0.7637211321212259,0.8840467447678381,0.1653,0.7637211321212259,0.165280740248954,0.7637211321212259,,0.7637211321212259,0.540032391458386,0.8595,0.6942652654769066,0.41947340965270996,0.5983,0.3313,0.019,,,,65.09224746881812,,,,
3310,P35557,D,158,C,NONSYN,0.3461355508488411,-0.16158165306975686,0.05076907479700581,-2.7265333333333337,100.0,2.0,6.0,0.31090277383132897,0.178527626017469,0.7734746017029497,0.3109,0.178527626017469,0.31090277383132897,0.178527626017469,,0.178527626017469,0.12623809498608823,0.084,0.22689261982246361,0.26338931918144226,0.2685,0.1138,0.998,,,,65.09224746881812,,,,
3311,P35557,D,158,P,NONSYN,0.2905290433283012,0.7616758694822893,0.05686816123648305,-1.4699,100.0,2.0,6.0,-0.180303858672103,0.267720291655031,0.9789694472278155,-0.1803,0.267720291655031,-0.180303858672103,0.267720291655031,,0.267720291655031,0.18930683369051265,0.7805,0.9607670773610678,0.4223988354206085,-0.0196,0.1728,0.966,,,,65.09224746881812,,,,
3312,P35557,D,158,E,NONSYN,0.4869275421620544,0.40094088478575984,0.1833552604396851,-0.3505,100.0,2.0,6.0,0.84032636038558,0.17932540971669603,0.13046181278101648,0.8403,0.17932540971669603,0.84032636038558,0.17932540971669603,,0.17932540971669603,0.12680221324973176,0.7135,0.1268693720509242,0.5270050764083862,0.8334,0.1233,0.613,,,,65.09224746881812,,,,
3313,P35557,D,158,M,NONSYN,0.2886817698329022,-0.19413694617483354,0.17397850830868147,-2.5042666666666666,100.0,2.0,6.0,0.119060904956914,0.347080720848644,0.907308807024597,0.1191,0.347080720848644,0.119060904956914,0.347080720848644,,0.347080720848644,0.24542313133119129,0.0901,0.028994173980809265,0.3218499422073364,0.1084,0.1952,1.0,,,,65.09224746881812,,,,
3314,P35557,D,158,W,NONSYN,0.2933207242208761,0.03169778488751714,0.049869363093832504,-2.7770999999999995,100.0,2.0,6.0,-0.200479419410768,0.0604921376566654,0.9809587879425845,-0.2005,0.0604921376566654,-0.200479419410768,0.0604921376566654,,0.0604921376566654,0.04277440074549821,0.1067,0.3071359111672072,0.26338931918144226,-0.1926,0.0422,1.0,,,,65.09224746881812,,,,
3315,P35557,D,158,H,NONSYN,0.4359397753198172,0.22845036150761533,0.033672723899577366,-1.1262,100.0,2.0,6.0,0.6206262860325961,0.153565783176211,0.3632768149781023,0.6206,0.153565783176211,0.6206262860325961,0.153565783176211,,0.153565783176211,0.10858740664212183,0.2929,0.32769675588885827,0.3687419593334198,0.5945,0.1042,0.998,,,,65.09224746881812,,,,
3316,P35557,D,158,Q,NONSYN,0.3596090029508326,0.5901015431106186,0.04807906036553522,-0.9040333333333331,100.0,2.0,6.0,0.0548709474613027,0.0894905952884721,0.9324026512382486,0.0549,0.0894905952884721,0.0548709474613027,0.0894905952884721,,0.0894905952884721,0.06327940678089952,0.698,0.643080727000062,0.42991578578948975,0.0685,0.0626,0.9890000000000001,,,,65.09224746881812,,,,
3317,P35557,D,158,*,STOP,,,,,100.0,2.0,6.0,-0.0893724067540175,0.05,0.9670012432745589,-0.0894,0.05,-0.0893724067540175,0.05,,0.05,0.035355339059327376,,,,-0.0894,0.0354,,,,,65.09224746881812,,,,
3318,P35557,I,159,S,NONSYN,0.3569880228913576,-0.16951169109137024,0.13030408302158064,-2.078,100.0,2.0,6.0,-0.08959776773004699,0.075269787992251,0.9670381961675414,-0.0896,0.075269787992251,-0.08959776773004699,0.075269787992251,,0.075269787992251,0.053223777507794445,0.1187,0.2083239616349237,0.30413150787353516,-0.0834,0.0524,0.945,,,,27.036262626353153,,,,
3319,P35557,I,159,A,NONSYN,0.28919971369701003,-0.07848833005892732,0.0910456225078603,-1.0550333333333333,100.0,2.0,6.0,-0.0964390530049839,0.0869106701021835,0.9681402831598063,-0.0964,0.0869106701021835,-0.0964390530049839,0.0869106701021835,,0.0869106701021835,0.061455124186720875,0.1479,0.24437441367507362,0.33406171202659607,-0.0884,0.0604,0.569,,,,27.036262626353153,,,,
3320,P35557,I,159,V,NONSYN,0.5093217990682584,0.2579657651932277,0.14353227324685972,0.12380000000000002,100.0,2.0,6.0,-0.0750280819879892,0.0718861892962007,0.9645610156095958,-0.075,0.0718861892962007,-0.0750280819879892,0.0718861892962007,,0.0718861892962007,0.050831211925003325,0.6548,0.7298719488130929,0.5064998865127563,-0.0678,0.0506,0.008,,,,27.036262626353153,,,,
3321,P35557,I,159,R,NONSYN,0.3272410050264404,-0.2560687598018663,0.1058464600753941,-2.2922666666666665,100.0,2.0,6.0,-0.17120366164025,0.0895201628587589,0.9780036082246636,-0.1712,0.0895201628587589,-0.17120366164025,0.0895201628587589,,0.0895201628587589,0.06330031421035252,0.1201,0.2912554926472538,0.2888924181461334,-0.1579,0.0618,0.9,,,,27.036262626353153,,,,
3322,P35557,I,159,D,NONSYN,0.16544784150713826,-0.0908692832335517,0.10523860832073899,-2.5876333333333332,100.0,2.0,6.0,-0.45677789362582,0.132881768448642,0.9944561913394181,-0.4568,0.132881768448642,-0.45677789362582,0.132881768448642,,0.132881768448642,0.09396159956609536,0.0995,0.5563216737142447,0.2947961091995239,-0.4055,0.0895,0.986,,,,27.036262626353153,,,,
3323,P35557,I,159,F,NONSYN,0.4538389948012209,-0.07848833005892733,0.0910456225078603,-1.0550333333333333,100.0,2.0,6.0,0.14195245769569598,0.27810951339345197,0.8963909755176972,0.142,0.27810951339345197,0.14195245769569598,0.27810951339345197,,0.27810951339345197,0.19665312283300085,0.2292,0.08729207250526227,0.37344199419021606,0.1609,0.174,0.627,,,,27.036262626353153,,,,
3324,P35557,I,159,T,NONSYN,0.4688475184602092,-0.10123369208809933,0.10208335867436637,-0.9611333333333333,100.0,2.0,6.0,0.210188543783212,0.19741879371737397,0.8564592958659919,0.2102,0.19741879371737397,0.210188543783212,0.19741879371737397,,0.19741879371737397,0.1395961677712233,0.1717,0.0384792148933652,0.35219496488571167,0.205,0.1298,0.42,,,,27.036262626353153,,,,
3325,P35557,I,159,I,SYN,,,,,100.0,2.0,6.0,1.5158648742845902,0.05,0.0017437193540320904,1.5159,0.05,1.5158648742845902,0.05,,0.05,0.035355339059327376,,,,1.5159,0.0354,,,,,27.036262626353153,,,,
3326,P35557,I,159,L,NONSYN,0.4687676623700352,-0.10020683990426142,0.14096259453616847,0.3612333333333333,100.0,2.0,6.0,0.9994897333044781,0.135376185137204,0.052200498920206784,0.9995,0.135376185137204,0.9994897333044781,0.135376185137204,,0.135376185137204,0.09572541852168245,0.3315,0.668009558047749,0.4093822240829468,0.9649,0.0932,0.0,,,,27.036262626353153,,,,
3327,P35557,I,159,K,NONSYN,0.25092304942959986,-0.07905127898484084,0.10235013945945194,-2.1344,100.0,2.0,6.0,-0.31749824019119105,0.36478859579978706,0.9892374859130028,-0.3175,0.36478859579978706,-0.31749824019119105,0.36478859579978706,,0.36478859579978706,0.2579444897895479,0.1299,0.44738230438873133,0.28854823112487793,-0.1188,0.1923,0.401,,,,27.036262626353153,,,,
3328,P35557,I,159,G,NONSYN,0.2286457322751229,-0.268574587639625,0.10787391339540847,-2.4901666666666666,100.0,2.0,6.0,0.0763380195923999,0.0868819153038387,0.92484097576221,0.0763,0.0868819153038387,0.0763380195923999,0.0868819153038387,,0.0868819153038387,0.06143479147381962,0.0979,0.021537575500373538,0.28451234102249146,0.0773,0.0601,0.958,,,,27.036262626353153,,,,
3329,P35557,I,159,Y,NONSYN,0.13155243779361564,-0.027605101074791288,0.054129421017907686,-1.0679999999999998,100.0,2.0,6.0,-0.249088739957392,0.32252296883104103,0.9849959570481213,-0.2491,0.32252296883104103,-0.249088739957392,0.32252296883104103,,0.32252296883104103,0.22805817834884662,0.2131,0.46221474369961,0.3586851954460144,-0.116,0.1925,0.514,,,,27.036262626353153,,,,
3330,P35557,I,159,N,NONSYN,0.35592577166482897,-0.20613202424236635,0.13606499518109036,-2.2975999999999996,100.0,2.0,6.0,-0.311921366870101,0.161599372860073,0.9889436207878842,-0.3119,0.161599372860073,-0.311921366870101,0.161599372860073,,0.161599372860073,0.11426801238485094,0.1023,0.4141841320392447,0.29927945137023926,-0.2592,0.1068,0.981,,,,27.036262626353153,,,,
3331,P35557,I,159,C,NONSYN,0.3956709195432079,-0.0451130830597213,0.09145390767242695,-1.1501666666666666,100.0,2.0,6.0,-0.196564794002602,0.0788178359559351,0.9805884884294943,-0.1966,0.0788178359559351,-0.196564794002602,0.0788178359559351,,0.0788178359559351,0.05573262628289059,0.1374,0.3339715902195667,0.332816481590271,-0.1875,0.055,0.996,,,,27.036262626353153,,,,
3332,P35557,I,159,P,NONSYN,0.14199266304317096,-0.2660828858566557,0.10571118810211105,-2.2159,100.0,2.0,6.0,-0.0461170038716028,0.126514289866866,0.9590762929472917,-0.0461,0.126514289866866,-0.0461170038716028,0.126514289866866,,0.126514289866866,0.08945911228186146,0.0941,0.14024006934325198,0.28226056694984436,-0.0333,0.0853,0.986,,,,27.036262626353153,,,,
3333,P35557,I,159,E,NONSYN,0.17211454446743213,-0.2977643123914154,0.10372787850016162,-2.2968999999999995,100.0,2.0,6.0,-0.037024502422954,0.40705053709277206,0.9571811608293146,-0.037,0.40705053709277206,-0.037024502422954,0.40705053709277206,,0.40705053709277206,0.2878281950639254,0.1106,0.14761105623498097,0.283311665058136,0.0379,0.2019,0.9440000000000001,,,,27.036262626353153,,,,
3334,P35557,I,159,M,NONSYN,0.42718435575891617,0.35547136967072834,0.07484771099957803,0.4004666666666667,100.0,2.0,6.0,-0.367544895420491,0.524552789906942,0.9915380926396434,-0.3675,0.524552789906942,-0.367544895420491,0.524552789906942,,0.524552789906942,0.37091483483352106,0.6724,1.0399324953655593,0.39969879388809204,0.1136,0.2719,0.562,,,,27.036262626353153,,,,
3335,P35557,I,159,W,NONSYN,0.174286826410949,-0.11259166329329717,0.1264997575660341,-2.117266666666666,100.0,2.0,6.0,-0.216877087265822,0.18327913826033201,0.9824327386867433,-0.2169,0.18327913826033201,-0.216877087265822,0.18327913826033201,,0.18327913826033201,0.12959792151390756,0.0923,0.30917443266567857,0.28226056694984436,-0.163,0.1178,0.997,,,,27.036262626353153,,,,
3336,P35557,I,159,H,NONSYN,0.28548817071874943,-0.17338317697776837,0.10536137723055346,-2.3060999999999994,100.0,2.0,6.0,-0.4101679086638951,0.39942745666712703,0.9930925413964953,-0.4102,0.39942745666712703,-0.4101679086638951,0.39942745666712703,,0.39942745666712703,0.2824378632014214,0.0886,0.49880776404872174,0.28226056694984436,-0.1606,0.1997,0.991,,,,27.036262626353153,,,,
3337,P35557,I,159,Q,NONSYN,0.19562317673292887,-0.19349744377620529,0.10073833753496335,-2.121633333333333,100.0,2.0,6.0,0.0258402541829023,0.3727771596955471,0.9414625260250408,0.0258,0.3727771596955471,0.0258402541829023,0.3727771596955471,,0.3727771596955471,0.2635932574921819,0.0979,0.07203534090987114,0.27926105260849,0.0598,0.1917,0.966,,,,27.036262626353153,,,,
3338,P35557,I,159,*,STOP,,,,,100.0,2.0,6.0,0.0100715921881425,0.05,0.9458731922081556,0.0101,0.05,0.0100715921881425,0.05,,0.05,0.035355339059327376,,,,0.0101,0.0354,,,,,27.036262626353153,C,162.0,,
3339,P35557,D,160,S,NONSYN,0.3690767940714815,-0.21597341921524268,0.09862072125343725,-0.9924,100.0,2.0,6.0,0.31088918144054806,0.17416017334421502,0.7734879370298856,0.3109,0.17416017334421502,0.31088918144054806,0.17416017334421502,,0.17416017334421502,0.12314983958431903,0.1664,0.14445596629925167,0.34867072105407715,0.2949,0.1161,1.0,,,,44.09940526147563,,,,
3340,P35557,D,160,A,NONSYN,0.4216252277516441,0.16715923302195965,0.09267407045996146,-1.4927333333333335,100.0,2.0,6.0,0.0295619438185859,0.0998223039705735,0.9403710698873466,0.0296,0.0998223039705735,0.0295619438185859,0.0998223039705735,,0.0998223039705735,0.07058502805125734,0.2423,0.21278777022217032,0.3749150037765503,0.0368,0.0694,1.0,,,,44.09940526147563,,,,
3341,P35557,D,160,V,NONSYN,0.4506084315132353,-0.08919254693124327,0.08409532202503245,-2.6115333333333335,100.0,2.0,6.0,-0.0642976405734677,0.0965614895755045,0.9626172997751252,-0.0643,0.0965614895755045,-0.0642976405734677,0.0965614895755045,,0.0965614895755045,0.06827928408031335,0.0872,0.15147613908001373,0.2896496653556824,-0.0563,0.0665,1.0,,,,44.09940526147563,,,,
3342,P35557,D,160,R,NONSYN,0.35823216117602164,0.22765571380720662,0.07990196882286583,-1.472133333333333,100.0,2.0,6.0,-0.151927498537155,0.222798898604216,0.9758050468857046,-0.1519,0.222798898604216,-0.151927498537155,0.222798898604216,,0.222798898604216,0.15754261204393513,0.2605,0.41241243239030445,0.36469513177871704,-0.0871,0.1446,1.0,,,,44.09940526147563,,,,
3343,P35557,D,160,D,SYN,,,,,,,,,,,,,,,,,,,,,,,,,,,44.09940526147563,,,,
3344,P35557,D,160,F,NONSYN,0.29646296686588297,-0.06638668888082416,0.06997985869967405,-2.6194333333333333,100.0,2.0,6.0,-0.132715214724725,0.22016195720572698,0.9733901271663462,-0.1327,0.22016195720572698,-0.132715214724725,0.22016195720572698,,0.22016195720572698,0.15567801289947203,0.1048,0.2375007166816647,0.2712279260158539,-0.0739,0.135,1.0,,,,44.09940526147563,,,,
3345,P35557,D,160,T,NONSYN,0.33041122774515563,-0.17106918567844268,0.07443658862908613,-1.2396666666666667,,,,,,,,,,,,,,0.0981,,0.28210699558258057,0.0981,0.2821,1.0,,,,44.09940526147563,,,,
3346,P35557,D,160,I,NONSYN,0.3169485018080975,-0.0821495669791542,0.08594384771887083,-2.7128666666666668,100.0,2.0,6.0,-0.41488836987473904,0.33065187540247104,0.9932453512695131,-0.4149,0.33065187540247104,-0.41488836987473904,0.33065187540247104,,0.33065187540247104,0.23380618330913666,0.0872,0.502066868381285,0.29179662466049194,-0.2186,0.1825,1.0,,,,44.09940526147563,,,,
3347,P35557,D,160,L,NONSYN,0.37713817620354506,-0.21196793915202725,0.10265189871542801,-2.7055000000000002,100.0,2.0,6.0,-0.0254332533561199,0.229371860572143,0.9546375338129239,-0.0254,0.229371860572143,-0.0254332533561199,0.229371860572143,,0.229371860572143,0.16219039802393762,0.0778,0.10328088314165762,0.29179662466049194,-0.0011,0.1418,1.0,,,,44.09940526147563,,,,
3348,P35557,D,160,K,NONSYN,0.3517044245741117,0.008740214386467002,0.08949375993807991,-0.9348000000000001,100.0,2.0,6.0,-0.36325171936458095,0.247459513148656,0.9913624858895549,-0.3633,0.247459513148656,-0.36325171936458095,0.247459513148656,,0.247459513148656,0.17498029981653626,0.1485,0.511733416208682,0.33406171202659607,-0.2531,0.155,1.0,,,,44.09940526147563,,,,
3349,P35557,D,160,G,NONSYN,0.41616550742326497,0.23685247479126595,0.08693017387779779,-1.5639333333333336,100.0,2.0,6.0,-0.17951778148933303,0.168919507646337,0.9788877590740901,-0.1795,0.168919507646337,-0.17951778148933303,0.168919507646337,,0.168919507646337,0.11944412933141775,0.2643,0.4438333270482625,0.3749150037765503,-0.1386,0.1138,1.0,,,,44.09940526147563,,,,
3350,P35557,D,160,Y,NONSYN,0.4224113195979475,-0.05838582478644083,0.06037010896878669,-2.560966666666667,100.0,2.0,6.0,0.0332008233689029,1.02464113742619,0.939284620395381,0.0332,1.02464113742619,0.0332008233689029,1.02464113742619,,1.02464113742619,0.724530696556756,0.1067,0.07345566838753631,0.2690693736076355,0.0978,0.2522,1.0,,,,44.09940526147563,,,,
3351,P35557,D,160,N,NONSYN,0.4295009636980524,0.08568121483628048,0.09822670367361003,-0.2961,100.0,2.0,6.0,-0.101199684816784,0.7821231482976541,0.9688851224227712,-0.1012,0.7821231482976541,-0.101199684816784,0.7821231482976541,,0.7821231482976541,0.5530445818842429,0.2671,0.3682558817448083,0.38849422335624695,0.1454,0.3179,1.0,,,,44.09940526147563,,,,
3352,P35557,D,160,C,NONSYN,0.3461355508488411,-0.1682064212681089,0.09754378914066637,-2.7265333333333337,100.0,2.0,6.0,-0.156717807007875,0.266493222431028,0.9763715602542781,-0.1567,0.266493222431028,-0.156717807007875,0.266493222431028,,0.266493222431028,0.18843916472123487,0.0778,0.2345654367934127,0.29179662466049194,-0.0877,0.1583,1.0,,,,44.09940526147563,,,,
3353,P35557,D,160,P,NONSYN,0.2905290433283012,-0.10062777873596739,0.0699752502487392,-1.4699,100.0,2.0,6.0,0.832922979092367,0.27644086304016197,0.13575881152367947,0.8329,0.27644086304016197,0.832922979092367,0.27644086304016197,,0.27644086304016197,0.19547320885276015,0.1061,0.7268237311599329,0.2858249843120575,0.6013,0.1613,0.9990000000000001,,,,44.09940526147563,,,,
3354,P35557,D,160,E,NONSYN,0.4869275421620544,0.03484624661065002,0.20101785634627609,-0.3505,100.0,2.0,6.0,0.0513052198601074,0.24091936515065399,0.9335850896558154,0.0513,0.24091936515065399,0.0513052198601074,0.24091936515065399,,0.24091936515065399,0.17035571681718542,0.2529,0.20161636140820316,0.449621319770813,0.0766,0.1593,0.996,,,,44.09940526147563,,,,
3355,P35557,D,160,M,NONSYN,0.2886817698329022,-0.05460401064309659,0.24806863624315892,-2.5042666666666666,100.0,2.0,6.0,0.0218553809388702,0.0883543567378575,0.9426094285912338,0.0219,0.0883543567378575,0.0218553809388702,0.0883543567378575,,0.0883543567378575,0.06247596479671436,0.1637,0.14187881667770694,0.46308860182762146,0.0244,0.0619,1.0,,,,44.09940526147563,,,,
3356,P35557,D,160,W,NONSYN,0.2933207242208761,-0.19901314341291132,0.11376407134728218,-2.7770999999999995,100.0,2.0,6.0,-0.205003200299065,0.127266734828813,0.9813776880221663,-0.205,0.127266734828813,-0.205003200299065,0.127266734828813,,0.127266734828813,0.08999117121692385,0.0778,0.2828508300846027,0.2947961091995239,-0.1809,0.0861,1.0,,,,44.09940526147563,,,,
3357,P35557,D,160,H,NONSYN,0.4359397753198172,-0.21597341921524263,0.09862072125343725,-0.9924,,,,,,,,,,,,,,0.1073,,0.29395008087158203,0.1073,0.294,1.0,,,,44.09940526147563,,,,
3358,P35557,D,160,Q,NONSYN,0.3596090029508326,-0.07729343980445531,0.08168427588741971,-0.9724333333333334,100.0,2.0,6.0,-0.105150756791814,0.292059632915294,0.9694898932125646,-0.1052,0.292059632915294,-0.105150756791814,0.292059632915294,,0.292059632915294,0.2065173469452582,0.1344,0.23951279874203985,0.287719190120697,-0.0237,0.1678,1.0,,,,44.09940526147563,,,,
3359,P35557,D,160,*,STOP,,,,,100.0,2.0,6.0,-0.0019672838606964,0.05,0.9490184313426917,-0.002,0.05,-0.0019672838606964,0.05,,0.05,0.035355339059327376,,,,-0.002,0.0354,,,,,44.09940526147563,,,,
3360,P35557,K,161,S,NONSYN,0.39799365034538775,0.6175104931048118,0.07033192154315719,-0.9027333333333333,100.0,2.0,6.0,-0.168168847106115,0.14573032376484601,0.9776715103772474,-0.1682,0.14573032376484601,-0.168168847106115,0.14573032376484601,,0.14573032376484601,0.10304690015863369,0.6656,0.8338105125647942,0.4557761549949646,-0.1276,0.1005,1.0,,,,85.16383279648937,,,,
3361,P35557,K,161,A,NONSYN,0.4253782567817681,0.13823630131398332,0.06969969803058305,-0.8581,100.0,2.0,6.0,1.2696537282663702,0.15109894224572598,0.009317504093307793,1.2697,0.15109894224572598,1.2696537282663702,0.15109894224572598,,0.15109894224572598,0.10684308669206734,0.2633,1.0063686874109625,0.35930633544921875,1.1879,0.1024,1.0,,,,85.16383279648937,,,,
3362,P35557,K,161,V,NONSYN,0.4018371367991864,0.9346972500005686,0.04765332477321457,-2.003,100.0,2.0,6.0,3.2238021763997002,0.43036252524058705,2.1933681251747995e-09,3.2238,0.43036252524058705,3.2238021763997002,0.43036252524058705,,0.43036252524058705,0.30431225996618577,0.8059,2.41787811843919,0.40681734681129456,2.3563,0.2437,0.997,,,,85.16383279648937,,,,
3363,P35557,K,161,R,NONSYN,0.4425642104838123,0.5541047522225068,0.09730037313449241,-0.5051666666666667,100.0,2.0,6.0,1.2994054779323,0.10397812995065302,0.007643364414375269,1.2994,0.10397812995065302,1.2994054779323,0.10397812995065302,,0.10397812995065302,0.0735236407832028,0.5961,0.7033041939052005,0.46754854917526245,1.2824,0.0726,0.998,,,,85.16383279648937,,,,
3364,P35557,K,161,D,NONSYN,0.3868073539125079,0.6175104931048118,0.07033192154315719,-0.9027333333333333,,,,,,,,,,,,,,0.6656,,0.4557761549949646,0.6656,0.4558,1.0,,,,85.16383279648937,,,,
3365,P35557,K,161,F,NONSYN,0.39391394066408775,1.9222897214427868,0.10960927624000856,-1.9194666666666667,100.0,2.0,6.0,0.261024762073045,0.0991540708440565,0.8184539213946596,0.261,0.0991540708440565,0.261024762073045,0.0991540708440565,,0.0991540708440565,0.07011251587608369,1.2016,0.9405819884152362,0.6203417778015137,0.2729,0.0697,1.0,,,,85.16383279648937,,,,
3366,P35557,K,161,T,NONSYN,0.4423640368257771,0.32230749986927976,0.06466230853999545,-0.8300000000000001,100.0,2.0,6.0,0.7174401326004809,0.18712000968568102,0.24177687995413424,0.7174,0.18712000968568102,0.7174401326004809,0.18712000968568102,,0.18712000968568102,0.13231382774443748,0.3413,0.37618077228706537,0.3732298016548157,0.6754,0.1247,1.0,,,,85.16383279648937,,,,
3367,P35557,K,161,I,NONSYN,0.4603939774498695,1.2061635583395287,0.11148991488297494,-1.9278666666666666,100.0,2.0,6.0,2.4094032513828196,0.0484457580740287,2.166610542106802e-06,2.4094,0.0484457580740287,2.4094032513828196,0.0484457580740287,,0.0484457580740287,0.03425632405386863,1.0108,1.3985997903079905,0.543480634689331,2.4039,0.0342,0.997,,,,85.16383279648937,,,,
3368,P35557,K,161,L,NONSYN,0.4356747906628182,1.9647433966185215,0.10471931382185702,-1.981366666666667,100.0,2.0,6.0,0.13366373654584102,0.16940067082107702,0.900475907608727,0.1337,0.16940067082107702,0.13366373654584102,0.16940067082107702,,0.16940067082107702,0.11978436307513367,1.2205,1.0868076455952722,0.7717846632003784,0.1592,0.1184,0.997,,,,85.16383279648937,,,,
3369,P35557,K,161,K,SYN,,,,,,,,,,,,,,,,,,,,,,,,,,,85.16383279648937,,,,
3370,P35557,K,161,G,NONSYN,0.3929842999811576,1.2247590815300504,0.11498629541477949,-1.6314333333333335,100.0,2.0,6.0,0.0263206157035101,0.268254864881921,0.9413227602743125,0.0263,0.268254864881921,0.0263206157035101,0.268254864881921,,0.268254864881921,0.18968483404428738,0.9585,0.9321338740044367,0.48196038603782654,0.1513,0.1765,1.0,,,,85.16383279648937,,,,
3371,P35557,K,161,Y,NONSYN,0.3944793974738757,1.1279288428830172,0.12602230026178865,-1.7455,,,,,,,,,,,,,,0.8058,,0.49281206727027893,0.8058,0.4928,0.9990000000000001,,,,85.16383279648937,,,,
3372,P35557,K,161,N,NONSYN,0.4560364383708069,0.5541047522225068,0.09730037313449241,-0.5051666666666667,,,,,,,,,,,,,,0.5809,,0.46754854917526245,0.5809,0.4675,1.0,,,,85.16383279648937,,,,
3373,P35557,K,161,C,NONSYN,0.4535515939759026,0.905162386813181,0.06891850951665418,-2.2871333333333332,,,,,,,,,,,,,,0.742,,0.4036778211593628,0.742,0.4037,1.0,,,,85.16383279648937,,,,
3374,P35557,K,161,P,NONSYN,0.27870648767165224,0.7679683975038204,0.06746586147589746,-0.9387666666666666,100.0,2.0,6.0,-0.13456238155241598,0.17661720474122602,0.9736326175918556,-0.1346,0.17661720474122602,-0.13456238155241598,0.17661720474122602,,0.17661720474122602,0.12488722314673377,0.731,0.8655909979807912,0.42413729429244995,-0.0655,0.1198,1.0,,,,85.16383279648937,,,,
3375,P35557,K,161,E,NONSYN,0.4020218445230145,0.6063083379202454,0.0662831114895095,-0.7574666666666666,100.0,2.0,6.0,0.5608293755072651,0.355449447046443,0.4483882317451323,0.5608,0.355449447046443,0.5608293755072651,0.355449447046443,,0.355449447046443,0.25134071437554845,0.6638,0.10300698447045709,0.44866615533828735,0.5854,0.2193,0.998,,,,85.16383279648937,,,,
3376,P35557,K,161,M,NONSYN,0.43998119930382734,0.203066122250525,0.0876128502650506,-1.1534666666666666,100.0,2.0,6.0,0.31681133164461,0.155192705987695,0.7676217054251773,0.3168,0.155192705987695,0.31681133164461,0.155192705987695,,0.155192705987695,0.10973781479458924,0.2605,0.05632639779146059,0.37344199419021606,0.3123,0.1053,1.0,,,,85.16383279648937,,,,
3377,P35557,K,161,W,NONSYN,0.4169292295856069,0.9346972500005686,0.04765332477321457,-2.0029999999999997,100.0,2.0,6.0,0.0450591469836783,0.270771445931127,0.9356080486156169,0.0451,0.270771445931127,0.0450591469836783,0.270771445931127,,0.270771445931127,0.1914643255695865,0.7518,0.7067475294041086,0.4100288152694702,0.1716,0.1735,1.0,,,,85.16383279648937,,,,
3378,P35557,K,161,H,NONSYN,0.4436698866414692,0.6063083379202454,0.0662831114895095,-0.7574666666666666,,,,,,,,,,,,,,0.6568,,0.43632248044013977,0.6568,0.4363,1.0,,,,85.16383279648937,,,,
3379,P35557,K,161,Q,NONSYN,0.4867518824335938,0.5640220021111501,0.09380626850005037,0.10200000000000002,,,,,,,,,,,,,,0.6175,,0.4446525573730469,0.6175,0.4447,0.9990000000000001,,,,85.16383279648937,,,,
3380,P35557,K,161,*,STOP,,,,,,,,,,,,,,,,,,,,,,,,,,,85.16383279648937,,,,
3381,P35557,G,162,S,NONSYN,0.36837526824294986,0.5134254256964551,0.06232203968382277,-0.9379,100.0,2.0,6.0,-0.17160542030969597,0.18921312356061398,0.9780471919783537,-0.1716,0.18921312356061398,-0.17160542030969597,0.18921312356061398,,0.18921312356061398,0.13379388275919823,0.4876,0.6591897430006597,0.42374110221862793,-0.1118,0.1276,1.0,,,,1.2027953602449293,,,,
3382,P35557,G,162,A,NONSYN,0.4089269105168704,-0.12053688017386022,0.0593565291526744,-1.0059,100.0,2.0,6.0,1.7302814973012501,0.20566163842330604,0.00038089965566461394,1.7303,0.20566163842330604,1.7302814973012501,0.20566163842330604,,0.20566163842330604,0.14542473915905552,0.1892,1.5411159647122914,0.34568101167678833,1.4985,0.134,1.0,,,,1.2027953602449293,,,,
3383,P35557,G,162,V,NONSYN,0.3988573139738447,-0.138407373285125,0.04480618445049134,-2.7219333333333338,100.0,2.0,6.0,-0.107544730771593,0.126391502019263,0.9698505175369998,-0.1075,0.126391502019263,-0.107544730771593,0.126391502019263,,0.126391502019263,0.08937228816217407,0.0833,0.19081307517390622,0.26338931918144226,-0.0878,0.0846,1.0,,,,1.2027953602449293,,,,
3384,P35557,G,162,R,NONSYN,0.3362652746103357,-0.3437780849997727,0.0585516901732907,-1.9470333333333334,100.0,2.0,6.0,-0.269292738067893,0.12993487218291902,0.9864037362072025,-0.2693,0.12993487218291902,-0.269292738067893,0.12993487218291902,,0.12993487218291902,0.09187782923314933,0.0778,0.3471403678534307,0.27267351746559143,-0.2339,0.0871,1.0,,,,1.2027953602449293,,,,
3385,P35557,G,162,D,NONSYN,0.3623286966209139,-0.12181117065562624,0.04600684394121785,-1.5976,,,,,,,,,,,,,,0.1036,,0.2779863774776459,0.1036,0.278,1.0,,,,1.2027953602449293,,,,
3386,P35557,G,162,F,NONSYN,0.3709207412708021,-0.15443104271374367,0.04781710410560743,-2.717866666666667,100.0,2.0,6.0,-0.059473722485737,0.10466589101543301,0.9617088854594845,-0.0595,0.10466589101543301,-0.059473722485737,0.10466589101543301,,0.10466589101543301,0.07400996129594482,0.0833,0.14274206688805025,0.26338931918144226,-0.049,0.0713,1.0,,,,1.2027953602449293,,,,
3387,P35557,G,162,T,NONSYN,0.21962954488217865,-0.14795273274427556,0.05031681004669857,-1.7053,100.0,2.0,6.0,-0.19086805180194502,0.0970069105785768,0.9800363582855788,-0.1909,0.0970069105785768,-0.19086805180194502,0.0970069105785768,,0.0970069105785768,0.06859424429206869,0.1016,0.2924235184538615,0.27641618251800537,-0.1739,0.0666,1.0,,,,1.2027953602449293,,,,
3388,P35557,G,162,I,NONSYN,0.29686370150880703,-0.138407373285125,0.04480618445049134,-2.721933333333333,100.0,2.0,6.0,0.028925177962013,0.0679335451787642,0.9405592185935614,0.0289,0.0679335451787642,0.028925177962013,0.0679335451787642,,0.0679335451787642,0.04803627046594685,0.0833,0.05434316644030023,0.26338931918144226,0.0307,0.0473,1.0,,,,1.2027953602449293,,,,
3389,P35557,G,162,L,NONSYN,0.33670580158540125,-0.13049988830282433,0.04973888455778764,-2.6893,100.0,2.0,6.0,-0.131267185718495,0.0870648452932573,0.9731984477204659,-0.1313,0.0870648452932573,-0.131267185718495,0.0870648452932573,,0.0870648452932573,0.0615641425098199,0.0833,0.21453553012080823,0.26338931918144226,-0.1202,0.0599,1.0,,,,1.2027953602449293,,,,
3390,P35557,G,162,K,NONSYN,0.4007452768135149,-0.20661652945566367,0.04687927126786262,-1.7154,100.0,2.0,6.0,-0.0148766616677807,0.12419507267220599,0.9521901769931238,-0.0149,0.12419507267220599,-0.0148766616677807,0.12419507267220599,,0.12419507267220599,0.08781917807647292,0.0844,0.09923764861579401,0.27641618251800537,-0.0058,0.0837,1.0,,,,1.2027953602449293,,,,
3391,P35557,G,162,G,SYN,,,,,100.0,2.0,6.0,0.6740019370952621,0.05,0.2930537577007422,0.674,0.05,0.6740019370952621,0.05,,0.05,0.035355339059327376,,,,0.674,0.0354,,,,,1.2027953602449293,,,,
3392,P35557,G,162,Y,NONSYN,0.28089736795090275,-0.099428546325275,0.043786126551352285,-2.6748999999999996,100.0,2.0,6.0,-0.22448121165114301,0.132670490095623,0.9830759213929614,-0.2245,0.132670490095623,-0.22448121165114301,0.132670490095623,,0.132670490095623,0.09381220320995771,0.0851,0.30954854344206706,0.26338931918144226,-0.1896,0.0884,1.0,,,,1.2027953602449293,,,,
3393,P35557,G,162,N,NONSYN,0.382875509440285,0.5145998051079245,0.07208125496910389,-0.891,100.0,2.0,6.0,-0.17512855854410397,0.11041527861361601,0.9784256245524314,-0.1751,0.11041527861361601,-0.17512855854410397,0.11041527861361601,,0.11041527861361601,0.07807539225428985,0.4876,0.6627128812350678,0.43147221207618713,-0.1541,0.0768,1.0,,,,1.2027953602449293,,,,
3394,P35557,G,162,C,NONSYN,0.3672992043124827,-0.08328660790591073,0.036050716550718676,-2.438433333333333,,,,,,,,,,,,,,0.0872,,0.25900998711586,0.0872,0.259,1.0,,,,1.2027953602449293,,,,
3395,P35557,G,162,P,NONSYN,0.2021261040610908,-0.333826983595785,0.05344311732570874,-1.8968333333333334,100.0,2.0,6.0,-0.29914604227985603,0.164868057540154,0.9882386490553771,-0.2991,0.164868057540154,-0.29914604227985603,0.164868057540154,,0.164868057540154,0.11657932148769679,0.0778,0.37699367206539375,0.27436017990112305,-0.2415,0.1073,1.0,,,,1.2027953602449293,,,,
3396,P35557,G,162,E,NONSYN,0.4108810729254607,-0.39515743423676564,0.06211053183899345,-1.9435333333333331,100.0,2.0,6.0,-0.11515469035691402,0.0956741952256032,0.9709684137361564,-0.1152,0.0956741952256032,-0.11515469035691402,0.0956741952256032,,0.0956741952256032,0.06765187222858964,0.0778,0.19300232014245172,0.27267351746559143,-0.104,0.0657,1.0,,,,1.2027953602449293,,,,
3397,P35557,G,162,M,NONSYN,0.2878381921366005,-0.19521133679454403,0.050853185622804144,-2.3474999999999997,100.0,2.0,6.0,0.0366281443860438,0.06345403503368,0.9382436247355121,0.0366,0.06345403503368,0.0366281443860438,0.06345403503368,,0.06345403503368,0.04486877846596388,0.0778,0.04121948539949392,0.25900998711586,0.0378,0.0442,1.0,,,,1.2027953602449293,,,,
3398,P35557,G,162,W,NONSYN,0.355895468841822,-0.04346343629042874,0.04147032077066639,-2.530533333333333,100.0,2.0,6.0,-0.178943237332183,0.058245588708707004,0.9788278475968475,-0.1789,0.058245588708707004,-0.178943237332183,0.058245588708707004,,0.058245588708707004,0.04118585075012932,0.1067,0.2855997290886222,0.26338931918144226,-0.1721,0.0407,1.0,,,,1.2027953602449293,,,,
3399,P35557,G,162,H,NONSYN,0.3218287257213429,-0.22786449023488767,0.054374268341602056,-1.9332999999999998,100.0,2.0,6.0,-0.6170335223625479,0.15929337578679198,0.9973522623762567,-0.617,0.15929337578679198,-0.6170335223625479,0.15929337578679198,,0.15929337578679198,0.11263742621693759,0.0778,0.6948811521480857,0.27267351746559143,-0.5157,0.1041,1.0,,,,1.2027953602449293,,,,
3400,P35557,G,162,Q,NONSYN,0.29754150588632416,-0.19177182674225068,0.04437652240972717,-1.7754,100.0,2.0,6.0,-0.159688798497153,0.11517194811981699,0.9767160917536764,-0.1597,0.11517194811981699,-0.159688798497153,0.11517194811981699,,0.11517194811981699,0.08143886551798783,0.0778,0.23753642828269073,0.2775508761405945,-0.1409,0.0781,1.0,,,,1.2027953602449293,,,,
3401,P35557,G,162,*,STOP,,,,,100.0,2.0,6.0,-0.234845837619629,0.05,0.983913773943674,-0.2348,0.05,-0.234845837619629,0.05,,0.05,0.035355339059327376,,,,-0.2348,0.0354,,,,,1.2027953602449293,,,,
3402,P35557,I,163,S,NONSYN,0.3569880228913576,-0.1956121321983243,0.04659066110497923,-2.078,100.0,2.0,6.0,-0.0627800835884608,0.0465779539355609,0.9623338816981275,-0.0628,0.0465779539355609,-0.0627800835884608,0.0465779539355609,,0.0465779539355609,0.03293558708162975,0.0778,0.14062771337399851,0.25900998711586,-0.0605,0.0327,1.0,,,,55.741198387629346,,,,
3403,P35557,I,163,A,NONSYN,0.28919971369701003,-0.05881448652935837,0.02688028176775989,-1.0550333333333333,100.0,2.0,6.0,-0.0146198632991772,0.0501367588886322,0.9521290347035928,-0.0146,0.0501367588886322,-0.0146198632991772,0.0501367588886322,,0.0501367588886322,0.035452042196866734,0.1269,0.1415664317882519,0.2718863785266876,-0.0123,0.0352,1.0,,,,55.741198387629346,,,,
3404,P35557,I,163,V,NONSYN,0.5093217990682584,0.11246608477755728,0.08243495996226566,0.12380000000000002,100.0,2.0,6.0,0.0726053807574631,0.0221542400779719,0.9262119892418115,0.0726,0.0221542400779719,0.0726053807574631,0.0221542400779719,,0.0221542400779719,0.015665413391168715,0.4075,0.3349372353714584,0.3942145109176636,0.0731,0.0157,0.938,,,,55.741198387629346,,,,
3405,P35557,I,163,R,NONSYN,0.3272410050264404,0.05083863260539554,0.05262015198659603,-2.2922666666666665,100.0,2.0,6.0,-0.18115997718472898,0.12764544724683802,0.9790580456590681,-0.1812,0.12764544724683802,-0.18115997718472898,0.12764544724683802,,0.12764544724683802,0.09025896133582888,0.1146,0.29571453140874326,0.2687406539916992,-0.1512,0.0856,1.0,,,,55.741198387629346,,,,
3406,P35557,I,163,D,NONSYN,0.16544784150713826,-0.017587186481867228,0.022309132428243925,-2.5876333333333332,100.0,2.0,6.0,-0.12956288397099902,0.0483548593319017,0.9729710434225232,-0.1296,0.0483548593319017,-0.12956288397099902,0.0483548593319017,,0.0483548593319017,0.034192048936909296,0.1067,0.23621937572743823,0.2606389820575714,-0.1256,0.0339,1.0,,,,55.741198387629346,,,,
3407,P35557,I,163,F,NONSYN,0.4538389948012209,-0.05881448652935837,0.02688028176775989,-1.0550333333333333,100.0,2.0,6.0,0.31068781389819106,0.077299104825904,0.7736854268695046,0.3107,0.077299104825904,0.31068781389819106,0.077299104825904,,0.077299104825904,0.0546587212020465,0.209,0.10171869768725356,0.336747944355011,0.3081,0.054,1.0,,,,55.741198387629346,,,,
3408,P35557,I,163,T,NONSYN,0.4688475184602092,0.07089806602343002,0.023569039915202067,-0.9611333333333333,100.0,2.0,6.0,-0.0784498437601741,0.0947736772732918,0.9651591723925671,-0.0784,0.0947736772732918,-0.0784498437601741,0.0947736772732918,,0.0947736772732918,0.06701510987793002,0.1788,0.25726163231913407,0.3157380521297455,-0.0674,0.0656,1.0,,,,55.741198387629346,,,,
3409,P35557,I,163,I,SYN,,,,,100.0,2.0,6.0,0.5665166860158349,0.05,0.4401196176673072,0.5665,0.05,0.5665166860158349,0.05,,0.05,0.035355339059327376,,,,0.5665,0.0354,,,,,55.741198387629346,,,,
3410,P35557,I,163,L,NONSYN,0.4687676623700352,0.16119688741946872,0.0809941520897542,0.3612333333333333,100.0,2.0,6.0,-0.0735870271682712,0.0687696842786873,0.9643060176707051,-0.0736,0.0687696842786873,-0.0735870271682712,0.0687696842786873,,0.0687696842786873,0.0486275100935177,0.4825,0.5560463338851902,0.40194445848464966,-0.0656,0.0483,0.92,,,,55.741198387629346,,,,
3411,P35557,I,163,K,NONSYN,0.25092304942959986,-0.19799015486542326,0.06538408959237661,-2.1344,100.0,2.0,6.0,-0.0506847338677489,0.0655144870066161,0.9599964084345283,-0.0507,0.0655144870066161,-0.0506847338677489,0.0655144870066161,,0.0655144870066161,0.0463257380283362,0.0786,0.12927417325983875,0.2646900415420532,-0.0468,0.0456,0.997,,,,55.741198387629346,,,,
3412,P35557,I,163,G,NONSYN,0.2286457322751229,-0.06559840633401866,0.023246037448027442,-2.4901666666666666,100.0,2.0,6.0,0.0144707755854553,0.03962242810572,0.9446767092957739,0.0145,0.03962242810572,0.0144707755854553,0.03962242810572,,0.03962242810572,0.028017287600631064,0.1048,0.0903147263714844,0.25851142406463623,0.0155,0.0279,1.0,,,,55.741198387629346,,,,
3413,P35557,I,163,Y,NONSYN,0.13155243779361564,-0.10735885612588776,0.026761550111265867,-1.0679999999999998,100.0,2.0,6.0,0.131013245490411,0.0512673024048614,0.901750141308633,0.131,0.0512673024048614,0.131013245490411,0.0512673024048614,,0.0512673024048614,0.03625145718361889,0.1061,0.024913997557976908,0.26525452733039856,0.1306,0.0359,0.998,,,,55.741198387629346,,,,
3414,P35557,I,163,N,NONSYN,0.35592577166482897,-0.10421764604623784,0.03622433429363402,-2.2975999999999996,100.0,2.0,6.0,0.13729766280408,0.0621732335850401,0.8987038116501994,0.1373,0.0621732335850401,0.13729766280408,0.0621732335850401,,0.0621732335850401,0.04396311507627706,0.0851,0.05223033101315594,0.25900998711586,0.1358,0.0433,1.0,,,,55.741198387629346,,,,
3415,P35557,I,163,C,NONSYN,0.3956709195432079,0.012647846143686565,0.02801198234846257,-1.1501666666666666,100.0,2.0,6.0,-0.229006861318312,0.0373564674812995,0.9834471600910261,-0.229,0.0373564674812995,-0.229006861318312,0.0373564674812995,,0.0373564674812995,0.02641501147720162,0.1362,0.36516502963419945,0.3114933371543884,-0.2264,0.0263,1.0,,,,55.741198387629346,,,,
3416,P35557,I,163,P,NONSYN,0.14199266304317096,-0.04968446508033153,0.034565326006494736,-2.2159,100.0,2.0,6.0,-0.0578188018690458,0.20535617463565198,0.961392156132789,-0.0578,0.20535617463565198,-0.0578188018690458,0.20535617463565198,,0.20535617463565198,0.1452087436433984,0.1067,0.16447529362548502,0.25900998711586,-0.0185,0.1267,1.0,,,,55.741198387629346,,,,
3417,P35557,I,163,E,NONSYN,0.17211454446743213,0.00972490750016781,0.03648595532950644,-2.2968999999999995,100.0,2.0,6.0,-0.20452999783513698,0.0593557514585043,0.9813343166100101,-0.2045,0.0593557514585043,-0.20452999783513698,0.0593557514585043,,0.0593557514585043,0.0419708543587317,0.1067,0.3111864895915762,0.25900998711586,-0.1966,0.0414,1.0,,,,55.741198387629346,,,,
3418,P35557,I,163,M,NONSYN,0.42718435575891617,0.10323538916246099,0.024939071795198126,0.4004666666666667,100.0,2.0,6.0,0.100297467602752,0.33408829094861997,0.9154409601065783,0.1003,0.33408829094861997,0.100297467602752,0.33408829094861997,,0.33408829094861997,0.23623609604479343,0.2934,0.19312660227868722,0.3369041681289673,0.164,0.1934,0.9990000000000001,,,,55.741198387629346,,,,
3419,P35557,I,163,W,NONSYN,0.174286826410949,-0.20124158117553356,0.06659763061552627,-2.117266666666666,100.0,2.0,6.0,-0.040930454937418,0.0375389642336247,0.9580057977510131,-0.0409,0.0375389642336247,-0.040930454937418,0.0375389642336247,,0.0375389642336247,0.026544056168315292,0.0778,0.11877808472295573,0.2646900415420532,-0.0397,0.0264,1.0,,,,55.741198387629346,,,,
3420,P35557,I,163,H,NONSYN,0.28548817071874943,-0.08279743740526198,0.03627210162130195,-2.3060999999999994,100.0,2.0,6.0,0.0730370368811524,0.0616699090015224,0.9260546807359217,0.073,0.0616699090015224,0.0730370368811524,0.0616699090015224,,0.0616699090015224,0.0436072108501338,0.0872,0.01414146162539362,0.25900998711586,0.0734,0.043,1.0,,,,55.741198387629346,,,,
3421,P35557,I,163,Q,NONSYN,0.19562317673292887,-0.04981133022473757,0.051571137656025855,-2.121633333333333,100.0,2.0,6.0,-0.49522120778980605,0.18267756511435396,0.9953681781521934,-0.4952,0.18267756511435396,-0.49522120778980605,0.18267756511435396,,0.18267756511435396,0.12917254506300677,0.1067,0.6018776995462453,0.2611807584762573,-0.3769,0.1158,1.0,,,,55.741198387629346,,,,
3422,P35557,I,163,*,STOP,,,,,100.0,2.0,6.0,0.121460640878057,0.05,0.9062170217811266,0.1215,0.05,0.121460640878057,0.05,,0.05,0.035355339059327376,,,,0.1215,0.0354,,,,,55.741198387629346,E,166.0,,
3423,P35557,L,164,S,NONSYN,0.3696688568840947,-0.12711805230869266,0.034052563193776114,-1.8501333333333332,100.0,2.0,6.0,0.12898803969950698,0.0975882398260877,0.9027134735729843,0.129,0.0975882398260877,0.12898803969950698,0.0975882398260877,,0.0975882398260877,0.06900530614508572,0.0833,0.045719695297193746,0.27067720890045166,0.1262,0.0669,1.0,,,,0.7798974850789165,,,,
3424,P35557,L,164,A,NONSYN,0.2800117097075371,-0.05281222474326853,0.03567576511259915,-1.3620666666666665,100.0,2.0,6.0,0.0252378033178558,0.229815265588927,0.9416373529973033,0.0252,0.229815265588927,0.0252378033178558,0.229815265588927,,0.229815265588927,0.1625039327181177,0.1269,0.1017087651712189,0.280900239944458,0.0507,0.1407,1.0,,,,0.7798974850789165,,,,
3425,P35557,L,164,V,NONSYN,0.45006845647116095,-0.053199922842382064,0.1701034223047095,-0.2792333333333333,100.0,2.0,6.0,-0.21256787373636,0.0749999242621546,0.9820571379930609,-0.2126,0.0749999242621546,-0.21256787373636,0.0749999242621546,,0.0749999242621546,0.05303295503424699,0.2391,0.4517099042138838,0.42281249165534973,-0.2056,0.0526,0.9990000000000001,,,,0.7798974850789165,,,,
3426,P35557,L,164,R,NONSYN,0.2792328090176149,-0.09388865742297918,0.03032988942965557,-1.8351333333333333,100.0,2.0,6.0,0.0292998550423665,0.11763338030878698,0.9404485812942881,0.0293,0.11763338030878698,0.0292998550423665,0.11763338030878698,,0.11763338030878698,0.08317936091023935,0.0872,0.05787864346417952,0.27067720890045166,0.0343,0.0795,1.0,,,,0.7798974850789165,,,,
3427,P35557,L,164,D,NONSYN,0.15709418040401155,-0.07112160963849164,0.02812283521894063,-2.512333333333333,100.0,2.0,6.0,-0.190293154886116,0.128504245535493,0.9799797512214613,-0.1903,0.128504245535493,-0.190293154886116,0.128504245535493,,0.128504245535493,0.09086622342940821,0.1048,0.2950786568430557,0.26338931918144226,-0.1589,0.0859,1.0,,,,0.7798974850789165,,,,
3428,P35557,L,164,F,NONSYN,0.463424518412456,-0.04870712525797074,0.1368252137715746,-0.2331333333333333,100.0,2.0,6.0,-0.22604626648959397,0.43529027263402,0.983205263003952,-0.226,0.43529027263402,-0.22604626648959397,0.43529027263402,,0.43529027263402,0.3077967035640566,0.2324,0.4584243022733617,0.41840091347694397,-0.0651,0.2479,1.0,,,,0.7798974850789165,,,,
3429,P35557,L,164,T,NONSYN,0.3205067496312658,-0.06330852846852134,0.05842882938007477,-1.3817666666666666,100.0,2.0,6.0,0.0567267144936142,0.11947399023758801,0.9317791918237942,0.0567,0.11947399023758801,0.0567267144936142,0.11947399023758801,,0.11947399023758801,0.08448086867241385,0.1251,0.06834886419596099,0.2880533039569855,0.0621,0.0811,1.0,,,,0.7798974850789165,,,,
3430,P35557,L,164,I,NONSYN,0.3599458773266949,-0.12729580857744657,0.10785191607848742,-0.44539999999999996,100.0,2.0,6.0,0.0097197834688336,0.563099885671137,0.9459677670964152,0.0097,0.563099885671137,0.0097197834688336,0.563099885671137,,0.563099885671137,0.39817174764343055,0.1992,0.18950728137911257,0.37309277057647705,0.1106,0.2723,0.998,,,,0.7798974850789165,,,,
3431,P35557,L,164,L,SYN,,,,,100.0,2.0,6.0,0.93499549727024,0.05,0.07659962815134999,0.935,0.05,0.93499549727024,0.05,,0.05,0.035355339059327376,,,,0.935,0.0354,,,,,0.7798974850789165,,,,
3432,P35557,L,164,K,NONSYN,0.16637828819819184,-0.07209894539511318,0.038953863749018096,-1.8327,100.0,2.0,6.0,-0.0360692810412315,0.055521064614765005,0.956977040022341,-0.0361,0.055521064614765005,-0.0360692810412315,0.055521064614765005,,0.055521064614765005,0.0392593212877968,0.1048,0.1408547829981712,0.2731638550758362,-0.0332,0.0389,1.0,,,,0.7798974850789165,,,,
3433,P35557,L,164,G,NONSYN,0.3375782897720982,-0.12617925420407577,0.039027430335763454,-2.5354666666666663,100.0,2.0,6.0,-0.0251202211893636,0.0577313162776061,0.9545667898737882,-0.0251,0.0577313162776061,-0.0251202211893636,0.0577313162776061,,0.0577313162776061,0.04082220522672059,0.0833,0.10838856559167684,0.26338931918144226,-0.0226,0.0403,1.0,,,,0.7798974850789165,,,,
3434,P35557,L,164,Y,NONSYN,0.3932294491632085,-0.029925374680685,0.0619815266701827,-1.3710666666666667,100.0,2.0,6.0,-0.0434227468698948,0.0810800007508573,0.9585236567453669,-0.0434,0.0810800007508573,-0.0434227468698948,0.0810800007508573,,0.0810800007508573,0.05733221834954156,0.1269,0.17036931535896951,0.2880533039569855,-0.0369,0.0562,1.0,,,,0.7798974850789165,,,,
3435,P35557,L,164,N,NONSYN,0.1790631080953343,-0.0799460979310003,0.04029331839335005,-2.4369,100.0,2.0,6.0,-0.11736438449736002,0.0605611614556638,0.9712850669597088,-0.1174,0.0605611614556638,-0.11736438449736002,0.0605611614556638,,0.0605611614556638,0.04282320794183324,0.0872,0.20454288300390605,0.25900998711586,-0.1119,0.0422,1.0,,,,0.7798974850789165,,,,
3436,P35557,L,164,C,NONSYN,0.3444819501115762,-0.053586694259411004,0.059768369588246696,-1.3948999999999998,100.0,2.0,6.0,-0.171740641853525,0.045405759872487,0.9780618412507947,-0.1717,0.045405759872487,-0.171740641853525,0.045405759872487,,0.045405759872487,0.032106720710763585,0.1269,0.2986872103425997,0.2880533039569855,-0.1681,0.0319,1.0,,,,0.7798974850789165,,,,
3437,P35557,L,164,P,NONSYN,0.3101239067988947,-0.0717183549935226,0.06887269276476231,-2.2839666666666667,100.0,2.0,6.0,-0.143837849374886,0.136585108675838,0.9748166752026048,-0.1438,0.136585108675838,-0.143837849374886,0.136585108675838,,0.136585108675838,0.09658025655378659,0.1048,0.2486233513318257,0.2646900415420532,-0.1146,0.0907,1.0,,,,0.7798974850789165,,,,
3438,P35557,L,164,E,NONSYN,0.22335052551716408,-0.09544081835386986,0.0377536246000849,-2.4328000000000003,100.0,2.0,6.0,-0.0708802232287513,0.0850619206080277,0.9638220344995997,-0.0709,0.0850619206080277,-0.0708802232287513,0.0850619206080277,,0.0850619206080277,0.060147860882688114,0.0872,0.15805872173529734,0.25900998711586,-0.0628,0.0586,1.0,,,,0.7798974850789165,,,,
3439,P35557,L,164,M,NONSYN,0.4855550162170784,-0.1429647855857068,0.168685126020836,0.15566666666666665,,,,,,,,,,,,,,0.2208,,0.39872977137565613,0.2208,0.3987,1.0,,,,0.7798974850789165,,,,
3440,P35557,L,164,W,NONSYN,0.28885364138641745,0.040739537900214,0.0383287427187357,-1.8677333333333335,100.0,2.0,6.0,-0.374584730927213,0.06286641633146799,0.9918180474665909,-0.3746,0.06286641633146799,-0.374584730927213,0.06286641633146799,,0.06286641633146799,0.04445326929687773,0.1146,0.4891392851512273,0.27472782135009766,-0.3621,0.0439,1.0,,,,0.7798974850789165,,,,
3441,P35557,L,164,H,NONSYN,0.29725486605293433,-0.05020242512458367,0.044457028372487654,-1.9786333333333335,100.0,2.0,6.0,-0.0269104572544565,0.27290818225488,0.9549698969626113,-0.0269,0.27290818225488,-0.0269104572544565,0.27290818225488,,0.27290818225488,0.19297522631371986,0.1067,0.13356694901089572,0.26579275727272034,0.0192,0.1562,1.0,,,,0.7798974850789165,,,,
3442,P35557,L,164,Q,NONSYN,0.3225298006389851,-0.17369585648762742,0.05716881707795512,-1.5422,100.0,2.0,6.0,-0.142575139226194,0.0700829596892317,0.9746587254874913,-0.1426,0.0700829596892317,-0.142575139226194,0.0700829596892317,,0.0700829596892317,0.04955613604187919,0.0981,0.24071284574436722,0.2836664319038391,-0.1354,0.0488,1.0,,,,0.7798974850789165,,,,
3443,P35557,L,164,*,STOP,,,,,100.0,2.0,6.0,-0.22397404739650897,0.05,0.9830337878880951,-0.224,0.05,-0.22397404739650897,0.05,,0.05,0.035355339059327376,,,,-0.224,0.0354,,,,,0.7798974850789165,,,,
3444,P35557,L,165,S,NONSYN,0.3696688568840947,0.024495252706862602,0.025352617722686373,-1.8501333333333332,100.0,2.0,6.0,0.08223850055834799,0.0698573856382941,0.9226235894421697,0.0822,0.0698573856382941,0.08223850055834799,0.0698573856382941,,0.0698573856382941,0.049396631100801495,0.1189,0.036709333218126014,0.2745587229728699,0.0834,0.0486,0.9990000000000001,,,,50.661389484346074,,,,
3445,P35557,L,165,A,NONSYN,0.2800117097075371,0.04791947765769617,0.0377708203131251,-1.3620666666666665,100.0,2.0,6.0,-0.194023193541493,0.0882391737228834,0.9803441179567854,-0.194,0.0882391737228834,-0.194023193541493,0.0882391737228834,,0.0882391737228834,0.06239451810574866,0.1498,0.3437771217260023,0.3250501751899719,-0.1818,0.0613,0.9940000000000001,,,,50.661389484346074,,,,
3446,P35557,L,165,V,NONSYN,0.45006845647116095,0.450691977232157,0.03964331510460783,0.4434,100.0,2.0,6.0,0.46619305700744107,0.120801889982391,0.5853267300375081,0.4662,0.120801889982391,0.46619305700744107,0.120801889982391,,0.120801889982391,0.08541983558669994,0.7156,0.2494168510965018,0.40398699045181274,0.4769,0.0836,0.244,,,,50.661389484346074,,,,
3447,P35557,L,165,R,NONSYN,0.2792328090176149,0.052475312967595,0.025385768965399052,-1.8351333333333333,100.0,2.0,6.0,-0.0017016802238492,0.0696403446137532,0.9489510306302452,-0.0017,0.0696403446137532,-0.0017016802238492,0.0696403446137532,,0.0696403446137532,0.04924315992055294,0.1268,0.12854757646789827,0.2745587229728699,0.0023,0.0485,0.9990000000000001,,,,50.661389484346074,,,,
3448,P35557,L,165,D,NONSYN,0.15709418040401155,-0.05719694935025363,0.04527593827471077,-2.512333333333333,100.0,2.0,6.0,-0.0997158912514748,0.0918850441761136,0.9686548815828899,-0.0997,0.0918850441761136,-0.0997158912514748,0.0918850441761136,,0.0918850441761136,0.0649725378265554,0.1067,0.206372383007914,0.26338931918144226,-0.0879,0.0631,1.0,,,,50.661389484346074,,,,
3449,P35557,L,165,F,NONSYN,0.463424518412456,0.5399283787638707,0.04143601216054275,0.48950000000000005,100.0,2.0,6.0,0.1984838524123,0.10943849660964901,0.8641625548591956,0.1985,0.10943849660964901,0.1984838524123,0.10943849660964901,,0.10943849660964901,0.07738470307554379,0.6148,0.41627106282512677,0.4155510365962982,0.2124,0.0761,0.9940000000000001,,,,50.661389484346074,,,,
3450,P35557,L,165,T,NONSYN,0.3205067496312658,0.03547609656768117,0.02840102640592315,-1.3817666666666666,100.0,2.0,6.0,-0.156693050271448,0.137646104090138,0.9763686675585758,-0.1567,0.137646104090138,-0.156693050271448,0.137646104090138,,0.137646104090138,0.09733049360604595,0.1419,0.29854894579070457,0.31836825609207153,-0.1312,0.0931,0.9940000000000001,,,,50.661389484346074,,,,
3451,P35557,L,165,I,NONSYN,0.3599458773266949,0.43738482760667036,0.044866178297261326,0.27723333333333333,100.0,2.0,6.0,0.506114505883901,0.0815366740674785,0.5282524414339356,0.5061,0.0815366740674785,0.506114505883901,0.0815366740674785,,0.0815366740674785,0.05765513514851136,0.7476,0.24153170669391888,0.40398699045181274,0.5109,0.0571,0.011000000000000001,,,,50.661389484346074,,,,
3452,P35557,L,165,L,SYN,,,,,100.0,2.0,6.0,0.673689570738364,0.05,0.29344315700124296,0.6737,0.05,0.673689570738364,0.05,,0.05,0.035355339059327376,,,,0.6737,0.0354,,,,,50.661389484346074,,,,
3453,P35557,L,165,K,NONSYN,0.16637828819819184,0.11444700806360893,0.026238463965669413,-1.8327,100.0,2.0,6.0,-0.18761676551189102,0.0636979006112936,0.9797140459252502,-0.1876,0.0636979006112936,-0.18761676551189102,0.0636979006112936,,0.0636979006112936,0.045041217469592436,0.2773,0.46490973235454236,0.3619718849658966,-0.1805,0.0447,0.97,,,,50.661389484346074,,,,
3454,P35557,L,165,G,NONSYN,0.3375782897720982,-0.028943717399035233,0.04863683611516815,-2.5354666666666663,100.0,2.0,6.0,-0.18447558710512998,0.0525499668102356,0.9793975795635678,-0.1845,0.0525499668102356,-0.18447558710512998,0.0525499668102356,,0.0525499668102356,0.0371584378826456,0.1053,0.2897627217524994,0.26338931918144226,-0.1788,0.0368,0.9990000000000001,,,,50.661389484346074,,,,
3455,P35557,L,165,Y,NONSYN,0.3932294491632085,-0.019605320195224984,0.03930581177814302,-1.3710666666666667,100.0,2.0,6.0,0.0085512000172705,0.0752099479847818,0.946280742369939,0.0086,0.0752099479847818,0.0085512000172705,0.0752099479847818,,0.0752099479847818,0.05318146423272672,0.1595,0.1509893936068445,0.32652318477630615,0.0125,0.0525,0.981,,,,50.661389484346074,,,,
3456,P35557,L,165,N,NONSYN,0.1790631080953343,-0.01193841390776503,0.04898744503520306,-2.4369,100.0,2.0,6.0,0.0068083933845902,0.0890534822914556,0.9467441869722845,0.0068,0.0890534822914556,0.0068083933845902,0.0890534822914556,,0.0890534822914556,0.06297032121656437,0.1067,0.099848098371849,0.25900998711586,0.0124,0.0612,1.0,,,,50.661389484346074,,,,
3457,P35557,L,165,C,NONSYN,0.3444819501115762,-0.0239426642212645,0.09599916988592834,-1.3948999999999998,100.0,2.0,6.0,0.291900283227266,0.0328091658109165,0.7915402716224663,0.2919,0.0328091658109165,0.291900283227266,0.0328091658109165,,0.0328091658109165,0.02319958362997289,0.1269,0.16495371473819131,0.2966015636920929,0.2909,0.0231,1.0,,,,50.661389484346074,,,,
3458,P35557,L,165,P,NONSYN,0.3101239067988947,-0.13702255446133263,0.05323886612599888,-2.2839666666666667,100.0,2.0,6.0,0.142583999712056,0.11928113022529499,0.8960734280771813,0.1426,0.11928113022529499,0.142583999712056,0.11928113022529499,,0.11928113022529499,0.08434449604990174,0.0833,0.059315655309742754,0.2646900415420532,0.1371,0.0804,1.0,,,,50.661389484346074,,,,
3459,P35557,L,165,E,NONSYN,0.22335052551716408,-0.011694398002827936,0.037208130643580244,-2.4328000000000003,100.0,2.0,6.0,0.0060763456697789,0.161883812778814,0.9469376725105098,0.0061,0.161883812778814,0.0060763456697789,0.161883812778814,,0.161883812778814,0.11446914178023285,0.1067,0.10058014608666031,0.25900998711586,0.0225,0.1047,1.0,,,,50.661389484346074,,,,
3460,P35557,L,165,M,NONSYN,0.4855550162170784,0.390263805101214,0.04295870781051398,0.15566666666666665,100.0,2.0,6.0,0.64747757340027,0.0983038657761317,0.3270726723922802,0.6475,0.0983038657761317,0.64747757340027,0.0983038657761317,,0.0983038657761317,0.06951133010715489,0.5931,0.05435544872833398,0.415292888879776,0.646,0.0686,0.985,,,,50.661389484346074,,,,
3461,P35557,L,165,W,NONSYN,0.28885364138641745,-0.035693315059130745,0.027675956741894502,-1.8677333333333335,100.0,2.0,6.0,0.262804203856328,0.0515983906421464,0.8169835994009232,0.2628,0.0515983906421464,0.262804203856328,0.0515983906421464,,0.0515983906421464,0.036485571921374214,0.1067,0.1561477120998888,0.27067720890045166,0.26,0.0362,1.0,,,,50.661389484346074,,,,
3462,P35557,L,165,H,NONSYN,0.29725486605293433,-0.015578148674561412,0.03585091674640065,-1.9786333333333335,100.0,2.0,6.0,-0.423952402438367,0.129930335360284,0.9935289588916258,-0.424,0.129930335360284,-0.423952402438367,0.129930335360284,,0.129930335360284,0.09187462121509908,0.1067,0.5306088941948062,0.26579275727272034,-0.3673,0.0868,1.0,,,,50.661389484346074,,,,
3463,P35557,L,165,Q,NONSYN,0.3225298006389851,0.12022709784736701,0.025303696543044794,-1.5422,100.0,2.0,6.0,0.113644000860429,0.39043878275986,0.9097294305617207,0.1136,0.39043878275986,0.113644000860429,0.39043878275986,,0.39043878275986,0.2760819109277183,0.2238,0.11019474568726997,0.3473367691040039,0.1563,0.2161,0.9990000000000001,,,,50.661389484346074,,,,
3464,P35557,L,165,*,STOP,,,,,100.0,2.0,6.0,-0.25864152437321397,0.05,0.985679447106008,-0.2586,0.05,-0.25864152437321397,0.05,,0.05,0.035355339059327376,,,,-0.2586,0.0354,,,,,50.661389484346074,,,,
3465,P35557,N,166,S,NONSYN,0.4614809963725863,1.3812796936142167,0.026847998432392963,-0.21126666666666663,100.0,2.0,6.0,0.916971412776799,0.0719624071134168,0.08503234007184883,0.917,0.0719624071134168,0.916971412776799,0.0719624071134168,,0.0719624071134168,0.050885106060404056,1.0859,0.16893854987731471,0.4688415229320526,0.9189,0.0506,0.522,,,,37.95034495686006,,,,
3466,P35557,N,166,A,NONSYN,0.4106254114956999,0.5798038031032007,0.020730396344925493,-1.0525333333333333,100.0,2.0,6.0,1.03871161684882,0.106088973728925,0.04107304226862995,1.0387,0.106088973728925,1.03871161684882,0.106088973728925,,0.106088973728925,0.07501623273284436,0.8038,0.23495251879584145,0.41362184286117554,1.0312,0.0738,0.36,,,,37.95034495686006,,,,
3467,P35557,N,166,V,NONSYN,0.4102202219640225,0.4229481129998473,0.015731450114667686,-2.3712,100.0,2.0,6.0,0.21462201984637,0.0257775809146883,0.853442748865393,0.2146,0.0257775809146883,0.21462201984637,0.0257775809146883,,0.0257775809146883,0.018227502267361022,0.6601,0.4455190905738571,0.4481770694255829,0.2154,0.0182,0.826,,,,37.95034495686006,,,,
3468,P35557,N,166,R,NONSYN,0.3307848248630052,0.411733880094133,0.021809718074440123,-0.6087666666666667,100.0,2.0,6.0,-0.0140837441658741,0.0382171085197228,0.9520011371200445,-0.0141,0.0382171085197228,-0.0140837441658741,0.0382171085197228,,0.0382171085197228,0.02702357659163817,0.5868,0.6008679281449085,0.4325498938560486,-0.0117,0.027,0.956,,,,37.95034495686006,,,,
3469,P35557,N,166,D,NONSYN,0.4678114494578813,1.404169483697743,0.029163174643172876,-0.12283333333333335,100.0,2.0,6.0,-0.0141046151977336,0.0509847505460167,0.952006122498093,-0.0141,0.0509847505460167,-0.0141046151977336,0.0509847505460167,,0.0509847505460167,0.03605166284819294,1.0838,1.0979385480743205,0.4694538712501526,-0.0077,0.0359,0.723,,,,37.95034495686006,,,,
3470,P35557,N,166,F,NONSYN,0.4766309376333202,0.07081351189485054,0.015745234887864373,-2.3051,100.0,2.0,6.0,1.2710258231613603,0.0256256413864301,0.009233059114941516,1.271,0.0256256413864301,1.2710258231613603,0.0256256413864301,,0.0256256413864301,0.018120064796599365,0.1493,1.1217478380653825,0.3947160542011261,1.2687,0.0181,0.9990000000000001,,,,37.95034495686006,,,,
3471,P35557,N,166,T,NONSYN,0.41339841489256257,1.046450791836658,0.028699888155926848,-0.23133333333333336,100.0,2.0,6.0,0.8483020425262192,0.0533331491625374,0.12494528616685115,0.8483,0.0533331491625374,0.8483020425262192,0.0533331491625374,,0.0533331491625374,0.03771223143486383,0.9103,0.06203910108187405,0.3972170650959015,0.8489,0.0375,0.802,,,,37.95034495686006,,,,
3472,P35557,N,166,I,NONSYN,0.408580276197032,0.4816433757300483,0.014439391739611717,-2.3165333333333336,100.0,2.0,6.0,0.03853623165576699,0.0369617163835623,0.9376565295206032,0.0385,0.0369617163835623,0.03853623165576699,0.0369617163835623,,0.0369617163835623,0.026135880299110813,0.6031,0.5645300339272713,0.4358333945274353,0.0406,0.0261,0.9890000000000001,,,,37.95034495686006,,,,
3473,P35557,N,166,L,NONSYN,0.3056093223191409,0.5080613582211657,0.012218668895265053,-2.2992666666666666,100.0,2.0,6.0,-0.0407177158175854,0.0493129945785103,0.9579612953634765,-0.0407,0.0493129945785103,-0.0407177158175854,0.0493129945785103,,0.0493129945785103,0.034869552867080086,0.6302,0.6708726235209851,0.4358333945274353,-0.0365,0.0348,0.983,,,,37.95034495686006,,,,
3474,P35557,N,166,K,NONSYN,0.42687331501914416,1.0171857870036094,0.022002424121094207,-0.41683333333333333,100.0,2.0,6.0,0.379553177936304,0.0728635712556224,0.6986603309911711,0.3796,0.0728635712556224,0.379553177936304,0.0728635712556224,,0.0728635712556224,0.0515223253363198,0.9167,0.5371221512720701,0.3902131915092468,0.3888,0.0511,0.09300000000000001,,,,37.95034495686006,,,,
3475,P35557,N,166,G,NONSYN,0.3767377141694753,0.46168513545689494,0.028132915233172854,-0.8320333333333334,100.0,2.0,6.0,0.495220928658356,0.0414966216431617,0.5440096180574377,0.4952,0.0414966216431617,0.495220928658356,0.0414966216431617,,0.0414966216431617,0.02934254256021209,0.5943,0.09905102921594211,0.4317688047885895,0.4957,0.0293,0.9670000000000001,,,,37.95034495686006,,,,
3476,P35557,N,166,Y,NONSYN,0.484545468725929,0.504590055324799,0.04397487346598015,-1.7925666666666666,100.0,2.0,6.0,1.2582742248171201,0.06747570670778201,0.010047151665986805,1.2583,0.06747570670778201,1.2582742248171201,0.06747570670778201,,0.06747570670778201,0.04771252977842727,0.5164,0.7419159088724485,0.4215628206729889,1.2489,0.0474,0.9990000000000001,,,,37.95034495686006,,,,
3477,P35557,N,166,N,SYN,,,,,100.0,2.0,6.0,0.851629636826452,0.05,0.12270111653061135,0.8516,0.05,0.851629636826452,0.05,,0.05,0.035355339059327376,,,,0.8516,0.0354,,,,,37.95034495686006,,,,
3478,P35557,N,166,C,NONSYN,0.3246931060135203,0.6898073041634963,0.04588413352512826,-1.7648,100.0,2.0,6.0,0.702622478301028,0.0382729037527022,0.2586068536737956,0.7026,0.0382729037527022,0.702622478301028,0.0382729037527022,,0.0382729037527022,0.02706302977923579,0.6639,0.03874987869928237,0.4487001299858093,0.7025,0.027,0.9990000000000001,,,,37.95034495686006,,,,
3479,P35557,N,166,P,NONSYN,0.19454249209923347,1.0167090709299693,0.01879615241643503,-1.746833333333333,100.0,2.0,6.0,-0.278082821998391,0.181664156365758,0.9869729032231832,-0.2781,0.181664156365758,-0.278082821998391,0.181664156365758,,0.181664156365758,0.1284559568647608,0.8628,1.1408395511243676,0.40576618909835815,-0.1742,0.1225,0.961,,,,37.95034495686006,,,,
3480,P35557,N,166,E,NONSYN,0.4910285186421727,0.28689678747626196,0.021719956271092602,-0.6100333333333333,100.0,2.0,6.0,0.360427533687739,0.0391264465654524,0.7209774272514705,0.3604,0.0391264465654524,0.360427533687739,0.0391264465654524,,0.0391264465654524,0.027666575690164494,0.6071,0.24670162290176906,0.4325498938560486,0.3614,0.0276,0.852,,,,37.95034495686006,,,,
3481,P35557,N,166,M,NONSYN,0.37063326035798777,0.5609379603732524,0.046559192829881024,-1.7604999999999997,100.0,2.0,6.0,1.08923050967176,0.0184805320414535,0.02997719554835556,1.0892,0.0184805320414535,1.08923050967176,0.0184805320414535,,0.0184805320414535,0.01306770952644704,0.6175,0.47174367514569804,0.43635642528533936,1.0888,0.0131,0.9990000000000001,,,,37.95034495686006,,,,
3482,P35557,N,166,W,NONSYN,0.5592228368220948,0.4229481129998473,0.015731450114667686,-2.3712,100.0,2.0,6.0,0.14649818609829002,0.0332037980228222,0.8940851137133895,0.1465,0.0332037980228222,0.14649818609829002,0.0332037980228222,,0.0332037980228222,0.02347863074308606,0.3654,0.21888305474643655,0.38140836358070374,0.1473,0.0234,1.0,,,,37.95034495686006,,,,
3483,P35557,N,166,H,NONSYN,0.4549298465836239,1.2027004133666295,0.026206052339953715,-0.22196666666666665,100.0,2.0,6.0,1.45270925351956,0.0761027540107584,0.0027006926761931897,1.4527,0.0761027540107584,1.45270925351956,0.0761027540107584,,0.0761027540107584,0.05381277342797899,1.0288,0.42386966535427684,0.5057649612426758,1.448,0.0535,0.9890000000000001,,,,37.95034495686006,,,,
3484,P35557,N,166,Q,NONSYN,0.3943650294167221,0.7149422110797742,0.02721530702183951,-0.25233333333333335,100.0,2.0,6.0,1.8428277847968701,0.0658681743275801,0.00016775193621507503,1.8428,0.0658681743275801,1.8428277847968701,0.0658681743275801,,0.0658681743275801,0.04657583273140955,0.7499,1.092922854205287,0.4299931526184082,1.8302,0.0463,0.983,,,,37.95034495686006,,,,
3485,P35557,N,166,*,STOP,,,,,100.0,2.0,6.0,-0.07330208608955001,0.05,0.9642553781828901,-0.0733,0.05,-0.07330208608955001,0.05,,0.05,0.035355339059327376,,,,-0.0733,0.0354,,,,,37.95034495686006,,,,
3486,P35557,W,167,S,NONSYN,0.23327544968867106,0.05447635326149469,0.06654702331549577,-2.2239,100.0,2.0,6.0,-0.141015110871595,0.10180092084729901,0.9744621893408444,-0.141,0.10180092084729901,-0.141015110871595,0.10180092084729901,,0.10180092084729901,0.0719841214621601,0.1527,0.2936740204308449,0.3132268488407135,-0.1263,0.0702,0.987,,,,14.419787154755257,,,,
3487,P35557,W,167,A,NONSYN,0.2536108292191249,-0.13545364222310233,0.04466998438691643,-2.1794666666666664,100.0,2.0,6.0,0.253191362781874,0.139473379236496,0.8248110215621497,0.2532,0.139473379236496,0.253191362781874,0.139473379236496,,0.139473379236496,0.09862257225312933,0.1033,0.14989505307232504,0.25900998711586,0.2342,0.0922,0.9670000000000001,,,,14.419787154755257,,,,
3488,P35557,W,167,V,NONSYN,0.2698857177948161,0.07554498776150234,0.04075395319200918,-1.702,100.0,2.0,6.0,0.0292257736141189,0.0791871377828809,0.9404704725837857,0.0292,0.0791871377828809,0.0292257736141189,0.0791871377828809,,0.0791871377828809,0.05599376210902855,0.1748,0.1455548932140366,0.32099223136901855,0.0335,0.0552,0.995,,,,14.419787154755257,,,,
3489,P35557,W,167,R,NONSYN,0.21610500589256476,-0.011679523005345008,0.04221374992930823,-2.1348333333333334,100.0,2.0,6.0,-0.11813099487139801,0.15262419962851503,0.9713941022947731,-0.1181,0.15262419962851503,-0.11813099487139801,0.15262419962851503,,0.15262419962851503,0.10792160653049232,0.1998,0.31795580489947417,0.32070761919021606,-0.0858,0.1023,0.682,,,,14.419787154755257,,,,
3490,P35557,W,167,D,NONSYN,0.0,-0.05739726237146567,0.09839495798236382,-2.7739333333333334,100.0,2.0,6.0,-0.166221744890631,0.165685297830147,0.977455742984973,-0.1662,0.165685297830147,-0.166221744890631,0.165685297830147,,0.165685297830147,0.1171571976386097,0.1067,0.2728782366470702,0.29179662466049194,-0.1283,0.1087,1.0,,,,14.419787154755257,,,,
3491,P35557,W,167,F,NONSYN,0.4406152869195287,-0.0876526324756403,0.03650030566293967,-0.7523666666666666,100.0,2.0,6.0,-0.23359328453900305,0.0472494106710469,0.9838148327866444,-0.2336,0.0472494106710469,-0.23359328453900305,0.0472494106710469,,0.0472494106710469,0.03341037869256528,0.1935,0.42706441824795693,0.33883213996887207,-0.2295,0.0332,0.998,,,,14.419787154755257,,,,
3492,P35557,W,167,T,NONSYN,0.08704244438925117,-0.0057507427836956575,0.05267528001836342,-2.3272333333333335,100.0,2.0,6.0,0.42877487558219607,0.23272130545315803,0.6364648638784856,0.4288,0.23272130545315803,0.42877487558219607,0.23272130545315803,,0.23272130545315803,0.1645588132125139,0.1295,0.2992695392975586,0.2727603316307068,0.3489,0.1409,0.99,,,,14.419787154755257,,,,
3493,P35557,W,167,I,NONSYN,0.08737184453483697,-0.001984914320373001,0.05431921969721126,-2.1708,100.0,2.0,6.0,-0.147214820926314,0.0475369466277505,0.9752341790129345,-0.1472,0.0475369466277505,-0.147214820926314,0.0475369466277505,,0.0475369466277505,0.03361369731738536,0.1171,0.26428153211367666,0.2713218927383423,-0.1432,0.0334,0.995,,,,14.419787154755257,,,,
3494,P35557,W,167,L,NONSYN,0.282864066326912,0.03472962178124995,0.03215106859696658,-1.7075666666666667,100.0,2.0,6.0,0.15167187155487602,0.132514473132327,0.8914029961602904,0.1517,0.132514473132327,0.15167187155487602,0.132514473132327,,0.132514473132327,0.09370188255723097,0.1583,0.006611600506281207,0.3223519027233124,0.1522,0.09,0.983,,,,14.419787154755257,,,,
3495,P35557,W,167,K,NONSYN,0.0,-0.03769906131594697,0.052046131102910426,-2.72,100.0,2.0,6.0,-0.0359168959862489,0.39862796403001505,0.9569443871184719,-0.0359,0.39862796403001505,-0.0359168959862489,0.39862796403001505,,0.39862796403001505,0.28187253653621075,0.1053,0.14120403063361828,0.2655600905418396,0.0389,0.1933,0.998,,,,14.419787154755257,,,,
3496,P35557,W,167,G,NONSYN,0.2578161940803697,0.18581660007018372,0.07470520468534875,-2.3241333333333336,100.0,2.0,6.0,-0.145927152979442,0.0603980242608868,0.9750758203834894,-0.1459,0.0603980242608868,-0.145927152979442,0.0603980242608868,,0.0603980242608868,0.04270785252514267,0.386,0.5318799236894335,0.38933053612709045,-0.1396,0.0425,0.9570000000000001,,,,14.419787154755257,,,,
3497,P35557,W,167,Y,NONSYN,0.19858444875175196,-0.11787412763389066,0.02930721782631672,-1.0095333333333334,100.0,2.0,6.0,-0.142928799064252,0.103696548402541,0.9747030656013506,-0.1429,0.103696548402541,-0.142928799064252,0.103696548402541,,0.103696548402541,0.0733245325610758,0.2011,0.3440718254161807,0.34028375148773193,-0.1277,0.0717,0.982,,,,14.419787154755257,,,,
3498,P35557,W,167,N,NONSYN,0.0,0.003951742729038066,0.10641663840455264,-2.7140999999999997,100.0,2.0,6.0,-0.160869308121204,0.0618193554554194,0.9768515607329922,-0.1609,0.0618193554554194,-0.160869308121204,0.0618193554554194,,0.0618193554554194,0.04371288545110865,0.1067,0.26752579987764324,0.2947961091995239,-0.1551,0.0432,1.0,,,,14.419787154755257,,,,
3499,P35557,W,167,C,NONSYN,0.3417489841899213,0.047277537243719685,0.061540661730363634,-2.3234666666666666,100.0,2.0,6.0,0.26969003549995,0.189559973175397,0.8112016951800394,0.2697,0.189559973175397,0.26969003549995,0.189559973175397,,0.189559973175397,0.13403914247386325,0.1268,0.14284413925590095,0.2713218927383423,0.2417,0.1202,0.9990000000000001,,,,14.419787154755257,,,,
3500,P35557,W,167,P,NONSYN,0.0,-0.05786949897571523,0.10438186204671153,-2.691966666666667,100.0,2.0,6.0,0.0245944169930559,0.10743525119197199,0.9418234931275039,0.0246,0.10743525119197199,0.0245944169930559,0.10743525119197199,,0.10743525119197199,0.0759681946563235,0.1067,0.08206207476338331,0.29179662466049194,0.0298,0.0735,1.0,,,,14.419787154755257,,,,
3501,P35557,W,167,E,NONSYN,0.0,0.024301277130832372,0.10505524204116391,-2.6246,100.0,2.0,6.0,0.0231777071803072,0.18274142886181696,0.9422313130796125,0.0232,0.18274142886181696,0.0231777071803072,0.18274142886181696,,0.18274142886181696,0.12921770355190984,0.1067,0.083478784576132,0.2947961091995239,0.0366,0.1183,1.0,,,,14.419787154755257,,,,
3502,P35557,W,167,M,NONSYN,0.11121177265777428,0.07554498776150233,0.04075395319200918,-1.702,100.0,2.0,6.0,0.0331081424902851,0.0851080192638186,0.9393125309606606,0.0331,0.0851080192638186,0.0331081424902851,0.0851080192638186,,0.0851080192638186,0.06018045755480145,0.1553,0.12216562283526117,0.32495296001434326,0.0372,0.0592,1.0,,,,14.419787154755257,,,,
3503,P35557,W,167,W,SYN,,,,,,,,,,,,,,,,,,,,,,,,,,,14.419787154755257,,,,
3504,P35557,W,167,H,NONSYN,0.19612267101694444,0.009253468105346966,0.04069892226866605,-1.7359333333333333,100.0,2.0,6.0,0.228100332582585,0.07969495890748,0.8439307564388745,0.2281,0.07969495890748,0.228100332582585,0.07969495890748,,0.07969495890748,0.056352845869862354,0.1255,0.10263914164363541,0.28304803371429443,0.2242,0.0553,0.9990000000000001,,,,14.419787154755257,,,,
3505,P35557,W,167,Q,NONSYN,0.0,0.13633265925052665,0.0409484600545125,-1.7596999999999998,100.0,2.0,6.0,-0.15313724085295402,0.0773598897955098,0.9759494101065898,-0.1531,0.0773598897955098,-0.15313724085295402,0.0773598897955098,,0.0773598897955098,0.05470170266624897,0.242,0.39510274335348805,0.3577701151371002,-0.1441,0.0541,1.0,,,,14.419787154755257,,,,
3506,P35557,W,167,*,STOP,,,,,100.0,2.0,6.0,0.168478902313496,0.05,0.8822531003279004,0.1685,0.05,0.168478902313496,0.05,,0.05,0.035355339059327376,,,,0.1685,0.0354,,,,,14.419787154755257,C,180.0,,
3507,P35557,T,168,S,NONSYN,0.5112342370012433,-0.009091375506107967,0.020050575796188134,-0.33873333333333333,100.0,2.0,6.0,-0.123221692870072,0.0671907615940606,0.9721075629101021,-0.1232,0.0671907615940606,-0.123221692870072,0.0671907615940606,,0.0671907615940606,0.047511043156248885,0.2279,0.35110172374050963,0.34760817885398865,-0.1168,0.0471,0.998,,,,6.217901982621676,,,,
3508,P35557,T,168,A,NONSYN,0.4371005638552374,-0.024112938321600264,0.023175139855896074,-0.5245,100.0,2.0,6.0,-0.0810205183946691,0.0472168471744226,0.9656018444914882,-0.081,0.0472168471744226,-0.0810205183946691,0.0472168471744226,,0.0472168471744226,0.0333873528232831,0.2215,0.3024984441721044,0.34760817885398865,-0.0783,0.0332,0.9990000000000001,,,,6.217901982621676,,,,
3509,P35557,T,168,V,NONSYN,0.335359974884157,-0.043669505974277066,0.024136074118622206,-0.4691,100.0,2.0,6.0,-0.0223508154366387,0.0375645745316742,0.9539361087704282,-0.0224,0.0375645745316742,-0.0223508154366387,0.0375645745316742,,0.0375645745316742,0.026562165383734303,0.2201,0.24243861188629995,0.34760817885398865,-0.0209,0.0265,1.0,,,,6.217901982621676,,,,
3510,P35557,T,168,R,NONSYN,0.3928132642818517,-0.10737034692657837,0.039921867465360736,-1.2489999999999999,100.0,2.0,6.0,0.393846364102436,0.141626108143415,0.6812779929189993,0.3938,0.141626108143415,0.393846364102436,0.141626108143415,,0.141626108143415,0.10014478146126807,0.1054,0.28848895557887644,0.27426838874816895,0.3599,0.0941,1.0,,,,6.217901982621676,,,,
3511,P35557,T,168,D,NONSYN,0.24736015353784535,0.040783874651692704,0.04215529041727092,-1.2412666666666667,100.0,2.0,6.0,-0.0506163006323772,0.12945393141764,0.9599827775381413,-0.0506,0.12945393141764,-0.0506163006323772,0.12945393141764,,0.12945393141764,0.09153775275667149,0.1348,0.1854609017867046,0.2823386788368225,-0.033,0.0871,1.0,,,,6.217901982621676,,,,
3512,P35557,T,168,F,NONSYN,0.2626450658678516,-0.03842921667968527,0.04089233519206376,-1.4809,100.0,2.0,6.0,-0.181367175340951,0.10121715141590198,0.979079430747587,-0.1814,0.10121715141590198,-0.181367175340951,0.10121715141590198,,0.10121715141590198,0.07157133413856985,0.1269,0.30831374383002574,0.28461822867393494,-0.163,0.0694,1.0,,,,6.217901982621676,,,,
3513,P35557,T,168,T,SYN,,,,,100.0,2.0,6.0,0.490967884478306,0.05,0.550130291185963,0.491,0.05,0.490967884478306,0.05,,0.05,0.035355339059327376,,,,0.491,0.0354,,,,,6.217901982621676,,,,
3514,P35557,T,168,I,NONSYN,0.39900335367527456,-0.09009139849868864,0.028338821827483752,-0.8405666666666667,100.0,2.0,6.0,-0.10391327894429801,0.19879729654047001,0.9693017705980619,-0.1039,0.19879729654047001,-0.10391327894429801,0.19879729654047001,,0.19879729654047001,0.14057091646531933,0.129,0.2329169825385058,0.2843737006187439,-0.0582,0.126,1.0,,,,6.217901982621676,,,,
3515,P35557,T,168,L,NONSYN,0.3692076635094301,-0.009164815257815097,0.04475511658338538,-1.2598666666666667,100.0,2.0,6.0,-0.20656854420844,0.0409078388756123,0.9815204233410836,-0.2066,0.0409078388756123,-0.20656854420844,0.0409078388756123,,0.0409078388756123,0.028926210272632126,0.1269,0.3335151126975147,0.280900239944458,-0.2031,0.0288,1.0,,,,6.217901982621676,,,,
3516,P35557,T,168,K,NONSYN,0.35305220057868336,-0.06848778621149297,0.05286271623361597,-0.8414,100.0,2.0,6.0,-0.168724115805885,0.0606264142213006,0.9777326543041002,-0.1687,0.0606264142213006,-0.168724115805885,0.0606264142213006,,0.0606264142213006,0.04286934861490619,0.1466,0.3153348228504864,0.3240124583244324,-0.1633,0.0425,1.0,,,,6.217901982621676,,,,
3517,P35557,T,168,G,NONSYN,0.43600131382643137,-0.061659135231955604,0.04620269151553149,-1.4976,100.0,2.0,6.0,-0.11167741968414,0.043815641910199,0.9704629196515516,-0.1117,0.043815641910199,-0.11167741968414,0.043815641910199,,0.043815641910199,0.030982337516743206,0.1269,0.2386239881732147,0.28461822867393494,-0.1089,0.0308,1.0,,,,6.217901982621676,,,,
3518,P35557,T,168,Y,NONSYN,0.2452402164451186,-0.0683321814090804,0.03432276759002209,-1.4882666666666668,100.0,2.0,6.0,-0.0916582811527656,0.13834473023695298,0.9673741291720346,-0.0917,0.13834473023695298,-0.0916582811527656,0.13834473023695298,,0.13834473023695298,0.09782449689197305,0.1251,0.21673385984234078,0.28461822867393494,-0.0688,0.0925,1.0,,,,6.217901982621676,,,,
3519,P35557,T,168,N,NONSYN,0.4084330644454248,-0.0764855135574846,0.021474876652602812,-0.5004666666666666,100.0,2.0,6.0,0.0760972073129839,0.0599660962446102,0.9249301622693948,0.0761,0.0599660962446102,0.0760972073129839,0.0599660962446102,,0.0599660962446102,0.04240243329584903,0.2024,0.12629820203264291,0.3411778211593628,0.078,0.0421,1.0,,,,6.217901982621676,,,,
3520,P35557,T,168,C,NONSYN,0.4354541497454498,-0.17916312702653167,0.05106547338649577,-0.9072999999999999,100.0,2.0,6.0,-0.0618235595948369,0.0505548730576952,0.962154132898288,-0.0618,0.0505548730576952,-0.0618235595948369,0.0505548730576952,,0.0505548730576952,0.03574769356112137,0.1197,0.18149636466571398,0.29408472776412964,-0.0592,0.0355,1.0,,,,6.217901982621676,,,,
3521,P35557,T,168,P,NONSYN,0.34993609822478866,-0.10737034692657837,0.039921867465360736,-1.2489999999999999,100.0,2.0,6.0,0.0880480507978498,0.0950800743265573,0.9203791191599595,0.088,0.0950800743265573,0.0880480507978498,0.0950800743265573,,0.0950800743265573,0.06723176531202962,0.1054,0.017309357725709767,0.27426838874816895,0.089,0.0653,1.0,,,,6.217901982621676,,,,
3522,P35557,T,168,E,NONSYN,0.187606014059847,-0.11148698478167329,0.05041589388003437,-0.9009666666666667,100.0,2.0,6.0,-0.264851986329412,0.0611748239575077,0.98610647661738,-0.2649,0.0611748239575077,-0.264851986329412,0.0611748239575077,,0.0611748239575077,0.04325713285824696,0.1206,0.3855000724004264,0.29408472776412964,-0.2567,0.0428,1.0,,,,6.217901982621676,,,,
3523,P35557,T,168,M,NONSYN,0.3518740482942453,-0.08270075586640598,0.05234258195585365,-0.8553000000000001,100.0,2.0,6.0,-0.126085206841146,0.0682681329286411,0.9725009091170121,-0.1261,0.0682681329286411,-0.126085206841146,0.0682681329286411,,0.0682681329286411,0.04827285973278676,0.129,0.25508891043535376,0.29851317405700684,-0.1196,0.0477,1.0,,,,6.217901982621676,,,,
3524,P35557,T,168,W,NONSYN,0.2914737870902876,-0.12823429205928552,0.041702642203187736,-1.5825333333333333,100.0,2.0,6.0,-0.207237585385558,0.0474957844387936,0.9815810862112618,-0.2072,0.0474957844387936,-0.207237585385558,0.0474957844387936,,0.0474957844387936,0.03358459125444545,0.097,0.3042826493580312,0.2779863774776459,-0.2029,0.0333,1.0,,,,6.217901982621676,,,,
3525,P35557,T,168,H,NONSYN,0.3614886802674268,-0.05637893134765581,0.039066888633399396,-1.2503,100.0,2.0,6.0,-0.0649261959389179,0.10127105901311001,0.9627340594566997,-0.0649,0.10127105901311001,-0.0649261959389179,0.10127105901311001,,0.10127105901311001,0.07160945256611312,0.1269,0.19187276442799261,0.280900239944458,-0.0532,0.0694,1.0,,,,6.217901982621676,,,,
3526,P35557,T,168,Q,NONSYN,0.1843049627657748,-0.13290753386377632,0.051562510706635874,-0.8452333333333334,100.0,2.0,6.0,0.0245351271509651,0.0782272250010335,0.9418406170963363,0.0245,0.0782272250010335,0.0245351271509651,0.0782272250010335,,0.0782272250010335,0.05531500127163661,0.1251,0.1005583925366875,0.2891455292701721,0.0281,0.0543,1.0,,,,6.217901982621676,,,,
3527,P35557,T,168,*,STOP,,,,,100.0,2.0,6.0,0.0555193230973375,0.05,0.9321854556506284,0.0555,0.05,0.0555193230973375,0.05,,0.05,0.035355339059327376,,,,0.0555,0.0354,,,,,6.217901982621676,,,,
3528,P35557,K,169,S,NONSYN,0.39799365034538775,0.1224291561711109,0.07821137429387799,-0.8266,100.0,2.0,6.0,-0.0606310504219775,0.065632109839103,0.96192883009508,-0.0606,0.065632109839103,-0.0606310504219775,0.065632109839103,,0.065632109839103,0.04640890993081006,0.2851,0.34571657951095147,0.3671588897705078,-0.0552,0.046,1.0,,,,23.455455961790147,,,,
3529,P35557,K,169,A,NONSYN,0.4253782567817681,-0.0570937827339901,0.08351527230179145,-0.8658,100.0,2.0,6.0,0.43589364886736,0.217067500500915,0.6269611447783572,0.4359,0.217067500500915,0.43589364886736,0.217067500500915,,0.217067500500915,0.15348990157941128,0.1588,0.27713885307764136,0.3338901996612549,0.3875,0.1395,1.0,,,,23.455455961790147,,,,
3530,P35557,K,169,V,NONSYN,0.4018371367991864,-0.1629808746852033,0.15207395580384134,-1.8981333333333332,100.0,2.0,6.0,-0.0878216259904113,0.11855110595436999,0.9667458208252037,-0.0878,0.11855110595436999,-0.0878216259904113,0.11855110595436999,,0.11855110595436999,0.08382829093749991,0.0917,0.17955305509044792,0.3033336102962494,-0.0751,0.0808,1.0,,,,23.455455961790147,,,,
3531,P35557,K,169,R,NONSYN,0.4425642104838123,0.25898587794145,0.30992957175835373,0.014233333333333356,100.0,2.0,6.0,0.090112742359623,0.155314192038789,0.9195665302197152,0.0901,0.155314192038789,0.090112742359623,0.155314192038789,,0.155314192038789,0.10982371840513738,0.3902,0.30011576754333114,0.4970504641532898,0.1041,0.1072,1.0,,,,23.455455961790147,,,,
3532,P35557,K,169,D,NONSYN,0.3868073539125079,0.1224291561711109,0.07821137429387799,-0.8266,100.0,2.0,6.0,-0.102675167847943,0.250116711297766,0.9691123753654284,-0.1027,0.250116711297766,-0.102675167847943,0.250116711297766,,0.250116711297766,0.17685922264672832,0.2361,0.3388024847996947,0.36384326219558716,-0.0379,0.1591,1.0,,,,23.455455961790147,,,,
3533,P35557,K,169,F,NONSYN,0.39391394066408775,-0.14923326535880477,0.07781243784383658,-1.9194666666666667,100.0,2.0,6.0,-0.12876041325016802,0.146012754455074,0.9728632911633377,-0.1288,0.146012754455074,-0.12876041325016802,0.146012754455074,,0.146012754455074,0.1032466088149091,0.0833,0.21202875765248125,0.27510201930999756,-0.1026,0.0967,1.0,,,,23.455455961790147,,,,
3534,P35557,K,169,T,NONSYN,0.4423640368257771,0.10123582966340616,0.0819313029432708,-0.8377,100.0,2.0,6.0,-0.0390951883248288,0.227673936311562,0.9576203272504755,-0.0391,0.227673936311562,-0.0390951883248288,0.227673936311562,,0.227673936311562,0.1609897842653396,0.2235,0.2625620614937741,0.3599885106086731,0.0047,0.147,1.0,,,,23.455455961790147,,,,
3535,P35557,K,169,I,NONSYN,0.4603939774498695,-0.1328755347408068,0.04785795973576096,-1.9278666666666666,100.0,2.0,6.0,-0.177833605104162,0.29846066002057897,0.9787116455036238,-0.1778,0.29846066002057897,-0.177833605104162,0.29846066002057897,,0.29846066002057897,0.21104355661796406,0.084,0.2618437591130274,0.2669934630393982,-0.0771,0.1656,0.9990000000000001,,,,23.455455961790147,,,,
3536,P35557,K,169,L,NONSYN,0.4356747906628182,-0.13157322835472676,0.15356473859892805,-1.8765,100.0,2.0,6.0,-0.182044564981841,0.0765037802640688,0.9791491886397569,-0.182,0.0765037802640688,-0.182044564981841,0.0765037802640688,,0.0765037802640688,0.05409634181112861,0.0981,0.2801689498619069,0.3033336102962494,-0.1734,0.0533,0.9990000000000001,,,,23.455455961790147,,,,
3537,P35557,K,169,K,SYN,,,,,,,,,,,,,,,,,,,,,,,,,,,23.455455961790147,,,,
3538,P35557,K,169,G,NONSYN,0.3929842999811576,-0.032425831424061094,0.140924926070677,-1.5884666666666665,100.0,2.0,6.0,-0.0489071258093066,0.133610387887531,0.9596408204222233,-0.0489,0.133610387887531,-0.0489071258093066,0.133610387887531,,0.133610387887531,0.0944768113122381,0.1357,0.18460604033719966,0.3331373929977417,-0.0352,0.0909,1.0,,,,23.455455961790147,,,,
3539,P35557,K,169,Y,NONSYN,0.3944793974738757,-0.10625777226051963,0.04580085447356345,-1.7455,100.0,2.0,6.0,-0.129064453969607,0.5668731697957701,0.9729041677540545,-0.1291,0.5668731697957701,-0.129064453969607,0.5668731697957701,,0.5668731697957701,0.4008398624353022,0.0851,0.21413178576053107,0.2775508761405945,0.0157,0.2282,1.0,,,,23.455455961790147,,,,
3540,P35557,K,169,N,NONSYN,0.4560364383708069,0.19371804573841253,0.1617239527199074,-0.5051666666666667,100.0,2.0,6.0,0.46836435969982,1.01716769348408,0.5822781289786352,0.4684,1.01716769348408,0.46836435969982,1.01716769348408,,1.01716769348408,0.7192461736664726,0.325,0.14335268911037297,0.4311941862106323,0.3629,0.3698,1.0,,,,23.455455961790147,,,,
3541,P35557,K,169,C,NONSYN,0.4535515939759026,-0.12645915558697582,0.08014055278993343,-2.2871333333333332,100.0,2.0,6.0,-0.20452229243634398,0.30270075436595695,0.9813336095129037,-0.2045,0.30270075436595695,-0.20452229243634398,0.30270075436595695,,0.30270075436595695,0.21404175608245157,0.0833,0.28779063683865724,0.26711857318878174,-0.092,0.167,1.0,,,,23.455455961790147,,,,
3542,P35557,K,169,P,NONSYN,0.27870648767165224,-0.007387256828312263,0.0870731689038232,-0.9779666666666667,100.0,2.0,6.0,-0.0906424334010257,0.12126199410236399,0.9672089465541126,-0.0906,0.12126199410236399,-0.0906424334010257,0.12126199410236399,,0.12126199410236399,0.08574517832998471,0.1362,0.22680060171691313,0.3108380138874054,-0.0746,0.0827,1.0,,,,23.455455961790147,,,,
3543,P35557,K,169,E,NONSYN,0.4020218445230145,0.1701450148775058,0.27018143016036067,-0.16533333333333333,100.0,2.0,6.0,0.20589153876985503,0.6475782503178039,0.8593308967017832,0.2059,0.6475782503178039,0.20589153876985503,0.6475782503178039,,0.6475782503178039,0.4579069721486386,0.3449,0.13902152666364717,0.4485309422016144,0.2768,0.3204,1.0,,,,23.455455961790147,,,,
3544,P35557,K,169,M,NONSYN,0.43998119930382734,-0.0774709298579325,0.08468840329889493,-0.9419333333333334,100.0,2.0,6.0,0.11960858568783501,0.148584894343792,0.9070606922582244,0.1196,0.148584894343792,0.11960858568783501,0.148584894343792,,0.148584894343792,0.105065386372382,0.1075,0.012139980646331108,0.29180312156677246,0.1182,0.0989,1.0,,,,23.455455961790147,,,,
3545,P35557,K,169,W,NONSYN,0.4169292295856069,-0.17037210359689134,0.10594186999828326,-2.216833333333333,100.0,2.0,6.0,-0.0727834484065974,0.0721571727764648,0.9641630204866302,-0.0728,0.0721571727764648,-0.0727834484065974,0.0721571727764648,,0.0721571727764648,0.051022826181487596,0.0778,0.15063107819213511,0.28226056694984436,-0.068,0.0502,1.0,,,,23.455455961790147,,,,
3546,P35557,K,169,H,NONSYN,0.4436698866414692,0.09804109756486272,0.0947253604197495,-0.8412999999999999,100.0,2.0,6.0,-0.0295109920291985,0.10560597611665501,0.9555491150024821,-0.0295,0.10560597611665501,-0.0295109920291985,0.10560597611665501,,0.10560597611665501,0.07467470184591134,0.2235,0.2529778651981438,0.37723308801651,-0.02,0.0733,1.0,,,,23.455455961790147,,,,
3547,P35557,K,169,Q,NONSYN,0.4867518824335938,0.25478954694309935,0.2865610469381363,0.19553333333333334,100.0,2.0,6.0,0.102701735354675,0.5244295978997621,0.9144380587370454,0.1027,0.5244295978997621,0.102701735354675,0.5244295978997621,,0.5244295978997621,0.37082772492985616,0.3853,0.28256060495256075,0.4514003396034241,0.2166,0.2865,1.0,,,,23.455455961790147,,,,
3548,P35557,K,169,*,STOP,,,,,100.0,2.0,6.0,0.23502099303192198,0.05,0.8388432446344458,0.235,0.05,0.23502099303192198,0.05,,0.05,0.035355339059327376,,,,0.235,0.0354,,,,,23.455455961790147,,,,
3549,P35557,G,170,S,NONSYN,0.36837526824294986,0.063090385174297,0.04667440474415904,-0.8648000000000001,100.0,2.0,6.0,-0.13919572689653198,0.11832412958250901,0.9742310153015488,-0.1392,0.11832412958250901,-0.13919572689653198,0.11832412958250901,,0.11832412958250901,0.0836677944057879,0.2283,0.36754380324006836,0.35183632373809814,-0.1195,0.0814,1.0,,,,21.188598392678326,,,,
3550,P35557,G,170,A,NONSYN,0.4089269105168704,0.07245942949933068,0.04775411763827481,-0.9328,100.0,2.0,6.0,-0.167302859871633,0.110296859266542,0.9775758083630744,-0.1673,0.110296859266542,-0.167302859871633,0.110296859266542,,0.110296859266542,0.07799165713095013,0.2382,0.4055355022838186,0.3825099468231201,-0.1511,0.0764,1.0,,,,21.188598392678326,,,,
3551,P35557,G,170,V,NONSYN,0.3988573139738447,0.20135345437833937,0.041675762880808015,-2.7219333333333338,100.0,2.0,6.0,-0.202233003327851,0.109395857332052,0.9811223061120352,-0.2022,0.109395857332052,-0.202233003327851,0.109395857332052,,0.109395857332052,0.07735455255321005,0.2585,0.4607149826979682,0.3436085283756256,-0.18,0.0755,1.0,,,,21.188598392678326,,,,
3552,P35557,G,170,R,NONSYN,0.3362652746103357,-0.0812068427948784,0.058189361319301434,-1.9470333333333334,100.0,2.0,6.0,0.0020780008974855,0.0925646548338586,0.9479822703582448,0.0021,0.0925646548338586,0.0020780008974855,0.0925646548338586,,0.0925646548338586,0.06545309513121354,0.0872,0.08510049760906052,0.27267351746559143,0.0067,0.0636,1.0,,,,21.188598392678326,,,,
3553,P35557,G,170,D,NONSYN,0.3623286966209139,-0.13177931615116523,0.06479457686229527,-1.5976,100.0,2.0,6.0,0.22773518323956501,0.0926731896299392,0.8441953141782625,0.2277,0.0926731896299392,0.22773518323956501,0.0926731896299392,,0.0926731896299392,0.06552984082151683,0.1036,0.12417676210461628,0.2836664319038391,0.2214,0.0638,1.0,,,,21.188598392678326,,,,
3554,P35557,G,170,F,NONSYN,0.3709207412708021,0.20226914700403273,0.044575817196281065,-2.717866666666667,100.0,2.0,6.0,-0.20498008120493103,0.086400444414794,0.981375571447421,-0.205,0.086400444414794,-0.20498008120493103,0.086400444414794,,0.086400444414794,0.061094340143232194,0.2585,0.46346206057504824,0.3436085283756256,-0.1908,0.0602,1.0,,,,21.188598392678326,,,,
3555,P35557,G,170,T,NONSYN,0.21962954488217865,-0.03667164878586133,0.0636442861972027,-1.5144,100.0,2.0,6.0,-0.0575878188563467,0.10605506366982499,0.9613477403572569,-0.0576,0.10605506366982499,-0.0575878188563467,0.10605506366982499,,0.10605506366982499,0.0749922547001043,0.1269,0.1845343873454214,0.2902982831001282,-0.046,0.0726,1.0,,,,21.188598392678326,,,,
3556,P35557,G,170,I,NONSYN,0.29686370150880703,0.20135345437833937,0.041675762880808015,-2.721933333333333,100.0,2.0,6.0,-0.11270718322069198,0.2859694505819231,0.9706135413858106,-0.1127,0.2859694505819231,-0.11270718322069198,0.2859694505819231,,0.2859694505819231,0.20221093771866908,0.2585,0.37118916259080914,0.3436085283756256,-0.0172,0.1743,1.0,,,,21.188598392678326,,,,
3557,P35557,G,170,L,NONSYN,0.33670580158540125,-0.12868970578363795,0.037221449836256686,-2.6893,100.0,2.0,6.0,0.787896477158081,0.13525252496546303,0.17177413067586647,0.7879,0.13525252496546303,0.787896477158081,0.13525252496546303,,0.13525252496546303,0.09563797757568171,0.0833,0.7046281327557677,0.26338931918144226,0.7058,0.0899,1.0,,,,21.188598392678326,,,,
3558,P35557,G,170,K,NONSYN,0.4007452768135149,0.013440793525168434,0.05932944878404033,-1.5245,100.0,2.0,6.0,-0.207925145789436,0.14421749767490602,0.981643215031924,-0.2079,0.14421749767490602,-0.207925145789436,0.14421749767490602,,0.14421749767490602,0.1019771705716812,0.1269,0.3348717142785107,0.2902982831001282,-0.1711,0.0962,1.0,,,,21.188598392678326,,,,
3559,P35557,G,170,G,SYN,,,,,100.0,2.0,6.0,1.01375922307556,0.05,0.047865353585116496,1.0138,0.05,1.01375922307556,0.05,,0.05,0.035355339059327376,,,,1.0138,0.0354,,,,,21.188598392678326,,,,
3560,P35557,G,170,Y,NONSYN,0.28089736795090275,0.12689446420843298,0.045780718834474515,-2.6748999999999996,100.0,2.0,6.0,0.0211439671818682,0.0741981368091203,0.9428118479901072,0.0211,0.0741981368091203,0.0211439671818682,0.0741981368091203,,0.0741981368091203,0.05246600568913614,0.2203,0.19918874475317513,0.3380911350250244,0.0258,0.0518,1.0,,,,21.188598392678326,,,,
3561,P35557,G,170,N,NONSYN,0.382875509440285,-0.02625446784286666,0.043940816814405426,-0.8179,100.0,2.0,6.0,0.128838832154959,0.135864946942684,0.9027840966936153,0.1288,0.135864946942684,0.128838832154959,0.135864946942684,,0.135864946942684,0.09607102530872234,0.1485,0.019642864689141948,0.31833237409591675,0.1305,0.092,1.0,,,,21.188598392678326,,,,
3562,P35557,G,170,C,NONSYN,0.3672992043124827,-0.08544195916207831,0.03690841951557832,-2.438433333333333,100.0,2.0,6.0,0.0740638895374635,0.748913570899737,0.9256791648273712,0.0741,0.748913570899737,0.0740638895374635,0.748913570899737,,0.748913570899737,0.5295618645058362,0.0872,0.013114608969082522,0.25900998711586,0.0846,0.2327,1.0,,,,21.188598392678326,,,,
3563,P35557,G,170,P,NONSYN,0.2021261040610908,-0.027893251511783568,0.03538066767882175,-1.8968333333333334,100.0,2.0,6.0,-0.157862772951799,0.21675792391696602,0.9765049491062542,-0.1579,0.21675792391696602,-0.157862772951799,0.21675792391696602,,0.21675792391696602,0.1532709978776044,0.1067,0.2645192647082382,0.2686800956726074,-0.0929,0.1331,1.0,,,,21.188598392678326,,,,
3564,P35557,G,170,E,NONSYN,0.4108810729254607,-0.06068351069763173,0.06066415948166328,-1.9435333333333331,100.0,2.0,6.0,-0.0594919953942545,0.0572164554728712,0.9617123680381195,-0.0595,0.0572164554728712,-0.0594919953942545,0.0572164554728712,,0.0572164554728712,0.04045814366032537,0.1067,0.16614848715069372,0.27267351746559143,-0.0559,0.04,1.0,,,,21.188598392678326,,,,
3565,P35557,G,170,M,NONSYN,0.2878381921366005,-0.0653770911699595,0.1840883806332356,-2.275,100.0,2.0,6.0,0.0582395159371591,0.102052302779751,0.9312668292130549,0.0582,0.102052302779751,0.0582395159371591,0.102052302779751,,0.102052302779751,0.07216187533126468,0.1189,0.06066018708865877,0.3300371766090393,0.061,0.0705,1.0,,,,21.188598392678326,,,,
3566,P35557,G,170,W,NONSYN,0.355895468841822,-0.02330986595107613,0.18000828110300615,-2.4539666666666666,100.0,2.0,6.0,-0.11233239009554302,0.0462389409093457,0.9705588114625628,-0.1123,0.0462389409093457,-0.11233239009554302,0.0462389409093457,,0.0462389409093457,0.03269586867188241,0.1189,0.2312320931213609,0.31833934783935547,-0.1099,0.0325,1.0,,,,21.188598392678326,,,,
3567,P35557,G,170,H,NONSYN,0.3218287257213429,-0.07175892248285601,0.05716736427280072,-1.9332999999999998,100.0,2.0,6.0,-0.0262657600385817,0.103393962666084,0.9548251430196603,-0.0263,0.103393962666084,-0.0262657600385817,0.103393962666084,,0.103393962666084,0.07311057213493671,0.1048,0.1310512619955214,0.27267351746559143,-0.0175,0.0706,1.0,,,,21.188598392678326,,,,
3568,P35557,G,170,Q,NONSYN,0.29754150588632416,-0.038333937784371906,0.03581558834378084,-1.7754,100.0,2.0,6.0,-0.129824983807713,0.20862335983328398,0.9730061426473026,-0.1298,0.20862335983328398,-0.129824983807713,0.20862335983328398,,0.20862335983328398,0.14751899245203628,0.1067,0.23648147556415222,0.2775508761405945,-0.0777,0.1303,1.0,,,,21.188598392678326,,,,
3569,P35557,G,170,*,STOP,,,,,100.0,2.0,6.0,-0.23481758568508201,0.05,0.983911549163773,-0.2348,0.05,-0.23481758568508201,0.05,,0.05,0.035355339059327376,,,,-0.2348,0.0354,,,,,21.188598392678326,,,,
3570,P35557,F,171,S,NONSYN,0.3509668135339838,-0.12133732364620835,0.03933037658943302,-1.8094999999999999,100.0,2.0,6.0,-0.0400973053789837,0.12524821763322902,0.9578312436107208,-0.0401,0.12524821763322902,-0.0400973053789837,0.12524821763322902,,0.12524821763322902,0.08856386401998476,0.0833,0.12336564978129694,0.2731638550758362,-0.0284,0.0842,1.0,,,,11.640960709798605,,,,
3571,P35557,F,171,A,NONSYN,0.21205940102164186,-0.07394242611959857,0.045596305531460886,-1.7977999999999998,100.0,2.0,6.0,-0.182281997958813,0.078156983195169,0.9791735831395951,-0.1823,0.078156983195169,-0.182281997958813,0.078156983195169,,0.078156983195169,0.05526533281438704,0.1048,0.2870674999157527,0.2731638550758362,-0.171,0.0542,1.0,,,,11.640960709798605,,,,
3572,P35557,F,171,V,NONSYN,0.3686871445054262,-0.009040458546369071,0.03578342910781278,-1.0737666666666665,100.0,2.0,6.0,-0.35252974570796797,0.100018947072953,0.9909071539013676,-0.3525,0.100018947072953,-0.35252974570796797,0.100018947072953,,0.100018947072953,0.07072407572242345,0.1362,0.4886879140238554,0.29660969972610474,-0.3262,0.0688,1.0,,,,11.640960709798605,,,,
3573,P35557,F,171,R,NONSYN,0.12156869505678705,0.011814681968706595,0.10431399269548226,-2.1628666666666665,100.0,2.0,6.0,-0.0088587031965663,0.0670889854497089,0.950736733796278,-0.0089,0.0670889854497089,-0.0088587031965663,0.0670889854497089,,0.0670889854497089,0.047439076554414775,0.1067,0.11551519495300551,0.27926105260849,-0.0056,0.0468,1.0,,,,11.640960709798605,,,,
3574,P35557,F,171,D,NONSYN,0.1992068019592559,-0.17610210277034333,0.050232450488626394,-2.6122333333333336,100.0,2.0,6.0,0.128831896867163,0.0569674931608861,0.9027873781463729,0.1288,0.0569674931608861,0.128831896867163,0.0569674931608861,,0.0569674931608861,0.04028210072126082,0.0778,0.05098426708162529,0.26338931918144226,0.1277,0.0398,1.0,,,,11.640960709798605,,,,
3575,P35557,F,171,F,SYN,,,,,100.0,2.0,6.0,1.8412372335483602,0.05,0.00016972468440734325,1.8412,0.05,1.8412372335483602,0.05,,0.05,0.035355339059327376,,,,1.8412,0.0354,,,,,11.640960709798605,,,,
3576,P35557,F,171,T,NONSYN,0.18720675519309532,-0.16424134139156324,0.0384372190831005,-1.6453666666666666,100.0,2.0,6.0,-0.349661128881307,0.115525606397235,0.9907811466412626,-0.3497,0.115525606397235,-0.349661128881307,0.115525606397235,,0.115525606397235,0.08168893968417286,0.0981,0.44779883539948023,0.27641618251800537,-0.3137,0.0783,1.0,,,,11.640960709798605,,,,
3577,P35557,F,171,I,NONSYN,0.40023011164303374,-0.18100402104257052,0.050707628160915535,-0.511,100.0,2.0,6.0,0.27117185028838603,0.0821421081423975,0.8099381827457371,0.2712,0.0821421081423975,0.27117185028838603,0.0821421081423975,,0.0821421081423975,0.05808324168844799,0.1947,0.076442641342158,0.3399553894996643,0.269,0.0573,1.0,,,,11.640960709798605,,,,
3578,P35557,F,171,L,NONSYN,0.4640274525972558,0.24198284734198583,0.04419487883645406,-0.3554666666666666,100.0,2.0,6.0,-0.12020381128882698,0.119338675467904,0.9716868188364843,-0.1202,0.119338675467904,-0.12020381128882698,0.119338675467904,,0.119338675467904,0.08438518668117559,0.3311,0.4512896124133997,0.3724004030227661,-0.0982,0.0823,0.9990000000000001,,,,11.640960709798605,,,,
3579,P35557,F,171,K,NONSYN,0.1539819943883161,-0.0077365150846281,0.03248810008057785,-1.9918333333333333,100.0,2.0,6.0,-0.0488172821367191,0.0886428312050801,0.9596227644538211,-0.0488,0.0886428312050801,-0.0488172821367191,0.0886428312050801,,0.0886428312050801,0.06267994704868664,0.1067,0.1554737738931583,0.26579275727272034,-0.0406,0.061,1.0,,,,11.640960709798605,,,,
3580,P35557,F,171,G,NONSYN,0.22544940105055214,-0.08834539263262864,0.05037574449211762,-2.584433333333333,100.0,2.0,6.0,-0.134438233545981,0.0546424501488074,0.9736163905746869,-0.1344,0.0546424501488074,-0.134438233545981,0.0546424501488074,,0.0546424501488074,0.03863804704086958,0.0872,0.22161673205252702,0.26338931918144226,-0.1298,0.0382,1.0,,,,11.640960709798605,,,,
3581,P35557,F,171,Y,NONSYN,0.41795167961904656,0.11152429348291482,0.04867794687135927,-0.19666666666666666,100.0,2.0,6.0,0.0746049380827292,0.121142062007271,0.9254805672556532,0.0746,0.121142062007271,0.0746049380827292,0.121142062007271,,0.121142062007271,0.08566037353226254,0.2918,0.21720038885589996,0.3747398853302002,0.0854,0.0835,0.9990000000000001,,,,11.640960709798605,,,,
3582,P35557,F,171,N,NONSYN,0.06350654443895225,-0.06293352644732776,0.050499542169636626,-2.4017,100.0,2.0,6.0,-0.0836698278586561,0.42381443831101795,0.9660521207051296,-0.0837,0.42381443831101795,-0.0836698278586561,0.42381443831101795,,0.42381443831101795,0.2996820632944885,0.1048,0.18845532981559582,0.25900998711586,0.0242,0.196,1.0,,,,11.640960709798605,,,,
3583,P35557,F,171,C,NONSYN,0.42192151878195305,-0.13923564645029698,0.04745535776321879,-1.5309000000000001,100.0,2.0,6.0,-0.27034472083689304,0.0692670668694016,0.9864731867415504,-0.2703,0.0692670668694016,-0.27034472083689304,0.0692670668694016,,0.0692670668694016,0.04897921269625591,0.1036,0.37390314197184177,0.2779863774776459,-0.2591,0.0482,1.0,,,,11.640960709798605,,,,
3584,P35557,F,171,P,NONSYN,0.14474630447280185,-0.029758721512491367,0.10161194449587337,-2.5313999999999997,100.0,2.0,6.0,-0.30877377301258,0.195339295643415,0.9887741001849177,-0.3088,0.195339295643415,-0.30877377301258,0.195339295643415,,0.195339295643415,0.13812574058166258,0.1067,0.41543026476901923,0.29179662466049194,-0.2327,0.1248,1.0,,,,11.640960709798605,,,,
3585,P35557,F,171,E,NONSYN,0.14341137314980398,-0.10479336989713267,0.049659134248598545,-2.5673,100.0,2.0,6.0,-0.0850943017524689,0.0653922449295865,0.9662917596212725,-0.0851,0.0653922449295865,-0.0850943017524689,0.0653922449295865,,0.0653922449295865,0.04623929982672224,0.0851,0.17016163354339298,0.26338931918144226,-0.08,0.0455,1.0,,,,11.640960709798605,,,,
3586,P35557,F,171,M,NONSYN,0.21680558431241104,0.22534107895601566,0.03898850001986828,-0.25303333333333333,100.0,2.0,6.0,-0.0702785061309166,0.14844943492882098,0.9637135511720385,-0.0703,0.14844943492882098,-0.0702785061309166,0.14844943492882098,,0.14844943492882098,0.10496960210148043,0.3083,0.3785346256205864,0.38106560707092285,-0.0436,0.1012,1.0,,,,11.640960709798605,,,,
3587,P35557,F,171,W,NONSYN,0.32132997916102696,0.026896510956214148,0.04889119446007822,-0.3639333333333333,100.0,2.0,6.0,0.525055197868488,0.0798298879861159,0.5006585375594458,0.5251,0.0798298879861159,0.525055197868488,0.0798298879861159,,0.0798298879861159,0.05644825513634505,0.2201,0.3049674014188267,0.3529595732688904,0.5174,0.0557,1.0,,,,11.640960709798605,,,,
3588,P35557,F,171,H,NONSYN,0.3132585296390889,-0.3241785318087227,0.03954454735535692,-1.3437666666666666,100.0,2.0,6.0,-0.0279485050906002,0.10725164751220401,0.9552019988643883,-0.0279,0.10725164751220401,-0.0279485050906002,0.10725164751220401,,0.10725164751220401,0.07583836724930876,0.0981,0.12608621160877342,0.27426838874816895,-0.019,0.0731,1.0,,,,11.640960709798605,,,,
3589,P35557,F,171,Q,NONSYN,0.15363519183063878,-0.07998599443069947,0.03203036538010411,-2.0034333333333336,100.0,2.0,6.0,0.167931155901495,0.0915922139288072,0.8825620793621284,0.1679,0.0915922139288072,0.167931155901495,0.0915922139288072,,0.0915922139288072,0.06476547557294852,0.0872,0.08075265739494897,0.26281219720840454,0.1633,0.0629,1.0,,,,11.640960709798605,,,,
3590,P35557,F,171,*,STOP,,,,,100.0,2.0,6.0,0.0402660815841254,0.05,0.9371195645825504,0.0403,0.05,0.0402660815841254,0.05,,0.05,0.035355339059327376,,,,0.0403,0.0354,,,,,11.640960709798605,,,,
3591,P35557,K,172,S,NONSYN,0.39799365034538775,0.33520178050748034,0.05489315226688804,-0.8266,100.0,2.0,6.0,0.910743138313871,0.107631805833146,0.08813003726319839,0.9107,0.107631805833146,0.910743138313871,0.107631805833146,,0.107631805833146,0.07610717977597133,0.4038,0.5069183917051369,0.4121975600719452,0.894,0.0748,0.998,,,,121.32634379663588,,,,
3592,P35557,K,172,A,NONSYN,0.4253782567817681,0.04397398121237053,0.0260050310022497,-0.8658,100.0,2.0,6.0,0.837018975759984,0.214567877416404,0.13280704020305387,0.837,0.214567877416404,0.837018975759984,0.214567877416404,,0.214567877416404,0.15172240114594313,0.1789,0.6580748052849779,0.3243826925754547,0.7189,0.1374,0.998,,,,121.32634379663588,,,,
3593,P35557,K,172,V,NONSYN,0.4018371367991864,0.0062481847107707334,0.038253860990681364,-1.8981333333333332,100.0,2.0,6.0,0.0193844524634133,0.0415868656938827,0.9433094747075371,0.0194,0.0415868656938827,0.0193844524634133,0.0415868656938827,,0.0415868656938827,0.029406354740438654,0.142,0.12262614691135781,0.3099764287471771,0.0205,0.0293,0.987,,,,121.32634379663588,,,,
3594,P35557,K,172,R,NONSYN,0.4425642104838123,0.64927348846621,0.09280751932710346,0.014233333333333356,100.0,2.0,6.0,0.634319647562927,0.0814014391455992,0.34461219178686087,0.6343,0.0814014391455992,0.634319647562927,0.0814014391455992,,0.0814014391455992,0.05755950961819728,0.7249,0.09062649368005393,0.4299185276031494,0.6359,0.0571,0.987,,,,121.32634379663588,,,,
3595,P35557,K,172,D,NONSYN,0.3868073539125079,0.33520178050748034,0.05489315226688804,-0.8266,100.0,2.0,6.0,-0.0366644221253454,0.0630352005498578,0.9571043293392452,-0.0367,0.0630352005498578,-0.0366644221253454,0.0630352005498578,,0.0630352005498578,0.04457261776225843,0.3885,0.42512392577601066,0.4222765266895294,-0.032,0.0443,0.9990000000000001,,,,121.32634379663588,,,,
3596,P35557,K,172,F,NONSYN,0.39391394066408775,0.005200592096129933,0.03827752172538507,-1.9194666666666667,100.0,2.0,6.0,-0.225585482466319,0.0384537120013689,0.9831672882663897,-0.2256,0.0384537120013689,-0.225585482466319,0.0384537120013689,,0.0384537120013689,0.027190880517962472,0.1067,0.3322419742227582,0.2669934630393982,-0.2222,0.0271,1.0,,,,121.32634379663588,,,,
3597,P35557,K,172,T,NONSYN,0.4423640368257771,0.1680648277031502,0.05567659363913858,-0.8377,100.0,2.0,6.0,0.464746436287645,0.0491343878159136,0.5873535152531957,0.4647,0.0491343878159136,0.464746436287645,0.0491343878159136,,0.0491343878159136,0.03474325881408218,0.2761,0.18867178838420262,0.3626219630241394,0.463,0.0346,0.998,,,,121.32634379663588,,,,
3598,P35557,K,172,I,NONSYN,0.4603939774498695,-0.07727818258009002,0.02057492269002863,-1.9278666666666666,100.0,2.0,6.0,0.0218508415623409,0.142238637612796,0.9426107224151787,0.0219,0.142238637612796,0.0218508415623409,0.142238637612796,,0.142238637612796,0.10057790520274397,0.0995,0.07769293852608378,0.26424312591552734,0.0317,0.094,0.982,,,,121.32634379663588,,,,
3599,P35557,K,172,L,NONSYN,0.4356747906628182,0.021254174777696633,0.036253866176246353,-1.8765,100.0,2.0,6.0,-0.0256335177373644,0.0664209200605241,0.9546827351210329,-0.0256,0.0664209200605241,-0.0256335177373644,0.0664209200605241,,0.0664209200605241,0.04696668298744617,0.1465,0.17214322471139393,0.30987799167633057,-0.0218,0.0464,0.982,,,,121.32634379663588,,,,
3600,P35557,K,172,K,SYN,,,,,100.0,2.0,6.0,0.134008513360909,0.05,0.900309025515404,0.134,0.05,0.134008513360909,0.05,,0.05,0.035355339059327376,,,,0.134,0.0354,,,,,121.32634379663588,,,,
3601,P35557,K,172,G,NONSYN,0.3929842999811576,0.0299873458700579,0.015464547455618233,-1.5884666666666665,100.0,2.0,6.0,-0.0068516328501519,0.110361783123093,0.9502423052449928,-0.0069,0.110361783123093,-0.0068516328501519,0.110361783123093,,0.110361783123093,0.07803756523017813,0.1392,0.1460895433592614,0.31094643473625183,0.0018,0.0757,0.9990000000000001,,,,121.32634379663588,,,,
3602,P35557,K,172,Y,NONSYN,0.3944793974738757,-0.004366899374701,0.031903438680942794,-1.7455,100.0,2.0,6.0,0.0225272303073357,0.0411931207954421,0.9424176200451679,0.0225,0.0411931207954421,0.0225272303073357,0.0411931207954421,,0.0411931207954421,0.029127935052693697,0.1144,0.09192149586987988,0.2816014885902405,0.0235,0.029,0.997,,,,121.32634379663588,,,,
3603,P35557,K,172,N,NONSYN,0.4560364383708069,0.6777439628594654,0.10660078876795671,-0.5051666666666667,100.0,2.0,6.0,1.27701576804952,0.0726074305019137,0.008872981920974545,1.277,0.0726074305019137,1.27701576804952,0.0726074305019137,,0.0726074305019137,0.05134120647243415,0.6769,0.6000665054305014,0.47299861907958984,1.27,0.051,0.9990000000000001,,,,121.32634379663588,,,,
3604,P35557,K,172,C,NONSYN,0.4535515939759026,-0.11530683426317935,0.03610337001316693,-2.2871333333333332,100.0,2.0,6.0,0.866296296899687,0.0268152900132299,0.11320417210038058,0.8663,0.0268152900132299,0.866296296899687,0.0268152900132299,,0.0268152900132299,0.018961273407838767,0.0851,0.7812289651087629,0.25900998711586,0.8621,0.0189,1.0,,,,121.32634379663588,,,,
3605,P35557,K,172,P,NONSYN,0.27870648767165224,0.15871078966724142,0.02009149084593843,-0.9779666666666667,100.0,2.0,6.0,0.32429740028498905,0.16907353595709598,0.7600455016580284,0.3243,0.16907353595709598,0.32429740028498905,0.16907353595709598,,0.16907353595709598,0.11955304379445014,0.2748,0.049503060151322054,0.3546968102455139,0.3192,0.1133,0.9990000000000001,,,,121.32634379663588,,,,
3606,P35557,K,172,E,NONSYN,0.4020218445230145,0.85769794306932,0.03308215352337253,-0.16533333333333333,100.0,2.0,6.0,0.28546977450454103,0.383305527407608,0.7973929910753622,0.2855,0.383305527407608,0.28546977450454103,0.383305527407608,,0.383305527407608,0.27103793769620566,0.8302,0.5447347123423828,0.4185405373573303,0.4464,0.2275,0.992,,,,121.32634379663588,,,,
3607,P35557,K,172,M,NONSYN,0.43998119930382734,0.2507931381490962,0.044079149225153824,-0.9419333333333334,100.0,2.0,6.0,0.0480503548394247,0.0296378053340376,0.934646865987647,0.0481,0.0296378053340376,0.0480503548394247,0.0296378053340376,,0.0296378053340376,0.020957093131184816,0.2875,0.2394981275786356,0.36004823446273804,0.0489,0.0209,0.998,,,,121.32634379663588,,,,
3608,P35557,K,172,W,NONSYN,0.4169292295856069,0.22085388533190295,0.035299966772979446,-2.216833333333333,100.0,2.0,6.0,-0.14218586188556,0.0418526209084809,0.9746098282151084,-0.1422,0.0418526209084809,-0.14218586188556,0.0418526209084809,,0.0418526209084809,0.029594272054816725,0.2585,0.4006678412556772,0.33922919631004333,-0.1392,0.0295,1.0,,,,121.32634379663588,,,,
3609,P35557,K,172,H,NONSYN,0.4436698866414692,0.4217003299740945,0.05396861155306767,-0.8412999999999999,100.0,2.0,6.0,-0.296160070525188,0.0760597455905424,0.9880672575595206,-0.2962,0.0760597455905424,-0.296160070525188,0.0760597455905424,,0.0760597455905424,0.053782361882396136,0.3678,0.6639272853002735,0.38475173711776733,-0.2834,0.0533,1.0,,,,121.32634379663588,,,,
3610,P35557,K,172,Q,NONSYN,0.4867518824335938,0.7322683967056628,0.09393294316227502,0.19553333333333334,100.0,2.0,6.0,0.38533492284456894,0.0533223712938345,0.6916997821372136,0.3853,0.0533223712938345,0.38533492284456894,0.0533223712938345,,0.0533223712938345,0.03770461033081727,0.7646,0.37926702303250626,0.4330885112285614,0.3882,0.0376,0.9940000000000001,,,,121.32634379663588,,,,
3611,P35557,K,172,*,STOP,,,,,100.0,2.0,6.0,-0.136754403244704,0.05,0.9739174621337272,-0.1368,0.05,-0.136754403244704,0.05,,0.05,0.035355339059327376,,,,-0.1368,0.0354,,,,,121.32634379663588,,,,
3612,P35557,A,173,S,NONSYN,0.46929375853615796,-0.13391076556329934,0.061381864809550775,-0.41050000000000003,100.0,2.0,6.0,-0.0663289704351395,0.104447871042479,0.9629933161000714,-0.0663,0.104447871042479,-0.0663289704351395,0.104447871042479,,0.104447871042479,0.07385579789463494,0.1992,0.2655560352830857,0.3474254012107849,-0.0548,0.0722,0.997,,,,2.8446457377469865,,,,
3613,P35557,A,173,A,SYN,,,,,100.0,2.0,6.0,0.947496469238418,0.05,0.07119421598788442,0.9475,0.05,0.947496469238418,0.05,,0.05,0.035355339059327376,,,,0.9475,0.0354,,,,,2.8446457377469865,,,,
3614,P35557,A,173,V,NONSYN,0.41129671784225785,-0.027124686544234,0.058774226166463876,-0.6206999999999999,100.0,2.0,6.0,0.05211518679376,0.139359052881072,0.9333182722668758,0.0521,0.139359052881072,0.05211518679376,0.139359052881072,,0.139359052881072,0.09854173131194068,0.2201,0.16797260965590124,0.3628377914428711,0.0637,0.0951,1.0,,,,2.8446457377469865,,,,
3615,P35557,A,173,R,NONSYN,0.3190441200491768,0.33101012768674387,0.3160810607295946,-1.2165666666666668,100.0,2.0,6.0,0.0880591527752659,0.127332295256852,0.9203747708938995,0.0881,0.127332295256852,0.0880591527752659,0.127332295256852,,0.127332295256852,0.0900375294401677,0.3845,0.296428267545245,0.4909146726131439,0.0977,0.0886,1.0,,,,2.8446457377469865,,,,
3616,P35557,A,173,D,NONSYN,0.4810824638550644,-0.21577174958057652,0.07216674456571398,-1.3432333333333333,100.0,2.0,6.0,-0.328958126053737,0.393117720762313,0.9898161854552191,-0.329,0.393117720762313,-0.328958126053737,0.393117720762313,,0.393117720762313,0.2779762061556311,0.0981,0.4270958325719102,0.28210699558258057,-0.1186,0.198,1.0,,,,2.8446457377469865,,,,
3617,P35557,A,173,F,NONSYN,0.3975861635372093,-0.152076361097752,0.10135035666561808,-1.7862,100.0,2.0,6.0,-0.22799022662492,0.044437979311703,0.9833645025219109,-0.228,0.044437979311703,-0.22799022662492,0.044437979311703,,0.044437979311703,0.031422396513532694,0.0833,0.3112585710272332,0.2896978557109833,-0.2244,0.0312,1.0,,,,2.8446457377469865,,,,
3618,P35557,A,173,T,NONSYN,0.4593194656393701,-0.09446497693232002,0.05001070895553064,-0.5557333333333333,100.0,2.0,6.0,-0.165218644931073,0.217262053423696,0.9773437536775803,-0.1652,0.217262053423696,-0.165218644931073,0.217262053423696,,0.217262053423696,0.1536274712704094,0.2024,0.3676140542766998,0.3465292453765869,-0.1048,0.1404,1.0,,,,2.8446457377469865,,,,
3619,P35557,A,173,I,NONSYN,0.2533067127168299,-0.0773888075332934,0.03726940528653783,-1.3021,100.0,2.0,6.0,-0.497575171589339,0.269241952536714,0.9954186465371341,-0.4976,0.269241952536714,-0.497575171589339,0.269241952536714,,0.269241952536714,0.19038281041861704,0.1075,0.605043776630843,0.27426838874816895,-0.3008,0.1564,1.0,,,,2.8446457377469865,,,,
3620,P35557,A,173,L,NONSYN,0.33775241979079834,-0.22994352047577393,0.06985616748011023,-1.2974666666666668,100.0,2.0,6.0,-0.0399110327618975,0.098262245257455,0.9577921182560091,-0.0399,0.098262245257455,-0.0399110327618975,0.098262245257455,,0.098262245257455,0.0694818999561621,0.0981,0.13804873928007072,0.28210699558258057,-0.032,0.0675,1.0,,,,2.8446457377469865,,,,
3621,P35557,A,173,K,NONSYN,0.13783323133742972,0.24493620161145802,0.1900901048832464,-0.7036666666666666,100.0,2.0,6.0,-0.127449744244407,0.420889235235632,0.972686359580973,-0.1274,0.420889235235632,-0.127449744244407,0.420889235235632,,0.420889235235632,0.29761363236353533,0.2908,0.4182935290535196,0.45125511288642883,-0.0007,0.2484,1.0,,,,2.8446457377469865,,,,
3622,P35557,A,173,G,NONSYN,0.5077306515769983,-0.053328245725149326,0.07111283038826167,-0.48503333333333326,100.0,2.0,6.0,-0.28862883855258503,0.0345753440644208,0.9876233829785871,-0.2886,0.0345753440644208,-0.28862883855258503,0.0345753440644208,,0.0345753440644208,0.024448460249809994,0.2187,0.5073472778931765,0.360429584980011,-0.2863,0.0244,0.998,,,,2.8446457377469865,,,,
3623,P35557,A,173,Y,NONSYN,0.2413102682766479,-0.10836868117375564,0.09417434999387268,-1.7924666666666667,100.0,2.0,6.0,-0.359113266396909,0.16501603799612802,0.9911896153734882,-0.3591,0.16501603799612802,-0.359113266396909,0.16501603799612802,,0.16501603799612802,0.1166839594715991,0.0851,0.44418059818783306,0.28739216923713684,-0.2963,0.1081,1.0,,,,2.8446457377469865,,,,
3624,P35557,A,173,N,NONSYN,0.2596281291448914,0.38783862709432904,0.3171746012021202,-1.1920666666666666,100.0,2.0,6.0,-0.0824263454474897,0.0612264721453706,0.9658415242540759,-0.0824,0.0612264721453706,-0.0824263454474897,0.0612264721453706,,0.0612264721453706,0.043293653642120816,0.3834,0.46581283817667674,0.4909146726131439,-0.0788,0.0431,1.0,,,,2.8446457377469865,,,,
3625,P35557,A,173,C,NONSYN,0.4521425054357098,0.11774093421064968,0.20962707237915215,-0.7297666666666668,100.0,2.0,6.0,0.254136057958018,0.19126170903263098,0.8240543029646913,0.2541,0.19126170903263098,0.254136057958018,0.19126170903263098,,0.19126170903263098,0.13524245143830171,0.2891,0.035006252661336223,0.4614734947681427,0.2569,0.1298,1.0,,,,2.8446457377469865,,,,
3626,P35557,A,173,P,NONSYN,0.3737321559264451,0.026601678225158677,0.11501972483652573,-0.7215666666666666,100.0,2.0,6.0,0.5275538259144911,0.7677451035677131,0.49700678995787906,0.5276,0.7677451035677131,0.5275538259144911,0.7677451035677131,,0.7677451035677131,0.5428777689554981,0.1863,0.3412332528229841,0.360268235206604,0.2907,0.3002,1.0,,,,2.8446457377469865,,,,
3627,P35557,A,173,E,NONSYN,0.3924454343376217,0.21808004654270072,0.2112346422729836,-0.73,100.0,2.0,6.0,-0.196210241796252,0.0535328023626301,0.9805545868902129,-0.1962,0.0535328023626301,-0.196210241796252,0.0535328023626301,,0.0535328023626301,0.03785340756653497,0.2803,0.4765287106053798,0.43844836950302124,-0.1927,0.0377,1.0,,,,2.8446457377469865,,,,
3628,P35557,A,173,M,NONSYN,0.19919007049311416,-0.1639807880871876,0.0716679935197048,-1.2075333333333333,100.0,2.0,6.0,1.5730319000970603,1.3122844033356,0.0011685789835847444,1.573,1.3122844033356,1.5730319000970603,1.3122844033356,,1.3122844033356,0.9279252004439451,0.1185,1.4545395352136374,0.31167691946029663,0.266,0.2955,1.0,,,,2.8446457377469865,,,,
3629,P35557,A,173,W,NONSYN,0.17944660888741126,-0.3053538730251886,0.10103535387251632,-1.6895,100.0,2.0,6.0,0.23184230915739,0.055877286612437,0.8411973127888874,0.2318,0.055877286612437,0.23184230915739,0.055877286612437,,0.055877286612437,0.03951120827795849,0.0896,0.14222091428472458,0.29064446687698364,0.2293,0.0392,1.0,,,,2.8446457377469865,,,,
3630,P35557,A,173,H,NONSYN,0.3663343704598138,-0.28881477680165785,0.11467060076249667,-1.3876666666666668,100.0,2.0,6.0,-0.10982904439049301,0.10769403202135099,0.9701905933476104,-0.1098,0.10769403202135099,-0.10982904439049301,0.10769403202135099,,0.10769403202135099,0.07615118033561846,0.0981,0.20796675090866623,0.2929692268371582,-0.0967,0.0737,1.0,,,,2.8446457377469865,,,,
3631,P35557,A,173,Q,NONSYN,0.3707092191809771,0.21808004654270066,0.2112346422729836,-0.73,100.0,2.0,6.0,-0.046881279038135,0.15621420597098,0.9592317114130747,-0.0469,0.15621420597098,-0.046881279038135,0.15621420597098,,0.15621420597098,0.11046012435975203,0.3232,0.37010683684224266,0.4614734947681427,-0.0268,0.1074,1.0,,,,2.8446457377469865,,,,
3632,P35557,A,173,*,STOP,,,,,100.0,2.0,6.0,0.0341803235670444,0.05,0.9389888776505998,0.0342,0.05,0.0341803235670444,0.05,,0.05,0.035355339059327376,,,,0.0342,0.0354,,,,,2.8446457377469865,,,,
3633,P35557,S,174,S,SYN,,,,,100.0,2.0,6.0,0.940603610856718,0.05,0.07413114154567851,0.9406,0.05,0.940603610856718,0.05,,0.05,0.035355339059327376,,,,0.9406,0.0354,,,,,60.62909486659796,,,,
3634,P35557,S,174,A,NONSYN,0.4563330621977513,0.389233487915998,0.04319729424774204,-0.01466666666666668,100.0,2.0,6.0,0.0575968891692857,0.19503678089775,0.9314849314444374,0.0576,0.19503678089775,0.0575968891692857,0.19503678089775,,0.19503678089775,0.13791183035359392,0.6655,0.607858869402339,0.4276365637779236,0.1149,0.1313,0.897,,,,60.62909486659796,,,,
3635,P35557,S,174,V,NONSYN,0.3566796973350173,-0.014441269029881501,0.02320535318190117,-1.3498999999999999,100.0,2.0,6.0,0.49223588544993796,0.140091204023596,0.5483075143999981,0.4922,0.140091204023596,0.49223588544993796,0.140091204023596,,0.140091204023596,0.09905944034967289,0.1347,0.3574970825400869,0.2769872546195984,0.4517,0.0933,0.9990000000000001,,,,60.62909486659796,,,,
3636,P35557,S,174,R,NONSYN,0.5078165034060199,-0.09921142479692964,0.034143465442717826,-0.9542999999999999,100.0,2.0,6.0,0.7817383357884901,0.0585009972985417,0.1772220556377732,0.7817,0.0585009972985417,0.7817383357884901,0.0585009972985417,,0.0585009972985417,0.04136645189597473,0.1269,0.6548458287122266,0.28635361790657043,0.7684,0.0409,1.0,,,,60.62909486659796,,,,
3637,P35557,S,174,D,NONSYN,0.26426002389568154,0.066133056640589,0.12629915900400515,-0.6365333333333334,100.0,2.0,6.0,0.589235906820831,0.0532138398173342,0.40737314050820583,0.5892,0.0532138398173342,0.589235906820831,0.0532138398173342,,0.0532138398173342,0.037627866987811724,0.2462,0.34304208062225316,0.4010637700557709,0.5862,0.0375,0.997,,,,60.62909486659796,,,,
3638,P35557,S,174,F,NONSYN,0.4400921079880442,0.0245204122942529,0.032693689223087484,-1.7383,100.0,2.0,6.0,0.0036965013819457,0.030996054406803,0.9475618963999439,0.0037,0.030996054406803,0.0036965013819457,0.030996054406803,,0.030996054406803,0.02191752026107757,0.1067,0.1029599903744935,0.2775508761405945,0.0043,0.0218,1.0,,,,60.62909486659796,,,,
3639,P35557,S,174,T,NONSYN,0.5032644910640633,0.12974046423405788,0.05349712276797047,-0.06083333333333333,100.0,2.0,6.0,0.836075960215106,0.141818544093153,0.13348196578404434,0.8361,0.141818544093153,0.836075960215106,0.141818544093153,,0.141818544093153,0.10028085422627188,0.4252,0.4108472154698515,0.40601393580436707,0.8125,0.0974,0.971,,,,60.62909486659796,,,,
3640,P35557,S,174,I,NONSYN,0.40690641070991895,0.06644051187195646,0.023916162921500603,-1.7275666666666665,100.0,2.0,6.0,-0.12206379735116499,0.0995231419273663,0.9719468890377087,-0.1221,0.0995231419273663,-0.12206379735116499,0.0995231419273663,,0.0995231419273663,0.07037348854183191,0.1318,0.2538496371472313,0.2791350483894348,-0.1069,0.0682,1.0,,,,60.62909486659796,,,,
3641,P35557,S,174,L,NONSYN,0.393745075519064,0.035942131997641895,0.026457704480583613,-1.7093,100.0,2.0,6.0,-0.0305686577282213,0.0871800710265843,0.9557825578884087,-0.0306,0.0871800710265843,-0.0305686577282213,0.0871800710265843,,0.0871800710265843,0.061645619407222615,0.1163,0.14684313377955185,0.2685807943344116,-0.0232,0.0601,1.0,,,,60.62909486659796,,,,
3642,P35557,S,174,K,NONSYN,0.33912790346884786,0.145560397850352,0.04684171730621963,-0.6167666666666666,100.0,2.0,6.0,0.197014177992097,0.506613158984507,0.8651034860928091,0.197,0.506613158984507,0.197014177992097,0.506613158984507,,0.506613158984507,0.35822960015628336,0.321,0.12399879579330339,0.37480854988098145,0.2562,0.259,0.9990000000000001,,,,60.62909486659796,,,,
3643,P35557,S,174,G,NONSYN,0.4188135801978989,0.3093314471767157,0.12042469882131829,-0.6509999999999999,100.0,2.0,6.0,-0.140359264787549,0.17005988171392,0.9743791010297028,-0.1404,0.17005988171392,-0.140359264787549,0.17005988171392,,0.17005988171392,0.12025049556769497,0.4066,0.5470018507803621,0.4756578505039215,-0.1075,0.1166,0.9990000000000001,,,,60.62909486659796,,,,
3644,P35557,S,174,Y,NONSYN,0.3987520148682556,-0.06747663889041293,0.03126489541571726,-1.6658,100.0,2.0,6.0,0.22619369196214498,0.0416481825172469,0.8453079053876569,0.2262,0.0416481825172469,0.22619369196214498,0.0416481825172469,,0.0416481825172469,0.029449712282040293,0.1251,0.10111811327256978,0.28044694662094116,0.2251,0.0293,1.0,,,,60.62909486659796,,,,
3645,P35557,S,174,N,NONSYN,0.3577198430860929,0.21154578250263023,0.05196880430600693,-0.23683333333333337,100.0,2.0,6.0,-0.10367169808849801,0.0667134122161533,0.9692649083258094,-0.1037,0.0667134122161533,-0.10367169808849801,0.0667134122161533,,0.0667134122161533,0.04717350617413546,0.4449,0.5486014170597504,0.4281429946422577,-0.0971,0.0469,0.978,,,,60.62909486659796,,,,
3646,P35557,S,174,C,NONSYN,0.4413057931247456,0.22318631324915703,0.035883603227794665,-0.9221333333333334,100.0,2.0,6.0,-0.18545487834976998,0.035056314949419,0.979496780247387,-0.1855,0.035056314949419,-0.18545487834976998,0.035056314949419,,0.035056314949419,0.024788558024145514,0.2697,0.4551514716343769,0.36004823446273804,-0.1833,0.0247,1.0,,,,60.62909486659796,,,,
3647,P35557,S,174,P,NONSYN,0.3754690196139504,0.25941484629040934,0.030587542415166247,-0.9290666666666666,100.0,2.0,6.0,-0.29414047747352695,0.0869803388750382,0.9879498698176113,-0.2941,0.0869803388750382,-0.29414047747352695,0.0869803388750382,,0.0869803388750382,0.06150438744844339,0.3228,0.6169491603920756,0.36805495619773865,-0.2774,0.0607,0.9990000000000001,,,,60.62909486659796,,,,
3648,P35557,S,174,E,NONSYN,0.32956968841657797,0.16398370494197798,0.1279327491632611,-0.6321,100.0,2.0,6.0,0.141744256717219,0.0393616558001274,0.8964954641361914,0.1417,0.0393616558001274,0.141744256717219,0.0393616558001274,,0.0393616558001274,0.02783289373500088,0.321,0.1792687170681814,0.41618844866752625,0.1425,0.0278,0.998,,,,60.62909486659796,,,,
3649,P35557,S,174,M,NONSYN,0.4679817126368144,0.24070869293134287,0.03521432153460057,-1.5591333333333335,100.0,2.0,6.0,-0.0840626207020195,0.0820321593554571,0.9661183714023726,-0.0841,0.0820321593554571,-0.0840626207020195,0.0820321593554571,,0.0820321593554571,0.058005496155619195,0.2659,0.34999690920375903,0.36152124404907227,-0.0753,0.0573,1.0,,,,60.62909486659796,,,,
3650,P35557,S,174,W,NONSYN,0.3832492129242465,-0.04964531789914686,0.032029479435257475,-1.7880333333333336,100.0,2.0,6.0,-0.14781461488706302,0.0347738134863522,0.9753075914807676,-0.1478,0.0347738134863522,-0.14781461488706302,0.0347738134863522,,0.0347738134863522,0.02458879932391586,0.1067,0.25447110664350225,0.2731638550758362,-0.1458,0.0245,1.0,,,,60.62909486659796,,,,
3651,P35557,S,174,H,NONSYN,0.2629764798769622,0.10071432665506437,0.026052181880872733,-0.9429,100.0,2.0,6.0,0.181961081432508,0.110405831436731,0.8744115170297515,0.182,0.110405831436731,0.181961081432508,0.110405831436731,,0.110405831436731,0.07806871209145139,0.2235,0.041505791736437314,0.35388728976249695,0.1839,0.0762,1.0,,,,60.62909486659796,,,,
3652,P35557,S,174,Q,NONSYN,0.3963611118941722,0.066133056640589,0.12629915900400515,-0.6365333333333333,100.0,2.0,6.0,0.43529620162138594,0.0949996490922159,0.6277631689907938,0.4353,0.0949996490922159,0.43529620162138594,0.0949996490922159,,0.0949996490922159,0.0671748960834483,0.2494,0.18588107219824446,0.4010637700557709,0.4302,0.0663,1.0,,,,60.62909486659796,,,,
3653,P35557,S,174,*,STOP,,,,,100.0,2.0,6.0,-0.190746545365948,0.05,0.9800244078877546,-0.1907,0.05,-0.190746545365948,0.05,,0.05,0.035355339059327376,,,,-0.1907,0.0354,,,,,60.62909486659796,,,,
3654,P35557,G,175,S,NONSYN,0.36837526824294986,-0.06634796447189632,0.0812477636258227,-0.8648000000000001,100.0,2.0,6.0,-0.29928663416467305,0.241394256043781,0.9882466557173252,-0.2993,0.241394256043781,-0.29928663416467305,0.241394256043781,,0.241394256043781,0.17069151538803928,0.2107,0.5100180511053621,0.3599885106086731,-0.2057,0.1542,1.0,,,,52.01400720755251,,,,
3655,P35557,G,175,A,NONSYN,0.4089269105168704,-0.07171825934063601,0.08559527617122496,-0.9328,100.0,2.0,6.0,-0.283175749558454,0.212637830819395,0.9872913425527212,-0.2832,0.212637830819395,-0.283175749558454,0.212637830819395,,0.212637830819395,0.15035765210919205,0.2057,0.48890454866314453,0.37344199419021606,-0.215,0.1395,0.9990000000000001,,,,52.01400720755251,,,,
3656,P35557,G,175,V,NONSYN,0.3988573139738447,-0.17699214194332802,0.037261752681878375,-2.7219333333333338,100.0,2.0,6.0,-0.18098409496643497,0.10068475962375502,0.9790398751369676,-0.181,0.10068475962375502,-0.18098409496643497,0.10068475962375502,,0.10068475962375502,0.07119487629209467,0.0778,0.2588317247519727,0.26338931918144226,-0.1634,0.0687,1.0,,,,52.01400720755251,,,,
3657,P35557,G,175,R,NONSYN,0.3362652746103357,0.003970428247790932,0.0628211888454462,-1.9470333333333334,100.0,2.0,6.0,-0.0344324432362774,0.220009544634965,0.9566250019465404,-0.0344,0.220009544634965,-0.0344324432362774,0.220009544634965,,0.220009544634965,0.15557024093714814,0.1067,0.1410889349927166,0.27267351746559143,0.0002,0.1351,1.0,,,,52.01400720755251,,,,
3658,P35557,G,175,D,NONSYN,0.3623286966209139,0.29675506761110365,0.11601847678927557,-1.5976,100.0,2.0,6.0,0.191877194134872,0.244047821544518,0.8683469749968712,0.1919,0.244047821544518,0.191877194134872,0.244047821544518,,0.244047821544518,0.17256786954793307,0.3107,0.11885868719371076,0.4081267714500427,0.2099,0.1589,1.0,,,,52.01400720755251,,,,
3659,P35557,G,175,F,NONSYN,0.3709207412708021,-0.278538449126019,0.04257959596121557,-2.717866666666667,100.0,2.0,6.0,0.12365482658163801,0.0499491020258144,0.9052081834075546,0.1237,0.0499491020258144,0.12365482658163801,0.0499491020258144,,0.0499491020258144,0.03531934875663208,0.0778,0.04580719679610029,0.26338931918144226,0.1228,0.035,1.0,,,,52.01400720755251,,,,
3660,P35557,G,175,T,NONSYN,0.21962954488217865,0.07952379624279331,0.09477033431467756,-1.5144,100.0,2.0,6.0,0.843571008239803,0.37440487660767396,0.12819400994003555,0.8436,0.37440487660767396,0.843571008239803,0.37440487660767396,,0.37440487660767396,0.2647442271585988,0.1678,0.6758154640541646,0.3501437306404114,0.5977,0.2112,1.0,,,,52.01400720755251,,,,
3661,P35557,G,175,I,NONSYN,0.29686370150880703,-0.17699214194332802,0.037261752681878375,-2.721933333333333,100.0,2.0,6.0,-0.0881225738841294,0.0758337344899947,0.9667955444119339,-0.0881,0.0758337344899947,-0.0881225738841294,0.0758337344899947,,0.0758337344899947,0.05362254790057542,0.0778,0.16597020366966714,0.26338931918144226,-0.0815,0.0525,1.0,,,,52.01400720755251,,,,
3662,P35557,G,175,L,NONSYN,0.33670580158540125,-0.16612287381038468,0.034240244880073066,-2.6893,100.0,2.0,6.0,-0.213591899365265,0.11843230135017699,0.9821471360967623,-0.2136,0.11843230135017699,-0.213591899365265,0.11843230135017699,,0.11843230135017699,0.08374428339623885,0.0778,0.29143952915080273,0.26338931918144226,-0.1868,0.0798,1.0,,,,52.01400720755251,,,,
3663,P35557,G,175,K,NONSYN,0.4007452768135149,0.3576425499666795,0.12693914870320563,-1.5245,100.0,2.0,6.0,0.0092147470681444,0.10863079625405099,0.94610324839871,0.0092,0.10863079625405099,0.0092147470681444,0.10863079625405099,,0.10863079625405099,0.07681357267693366,0.3434,0.3342056392462477,0.41350889205932617,0.0204,0.0755,1.0,,,,52.01400720755251,,,,
3664,P35557,G,175,G,SYN,,,,,100.0,2.0,6.0,0.7146024697540309,0.05,0.24494495112674353,0.7146,0.05,0.7146024697540309,0.05,,0.05,0.035355339059327376,,,,0.7146,0.0354,,,,,52.01400720755251,,,,
3665,P35557,G,175,Y,NONSYN,0.28089736795090275,-0.0903070559166873,0.0384841551931713,-2.6748999999999996,100.0,2.0,6.0,-0.44103935304635705,0.0920367591583608,0.9940302925293587,-0.441,0.0920367591583608,-0.44103935304635705,0.0920367591583608,,0.0920367591583608,0.06507981651931001,0.0872,0.528217851552903,0.26338931918144226,-0.4106,0.0632,1.0,,,,52.01400720755251,,,,
3666,P35557,G,175,N,NONSYN,0.382875509440285,-0.130195063196085,0.09517392650275514,-0.8179,100.0,2.0,6.0,-0.10774533799210699,0.11852171699462301,0.9698805397545154,-0.1077,0.11852171699462301,-0.10774533799210699,0.11852171699462301,,0.11852171699462301,0.0838075098047708,0.1251,0.2328388576797596,0.30120307207107544,-0.091,0.0807,1.0,,,,52.01400720755251,,,,
3667,P35557,G,175,C,NONSYN,0.3672992043124827,-0.342905294608917,0.05596784722166229,-2.438433333333333,100.0,2.0,6.0,0.10264864541924199,0.376271997458387,0.9144603258859725,0.1026,0.376271997458387,0.10264864541924199,0.376271997458387,,0.376271997458387,0.2660644809734328,0.0778,0.024801015633704265,0.2646900415420532,0.0902,0.1876,1.0,,,,52.01400720755251,,,,
3668,P35557,G,175,P,NONSYN,0.2021261040610908,0.0016209672879000311,0.06127472734093135,-1.8968333333333334,100.0,2.0,6.0,-0.0273840603566047,0.22772477195285504,0.9550759404199559,-0.0274,0.22772477195285504,-0.0273840603566047,0.22772477195285504,,0.22772477195285504,0.1610257304920239,0.1067,0.13404055211304391,0.27436017990112305,0.007,0.1389,1.0,,,,52.01400720755251,,,,
3669,P35557,G,175,E,NONSYN,0.4108810729254607,0.01417375237506563,0.07918776499580933,-1.9435333333333331,100.0,2.0,6.0,-0.0650424156181015,0.0810468586874964,0.9627556080715822,-0.065,0.0810468586874964,-0.0650424156181015,0.0810468586874964,,0.0810468586874964,0.057308783371796554,0.1067,0.17169890737454072,0.27510201930999756,-0.0579,0.0561,1.0,,,,52.01400720755251,,,,
3670,P35557,G,175,M,NONSYN,0.2878381921366005,-0.16321281955261124,0.10779952174819894,-2.275,100.0,2.0,6.0,-0.28282874513984496,0.174675990378115,0.9872699037460976,-0.2828,0.174675990378115,-0.28282874513984496,0.174675990378115,,0.174675990378115,0.12351457730684122,0.0795,0.36234107304931457,0.28226056694984436,-0.2246,0.1132,1.0,,,,52.01400720755251,,,,
3671,P35557,G,175,W,NONSYN,0.355895468841822,-0.12038806489567933,0.10061746548917976,-2.4539666666666666,100.0,2.0,6.0,-0.5649030437204711,0.125435545888011,0.9966428223482902,-0.5649,0.125435545888011,-0.5649030437204711,0.125435545888011,,0.125435545888011,0.08869632509924893,0.0851,0.6499703755113951,0.2815128266811371,-0.5062,0.0846,1.0,,,,52.01400720755251,,,,
3672,P35557,G,175,H,NONSYN,0.3218287257213429,-0.042286306403661204,0.0770394432866753,-1.9332999999999998,100.0,2.0,6.0,0.104337760718079,0.11229366304072098,0.9137491668995186,0.1043,0.11229366304072098,0.104337760718079,0.11229366304072098,,0.11229366304072098,0.07940361062037099,0.1067,0.0023187310383602083,0.27510201930999756,0.1045,0.0763,1.0,,,,52.01400720755251,,,,
3673,P35557,G,175,Q,NONSYN,0.29754150588632416,0.24803204979514137,0.10412380575844506,-1.7754,100.0,2.0,6.0,0.0374794475253635,0.300508741461325,0.9379823598957053,0.0375,0.300508741461325,0.0374794475253635,0.300508741461325,,0.300508741461325,0.2124917688931379,0.2623,0.22483314355053372,0.38753828406333923,0.0894,0.1863,1.0,,,,52.01400720755251,,,,
3674,P35557,G,175,*,STOP,,,,,100.0,2.0,6.0,-0.181964792539525,0.05,0.9791409860351106,-0.182,0.05,-0.181964792539525,0.05,,0.05,0.035355339059327376,,,,-0.182,0.0354,,,,,52.01400720755251,,,,
3675,P35557,A,176,S,NONSYN,0.46929375853615796,0.248150811314182,0.11069891234110252,-0.41050000000000003,100.0,2.0,6.0,0.307844420993239,0.189774444678553,0.7764601916717683,0.3078,0.189774444678553,0.307844420993239,0.189774444678553,,0.189774444678553,0.13419079672811615,0.3311,0.023241380131333755,0.4083981513977051,0.3101,0.1275,0.998,,,,1.6133779655565357,,,,
3676,P35557,A,176,A,SYN,,,,,100.0,2.0,6.0,1.0567758416253001,0.05,0.036726226243518,1.0568,0.05,1.0567758416253001,0.05,,0.05,0.035355339059327376,,,,1.0568,0.0354,,,,,1.6133779655565357,,,,
3677,P35557,A,176,V,NONSYN,0.41129671784225785,-0.023928231570920017,0.14686872850185262,-0.6206999999999999,100.0,2.0,6.0,0.7614545937245971,0.23850057463198301,0.1960749272327692,0.7615,0.23850057463198301,0.7614545937245971,0.23850057463198301,,0.23850057463198301,0.16864537363916346,0.2326,0.528820854014743,0.4165555238723755,0.687,0.1563,1.0,,,,1.6133779655565357,,,,
3678,P35557,A,176,R,NONSYN,0.3190441200491768,0.284404357327448,0.273218230680187,-1.2165666666666668,100.0,2.0,6.0,-0.185835491761157,0.36118271285614795,0.9795352035288918,-0.1858,0.36118271285614795,-0.185835491761157,0.36118271285614795,,0.36118271285614795,0.25539474550793584,0.3529,0.5387249699677915,0.4450763761997223,-0.0524,0.2215,1.0,,,,1.6133779655565357,,,,
3679,P35557,A,176,D,NONSYN,0.4810824638550644,-0.3729684164931464,0.23114119165166158,-1.3432333333333333,100.0,2.0,6.0,2.3119342551203,0.18681498133637198,4.700051101911791e-06,2.3119,0.18681498133637198,2.3119342551203,0.18681498133637198,,0.18681498133637198,0.13209814013018692,0.1512,2.1607489213915096,0.46303844451904297,2.1493,0.127,1.0,,,,1.6133779655565357,,,,
3680,P35557,A,176,F,NONSYN,0.3975861635372093,0.6661670110771034,0.11213543491812228,-1.7862,100.0,2.0,6.0,-0.549733190622879,0.21591411810856198,0.996400732461583,-0.5497,0.21591411810856198,-0.549733190622879,0.21591411810856198,,0.21591411810856198,0.1526743370684773,0.6159,1.1656114746003876,0.49183398485183716,-0.4473,0.1458,1.0,,,,1.6133779655565357,,,,
3681,P35557,A,176,T,NONSYN,0.4593194656393701,-0.1272895679414743,0.15322613911428815,-0.5557333333333333,100.0,2.0,6.0,0.20863336975166197,0.38529572386105104,0.8575044780172275,0.2086,0.38529572386105104,0.20863336975166197,0.38529572386105104,,0.38529572386105104,0.2724452191043286,0.2129,0.004268818549424458,0.41414734721183777,0.2099,0.2276,1.0,,,,1.6133779655565357,,,,
3682,P35557,A,176,I,NONSYN,0.2533067127168299,-0.41411625080750164,0.24266425183092513,-1.3021,100.0,2.0,6.0,0.17644789106339998,0.761401974721287,0.8776735208766611,0.1764,0.761401974721287,0.17644789106339998,0.761401974721287,,0.761401974721287,0.5383924995342503,0.1552,0.02125661856622285,0.46303844451904297,0.1642,0.3511,1.0,,,,1.6133779655565357,,,,
3683,P35557,A,176,L,NONSYN,0.33775241979079834,-0.28525391583587534,0.29771117030189287,-1.2974666666666668,100.0,2.0,6.0,-0.21013911385147896,0.210487373977622,0.9818418123949584,-0.2101,0.210487373977622,-0.21013911385147896,0.210487373977622,,0.210487373977622,0.14883704949372534,0.1552,0.3653303863486561,0.3825922906398773,-0.1621,0.1387,1.0,,,,1.6133779655565357,,,,
3684,P35557,A,176,K,NONSYN,0.13783323133742972,0.03534178318428808,0.2094141751413333,-0.7036666666666666,100.0,2.0,6.0,-0.6430855792578462,0.720127957279588,0.9976458677656128,-0.6431,0.720127957279588,-0.6430855792578462,0.720127957279588,,0.720127957279588,0.5092073619144131,0.1745,0.8175857466276887,0.414592981338501,-0.1514,0.3215,1.0,,,,1.6133779655565357,,,,
3685,P35557,A,176,G,NONSYN,0.5077306515769983,0.017466731820317365,0.1757239190399459,-0.48503333333333326,100.0,2.0,6.0,-0.22563552953371302,0.12345511960894301,0.9831714170875856,-0.2256,0.12345511960894301,-0.22563552953371302,0.12345511960894301,,0.12345511960894301,0.08729595224767991,0.2449,0.47056058146127955,0.4118186831474304,-0.2054,0.0854,0.9990000000000001,,,,1.6133779655565357,,,,
3686,P35557,A,176,Y,NONSYN,0.2413102682766479,0.46298157611530427,0.07582288063967067,-1.7924666666666667,100.0,2.0,6.0,0.0598231142625184,0.411671402993473,0.9307264915605026,0.0598,0.411671402993473,0.0598231142625184,0.411671402993473,,0.411671402993473,0.29109564067726473,0.3553,0.2954460197821288,0.39003676176071167,0.1655,0.2333,1.0,,,,1.6133779655565357,,,,
3687,P35557,A,176,N,NONSYN,0.2596281291448914,0.20479106403361766,0.2103057586034148,-1.1920666666666666,100.0,2.0,6.0,0.0530043881203342,0.823412024810605,0.9330241537111499,0.053,0.823412024810605,0.0530043881203342,0.823412024810605,,0.823412024810605,0.5822402264541245,0.2711,0.2181024212573361,0.4378272294998169,0.1923,0.3499,1.0,,,,1.6133779655565357,,,,
3688,P35557,A,176,C,NONSYN,0.4521425054357098,-0.5361996108470807,0.2672306500206539,-0.7297666666666668,100.0,2.0,6.0,1.0715386028362601,0.15013877170678103,0.033496728269354244,1.0715,0.15013877170678103,1.0715386028362601,0.15013877170678103,,0.15013877170678103,0.10616414359288381,0.2443,0.8272260780407279,0.41103389859199524,1.0198,0.1028,1.0,,,,1.6133779655565357,,,,
3689,P35557,A,176,P,NONSYN,0.3737321559264451,-0.16307824814563102,0.22256219227062626,-0.7215666666666666,100.0,2.0,6.0,-0.0478254852680889,0.645252575855682,0.9594229033379251,-0.0478,0.645252575855682,-0.0478254852680889,0.645252575855682,,0.645252575855682,0.45626247196563985,0.1863,0.23410561660811574,0.4769348204135895,0.064,0.3297,1.0,,,,1.6133779655565357,,,,
3690,P35557,A,176,E,NONSYN,0.3924454343376217,0.1268758461034417,0.23063641567936963,-0.73,100.0,2.0,6.0,0.484380915968633,0.44424882147881606,0.5595691796431903,0.4844,0.44424882147881606,0.484380915968633,0.44424882147881606,,0.44424882147881606,0.31413135420180277,0.2683,0.2160383315970662,0.5005965232849121,0.4233,0.2661,1.0,,,,1.6133779655565357,,,,
3691,P35557,A,176,M,NONSYN,0.19919007049311416,0.014538929140859061,0.27770820835489085,-1.2075333333333333,100.0,2.0,6.0,0.62376079279861,0.293133585001852,0.3589697893579522,0.6238,0.293133585001852,0.62376079279861,0.293133585001852,,0.293133585001852,0.20727674574833277,0.1987,0.4250524969764664,0.3991149663925171,0.5335,0.1839,1.0,,,,1.6133779655565357,,,,
3692,P35557,A,176,W,NONSYN,0.17944660888741126,0.6073413929199798,0.11808473598153561,-1.6895,100.0,2.0,6.0,-0.373256336151508,0.148206688319564,0.9917659687899367,-0.3733,0.148206688319564,-0.373256336151508,0.148206688319564,,0.148206688319564,0.10479795432796478,0.6052,0.9784077510227238,0.4927805960178375,-0.3309,0.1025,1.0,,,,1.6133779655565357,,,,
3693,P35557,A,176,H,NONSYN,0.3663343704598138,0.7594143441107404,0.19133126290476474,-1.3876666666666668,100.0,2.0,6.0,-1.0852140266913601,0.5810633415499828,0.9996405004233819,-1.0852,0.5810633415499828,-1.0852140266913601,0.5810633415499828,,0.5810633415499828,0.4108738291089078,0.6751,1.760269768955154,0.5267336964607239,-0.4193,0.324,1.0,,,,1.6133779655565357,,,,
3694,P35557,A,176,Q,NONSYN,0.3707092191809771,0.12687584610344171,0.23063641567936963,-0.73,100.0,2.0,6.0,-0.917687768015307,0.592017570756339,0.999286027922684,-0.9177,0.592017570756339,-0.917687768015307,0.592017570756339,,0.592017570756339,0.418619638863394,0.3251,1.2427725138992487,0.5236216187477112,-0.4331,0.327,1.0,,,,1.6133779655565357,,,,
3695,P35557,A,176,*,STOP,,,,,100.0,2.0,6.0,0.280330337355065,0.05,0.8019764678539827,0.2803,0.05,0.280330337355065,0.05,,0.05,0.035355339059327376,,,,0.2803,0.0354,,,,,1.6133779655565357,,,,
3696,P35557,E,177,S,NONSYN,0.4382670271083193,0.09648111039523975,0.1805842587016263,-0.6747666666666666,100.0,2.0,6.0,-0.26700014271806,0.275457699923244,0.9862511019966104,-0.267,0.275457699923244,-0.26700014271806,0.275457699923244,,0.275457699923244,0.19477800754577493,0.3001,0.5670596400744747,0.4351932406425476,-0.1724,0.1778,0.997,,,,92.2450879639057,,,,
3697,P35557,E,177,A,NONSYN,0.4725389201357859,0.14572219954690807,0.20420982652816003,-0.8022,100.0,2.0,6.0,-0.32081287694714,0.13190633515946998,0.9894082947554755,-0.3208,0.13190633515946998,-0.32081287694714,0.13190633515946998,,0.13190633515946998,0.09327186407272674,0.304,0.6248348910882228,0.47299590706825256,-0.2974,0.0915,0.995,,,,92.2450879639057,,,,
3698,P35557,E,177,V,NONSYN,0.5148579282991502,0.11269733891272993,0.10942223370875181,-1.6669666666666665,100.0,2.0,6.0,2.39459914361411,0.112974885675635,2.4387502505951605e-06,2.3946,0.112974885675635,2.39459914361411,0.112974885675635,,0.112974885675635,0.07988530776501646,0.2185,2.1761066952841843,0.3926388621330261,2.3081,0.0783,0.998,,,,92.2450879639057,,,,
3699,P35557,E,177,R,NONSYN,0.4513055748960305,-0.01747712703851632,0.13805650732152233,-0.7211333333333333,100.0,2.0,6.0,0.0210618353541282,0.511193345262996,0.9428351718193209,0.0211,0.511193345262996,0.0210618353541282,0.511193345262996,,0.511193345262996,0.3614682809329005,0.1824,0.16133925550623862,0.3757599890232086,0.0986,0.2605,0.9990000000000001,,,,92.2450879639057,,,,
3700,P35557,E,177,D,NONSYN,0.4800060668498122,0.02946968390932936,0.25851873378659446,-0.020166666666666666,100.0,2.0,6.0,-0.35065226430826,0.819104455479468,0.9908248874737925,-0.3507,0.819104455479468,-0.35065226430826,0.819104455479468,,0.819104455479468,0.5791943149696462,0.2919,0.6425399350636464,0.45346882939338684,0.0477,0.3571,0.965,,,,92.2450879639057,,,,
3701,P35557,E,177,F,NONSYN,0.4134101209643438,1.1699059104046488,0.15100548456900822,-2.4431333333333334,100.0,2.0,6.0,-0.0112070839256391,0.12263963843594801,0.9513090565261468,-0.0112,0.12263963843594801,-0.0112070839256391,0.12263963843594801,,0.12263963843594801,0.08671931998032519,0.8566,0.8677742879242047,0.4945060908794403,0.0147,0.0854,1.0,,,,92.2450879639057,,,,
3702,P35557,E,177,T,NONSYN,0.4070866311137473,-0.03879655380608494,0.1491953380794576,-0.9768666666666667,100.0,2.0,6.0,0.66151232850398,0.43853212692283006,0.30883704894513725,0.6615,0.43853212692283006,0.66151232850398,0.43853212692283006,,0.43853212692283006,0.31008904071529286,0.1531,0.5084012283071416,0.3751388490200043,0.4551,0.239,0.9990000000000001,,,,92.2450879639057,,,,
3703,P35557,E,177,I,NONSYN,0.377366298627538,0.3148874318271635,0.18131627145884063,-2.3962999999999997,100.0,2.0,6.0,2.9130126306845097,0.0486511396256072,3.332925737201137e-08,2.913,0.0486511396256072,2.9130126306845097,0.0486511396256072,,0.0486511396256072,0.0344015507417204,0.3905,2.5225237676931767,0.5238527059555054,2.9022,0.0343,0.9990000000000001,,,,92.2450879639057,,,,
3704,P35557,E,177,L,NONSYN,0.4309220950052253,1.071496303954542,0.17549960550318813,-2.375633333333333,100.0,2.0,6.0,0.6431860143023741,0.199312696881493,0.3327481448725212,0.6432,0.199312696881493,0.6431860143023741,0.199312696881493,,0.199312696881493,0.14093535954148254,0.8026,0.1594471520107973,0.5122755169868469,0.6544,0.1359,0.9990000000000001,,,,92.2450879639057,,,,
3705,P35557,E,177,K,NONSYN,0.4890082107053284,0.0004604510378436825,0.1493598282003188,-0.6217666666666667,100.0,2.0,6.0,0.6275068483462081,0.42804637719697,0.35384879946558695,0.6275,0.42804637719697,0.6275068483462081,0.42804637719697,,0.42804637719697,0.3026744959783122,0.2483,0.37920328594348285,0.4165555238723755,0.4965,0.2449,0.997,,,,92.2450879639057,,,,
3706,P35557,E,177,G,NONSYN,0.4522640708552875,0.944072729492485,0.12581552282690547,-1.9225,100.0,2.0,6.0,0.0650687866521416,0.0712792822539941,0.928907073019374,0.0651,0.0712792822539941,0.0650687866521416,0.0712792822539941,,0.0712792822539941,0.05040206383990917,0.7585,0.693440432040638,0.48740434646606445,0.0724,0.0501,1.0,,,,92.2450879639057,,,,
3707,P35557,E,177,Y,NONSYN,0.4671477233180428,1.2070891438796751,0.051193109672911165,-2.2137666666666664,100.0,2.0,6.0,0.34795719495205396,0.428578748949992,0.7349261225260209,0.348,0.428578748949992,0.34795719495205396,0.428578748949992,,0.428578748949992,0.30305093965498625,0.9712,0.6232230056247283,0.4401867389678955,0.5484,0.2496,1.0,,,,92.2450879639057,,,,
3708,P35557,E,177,N,NONSYN,0.4945297857128286,0.08928358456168108,0.14256935726445993,-0.6558999999999999,100.0,2.0,6.0,-0.245407565217384,0.544977702229429,0.9847236639536044,-0.2454,0.544977702229429,-0.245407565217384,0.544977702229429,,0.544977702229429,0.3853574288418923,0.2925,0.5378998356870495,0.4419986605644226,-0.0131,0.2905,0.998,,,,92.2450879639057,,,,
3709,P35557,E,177,C,NONSYN,0.4263241553322161,0.19516600553459915,0.15331908669094285,-2.5622,100.0,2.0,6.0,-0.407170826432596,0.360614660535998,0.9929936516359114,-0.4072,0.360614660535998,-0.407170826432596,0.360614660535998,,0.360614660535998,0.254993071860289,0.2626,0.6697563471769197,0.4220711290836334,-0.2281,0.2183,1.0,,,,92.2450879639057,,,,
3710,P35557,E,177,P,NONSYN,0.2784783599621833,0.9117661983903167,0.11117379597131449,-1.2109666666666667,100.0,2.0,6.0,0.18336138017475698,0.34921134401277804,0.8735706092535338,0.1834,0.34921134401277804,0.18336138017475698,0.34921134401277804,,0.34921134401277804,0.2469297094187036,0.8076,0.6241909574717274,0.47653210163116455,0.3155,0.2192,0.992,,,,92.2450879639057,,,,
3711,P35557,E,177,E,SYN,,,,,100.0,2.0,6.0,0.581682344257945,0.05,0.41820036398405475,0.5817,0.05,0.581682344257945,0.05,,0.05,0.035355339059327376,,,,0.5817,0.0354,,,,,92.2450879639057,,,,
3712,P35557,E,177,M,NONSYN,0.4318399535430367,0.9358750417394353,0.10581005122482656,-1.9440333333333335,100.0,2.0,6.0,0.0896618499112912,0.29747059564059997,0.9197446595097929,0.0897,0.29747059564059997,0.0896618499112912,0.29747059564059997,,0.29747059564059997,0.21034347538106965,0.7748,0.6851321325945071,0.46524277329444885,0.2059,0.1917,0.998,,,,92.2450879639057,,,,
3713,P35557,E,177,W,NONSYN,0.3886512979012191,1.1816638536870816,0.05633874009593137,-2.4843333333333333,100.0,2.0,6.0,-0.0464809137729376,0.606922837050587,0.9591503693867535,-0.0465,0.606922837050587,-0.0464809137729376,0.606922837050587,,0.606922837050587,0.42915925373544805,0.8998,0.9462631541637152,0.37868380546569824,0.4855,0.2839,1.0,,,,92.2450879639057,,,,
3714,P35557,E,177,H,NONSYN,0.3874690850586482,-0.16378195752710525,0.18770489199441717,-0.6659666666666667,100.0,2.0,6.0,0.513789061048975,0.16933047175935398,0.5170953233469266,0.5138,0.16933047175935398,0.513789061048975,0.16933047175935398,,0.16933047175935398,0.11973472484255637,0.2151,0.2986603412423039,0.417302668094635,0.4911,0.1151,1.0,,,,92.2450879639057,,,,
3715,P35557,E,177,Q,NONSYN,0.4979236622050323,0.003284813773296017,0.22730703103765595,-0.02876666666666668,100.0,2.0,6.0,-0.27209765390016,0.9715318818529729,0.9865880993966136,-0.2721,0.9715318818529729,-0.27209765390016,0.9715318818529729,,0.9715318818529729,0.6869767817971648,0.2652,0.537294096504225,0.49637746810913086,0.0809,0.4023,0.9990000000000001,,,,92.2450879639057,,,,
3716,P35557,E,177,*,STOP,,,,,100.0,2.0,6.0,-0.0705821584993948,0.05,0.9637683374122504,-0.0706,0.05,-0.0705821584993948,0.05,,0.05,0.035355339059327376,,,,-0.0706,0.0354,,,,,92.2450879639057,,,,
3717,P35557,G,178,S,NONSYN,0.36837526824294986,0.40491511839118405,0.1587456360469622,-0.8648000000000001,100.0,2.0,6.0,0.182740255234728,0.262425244955822,0.8739442305977583,0.1827,0.262425244955822,0.182740255234728,0.262425244955822,,0.262425244955822,0.18556267026280254,0.3935,0.2107836762685679,0.4929580092430115,0.2089,0.1737,1.0,,,,48.32105018572376,,,,
3718,P35557,G,178,A,NONSYN,0.4089269105168704,0.23729185963500735,0.1698003677426728,-0.9328,100.0,2.0,6.0,0.6856100315032579,0.0590866025547365,0.27878442581115326,0.6856,0.0590866025547365,0.6856100315032579,0.0590866025547365,,0.0590866025547365,0.04178053734372856,0.3404,0.3452347868857958,0.4369007647037506,0.6825,0.0416,0.9990000000000001,,,,48.32105018572376,,,,
3719,P35557,G,178,V,NONSYN,0.3988573139738447,0.07635312541103119,0.15924804213996574,-2.7219333333333338,100.0,2.0,6.0,-0.0758839180651711,0.21737362033333202,0.9647115879919625,-0.0759,0.21737362033333202,-0.0758839180651711,0.21737362033333202,,0.21737362033333202,0.15370636098876905,0.1453,0.22117217685614093,0.37336796522140503,-0.0438,0.1421,1.0,,,,48.32105018572376,,,,
3720,P35557,G,178,R,NONSYN,0.3362652746103357,-0.2817879025588674,0.20185095523946794,-1.9470333333333334,100.0,2.0,6.0,-0.38339929228386893,0.13427232272966902,0.9921550366601202,-0.3834,0.13427232272966902,-0.38339929228386893,0.13427232272966902,,0.13427232272966902,0.09494486992781756,0.0937,0.4771314406927587,0.37919187545776367,-0.3553,0.0921,1.0,,,,48.32105018572376,,,,
3721,P35557,G,178,D,NONSYN,0.3623286966209139,0.19203313644882467,0.2712821142546759,-1.2996,100.0,2.0,6.0,0.34673700953531705,0.300203206582384,0.7362649052490148,0.3467,0.300203206582384,0.34673700953531705,0.300203206582384,,0.300203206582384,0.2122757231083497,0.3039,0.04283754254389249,0.41556987166404724,0.3379,0.189,1.0,,,,48.32105018572376,,,,
3722,P35557,G,178,F,NONSYN,0.3709207412708021,0.03141201220440929,0.16142171292346302,-2.717866666666667,100.0,2.0,6.0,0.0589394215546946,0.18629208844616196,0.9310285210419328,0.0589,0.18629208844616196,0.0589394215546946,0.18629208844616196,,0.18629208844616196,0.1317283990216852,0.1189,0.05996028147112327,0.3255329132080078,0.0674,0.1221,1.0,,,,48.32105018572376,,,,
3723,P35557,G,178,T,NONSYN,0.21962954488217865,-0.04819843150914562,0.20904283316773356,-1.5709,100.0,2.0,6.0,0.501634106990382,0.53504435130995,0.5347458960967237,0.5016,0.53504435130995,0.501634106990382,0.53504435130995,,0.53504435130995,0.378333489046823,0.1429,0.3587789097991436,0.4124281704425812,0.3377,0.2788,1.0,,,,48.32105018572376,,,,
3724,P35557,G,178,I,NONSYN,0.29686370150880703,0.07635312541103122,0.15924804213996574,-2.721933333333333,100.0,2.0,6.0,0.0698923450501027,0.41007701002527797,0.9271933390137438,0.0699,0.41007701002527797,0.0698923450501027,0.41007701002527797,,0.41007701002527797,0.28996823459757787,0.1453,0.07539591374086715,0.37336796522140503,0.0983,0.229,1.0,,,,48.32105018572376,,,,
3725,P35557,G,178,L,NONSYN,0.33670580158540125,-0.1578134244740238,0.15181766590390458,-2.6893,100.0,2.0,6.0,0.626615731589994,0.29808610371009997,0.3550643369394101,0.6266,0.29808610371009997,0.626615731589994,0.29808610371009997,,0.29808610371009997,0.21077870531088816,0.0974,0.5292331861188025,0.31890106201171875,0.4657,0.1758,1.0,,,,48.32105018572376,,,,
3726,P35557,G,178,K,NONSYN,0.4007452768135149,0.15499060808061005,0.14802842815603792,-1.5810000000000002,100.0,2.0,6.0,-0.107933011778885,0.823668190404793,0.969908598952655,-0.1079,0.823668190404793,-0.107933011778885,0.823668190404793,,0.823668190404793,0.5824213628828815,0.2465,0.35438629699617014,0.413875937461853,0.1275,0.3374,1.0,,,,48.32105018572376,,,,
3727,P35557,G,178,G,SYN,,,,,100.0,2.0,6.0,1.02064380275485,0.05,0.045894469448848396,1.0206,0.05,1.02064380275485,0.05,,0.05,0.035355339059327376,,,,1.0206,0.0354,,,,,48.32105018572376,,,,
3728,P35557,G,178,Y,NONSYN,0.28089736795090275,0.20322374502650578,0.09741416685116545,-2.6748999999999996,100.0,2.0,6.0,-0.45649577691159493,0.576991189893503,0.9944488434195802,-0.4565,0.576991189893503,-0.45649577691159493,0.576991189893503,,0.576991189893503,0.40799438305859087,0.2585,0.7149777562817121,0.3776668906211853,-0.0714,0.2772,1.0,,,,48.32105018572376,,,,
3729,P35557,G,178,N,NONSYN,0.382875509440285,0.40502909875776766,0.09500883030128482,-0.8179,100.0,2.0,6.0,0.18239831413497698,0.5999916611982,0.8741494920017067,0.1824,0.5999916611982,0.18239831413497698,0.5999916611982,,0.5999916611982,0.4242581722886288,0.3726,0.19016093526611555,0.4076943099498749,0.2813,0.294,1.0,,,,48.32105018572376,,,,
3730,P35557,G,178,C,NONSYN,0.3672992043124827,0.04220475462581622,0.07510312786077125,-2.438433333333333,100.0,2.0,6.0,-0.185984324592215,0.773460153305574,0.9795502082579758,-0.186,0.773460153305574,-0.185984324592215,0.773460153305574,,0.773460153305574,0.5469189193799581,0.1146,0.3005388788162293,0.2708992063999176,0.0553,0.2428,1.0,,,,48.32105018572376,,,,
3731,P35557,G,178,P,NONSYN,0.2021261040610908,-0.25225399183236336,0.11780016918746156,-1.8968333333333334,100.0,2.0,6.0,-0.47200102446338105,0.708261085702201,0.9948379764722897,-0.472,0.708261085702201,-0.47200102446338105,0.708261085702201,,0.708261085702201,0.5008162165505728,0.0778,0.5498486542489187,0.2879050374031067,-0.0587,0.2496,1.0,,,,48.32105018572376,,,,
3732,P35557,G,178,E,NONSYN,0.4108810729254607,-0.352939072185717,0.19828460895720093,-1.9435333333333331,100.0,2.0,6.0,-0.16994578340332,0.209082405580147,0.9778665770198203,-0.1699,0.209082405580147,-0.16994578340332,0.209082405580147,,0.209082405580147,0.147843586812518,0.0901,0.26001251437942474,0.3496115803718567,-0.1305,0.1362,1.0,,,,48.32105018572376,,,,
3733,P35557,G,178,M,NONSYN,0.2878381921366005,-0.1546357820906757,0.2497215719414941,-2.275,100.0,2.0,6.0,0.0084201791590508,0.177921829021773,0.9463157212223298,0.0084,0.177921829021773,0.0084201791590508,0.177921829021773,,0.177921829021773,0.12580973182240915,0.1422,0.1337968311005775,0.4402616322040558,0.0185,0.121,1.0,,,,48.32105018572376,,,,
3734,P35557,G,178,W,NONSYN,0.355895468841822,-0.08448268783277844,0.1939570509174582,-2.4539666666666666,100.0,2.0,6.0,0.194078002783569,0.150403353025163,0.8669659888192981,0.1941,0.150403353025163,0.194078002783569,0.150403353025163,,0.150403353025163,0.10635123083728698,0.1013,0.0927852734058224,0.3603847622871399,0.1866,0.102,1.0,,,,48.32105018572376,,,,
3735,P35557,G,178,H,NONSYN,0.3218287257213429,-0.3417820333835233,0.1769146489906082,-1.9332999999999998,100.0,2.0,6.0,-0.20341689980990102,0.43363501763153395,0.9812318858547846,-0.2034,0.43363501763153395,-0.20341689980990102,0.43363501763153395,,0.43363501763153395,0.30662626152720573,0.0901,0.29348363078600576,0.3025631308555603,-0.0547,0.2154,1.0,,,,48.32105018572376,,,,
3736,P35557,G,178,Q,NONSYN,0.29754150588632416,-0.017236989565602306,0.13904774696386502,-1.7754,,,,,,,,,,,,,,0.1148,,0.31432098150253296,0.1148,0.3143,1.0,,,,48.32105018572376,,,,
3737,P35557,G,178,*,STOP,,,,,100.0,2.0,6.0,-0.21880418161887802,0.05,0.982598082041369,-0.2188,0.05,-0.21880418161887802,0.05,,0.05,0.035355339059327376,,,,-0.2188,0.0354,,,,,48.32105018572376,,,,
3738,P35557,N,179,S,NONSYN,0.4614809963725863,2.1840508593867702,0.05591890533167885,-0.21126666666666663,100.0,2.0,6.0,0.521668201605876,0.13393401204365402,0.5056055992526503,0.5217,0.13393401204365402,0.521668201605876,0.13393401204365402,,0.13393401204365402,0.09470564814758847,1.279,0.7573733270959062,0.6668635606765747,0.5366,0.0938,0.993,,,,72.59869950635554,,,,
3739,P35557,N,179,A,NONSYN,0.4106254114956999,0.7204198582217609,0.06738702109931619,-1.0525333333333333,100.0,2.0,6.0,0.8053278182990471,0.272550702449512,0.15704222402886925,0.8053,0.272550702449512,0.8053278182990471,0.272550702449512,,0.272550702449512,0.1927224499192069,0.7378,0.06751434555124436,0.42413729429244995,0.7938,0.1755,0.995,,,,72.59869950635554,,,,
3740,P35557,N,179,V,NONSYN,0.4102202219640225,0.35036916991403005,0.07838095831057142,-2.1984333333333335,100.0,2.0,6.0,0.822119261685368,0.21690722149372,0.14379898303778033,0.8221,0.21690722149372,0.822119261685368,0.21690722149372,,0.21690722149372,0.15337656720654186,0.4122,0.40987997836208,0.3987613618373871,0.7693,0.1432,0.996,,,,72.59869950635554,,,,
3741,P35557,N,179,R,NONSYN,0.3307848248630052,1.2634184247232145,0.05666079580366961,-0.6087666666666667,100.0,2.0,6.0,1.4801190323820599,0.25733739450671805,0.0022350152779264357,1.4801,0.25733739450671805,1.4801190323820599,0.25733739450671805,,0.25733739450671805,0.18196501670857812,0.9786,0.5014725155821331,0.47385692596435547,1.4157,0.1699,1.0,,,,72.59869950635554,,,,
3742,P35557,N,179,D,NONSYN,0.4678114494578813,1.8536715222831284,0.050763852233154626,-0.12283333333333335,100.0,2.0,6.0,0.11512796332926,0.42309907767485405,0.9090722971520349,0.1151,0.42309907767485405,0.11512796332926,0.42309907767485405,,0.42309907767485405,0.2991762269376631,1.2191,1.1039548690071659,0.6473209857940674,0.3094,0.2716,0.993,,,,72.59869950635554,,,,
3743,P35557,N,179,F,NONSYN,0.4766309376333202,0.7083458335403132,0.08168280923284021,-2.4435,100.0,2.0,6.0,0.5929755674027011,0.0380861395829244,0.4020393475817607,0.593,0.0380861395829244,0.5929755674027011,0.0380861395829244,,0.0380861395829244,0.026930967568303227,0.6742,0.08123372930063755,0.40942713618278503,0.5933,0.0269,1.0,,,,72.59869950635554,,,,
3744,P35557,N,179,T,NONSYN,0.41339841489256257,2.202582300562335,0.04397410698771457,-0.23133333333333336,100.0,2.0,6.0,1.5128062129168,0.166845780950842,0.001781262150331136,1.5128,0.166845780950842,1.5128062129168,0.166845780950842,,0.166845780950842,0.11797778312270565,1.279,0.23376468421501784,0.6649109721183777,1.5057,0.1162,0.996,,,,72.59869950635554,,,,
3745,P35557,N,179,I,NONSYN,0.408580276197032,0.636868471536328,0.06564307727784607,-2.3165333333333336,,,,,,,,,,,,,,0.6715,,0.4036778211593628,0.6715,0.4037,1.0,,,,72.59869950635554,,,,
3746,P35557,N,179,L,NONSYN,0.3056093223191409,0.740834160834242,0.07168025837267616,-2.4376666666666664,100.0,2.0,6.0,0.4955105855209149,0.170478584979578,0.5435920729225698,0.4955,0.170478584979578,0.4955105855209149,0.170478584979578,,0.170478584979578,0.12054656348614669,0.731,0.23551803090746032,0.4036778211593628,0.5148,0.1155,1.0,,,,72.59869950635554,,,,
3747,P35557,N,179,K,NONSYN,0.42687331501914416,1.7844911413399365,0.06711901750271042,-0.41683333333333333,100.0,2.0,6.0,2.9755066348690598,0.0964872720192227,1.945632136586622e-08,2.9755,0.0964872720192227,2.9755066348690598,0.0964872720192227,,0.0964872720192227,0.0682268043429834,1.1938,1.781715960659465,0.5972157716751099,2.9526,0.0678,1.0,,,,72.59869950635554,,,,
3748,P35557,N,179,G,NONSYN,0.3767377141694753,1.0051806655240156,0.10170746347924431,-0.8320333333333334,100.0,2.0,6.0,0.0846534934096439,0.0527759805454818,0.9216980421751867,0.0847,0.0527759805454818,0.0846534934096439,0.0527759805454818,,0.0527759805454818,0.03731825372747948,0.824,0.7393386397309201,0.4583236873149872,0.0895,0.0372,0.9990000000000001,,,,72.59869950635554,,,,
3749,P35557,N,179,Y,NONSYN,0.484545468725929,0.5563095324772871,0.06963877075867919,-1.7925666666666666,100.0,2.0,6.0,0.596487048873579,0.11282886285641198,0.3970485073639062,0.5965,0.11282886285641198,0.596487048873579,0.11282886285641198,,0.11282886285641198,0.07978205403933589,0.5885,0.007961157569562838,0.4339219927787781,0.5962,0.0785,1.0,,,,72.59869950635554,,,,
3750,P35557,N,179,N,SYN,,,,,,,,,,,,,,,,,,,,,,,,,,,72.59869950635554,,,,
3751,P35557,N,179,C,NONSYN,0.3246931060135203,0.4840731104794107,0.07417327243189893,-1.7648,100.0,2.0,6.0,0.813196314867208,0.0315002410290485,0.15072197252079392,0.8132,0.0315002410290485,0.813196314867208,0.0315002410290485,,0.0315002410290485,0.0222740340406509,0.424,0.38916756063289404,0.4172915816307068,0.8121,0.0222,1.0,,,,72.59869950635554,,,,
3752,P35557,N,179,P,NONSYN,0.19454249209923347,0.7675980964956555,0.03329294391890659,-1.746833333333333,100.0,2.0,6.0,-0.037378643181526,0.282967915667721,0.9572565908240313,-0.0374,0.282967915667721,-0.037378643181526,0.282967915667721,,0.282967915667721,0.2000885320268686,0.7439,0.7813265067603223,0.4247923791408539,0.1045,0.181,0.9990000000000001,,,,72.59869950635554,,,,
3753,P35557,N,179,E,NONSYN,0.4910285186421727,1.5134263868869213,0.0659619555315178,-0.6100333333333333,100.0,2.0,6.0,0.7300951458909399,0.21375903788060996,0.22797094783472754,0.7301,0.21375903788060996,0.7300951458909399,0.21375903788060996,,0.21375903788060996,0.15115046522529138,1.0105,0.2804389021895044,0.5141235589981079,0.7524,0.145,0.998,,,,72.59869950635554,,,,
3754,P35557,N,179,M,NONSYN,0.37063326035798777,0.45743490685308696,0.07218550900118913,-1.7604999999999997,100.0,2.0,6.0,0.8931109257461791,0.0789236630410366,0.09743757994370898,0.8931,0.0789236630410366,0.8931109257461791,0.0789236630410366,,0.0789236630410366,0.05580745733239907,0.4042,0.4889259882690673,0.4141841232776642,0.8844,0.0553,1.0,,,,72.59869950635554,,,,
3755,P35557,N,179,W,NONSYN,0.5592228368220948,0.636868471536328,0.06564307727784607,-2.3165333333333336,100.0,2.0,6.0,0.8074076534146569,0.20972785499849397,0.15535185493409806,0.8074,0.20972785499849397,0.8074076534146569,0.20972785499849397,,0.20972785499849397,0.14829998847314405,0.6715,0.13588402279560785,0.4036778211593628,0.7912,0.1392,1.0,,,,72.59869950635554,,,,
3756,P35557,N,179,H,NONSYN,0.4549298465836239,1.7150154932449153,0.054433812253450564,-0.22196666666666665,100.0,2.0,6.0,1.92877430003144,0.144527618844974,8.880175725954288e-05,1.9288,0.144527618844974,1.92877430003144,0.144527618844974,,0.144527618844974,0.10219645935402577,1.1799,0.7488794950769111,0.6242567896842957,1.9092,0.1009,1.0,,,,72.59869950635554,,,,
3757,P35557,N,179,Q,NONSYN,0.3943650294167221,1.6699936831305786,0.05532009272553764,-0.25233333333333335,100.0,2.0,6.0,3.11057206521207,0.0869418443143708,5.986937312864445e-09,3.1106,0.0869418443143708,3.11057206521207,0.0869418443143708,,0.0869418443143708,0.06147716768355667,1.1799,1.930677260257541,0.6286683678627014,3.0923,0.0612,1.0,,,,72.59869950635554,,,,
3758,P35557,N,179,*,STOP,,,,,100.0,2.0,6.0,-0.0020736916150485,0.05,0.9490454091002615,-0.0021,0.05,-0.0020736916150485,0.05,,0.05,0.035355339059327376,,,,-0.0021,0.0354,,,,,72.59869950635554,,,,
3759,P35557,N,180,S,NONSYN,0.4614809963725863,0.379484396919833,0.17282486935624397,-0.05126666666666666,100.0,2.0,6.0,-0.13906363478172198,0.17095818837478102,0.9742141486427883,-0.1391,0.17095818837478102,-0.13906363478172198,0.17095818837478102,,0.17095818837478102,0.12088569429917485,0.4633,0.602363594679717,0.5074322819709778,-0.1067,0.1176,0.996,,,,60.532547657634964,,,,
3760,P35557,N,180,A,NONSYN,0.4106254114956999,-0.20533563295347887,0.2004404630038289,-1.0525333333333333,100.0,2.0,6.0,-0.34279977878825,0.24455184031684,0.9904723331664669,-0.3428,0.24455184031684,-0.34279977878825,0.24455184031684,,0.24455184031684,0.17292426463968727,0.1111,0.45389842590586477,0.39125967025756836,-0.2686,0.1582,0.998,,,,60.532547657634964,,,,
3761,P35557,N,180,V,NONSYN,0.4102202219640225,0.3053103064188505,0.06898385340399148,-2.3712,100.0,2.0,6.0,-0.36014040945597203,0.0935052391268378,0.9912328541516907,-0.3601,0.0935052391268378,-0.36014040945597203,0.0935052391268378,,0.0935052391268378,0.06611818866305669,0.3627,0.7228525543076566,0.3671170473098755,-0.3374,0.0651,0.998,,,,60.532547657634964,,,,
3762,P35557,N,180,R,NONSYN,0.3307848248630052,-0.05155611887638233,0.13000786129871655,-0.5994,100.0,2.0,6.0,-0.0674993375302686,0.199290476049846,0.9632082309067145,-0.0675,0.199290476049846,-0.0674993375302686,0.199290476049846,,0.199290476049846,0.14091964704074134,0.2282,0.2957267740727796,0.4147757291793823,-0.0369,0.1334,1.0,,,,60.532547657634964,,,,
3763,P35557,N,180,D,NONSYN,0.4678114494578813,-0.019521832809817646,0.10867268635023157,-0.22196666666666665,100.0,2.0,6.0,1.05795505440723,0.595216759628014,0.03645793788077396,1.058,0.595216759628014,1.05795505440723,0.595216759628014,,0.595216759628014,0.4208818070088519,0.2252,0.8327161351491124,0.39549821615219116,0.6157,0.2882,0.996,,,,60.532547657634964,,,,
3764,P35557,N,180,F,NONSYN,0.4766309376333202,0.19499941751500036,0.06429789787300359,-2.3051,100.0,2.0,6.0,-0.0292077427444216,0.141368922385857,0.9554819567578033,-0.0292,0.141368922385857,-0.0292077427444216,0.141368922385857,,0.141368922385857,0.09996292366807419,0.2585,0.2876897221145388,0.34118181467056274,-0.0065,0.0959,1.0,,,,60.532547657634964,,,,
3765,P35557,N,180,T,NONSYN,0.41339841489256257,-0.123058664463294,0.0997509362446652,-0.32839999999999997,100.0,2.0,6.0,0.19605302252604603,0.39033508391657,0.8657157124954369,0.1961,0.39033508391657,0.19605302252604603,0.39033508391657,,0.39033508391657,0.27600858477242673,0.1992,0.0031740423219001335,0.36535215377807617,0.1972,0.2202,0.998,,,,60.532547657634964,,,,
3766,P35557,N,180,I,NONSYN,0.408580276197032,-0.0874428109444242,0.05938666070668997,-2.3165333333333336,100.0,2.0,6.0,0.8181189426338521,0.175838470860221,0.1468708037626023,0.8181,0.175838470860221,0.8181189426338521,0.175838470860221,,0.175838470860221,0.1243365751387354,0.0872,0.7309404441273061,0.2646900415420532,0.686,0.1125,1.0,,,,60.532547657634964,,,,
3767,P35557,N,180,L,NONSYN,0.3056093223191409,0.14292359681115283,0.05756521412719006,-2.2992666666666666,100.0,2.0,6.0,0.127019719367121,0.18642305784784696,0.903641270701693,0.127,0.18642305784784696,0.127019719367121,0.18642305784784696,,0.18642305784784696,0.1318210083737446,0.2403,0.113327040190603,0.34118181467056274,0.1417,0.123,1.0,,,,60.532547657634964,,,,
3768,P35557,N,180,K,NONSYN,0.42687331501914416,-0.01135311202737132,0.12958036173101647,-0.41683333333333333,,,,,,,,,,,,,,0.2282,,0.4123675525188446,0.2282,0.4124,1.0,,,,60.532547657634964,,,,
3769,P35557,N,180,G,NONSYN,0.3767377141694753,-0.17495219625096722,0.11015461648637574,-0.8320333333333334,100.0,2.0,6.0,-0.23616390672081,0.181617452636238,0.9840172173871068,-0.2362,0.181617452636238,-0.23616390672081,0.181617452636238,,0.181617452636238,0.12842293234091048,0.1197,0.3558367117916871,0.3042025566101074,-0.1823,0.1183,1.0,,,,60.532547657634964,,,,
3770,P35557,N,180,Y,NONSYN,0.484545468725929,0.03255500203457268,0.19090172109217549,-1.7925666666666666,100.0,2.0,6.0,-0.31234365460935803,0.806519207966653,0.9889661611806337,-0.3123,0.806519207966653,-0.31234365460935803,0.806519207966653,,0.806519207966653,0.5702952011104236,0.1254,0.4377567147976515,0.35730135440826416,0.002,0.3028,1.0,,,,60.532547657634964,,,,
3771,P35557,N,180,N,SYN,,,,,,,,,,,,,,,,,,,,,,,,,,,60.532547657634964,,,,
3772,P35557,N,180,C,NONSYN,0.3246931060135203,-0.19864488676842432,0.26873008465327497,-1.7648,100.0,2.0,6.0,0.381256011799633,0.0810567069817724,0.6966204440654166,0.3813,0.0810567069817724,0.381256011799633,0.0810567069817724,,0.0810567069817724,0.05731574716746224,0.1349,0.24635481603509135,0.35015368461608887,0.3748,0.0566,1.0,,,,60.532547657634964,,,,
3773,P35557,N,180,P,NONSYN,0.19454249209923347,-0.15716985869200234,0.26400738134813456,-1.746833333333333,100.0,2.0,6.0,0.256830927570367,0.227722391505434,0.8218807179061324,0.2568,0.227722391505434,0.256830927570367,0.227722391505434,,0.227722391505434,0.1610240472615102,0.1274,0.12943929119875447,0.3410879969596863,0.2332,0.1456,0.9990000000000001,,,,60.532547657634964,,,,
3774,P35557,N,180,E,NONSYN,0.4910285186421727,-0.03587007390834419,0.1118190678140376,-0.6006666666666667,100.0,2.0,6.0,-0.11455747243438301,0.34480489432744704,0.9708822243057376,-0.1146,0.34480489432744704,-0.11455747243438301,0.34480489432744704,,0.34480489432744704,0.24381387896524873,0.2187,0.33327591177497445,0.3968886435031891,-0.0232,0.2077,0.9990000000000001,,,,60.532547657634964,,,,
3775,P35557,N,180,M,NONSYN,0.37063326035798777,0.10858109492021396,0.19845247264197374,-1.7604999999999997,100.0,2.0,6.0,-0.540421933266282,0.773016643253884,0.9962431139480575,-0.5404,0.773016643253884,-0.540421933266282,0.773016643253884,,0.773016643253884,0.5466053104148836,0.1939,0.7342910769907235,0.44093918800354004,-0.0956,0.3432,1.0,,,,60.532547657634964,,,,
3776,P35557,N,180,W,NONSYN,0.5592228368220948,0.3053103064188505,0.06898385340399148,-2.3712,100.0,2.0,6.0,-0.11630631374780999,0.22175600729209,0.9711338834295777,-0.1163,0.22175600729209,-0.11630631374780999,0.22175600729209,,0.22175600729209,0.1568051765250903,0.3241,0.44043652104799613,0.3551052510738373,-0.0444,0.1434,1.0,,,,60.532547657634964,,,,
3777,P35557,N,180,H,NONSYN,0.4549298465836239,-0.019521832809817646,0.10867268635023157,-0.22196666666666665,,,,,,,,,,,,,,0.2201,,0.39549821615219116,0.2201,0.3955,1.0,,,,60.532547657634964,,,,
3778,P35557,N,180,Q,NONSYN,0.3943650294167221,-0.019189361563352988,0.1292023810970613,-0.3494,100.0,2.0,6.0,-0.11555488617377699,0.17603229745084195,0.9710260243170532,-0.1156,0.17603229745084195,-0.11555488617377699,0.17603229745084195,,0.17603229745084195,0.12447363123533774,0.2282,0.34378232271628795,0.4123675525188446,-0.0868,0.1192,1.0,,,,60.532547657634964,,,,
3779,P35557,N,180,*,STOP,,,,,100.0,2.0,6.0,-0.427299067016915,0.05,0.9936305058449251,-0.4273,0.05,-0.427299067016915,0.05,,0.05,0.035355339059327376,,,,-0.4273,0.0354,,,,,60.532547657634964,,,,
3780,P35557,V,181,S,NONSYN,0.33699392667600697,-0.411326367348662,0.28155597515137,-1.4466,100.0,2.0,6.0,-0.21173488385637101,0.17822161763510802,0.9819835853211661,-0.2117,0.17822161763510802,-0.21173488385637101,0.17822161763510802,,0.17822161763510802,0.12602171438382087,0.167,0.3787759769674092,0.38406527042388916,-0.1749,0.1197,0.79,,,,9.80239885854029,,,,
3781,P35557,V,181,A,NONSYN,0.4716545268994549,-0.4350538558862856,0.24882801999542659,-0.7901333333333334,100.0,2.0,6.0,-0.34895887818184895,0.8293922076308629,0.9907500236666794,-0.349,0.8293922076308629,-0.34895887818184895,0.8293922076308629,,0.8293922076308629,0.5864688542790641,0.2544,0.6034003778919319,0.445199191570282,0.0338,0.3546,0.142,,,,9.80239885854029,,,,
3782,P35557,V,181,V,SYN,,,,,100.0,2.0,6.0,0.9280877146397041,0.05,0.0797400656370871,0.9281,0.05,0.9280877146397041,0.05,,0.05,0.035355339059327376,,,,0.9281,0.0354,,,,,9.80239885854029,,,,
3783,P35557,V,181,R,NONSYN,0.17643841508486408,0.0747645068071423,0.2686408682325599,-1.9857333333333334,100.0,2.0,6.0,-0.305359517144932,0.203893429671358,0.9885871671637361,-0.3054,0.203893429671358,-0.305359517144932,0.203893429671358,,0.203893429671358,0.14417442675999967,0.1915,0.49684602479912204,0.38611093163490295,-0.2446,0.1351,0.995,,,,9.80239885854029,,,,
3784,P35557,V,181,D,NONSYN,0.27348180848279724,-0.35463620827437703,0.1153925363151152,-2.3809,100.0,2.0,6.0,0.34402214469836695,0.414826496141343,0.7392268536545494,0.344,0.414826496141343,0.34402214469836695,0.414826496141343,,0.414826496141343,0.2933266284373988,0.083,0.26101573290751917,0.28226056694984436,0.2085,0.2034,0.995,,,,9.80239885854029,,,,
3785,P35557,V,181,F,NONSYN,0.4053248813429461,-0.1729445881365136,0.20058842699412463,-0.9184666666666667,100.0,2.0,6.0,-0.73245404200855,1.0104435118342001,0.9984180567577445,-0.7325,1.0104435118342001,-0.73245404200855,1.0104435118342001,,1.0104435118342001,0.7144914592239123,0.1602,0.8926309748202871,0.4332253932952881,-0.0798,0.3704,0.87,,,,9.80239885854029,,,,
3786,P35557,V,181,T,NONSYN,0.3185872156759129,0.22316775446086967,0.21953085456766716,-0.1374,100.0,2.0,6.0,-0.614567523278986,0.29814809289856,0.9973225384744449,-0.6146,0.29814809289856,-0.614567523278986,0.29814809289856,,0.29814809289856,0.21082253828640848,0.5233,1.1378607800386296,0.583540141582489,-0.4832,0.1983,0.17600000000000002,,,,9.80239885854029,,,,
3787,P35557,V,181,I,NONSYN,0.4306262074024321,0.13463153942849063,0.12213134576940694,-0.1123,100.0,2.0,6.0,0.017600445739283002,0.47809126571762894,0.94380967912648,0.0176,0.47809126571762894,0.017600445739283002,0.47809126571762894,,0.47809126571762894,0.338061576014995,0.5462,0.5285840940556389,0.47673577070236206,0.1945,0.2758,0.0,,,,9.80239885854029,,,,
3788,P35557,V,181,L,NONSYN,0.4667115524229356,-0.18055321024324833,0.2252418401738997,-0.29109999999999997,100.0,2.0,6.0,0.5965953708333679,0.207775496775221,0.39689483087268074,0.5966,0.207775496775221,0.5965953708333679,0.207775496775221,,0.207775496775221,0.1469194627341624,0.3223,0.2743117452306457,0.5334100723266602,0.5773,0.1416,0.005,,,,9.80239885854029,,,,
3789,P35557,V,181,K,NONSYN,0.1909141340536438,-0.174282611013193,0.10806508208777409,-1.7571333333333332,100.0,2.0,6.0,0.30224754828064193,0.963619443713963,0.7818463180612413,0.3022,0.963619443713963,0.30224754828064193,0.963619443713963,,0.963619443713963,0.6813818431333518,0.0911,0.2110976518973564,0.2947787046432495,0.1244,0.2705,0.99,,,,9.80239885854029,,,,
3790,P35557,V,181,G,NONSYN,0.3807983932718594,-0.07856014581443035,0.1477871347077813,-2.365066666666667,100.0,2.0,6.0,-0.484206042681473,0.136455950543356,0.9951241554109865,-0.4842,0.136455950543356,-0.484206042681473,0.136455950543356,,0.136455950543356,0.09648892796246317,0.138,0.622197083626526,0.3408690392971039,-0.438,0.0928,0.905,,,,9.80239885854029,,,,
3791,P35557,V,181,Y,NONSYN,0.33250944557826595,-0.174282611013193,0.10806508208777409,-1.7571333333333332,100.0,2.0,6.0,-0.310614470288265,0.477318163645351,0.9888735596342353,-0.3106,0.477318163645351,-0.310614470288265,0.477318163645351,,0.477318163645351,0.33751491029713787,0.1266,0.43717965845774437,0.3014105558395386,-0.0674,0.2248,0.875,,,,9.80239885854029,,,,
3792,P35557,V,181,N,NONSYN,0.2445312890805706,-0.4120549971098157,0.17756783316737723,-2.1033666666666666,100.0,2.0,6.0,0.136574432091821,0.181030658388067,0.8990588238838219,0.1366,0.181030658388067,0.136574432091821,0.181030658388067,,0.181030658388067,0.1280080061488675,0.1047,0.031827971177209174,0.29989922046661377,0.1317,0.1177,0.9790000000000001,,,,9.80239885854029,,,,
3793,P35557,V,181,C,NONSYN,0.4349501020449153,-0.43104926801558996,0.310970744397381,-0.9503666666666666,100.0,2.0,6.0,0.0418599976286792,0.0677386722656998,0.9366207986842858,0.0419,0.0677386722656998,0.0418599976286792,0.0677386722656998,,0.0677386722656998,0.04789847450764944,0.1659,0.12402294743205078,0.38304784893989563,0.0438,0.0475,0.977,,,,9.80239885854029,,,,
3794,P35557,V,181,P,NONSYN,0.17175025849116904,-0.07090674302870502,0.2337382138331883,-1.883333333333333,100.0,2.0,6.0,-0.214528459951036,0.5811092478573721,0.9822290407292678,-0.2145,0.5811092478573721,-0.214528459951036,0.5811092478573721,,0.5811092478573721,0.41090628977016197,0.1631,0.3775896615234542,0.45636099576950073,-0.0455,0.3054,0.9790000000000001,,,,9.80239885854029,,,,
3795,P35557,V,181,E,NONSYN,0.32079411141973807,-0.03275710056345138,0.24943608676727372,-1.7854,100.0,2.0,6.0,-0.12232898306858302,0.137248106840143,0.9719837700509989,-0.1223,0.137248106840143,-0.12232898306858302,0.137248106840143,,0.137248106840143,0.09704906705168088,0.1631,0.28539018464100124,0.41810905933380127,-0.1077,0.0945,0.9790000000000001,,,,9.80239885854029,,,,
3796,P35557,V,181,M,NONSYN,0.4348220015603004,-0.12231034354248903,0.21343153682908286,-0.2969,100.0,2.0,6.0,0.42186677073109,0.3693592272988421,0.6455739780903915,0.4219,0.3693592272988421,0.42186677073109,0.3693592272988421,,0.3693592272988421,0.2611764143168346,0.2589,0.16297745321857782,0.45935627818107605,0.3821,0.227,0.8640000000000001,,,,9.80239885854029,,,,
3797,P35557,V,181,W,NONSYN,0.20407639127029992,-0.0036640081790373738,0.2500553898376106,-1.7649666666666668,100.0,2.0,6.0,-0.20960826022182502,0.115191075782677,0.9817943959576313,-0.2096,0.115191075782677,-0.20960826022182502,0.115191075782677,,0.115191075782677,0.08145239081810439,0.153,0.36262712223087346,0.4234265685081482,-0.1967,0.08,0.995,,,,9.80239885854029,,,,
3798,P35557,V,181,H,NONSYN,0.2484595230317529,0.05841235321508533,0.117005615211994,-2.2657666666666665,100.0,2.0,6.0,-0.716277014233479,0.43391882668896203,0.9983011420894948,-0.7163,0.43391882668896203,-0.716277014233479,0.43391882668896203,,0.43391882668896203,0.3068269448362753,0.1527,0.8689359237927289,0.34816646575927734,-0.3364,0.2302,0.983,,,,9.80239885854029,,,,
3799,P35557,V,181,Q,NONSYN,0.31633139311143543,-0.009896565003255364,0.23102049681489076,-1.7866,100.0,2.0,6.0,-0.19091058974917102,0.42201787714301703,0.9800405402431861,-0.1909,0.42201787714301703,-0.19091058974917102,0.42201787714301703,,0.42201787714301703,0.2984117027097786,0.1406,0.3315550804680126,0.45823296904563904,-0.0922,0.2501,0.995,,,,9.80239885854029,,,,
3800,P35557,V,181,*,STOP,,,,,100.0,2.0,6.0,-0.37979216988999004,0.05,0.9920189152582545,-0.3798,0.05,-0.37979216988999004,0.05,,0.05,0.035355339059327376,,,,-0.3798,0.0354,,,,,9.80239885854029,H,191.0,,
3801,P35557,V,182,S,NONSYN,0.33699392667600697,0.42258214442439096,0.16009029343229353,-1.1767,100.0,2.0,6.0,0.24895460873701397,0.172091869745721,0.8281714391120483,0.249,0.172091869745721,0.24895460873701397,0.172091869745721,,0.172091869745721,0.12168732808427137,0.3768,0.12781296700380024,0.4353219270706177,0.2582,0.1172,1.0,,,,6.89062425258484,,,,
3802,P35557,V,182,A,NONSYN,0.4716545268994549,0.5451849182156493,0.1188926335128825,-0.7901333333333334,100.0,2.0,6.0,0.797622678118192,0.20286716479638503,0.16342921881195646,0.7976,0.20286716479638503,0.797622678118192,0.20286716479638503,,0.20286716479638503,0.1434487479076127,0.5905,0.207129297094785,0.49192875623703003,0.7814,0.1377,0.9990000000000001,,,,6.89062425258484,,,,
3803,P35557,V,182,V,SYN,,,,,100.0,2.0,6.0,1.5420575819963602,0.05,0.0014522802382361752,1.5421,0.05,1.5420575819963602,0.05,,0.05,0.035355339059327376,,,,1.5421,0.0354,,,,,6.89062425258484,,,,
3804,P35557,V,182,R,NONSYN,0.17643841508486408,0.05217475036553465,0.22529114317419288,-1.9857333333333334,100.0,2.0,6.0,-0.0231933121259271,0.21815248724525999,0.9541288892522573,-0.0232,0.21815248724525999,-0.0231933121259271,0.21815248724525999,,0.21815248724525999,0.15425710306383514,0.1454,0.1686027471597253,0.4503917098045349,-0.0055,0.1459,1.0,,,,6.89062425258484,,,,
3805,P35557,V,182,D,NONSYN,0.27348180848279724,-0.3012764601872782,0.14785984245853548,-2.3809,,,,,,,,,,,,,,0.0901,,0.29927945137023926,0.0901,0.2993,1.0,,,,6.89062425258484,,,,
3806,P35557,V,182,F,NONSYN,0.4053248813429461,0.6401493686131939,0.0658648266393381,-0.9184666666666667,100.0,2.0,6.0,0.21888291417528197,0.378795626193734,0.8504916338138323,0.2189,0.378795626193734,0.21888291417528197,0.378795626193734,,0.378795626193734,0.26784895596539393,0.6699,0.4510219735009571,0.43186840415000916,0.3442,0.2276,1.0,,,,6.89062425258484,,,,
3807,P35557,V,182,T,NONSYN,0.3185872156759129,0.2708392968773345,0.19118985932471202,-0.1374,100.0,2.0,6.0,0.5428010214872899,0.321924935720693,0.47470564805296545,0.5428,0.321924935720693,0.5428010214872899,0.321924935720693,,0.321924935720693,0.2276353050811454,0.3602,0.18255758181291248,0.4469713568687439,0.5052,0.2028,1.0,,,,6.89062425258484,,,,
3808,P35557,V,182,I,NONSYN,0.4306262074024321,0.1858987446670338,0.20006175424951855,-0.1123,100.0,2.0,6.0,0.238595143839615,0.558480990750009,0.8361608272877724,0.2386,0.558480990750009,0.238595143839615,0.558480990750009,,0.558480990750009,0.39490569572311285,0.3568,0.11824692697833239,0.4667055010795593,0.2879,0.3015,0.996,,,,6.89062425258484,,,,
3809,P35557,V,182,L,NONSYN,0.4667115524229356,0.45916502247050345,0.19439833967732603,-0.29109999999999997,100.0,2.0,6.0,-0.0221761552922171,0.28524888316382696,0.9538960420998804,-0.0222,0.28524888316382696,-0.0221761552922171,0.28524888316382696,,0.28524888316382696,0.20170141961103125,0.5008,0.5229374854199331,0.5334892272949219,0.0432,0.1887,0.995,,,,6.89062425258484,,,,
3810,P35557,V,182,K,NONSYN,0.1909141340536438,0.14278740781280502,0.18506823928246108,-1.8310333333333333,100.0,2.0,6.0,0.29924054207630396,0.46186758684942103,0.7846987029594994,0.2992,0.46186758684942103,0.29924054207630396,0.46186758684942103,,0.46186758684942103,0.3265897026714923,0.2489,0.0503184920770669,0.41009587049484253,0.2797,0.2555,1.0,,,,6.89062425258484,,,,
3811,P35557,V,182,G,NONSYN,0.3807983932718594,-0.16532224174724858,0.14312809244445787,-2.1775333333333333,100.0,2.0,6.0,-0.431055967446016,0.26902488112183803,0.9937425201913586,-0.4311,0.26902488112183803,-0.431055967446016,0.26902488112183803,,0.26902488112183803,0.19022931774915647,0.0885,0.5195269330698715,0.29927945137023926,-0.2816,0.1605,1.0,,,,6.89062425258484,,,,
3812,P35557,V,182,Y,NONSYN,0.33250944557826595,0.12680248300081667,0.13541771517995485,-1.7866,100.0,2.0,6.0,0.174992700113515,0.5572411073276441,0.8785216484895164,0.175,0.5572411073276441,0.174992700113515,0.5572411073276441,,0.5572411073276441,0.39402896574727786,0.2243,0.04931599925591554,0.41135910153388977,0.1986,0.2845,1.0,,,,6.89062425258484,,,,
3813,P35557,V,182,N,NONSYN,0.2445312890805706,0.11371339958749743,0.19263373059818545,-2.1033666666666666,100.0,2.0,6.0,-0.489911607491969,0.44782265349923206,0.9952521907169711,-0.4899,0.44782265349923206,-0.489911607491969,0.44782265349923206,,0.44782265349923206,0.3166584350582606,0.1955,0.6853995239615429,0.4067704677581787,-0.2313,0.2499,1.0,,,,6.89062425258484,,,,
3814,P35557,V,182,C,NONSYN,0.4349501020449153,0.4218200670101626,0.10910158991829712,-0.9503666666666666,100.0,2.0,6.0,0.873870818984376,0.0855363010834539,0.10854571685646575,0.8739,0.0855363010834539,0.873870818984376,0.0855363010834539,,0.0855363010834539,0.060483298533724486,0.3678,0.5061036042092906,0.42128321528434753,0.8636,0.0599,1.0,,,,6.89062425258484,,,,
3815,P35557,V,182,P,NONSYN,0.17175025849116904,0.13560609252449896,0.1258068313344819,-1.883333333333333,100.0,2.0,6.0,0.347195316512269,0.706925023393587,0.7357626006785855,0.3472,0.706925023393587,0.347195316512269,0.706925023393587,,0.706925023393587,0.4998714778320641,0.242,0.10522981401173492,0.3910750150680542,0.2819,0.308,1.0,,,,6.89062425258484,,,,
3816,P35557,V,182,E,NONSYN,0.32079411141973807,0.20166809660431298,0.17445464271903258,-1.7357000000000002,100.0,2.0,6.0,-0.0496041406969739,0.304600206214231,0.9597806255076716,-0.0496,0.304600206214231,-0.0496041406969739,0.304600206214231,,0.304600206214231,0.21538487136490347,0.2671,0.31666132110163697,0.4114497900009155,0.0185,0.1908,1.0,,,,6.89062425258484,,,,
3817,P35557,V,182,M,NONSYN,0.4348220015603004,0.43941584810442164,0.11209065679606212,-0.2969,100.0,2.0,6.0,0.0370713678060285,0.731739099444688,0.9381077340846566,0.0371,0.731739099444688,0.0370713678060285,0.731739099444688,,0.731739099444688,0.5174176792766763,0.3999,0.36283350914137447,0.48611071705818176,0.2298,0.3543,1.0,,,,6.89062425258484,,,,
3818,P35557,V,182,W,NONSYN,0.20407639127029992,0.19894390596386635,0.21158737912737965,-1.8388666666666669,100.0,2.0,6.0,0.13077104762312,0.154855684797844,0.9018658156665394,0.1308,0.154855684797844,0.13077104762312,0.154855684797844,,0.154855684797844,0.10949950482584205,0.2707,0.1399515800166505,0.4286917746067047,0.1393,0.1061,1.0,,,,6.89062425258484,,,,
3819,P35557,V,182,H,NONSYN,0.2484595230317529,-0.31472029568797066,0.13343954589188936,-2.2815999999999996,100.0,2.0,6.0,0.0171381943761504,0.34728385877236,0.9439385762743738,0.0171,0.34728385877236,0.0171381943761504,0.34728385877236,,0.34728385877236,0.24556677153456702,0.086,0.06884907550223705,0.29927945137023926,0.0448,0.1898,1.0,,,,6.89062425258484,,,,
3820,P35557,V,182,Q,NONSYN,0.31633139311143543,0.12680248300081667,0.13541771517995485,-1.7866,,,,,,,,,,,,,,0.222,,0.41135910153388977,0.222,0.4114,1.0,,,,6.89062425258484,,,,
3821,P35557,V,182,*,STOP,,,,,100.0,2.0,6.0,-0.25133149998943805,0.05,0.9851593919023096,-0.2513,0.05,-0.25133149998943805,0.05,,0.05,0.035355339059327376,,,,-0.2513,0.0354,,,,,6.89062425258484,,,,
3822,P35557,G,183,S,NONSYN,0.36837526824294986,1.185040507688595,0.040864489562129666,-0.8648000000000001,100.0,2.0,6.0,0.303651454851115,0.271178862064437,0.7805046974933298,0.3037,0.271178862064437,0.303651454851115,0.271178862064437,,0.271178862064437,0.19175241228021478,0.9341,0.63046109397701,0.39558279514312744,0.4236,0.1725,1.0,,,,21.28715137561953,,,,
3823,P35557,G,183,A,NONSYN,0.4089269105168704,1.0226680753434534,0.0657482554407443,-0.9328,100.0,2.0,6.0,0.7907687518865401,0.16057800807289802,0.1692767826736616,0.7908,0.16057800807289802,0.7907687518865401,0.16057800807289802,,0.16057800807289802,0.11354579841777435,0.8086,0.017870536062068343,0.4209258556365967,0.792,0.1096,1.0,,,,21.28715137561953,,,,
3824,P35557,G,183,V,NONSYN,0.3988573139738447,0.02308685711701799,0.05943586885108779,-2.7219333333333338,100.0,2.0,6.0,0.0498173910339823,0.0711414246149541,0.9340725038743644,0.0498,0.0711414246149541,0.0498173910339823,0.0711414246149541,,0.0711414246149541,0.050304583768505606,0.1067,0.05683910072245691,0.2690693736076355,0.0517,0.0494,1.0,,,,21.28715137561953,,,,
3825,P35557,G,183,R,NONSYN,0.3362652746103357,0.5064882369107312,0.22335492608920018,-1.9470333333333334,100.0,2.0,6.0,0.277990386804426,0.150249384065663,0.8040356898579435,0.278,0.150249384065663,0.277990386804426,0.150249384065663,,0.150249384065663,0.1062423583419323,0.5151,0.23712141720405788,0.5680307149887085,0.286,0.1044,1.0,,,,21.28715137561953,,,,
3826,P35557,G,183,D,NONSYN,0.3623286966209139,1.6047622616112427,0.08695422433473039,-1.5976,100.0,2.0,6.0,1.98205470283364,0.0368767975268135,5.9609822706969104e-05,1.9821,0.0368767975268135,1.98205470283364,0.0368767975268135,,0.0368767975268135,0.02607583359965313,1.1313,0.850794069365012,0.6547225117683411,1.9807,0.0261,1.0,,,,21.28715137561953,,,,
3827,P35557,G,183,F,NONSYN,0.3709207412708021,0.11279108067111909,0.057483929667371085,-2.717866666666667,100.0,2.0,6.0,-0.21929527962832102,0.0957552523138714,0.9826399613163105,-0.2193,0.0957552523138714,-0.21929527962832102,0.0957552523138714,,0.0957552523138714,0.06770918824536731,0.1914,0.41067962492136606,0.33255696296691895,-0.2029,0.0663,1.0,,,,21.28715137561953,,,,
3828,P35557,G,183,T,NONSYN,0.21962954488217865,1.7785271027168357,0.033637750628685445,-1.5144,100.0,2.0,6.0,1.4607601795168603,0.342186495521345,0.0025549077892227075,1.4608,0.342186495521345,1.4607601795168603,0.342186495521345,,0.342186495521345,0.2419623914136032,1.1938,0.2669695053072656,0.5924333333969116,1.4226,0.224,1.0,,,,21.28715137561953,,,,
3829,P35557,G,183,I,NONSYN,0.29686370150880703,0.023086857117017984,0.05943586885108779,-2.721933333333333,100.0,2.0,6.0,-0.414202884302235,0.12105364574816499,0.9932233816714767,-0.4142,0.12105364574816499,-0.414202884302235,0.12105364574816499,,0.12105364574816499,0.08559785379588153,0.1067,0.5208593760586742,0.2690693736076355,-0.3663,0.0816,1.0,,,,21.28715137561953,,,,
3830,P35557,G,183,L,NONSYN,0.33670580158540125,0.002112958525622088,0.03189758748862058,-2.6893,100.0,2.0,6.0,0.11273908680817,0.224352619394239,0.9101279440455003,0.1127,0.224352619394239,0.11273908680817,0.224352619394239,,0.224352619394239,0.15864125855063094,0.1067,0.006082595051730796,0.26338931918144226,0.1111,0.1359,1.0,,,,21.28715137561953,,,,
3831,P35557,G,183,K,NONSYN,0.4007452768135149,2.2105677674298967,0.08384139007445822,-1.5245,100.0,2.0,6.0,0.16463818537767702,0.10454544522121699,0.8844040920500363,0.1646,0.10454544522121699,0.16463818537767702,0.10454544522121699,,0.10454544522121699,0.07392479325808926,1.2632,1.098540640000741,0.7376621961593628,0.1756,0.0736,1.0,,,,21.28715137561953,,,,
3832,P35557,G,183,G,SYN,,,,,100.0,2.0,6.0,1.21749136758627,0.05,0.013141651546628911,1.2175,0.05,1.21749136758627,0.05,,0.05,0.035355339059327376,,,,1.2175,0.0354,,,,,21.28715137561953,,,,
3833,P35557,G,183,Y,NONSYN,0.28089736795090275,-0.018912933928722904,0.05989076559824683,-2.6748999999999996,100.0,2.0,6.0,0.17581676417120498,0.0639064858583016,0.8780420159424188,0.1758,0.0639064858583016,0.17581676417120498,0.0639064858583016,,0.0639064858583016,0.045188709512207256,0.1067,0.06916027241476577,0.2690693736076355,0.1739,0.0446,1.0,,,,21.28715137561953,,,,
3834,P35557,G,183,N,NONSYN,0.382875509440285,1.025491636523765,0.07478976835216024,-0.8179,100.0,2.0,6.0,0.782298068345605,0.0539733476507432,0.17672158951094433,0.7823,0.0539733476507432,0.782298068345605,0.0539733476507432,,0.0539733476507432,0.03816492012717953,0.8086,0.026341219603003396,0.42465445399284363,0.7825,0.038,1.0,,,,21.28715137561953,,,,
3835,P35557,G,183,C,NONSYN,0.3672992043124827,-0.33698500235784357,0.11502898655264711,-2.438433333333333,100.0,2.0,6.0,-0.0390301238555577,0.17976118054482396,0.9576065966656092,-0.039,0.17976118054482396,-0.0390301238555577,0.17976118054482396,,0.17976118054482396,0.12711034975734428,0.0778,0.11687775364109543,0.28226056694984436,-0.0193,0.1159,1.0,,,,21.28715137561953,,,,
3836,P35557,G,183,P,NONSYN,0.2021261040610908,0.585287458322606,0.2176799640673971,-1.8968333333333334,100.0,2.0,6.0,0.0415927225688017,0.26005055267549304,0.9367047026712815,0.0416,0.26005055267549304,0.0415927225688017,0.26005055267549304,,0.26005055267549304,0.18388350924815058,0.6626,0.6210192984005891,0.596493124961853,0.0955,0.1757,1.0,,,,21.28715137561953,,,,
3837,P35557,G,183,E,NONSYN,0.4108810729254607,0.29145008147065354,0.2002838707306569,-1.9435333333333331,100.0,2.0,6.0,0.9231048531246591,0.445536947754446,0.08207538820480476,0.9231,0.445536947754446,0.9231048531246591,0.445536947754446,,0.445536947754446,0.3150421970263253,0.3213,0.6018305725765634,0.46323931217193604,0.7328,0.2605,1.0,,,,21.28715137561953,,,,
3838,P35557,G,183,M,NONSYN,0.2878381921366005,-0.13696940638089167,0.09399666841201505,-2.275,100.0,2.0,6.0,-0.647301580251594,0.41714813079687496,0.9976900602319047,-0.6473,0.41714813079687496,-0.647301580251594,0.41714813079687496,,0.41714813079687496,0.29496827204576315,0.0833,0.7305699246539072,0.27926105260849,-0.262,0.2028,1.0,,,,21.28715137561953,,,,
3839,P35557,G,183,W,NONSYN,0.355895468841822,-0.21217143769105648,0.10836864741203228,-2.4539666666666666,100.0,2.0,6.0,-0.413470817855919,0.24309741695121198,0.9931998367902287,-0.4135,0.24309741695121198,-0.413470817855919,0.24309741695121198,,0.24309741695121198,0.17189583201513556,0.0778,0.4913184476414567,0.28451234102249146,-0.2821,0.1471,1.0,,,,21.28715137561953,,,,
3840,P35557,G,183,H,NONSYN,0.3218287257213429,0.4142293208326289,0.1266456866777214,-1.9332999999999998,100.0,2.0,6.0,0.5547671350387329,0.7948862512261992,0.45722324803422326,0.5548,0.7948862512261992,0.5547671350387329,0.7948862512261992,,0.7948862512261992,0.562069458513999,0.3678,0.18699992026364742,0.4216327667236328,0.4351,0.3373,1.0,,,,21.28715137561953,,,,
3841,P35557,G,183,Q,NONSYN,0.29754150588632416,0.8872851398153152,0.13706641677661205,-1.7754,100.0,2.0,6.0,3.18888841993919,0.0898739144585415,2.9940388751954733e-09,3.1889,0.0898739144585415,3.18888841993919,0.0898739144585415,,0.0898739144585415,0.06355045436541439,0.7827,2.406177271677166,0.5154836177825928,3.1529,0.0631,1.0,,,,21.28715137561953,,,,
3842,P35557,G,183,*,STOP,,,,,100.0,2.0,6.0,-0.189187214401648,0.05,0.9798703916198108,-0.1892,0.05,-0.189187214401648,0.05,,0.05,0.035355339059327376,,,,-0.1892,0.0354,,,,,21.28715137561953,,,,
3843,P35557,L,184,S,NONSYN,0.3696688568840947,-0.3356229880775337,0.1695232352164913,-1.8501333333333332,100.0,2.0,6.0,-0.0958306072692986,0.15001200282597799,0.9680437949899019,-0.0958,0.15001200282597799,-0.0958306072692986,0.15001200282597799,,0.15001200282597799,0.10607450445762456,0.0901,0.18589733824540333,0.3033336102962494,-0.0756,0.1001,1.0,,,,27.53396348524928,,,,
3844,P35557,L,184,A,NONSYN,0.2800117097075371,0.381829072987387,0.12538343513281888,-1.3620666666666665,100.0,2.0,6.0,0.338528529278794,0.109478511873578,0.7451493158781962,0.3385,0.109478511873578,0.338528529278794,0.109478511873578,,0.109478511873578,0.07741299814001897,0.3654,0.026850059159240047,0.4254583716392517,0.3394,0.0762,1.0,,,,27.53396348524928,,,,
3845,P35557,L,184,V,NONSYN,0.45006845647116095,0.5322193801769747,0.1735636500975967,0.4434,100.0,2.0,6.0,-0.147904233812293,0.101394742860911,0.9753185414115513,-0.1479,0.101394742860911,-0.147904233812293,0.101394742860911,,0.101394742860911,0.07169691025361645,0.6377,0.785626606821021,0.512998104095459,-0.1329,0.071,0.993,,,,27.53396348524928,,,,
3846,P35557,L,184,R,NONSYN,0.2792328090176149,-0.16073427134533685,0.16341908009262515,-1.8351333333333333,100.0,2.0,6.0,-0.6204967574658891,0.24307523261510897,0.997393421073204,-0.6205,0.24307523261510897,-0.6204967574658891,0.24307523261510897,,0.24307523261510897,0.17188014532064097,0.0974,0.7178793029370805,0.3033336102962494,-0.446,0.1495,1.0,,,,27.53396348524928,,,,
3847,P35557,L,184,D,NONSYN,0.15709418040401155,-0.068531184801378,0.12128480677212222,-2.512333333333333,100.0,2.0,6.0,0.639617870971217,0.140502312285796,0.337500651654416,0.6396,0.140502312285796,0.639617870971217,0.140502312285796,,0.140502312285796,0.0993501377896763,0.1048,0.5348323690142773,0.2947961091995239,0.5851,0.0941,1.0,,,,27.53396348524928,,,,
3848,P35557,L,184,F,NONSYN,0.463424518412456,0.5269160990054581,0.1715197530707672,0.48950000000000005,100.0,2.0,6.0,-0.13199439029774301,0.15158021912908898,0.9732948847674742,-0.132,0.15158021912908898,-0.13199439029774301,0.15158021912908898,,0.15158021912908898,0.10718340083992164,0.5789,0.7109395502098523,0.512998104095459,-0.1023,0.1049,1.0,,,,27.53396348524928,,,,
3849,P35557,L,184,T,NONSYN,0.3205067496312658,0.35084677615613663,0.10189950694047623,-1.3817666666666666,100.0,2.0,6.0,0.43147541977254494,0.32872553566758195,0.6328732342958543,0.4315,0.32872553566758195,0.43147541977254494,0.32872553566758195,,0.32872553566758195,0.23244405541972749,0.3434,0.08805503345815285,0.39744096994400024,0.409,0.2006,1.0,,,,27.53396348524928,,,,
3850,P35557,L,184,I,NONSYN,0.3599458773266949,0.08747362144844367,0.16590489108728276,0.27723333333333333,100.0,2.0,6.0,1.1863330423733,0.23891260609928303,0.0161032971956897,1.1863,0.23891260609928303,1.1863330423733,0.23891260609928303,,0.23891260609928303,0.16893672388375353,0.3194,0.866888177384973,0.41683322191238403,1.064,0.1566,0.991,,,,27.53396348524928,,,,
3851,P35557,L,184,L,SYN,,,,,100.0,2.0,6.0,1.12751167863688,0.05,0.023518342758833483,1.1275,0.05,1.12751167863688,0.05,,0.05,0.035355339059327376,,,,1.1275,0.0354,,,,,27.53396348524928,,,,
3852,P35557,L,184,K,NONSYN,0.16637828819819184,-0.3333469193970289,0.16536624639358827,-1.8327,100.0,2.0,6.0,-0.10265881331081302,0.218087078863369,0.9691098656874042,-0.1027,0.218087078863369,-0.10265881331081302,0.218087078863369,,0.218087078863369,0.15421085235345358,0.0908,0.19346738369579225,0.30588334798812866,-0.0635,0.1377,0.998,,,,27.53396348524928,,,,
3853,P35557,L,184,G,NONSYN,0.3375782897720982,0.100457066598028,0.12460734672944733,-2.5354666666666663,100.0,2.0,6.0,0.132653116772999,0.0709587391659762,0.9009635763393944,0.1327,0.0709587391659762,0.132653116772999,0.0709587391659762,,0.0709587391659762,0.050175405648709225,0.1898,0.057112455774913584,0.37563908100128174,0.1337,0.0497,1.0,,,,27.53396348524928,,,,
3854,P35557,L,184,Y,NONSYN,0.3932294491632085,0.6108157664910996,0.0828263959386031,-1.3710666666666667,100.0,2.0,6.0,-0.348431551232344,0.41410123823716,0.9907265813037356,-0.3484,0.41410123823716,-0.348431551232344,0.41410123823716,,0.41410123823716,0.29281379365524185,0.6662,1.014653885140425,0.4552673399448395,-0.0515,0.2463,0.9990000000000001,,,,27.53396348524928,,,,
3855,P35557,L,184,N,NONSYN,0.1790631080953343,-0.21795124839116067,0.13795187216887203,-2.4369,100.0,2.0,6.0,-0.133824853719955,0.361934538159637,0.9735360681611943,-0.1338,0.361934538159637,-0.133824853719955,0.361934538159637,,0.361934538159637,0.25592636627830057,0.086,0.21981212359834246,0.29927945137023926,-0.041,0.1945,1.0,,,,27.53396348524928,,,,
3856,P35557,L,184,C,NONSYN,0.3444819501115762,-0.04274773880300666,0.21165915027606366,-1.3948999999999998,100.0,2.0,6.0,1.06244335042196,0.0586326802492998,0.03545343496741047,1.0624,0.0586326802492998,1.06244335042196,0.0586326802492998,,0.0586326802492998,0.041459565803422437,0.147,0.9154439614887782,0.410643070936203,1.0532,0.0412,1.0,,,,27.53396348524928,,,,
3857,P35557,L,184,P,NONSYN,0.3101239067988947,-0.4428453345972163,0.22129520784943643,-2.2839666666666667,100.0,2.0,6.0,-0.582085044489303,0.45691298315265,0.9968964937279207,-0.5821,0.45691298315265,-0.582085044489303,0.45691298315265,,0.45691298315265,0.32308626879941355,0.1087,0.690763445005813,0.40900376439094543,-0.3167,0.2535,1.0,,,,27.53396348524928,,,,
3858,P35557,L,184,E,NONSYN,0.22335052551716408,-0.19441892714541967,0.13840384282363866,-2.4328000000000003,100.0,2.0,6.0,-0.20442181745717802,0.358815169398764,0.9813243867610105,-0.2044,0.358815169398764,-0.20442181745717802,0.358815169398764,,0.358815169398764,0.25372063947446577,0.086,0.2904090873355655,0.29927945137023926,-0.083,0.1935,1.0,,,,27.53396348524928,,,,
3859,P35557,L,184,M,NONSYN,0.4855550162170784,0.30214480608775474,0.07084281899788357,0.15566666666666665,100.0,2.0,6.0,0.542319488455367,0.679839933549982,0.475409898474469,0.5423,0.679839933549982,0.542319488455367,0.679839933549982,,0.679839933549982,0.4807194271346041,0.3577,0.18464304201753134,0.3742135167121887,0.4273,0.2953,1.0,,,,27.53396348524928,,,,
3860,P35557,L,184,W,NONSYN,0.28885364138641745,-0.27299539268200024,0.08470574677799082,-1.8677333333333335,100.0,2.0,6.0,-0.28371339345589897,0.6408110082783679,0.9873244857702983,-0.2837,0.6408110082783679,-0.28371339345589897,0.6408110082783679,,0.6408110082783679,0.45312180941262276,0.0778,0.3615610232414367,0.28275853395462036,-0.0235,0.2399,1.0,,,,27.53396348524928,,,,
3861,P35557,L,184,H,NONSYN,0.29725486605293433,-0.4350802050886684,0.13237510189934185,-1.9786333333333335,100.0,2.0,6.0,-0.990289332614516,0.7885070111322801,0.9994717438452909,-0.9903,0.7885070111322801,-0.990289332614516,0.7885070111322801,,0.7885070111322801,0.5575586545847717,0.086,1.0762766024929036,0.30213290452957153,-0.1583,0.2656,1.0,,,,27.53396348524928,,,,
3862,P35557,L,184,Q,NONSYN,0.3225298006389851,0.37241949541495173,0.15385095314152594,-1.5422,100.0,2.0,6.0,-0.11834019445546999,0.7892574649941129,0.9714237837462439,-0.1183,0.7892574649941129,-0.11834019445546999,0.7892574649941129,,0.7892574649941129,0.5580893055994414,0.3475,0.46586412214406864,0.4421631097793579,0.1679,0.3466,1.0,,,,27.53396348524928,,,,
3863,P35557,L,184,*,STOP,,,,,100.0,2.0,6.0,0.46583421892830995,0.05,0.5858298058850169,0.4658,0.05,0.46583421892830995,0.05,,0.05,0.035355339059327376,,,,0.4658,0.0354,,,,,27.53396348524928,,,,
3864,P35557,L,185,S,NONSYN,0.3696688568840947,-0.4049480580980953,0.16101712207910587,-1.8501333333333332,100.0,2.0,6.0,-0.46594660770874,0.15249413797088002,0.9946895408849642,-0.4659,0.15249413797088002,-0.46594660770874,0.15249413797088002,,0.15249413797088002,0.10782963905040624,0.0901,0.5560133386848447,0.3033336102962494,-0.4036,0.1016,1.0,,,,0.1493830337699743,,,,
3865,P35557,L,185,A,NONSYN,0.2800117097075371,0.08565375608001251,0.11532366915947682,-1.3620666666666665,100.0,2.0,6.0,0.0878452686302788,0.149506326468191,0.9204585020483931,0.0878,0.149506326468191,0.0878452686302788,0.149506326468191,,0.149506326468191,0.10571693727594766,0.1877,0.09988158664773633,0.35964709520339966,0.0958,0.1014,1.0,,,,0.1493830337699743,,,,
3866,P35557,L,185,V,NONSYN,0.45006845647116095,0.21553370117342666,0.2055854142966124,0.4434,100.0,2.0,6.0,-0.16865584086415,0.0815216273836511,0.9777251453914759,-0.1687,0.0815216273836511,-0.16865584086415,0.0815216273836511,,0.0815216273836511,0.057644495536342634,0.3466,0.5152817053699178,0.45964914560317993,-0.1607,0.0572,0.997,,,,0.1493830337699743,,,,
3867,P35557,L,185,R,NONSYN,0.2792328090176149,-0.4646120262629127,0.16238265119700426,-1.8351333333333333,100.0,2.0,6.0,-0.286954703214288,0.12371519545769999,0.9875224106326881,-0.287,0.12371519545769999,-0.286954703214288,0.12371519545769999,,0.12371519545769999,0.08747985364395881,0.0901,0.37702143419039275,0.3033336102962494,-0.258,0.0841,1.0,,,,0.1493830337699743,,,,
3868,P35557,L,185,D,NONSYN,0.15709418040401155,0.10017325126895958,0.11213293423396965,-2.512333333333333,100.0,2.0,6.0,-0.44462170225446596,0.685036581487768,0.9941301524135028,-0.4446,0.685036581487768,-0.44462170225446596,0.685036581487768,,0.685036581487768,0.4843940121308517,0.1898,0.6343872748023786,0.37563908100128174,-0.0485,0.2968,1.0,,,,0.1493830337699743,,,,
3869,P35557,L,185,F,NONSYN,0.463424518412456,0.122871474537027,0.20126580633197866,0.48950000000000005,100.0,2.0,6.0,0.109330839045049,0.19565187360755604,0.9116140197957338,0.1093,0.19565187360755604,0.109330839045049,0.19565187360755604,,0.19565187360755604,0.13834676657975617,0.3073,0.19799333202123517,0.4490305483341217,0.1265,0.1322,1.0,,,,0.1493830337699743,,,,
3870,P35557,L,185,T,NONSYN,0.3205067496312658,0.16499344445850678,0.05791659220677611,-1.3817666666666666,100.0,2.0,6.0,-0.15017379650520402,0.448738284453272,0.9755941985822371,-0.1502,0.448738284453272,-0.15017379650520402,0.448738284453272,,0.448738284453272,0.31730588391492653,0.244,0.3941422534887703,0.36015820503234863,0.0221,0.2381,1.0,,,,0.1493830337699743,,,,
3871,P35557,L,185,I,NONSYN,0.3599458773266949,0.08078370578017201,0.20418952629929443,0.27723333333333333,100.0,2.0,6.0,0.23559414531561396,0.130160571266841,0.8384156256382623,0.2356,0.130160571266841,0.23559414531561396,0.130160571266841,,0.130160571266841,0.09203742258589816,0.2835,0.0479491433921192,0.42600542306900024,0.2377,0.09,0.997,,,,0.1493830337699743,,,,
3872,P35557,L,185,L,SYN,,,,,100.0,2.0,6.0,1.3075383624344699,0.05,0.007238884060107413,1.3075,0.05,1.3075383624344699,0.05,,0.05,0.035355339059327376,,,,1.3075,0.0354,,,,,0.1493830337699743,,,,
3873,P35557,L,185,K,NONSYN,0.16637828819819184,-0.326249240455581,0.0545176331166183,-1.8327,100.0,2.0,6.0,-0.702043060636283,0.660630460387252,0.9981907105846979,-0.702,0.660630460387252,-0.702043060636283,0.660630460387252,,0.660630460387252,0.46713627839821675,0.0778,0.7798906904218207,0.2788439095020294,-0.127,0.2394,1.0,,,,0.1493830337699743,,,,
3874,P35557,L,185,G,NONSYN,0.3375782897720982,0.036194245512892596,0.1944015253396182,-2.5354666666666663,100.0,2.0,6.0,-0.252684684986265,0.123888142759262,0.9852571115840854,-0.2527,0.123888142759262,-0.252684684986265,0.123888142759262,,0.123888142759262,0.08760214585368123,0.1189,0.3715843880120829,0.36992448568344116,-0.233,0.0852,1.0,,,,0.1493830337699743,,,,
3875,P35557,L,185,Y,NONSYN,0.3932294491632085,-0.021534719391203234,0.11377208426059517,-1.3710666666666667,100.0,2.0,6.0,0.409410695043926,0.16955957318681303,0.661700563439819,0.4094,0.16955957318681303,0.409410695043926,0.16955957318681303,,0.16955957318681303,0.11989672401549219,0.1269,0.2824641265548513,0.29960107803344727,0.3704,0.1113,1.0,,,,0.1493830337699743,,,,
3876,P35557,L,185,N,NONSYN,0.1790631080953343,0.3471193892961499,0.1367872461703443,-2.4369,100.0,2.0,6.0,0.620745804916599,0.14798245783382502,0.3631122276643146,0.6207,0.14798245783382502,0.620745804916599,0.14798245783382502,,0.14798245783382502,0.10463939943094999,0.3355,0.28520300687430167,0.4194963574409485,0.604,0.1015,1.0,,,,0.1493830337699743,,,,
3877,P35557,L,185,C,NONSYN,0.3444819501115762,0.34597043194606764,0.19237693484554497,-1.3948999999999998,100.0,2.0,6.0,-0.0022756302986845,0.0963087703063458,0.949096568129994,-0.0023,0.0963087703063458,-0.0022756302986845,0.0963087703063458,,0.0963087703063458,0.06810058457135472,0.3591,0.3613834822808012,0.4503128230571747,0.0058,0.0673,1.0,,,,0.1493830337699743,,,,
3878,P35557,L,185,P,NONSYN,0.3101239067988947,-0.049612873947713076,0.18965064990861616,-2.2295000000000003,100.0,2.0,6.0,1.36158421899817,0.363818652319502,0.005031630237413655,1.3616,0.363818652319502,1.36158421899817,0.363818652319502,,0.363818652319502,0.2572586361772707,0.1189,1.242684515972352,0.35208767652511597,0.9291,0.2077,1.0,,,,0.1493830337699743,,,,
3879,P35557,L,185,E,NONSYN,0.22335052551716408,0.5765484463095013,0.09707130584107797,-2.4328000000000003,100.0,2.0,6.0,-0.0675413661234553,0.434834714777554,0.9632159252249077,-0.0675,0.434834714777554,-0.0675413661234553,0.434834714777554,,0.434834714777554,0.3074745755145266,0.6001,0.6676368170015986,0.45136746764183044,0.1441,0.2541,1.0,,,,0.1493830337699743,,,,
3880,P35557,L,185,M,NONSYN,0.4855550162170784,0.05875638116550432,0.05862650409818276,0.15566666666666665,100.0,2.0,6.0,0.301676119159617,0.8399732711988629,0.7823905893168602,0.3017,0.8399732711988629,0.301676119159617,0.8399732711988629,,0.8399732711988629,0.5939507960801629,0.2403,0.06139903743163544,0.34501200914382935,0.2558,0.2983,0.9990000000000001,,,,0.1493830337699743,,,,
3881,P35557,L,185,W,NONSYN,0.28885364138641745,-0.48498145718643704,0.16244529282433162,-1.8677333333333335,100.0,2.0,6.0,-0.225846410443715,0.12222597951691301,0.9831888030504939,-0.2258,0.12222597951691301,-0.225846410443715,0.12222597951691301,,0.12222597951691301,0.08642681895357725,0.0901,0.31591314141981974,0.3033336102962494,-0.2021,0.0831,1.0,,,,0.1493830337699743,,,,
3882,P35557,L,185,H,NONSYN,0.29725486605293433,0.12419548504919965,0.18013915401312952,-1.9786333333333335,,,,,,,,,,,,,,0.2147,,0.40297430753707886,0.2147,0.403,1.0,,,,0.1493830337699743,,,,
3883,P35557,L,185,Q,NONSYN,0.3225298006389851,-0.04675892403737356,0.05086294818256574,-1.5422,100.0,2.0,6.0,0.540655332163998,0.78425591523233,0.4778439817703429,0.5407,0.78425591523233,0.540655332163998,0.78425591523233,,0.78425591523233,0.5545526758464426,0.1269,0.41370876367492326,0.28461822867393494,0.2132,0.2532,1.0,,,,0.1493830337699743,,,,
3884,P35557,L,185,*,STOP,,,,,100.0,2.0,6.0,-0.380474365934164,0.05,0.9920448466220112,-0.3805,0.05,-0.380474365934164,0.05,,0.05,0.035355339059327376,,,,-0.3805,0.0354,,,,,0.1493830337699743,,,,
3885,P35557,R,186,S,NONSYN,0.4030125793742561,-0.009371939008640001,0.07552469431127223,-0.8416666666666667,100.0,2.0,6.0,-0.0073156490608803,0.236610560758627,0.9503570481685748,-0.0073,0.236610560758627,-0.0073156490608803,0.236610560758627,,0.236610560758627,0.16730893201277675,0.1485,0.15579734590498126,0.32617098093032837,0.0251,0.1489,1.0,,,,100.2653850355502,,,,
3886,P35557,R,186,A,NONSYN,0.3189859929557896,0.16853854623308992,0.10728558505534341,-1.0746,100.0,2.0,6.0,0.10972192911288,0.165478491294103,0.9114446835643573,0.1097,0.165478491294103,0.10972192911288,0.165478491294103,,0.165478491294103,0.11701096333457929,0.2748,0.16507241102078699,0.39097297191619873,0.1233,0.1121,0.9990000000000001,,,,100.2653850355502,,,,
3887,P35557,R,186,V,NONSYN,0.398009908378716,0.06377631625358467,0.12137553063547775,-1.9711666666666667,100.0,2.0,6.0,-0.174782163815376,0.0712774205617995,0.9783887149793914,-0.1748,0.0712774205617995,-0.174782163815376,0.0712774205617995,,0.0712774205617995,0.05040074742473388,0.1347,0.3094756671951978,0.2959914803504944,-0.1661,0.0497,0.9990000000000001,,,,100.2653850355502,,,,
3888,P35557,R,186,R,SYN,,,,,100.0,2.0,6.0,0.615210266423392,0.05,0.370764222637234,0.6152,0.05,0.615210266423392,0.05,,0.05,0.035355339059327376,,,,0.6152,0.0354,,,,,100.2653850355502,,,,
3889,P35557,R,186,D,NONSYN,0.1122725979085614,-0.11908973871234137,0.20099513184900827,-1.7069333333333334,100.0,2.0,6.0,1.54968275982169,0.0523330452429275,0.0013767651794750445,1.5497,0.0523330452429275,1.54968275982169,0.0523330452429275,,0.0523330452429275,0.03700505117141643,0.1211,1.4285486872794995,0.39486199617385864,1.5372,0.0368,1.0,,,,100.2653850355502,,,,
3890,P35557,R,186,F,NONSYN,0.3436253892885596,-0.06949251530306,0.05565960120119839,-2.1555666666666666,100.0,2.0,6.0,-0.220109149117758,0.128734527415515,0.9827091372935126,-0.2201,0.128734527415515,-0.220109149117758,0.128734527415515,,0.128734527415515,0.09102905730835616,0.1048,0.3248946510746977,0.2646900415420532,-0.1857,0.0861,1.0,,,,100.2653850355502,,,,
3891,P35557,R,186,T,NONSYN,0.292232657128476,0.14991357208747028,0.08024743225969504,-1.0614333333333332,100.0,2.0,6.0,0.16559685154973902,0.34446039809540696,0.8838705744081359,0.1656,0.34446039809540696,0.16559685154973902,0.34446039809540696,,0.34446039809540696,0.24357028334347997,0.244,0.07837160543382726,0.35936737060546875,0.1903,0.2016,1.0,,,,100.2653850355502,,,,
3892,P35557,R,186,I,NONSYN,0.35928103966798514,-0.078794606661152,0.037441367428034555,-2.1296999999999997,100.0,2.0,6.0,-0.192202875043482,0.217032284111863,0.9801671589329521,-0.1922,0.217032284111863,-0.192202875043482,0.217032284111863,,0.217032284111863,0.15346499983190373,0.0872,0.279381373550028,0.25900998711586,-0.1196,0.132,1.0,,,,100.2653850355502,,,,
3893,P35557,R,186,L,NONSYN,0.3775202648814329,-0.1402235603748737,0.19121545314789537,-1.8647666666666665,100.0,2.0,6.0,-0.121237328058337,0.171995203595809,0.971831630026117,-0.1212,0.171995203595809,-0.121237328058337,0.171995203595809,,0.171995203595809,0.1216189747941574,0.0974,0.21861987352952839,0.34811973571777344,-0.0975,0.1148,1.0,,,,100.2653850355502,,,,
3894,P35557,R,186,K,NONSYN,0.4996982892545154,-0.1975808777948337,0.08975151852475904,-0.31583333333333335,100.0,2.0,6.0,2.16431376958827,0.0368249669059376,1.4875833965762903e-05,2.1643,0.0368249669059376,2.16431376958827,0.0368249669059376,,0.0368249669059376,0.026039183816158672,0.2165,1.9477795126531503,0.38193926215171814,2.1553,0.026,0.987,,,,100.2653850355502,,,,
3895,P35557,R,186,G,NONSYN,0.4710347881166008,-0.35819447837326907,0.16136590928143277,-1.865,100.0,2.0,6.0,0.532675425936849,0.46799724492557504,0.4895174097085356,0.5327,0.46799724492557504,0.532675425936849,0.46799724492557504,,0.46799724492557504,0.33092402546349564,0.0901,0.4426086949607443,0.3033336102962494,0.2922,0.2236,1.0,,,,100.2653850355502,,,,
3896,P35557,R,186,Y,NONSYN,0.3907391645635834,0.6569924956435867,0.12821057389316937,-1.6721666666666666,100.0,2.0,6.0,-0.7785639432460941,0.6588159071137529,0.998706931852897,-0.7786,0.6588159071137529,-0.7785639432460941,0.6588159071137529,,0.6588159071137529,0.4658531954737013,0.6568,1.4353921679050603,0.5200034976005554,-0.1395,0.347,1.0,,,,100.2653850355502,,,,
3897,P35557,R,186,N,NONSYN,0.4070897773431755,-0.04576650492828743,0.09646981585651838,-0.6592999999999999,100.0,2.0,6.0,-0.143834205153915,0.13466999773799798,0.9748162208020515,-0.1438,0.13466999773799798,-0.143834205153915,0.13466999773799798,,0.13466999773799798,0.09522606862291538,0.2201,0.36392200160357624,0.37723308801651,-0.122,0.0923,1.0,,,,100.2653850355502,,,,
3898,P35557,R,186,C,NONSYN,0.3945781846907973,-0.084601510403854,0.0611264398025057,-2.1973999999999996,100.0,2.0,6.0,-0.24461912682543804,0.106074184978065,0.9846646838946963,-0.2446,0.106074184978065,-0.24461912682543804,0.106074184978065,,0.106074184978065,0.07500577550682597,0.0872,0.3317976253319841,0.2646900415420532,-0.22,0.0722,1.0,,,,100.2653850355502,,,,
3899,P35557,R,186,P,NONSYN,0.180066694070857,0.43459808083748164,0.1908749690167251,-1.7161666666666668,100.0,2.0,6.0,-0.11138069882777901,0.27225530988753605,0.9704193735989403,-0.1114,0.27225530988753605,-0.11138069882777901,0.27225530988753605,,0.27225530988753605,0.19251357583552162,0.3804,0.49178031340030404,0.5147271156311035,-0.051,0.1803,1.0,,,,100.2653850355502,,,,
3900,P35557,R,186,E,NONSYN,0.2774716424939038,-0.013809308367305104,0.07509390300529538,-0.8858,100.0,2.0,6.0,0.005996459015115,0.2390658711378,0.9469587450685931,0.006,0.2390658711378,0.005996459015115,0.2390658711378,,0.2390658711378,0.1690450986318077,0.1665,0.16055060099770238,0.34061992168426514,0.0377,0.1514,0.998,,,,100.2653850355502,,,,
3901,P35557,R,186,M,NONSYN,0.37044865400284027,0.08933437720057959,0.10594040630874896,-1.0532666666666668,100.0,2.0,6.0,0.34733443621041105,0.18040515062894896,0.7356099949592505,0.3473,0.18040515062894896,0.34733443621041105,0.18040515062894896,,0.18040515062894896,0.12756570537071035,0.1893,0.15798880818726346,0.37134838104248047,0.3307,0.1206,1.0,,,,100.2653850355502,,,,
3902,P35557,R,186,W,NONSYN,0.38841440406711497,-0.19569806265887202,0.0618043784756262,-2.1376333333333335,100.0,2.0,6.0,0.158507492949678,0.0598360984441662,0.8877632980816135,0.1585,0.0598360984441662,0.158507492949678,0.0598360984441662,,0.0598360984441662,0.042310510969615744,0.0778,0.08065986316414028,0.2646900415420532,0.1565,0.0418,1.0,,,,100.2653850355502,,,,
3903,P35557,R,186,H,NONSYN,0.3580838527509595,-0.15025528321009635,0.09060595812461632,-0.45376666666666665,100.0,2.0,6.0,-0.135980324739097,0.23319221359137,0.9738172333934353,-0.136,0.23319221359137,-0.135980324739097,0.23319221359137,,0.23319221359137,0.16489179555035952,0.1985,0.33446555017816865,0.3621821701526642,-0.0786,0.1501,1.0,,,,100.2653850355502,,,,
3904,P35557,R,186,Q,NONSYN,0.3675437003413988,-0.09127269029263235,0.08487477950004763,-0.5823,100.0,2.0,6.0,-0.31292810349148903,0.269223725968956,0.9889972786154771,-0.3129,0.269223725968956,-0.31292810349148903,0.269223725968956,,0.269223725968956,0.19036992228895758,0.2024,0.5153235128371159,0.3649170994758606,-0.2027,0.1688,1.0,,,,100.2653850355502,,,,
3905,P35557,R,186,*,STOP,,,,,100.0,2.0,6.0,0.19755280051518,0.05,0.8647593170706649,0.1976,0.05,0.19755280051518,0.05,,0.05,0.035355339059327376,,,,0.1976,0.0354,,,,,100.2653850355502,,,,
3906,P35557,D,187,S,NONSYN,0.3690767940714815,0.873363198565596,0.157566513222801,-0.9239999999999999,100.0,2.0,6.0,2.43748180489527,0.40429284519267605,1.7298891137790452e-06,2.4375,0.40429284519267605,2.43748180489527,0.40429284519267605,,0.40429284519267605,0.2858782124209443,0.7769,1.6605585060595156,0.5139512419700623,2.0451,0.2498,1.0,,,,73.03066250185606,,,,
3907,P35557,D,187,A,NONSYN,0.4216252277516441,0.1782123881517452,0.15414449211979567,-1.4927333333333335,100.0,2.0,6.0,0.7649127890416301,0.20944861866043304,0.1927618175868822,0.7649,0.20944861866043304,0.7649127890416301,0.20944861866043304,,0.20944861866043304,0.14810253856494746,0.2542,0.5107431461163676,0.413875937461853,0.7069,0.1394,1.0,,,,73.03066250185606,,,,
3908,P35557,D,187,V,NONSYN,0.4506084315132353,-0.23683872943781833,0.15886404077504476,-2.6115333333333335,100.0,2.0,6.0,0.0128823306796294,0.151859758116712,0.9451117097869994,0.0129,0.151859758116712,0.0128823306796294,0.151859758116712,,0.151859758116712,0.10738106475367591,0.0901,0.07718440029647533,0.31890106201171875,0.0207,0.1018,1.0,,,,73.03066250185606,,,,
3909,P35557,D,187,R,NONSYN,0.35823216117602164,0.41262338519829406,0.1603592911468147,-1.472133333333333,100.0,2.0,6.0,0.0616797979019836,0.0932004471365843,0.9300877312654955,0.0617,0.0932004471365843,0.0616797979019836,0.0932004471365843,,0.0932004471365843,0.06590266817989711,0.3768,0.31508777783883063,0.4367949068546295,0.0687,0.0652,1.0,,,,73.03066250185606,,,,
3910,P35557,D,187,D,SYN,,,,,,,,,,,,,,,,,,,,,,,,,,,73.03066250185606,,,,
3911,P35557,D,187,F,NONSYN,0.29646296686588297,-0.24067568997922653,0.15702833728689874,-2.6194333333333333,100.0,2.0,6.0,0.0243932123038541,0.18302817122080703,0.941881584547843,0.0244,0.18302817122080703,0.0243932123038541,0.18302817122080703,,0.18302817122080703,0.12942046101840515,0.0901,0.06567351867225063,0.31890106201171875,0.0337,0.1199,1.0,,,,73.03066250185606,,,,
3912,P35557,D,187,T,NONSYN,0.33041122774515563,0.441173912363108,0.08086384260229464,-1.1000666666666665,100.0,2.0,6.0,-0.11015480173172301,0.314699380376909,0.9702387723156414,-0.1102,0.314699380376909,-0.11015480173172301,0.314699380376909,,0.314699380376909,0.22252606589971705,0.4047,0.5148516835028106,0.4153660535812378,0.0047,0.1962,1.0,,,,73.03066250185606,,,,
3913,P35557,D,187,I,NONSYN,0.3169485018080975,0.03391569148425747,0.12786869847051696,-2.7128666666666668,100.0,2.0,6.0,0.144418169594733,0.44364967089151003,0.8951460590065545,0.1444,0.44364967089151003,0.144418169594733,0.44364967089151003,,0.44364967089151003,0.3137076907585668,0.1148,0.029622037745444058,0.2989600896835327,0.1289,0.2164,1.0,,,,73.03066250185606,,,,
3914,P35557,D,187,L,NONSYN,0.37713817620354506,-0.07583241596970554,0.15648749112472024,-2.7055000000000002,100.0,2.0,6.0,0.473662491956622,0.224370843789401,0.5748077950182147,0.4737,0.224370843789401,0.473662491956622,0.224370843789401,,0.224370843789401,0.158654145144033,0.1121,0.3615239524039334,0.32295167446136475,0.4034,0.1424,1.0,,,,73.03066250185606,,,,
3915,P35557,D,187,K,NONSYN,0.3517044245741117,1.570301205707607,0.17645103027963985,-0.8664,100.0,2.0,6.0,0.34666778346923804,0.22341223045749803,0.7363407196832434,0.3467,0.22341223045749803,0.34666778346923804,0.22341223045749803,,0.22341223045749803,0.15797630315650857,1.0041,0.6574135849771121,0.6535708904266357,0.383,0.1536,1.0,,,,73.03066250185606,,,,
3916,P35557,D,187,G,NONSYN,0.41616550742326497,0.46463601224291234,0.10484124273024477,-1.2674333333333332,100.0,2.0,6.0,0.237703904201256,0.11332407814642999,0.8368332353280357,0.2377,0.11332407814642999,0.237703904201256,0.11332407814642999,,0.11332407814642999,0.08013222412905488,0.4042,0.1664810332758558,0.4546196162700653,0.2427,0.0789,1.0,,,,73.03066250185606,,,,
3917,P35557,D,187,Y,NONSYN,0.4224113195979475,-0.10427870315011552,0.11935890719084279,-2.560966666666667,100.0,2.0,6.0,-0.0709350370934329,0.778551046625455,0.9638319006236439,-0.0709,0.778551046625455,-0.0709350370934329,0.778551046625455,,0.778551046625455,0.5505187245687432,0.0851,0.15600236888435698,0.2947961091995239,0.0503,0.2599,1.0,,,,73.03066250185606,,,,
3918,P35557,D,187,N,NONSYN,0.4295009636980524,1.3838841195608003,0.1835153749197613,-0.2961,100.0,2.0,6.0,0.293854290415103,0.207470460001133,0.7897357952763849,0.2939,0.207470460001133,0.293854290415103,0.207470460001133,,0.207470460001133,0.1467037691626935,0.991,0.6971417127358369,0.6506083607673645,0.3276,0.1431,1.0,,,,73.03066250185606,,,,
3919,P35557,D,187,C,NONSYN,0.3461355508488411,0.21032099741032814,0.12252634459580501,-2.7265333333333337,100.0,2.0,6.0,-0.384797748183479,0.47000384168191406,0.9922071572178994,-0.3848,0.47000384168191406,-0.384797748183479,0.47000384168191406,,0.47000384168191406,0.3323429036370099,0.2601,0.6448984704964063,0.3937910199165344,-0.1165,0.254,1.0,,,,73.03066250185606,,,,
3920,P35557,D,187,P,NONSYN,0.2905290433283012,0.3547654970482899,0.06027593673771433,-1.4699,100.0,2.0,6.0,0.235253462351996,0.637307437647999,0.8386699197390189,0.2353,0.637307437647999,0.235253462351996,0.637307437647999,,0.637307437647999,0.4506444108615229,0.3866,0.15135740324096053,0.40596961975097656,0.3188,0.3016,0.998,,,,73.03066250185606,,,,
3921,P35557,D,187,E,NONSYN,0.4869275421620544,1.4218692860396978,0.1745673149394259,-0.3505,100.0,2.0,6.0,0.17989879097841102,0.31736195224872,0.8756407942758596,0.1799,0.31736195224872,0.17989879097841102,0.31736195224872,,0.31736195224872,0.22440878852567117,1.014,0.8340844586858956,0.6419432163238525,0.2707,0.2118,0.998,,,,73.03066250185606,,,,
3922,P35557,D,187,M,NONSYN,0.2886817698329022,-0.011219831369983136,0.1918770482767677,-2.5042666666666666,100.0,2.0,6.0,-0.3501116524338301,0.44707625688305197,0.990801055988294,-0.3501,0.44707625688305197,-0.3501116524338301,0.44707625688305197,,0.44707625688305197,0.31613065294950493,0.1189,0.46901135545964795,0.37170934677124023,-0.1533,0.2408,1.0,,,,73.03066250185606,,,,
3923,P35557,D,187,W,NONSYN,0.2933207242208761,0.07776097112262532,0.1612573714457507,-2.7770999999999995,100.0,2.0,6.0,-0.531533802069416,0.674422713415402,0.9960858876319305,-0.5315,0.674422713415402,-0.531533802069416,0.674422713415402,,0.674422713415402,0.4768888740422623,0.1489,0.6803958659541511,0.38231584429740906,-0.1173,0.2983,1.0,,,,73.03066250185606,,,,
3924,P35557,D,187,H,NONSYN,0.4359397753198172,0.1580722953129237,0.09480713505010017,-1.1262,100.0,2.0,6.0,0.73915004941883,0.23440547630468,0.21841993202165333,0.7392,0.23440547630468,0.73915004941883,0.23440547630468,,0.23440547630468,0.1657497018423018,0.2532,0.4859699330038062,0.37661194801330566,0.6603,0.1517,1.0,,,,73.03066250185606,,,,
3925,P35557,D,187,Q,NONSYN,0.3596090029508326,1.1744332125944459,0.12209096260885142,-0.9040333333333331,100.0,2.0,6.0,1.53427176280872,0.584833957261223,0.0015335499045897164,1.5343,0.584833957261223,1.53427176280872,0.584833957261223,,0.584833957261223,0.4135400570475743,0.8768,0.6574422578419841,0.4799800217151642,1.2542,0.3133,1.0,,,,73.03066250185606,,,,
3926,P35557,D,187,*,STOP,,,,,100.0,2.0,6.0,-0.815266065015468,0.05,0.9988967942959832,-0.8153,0.05,-0.815266065015468,0.05,,0.05,0.035355339059327376,,,,-0.8153,0.0354,,,,,73.03066250185606,,,,
3927,P35557,A,188,S,NONSYN,0.46929375853615796,0.457820090565326,0.05722771924106162,-0.41050000000000003,100.0,2.0,6.0,0.8065024249003729,0.378664651479301,0.15608582021871945,0.8065,0.378664651479301,0.8065024249003729,0.378664651479301,,0.378664651479301,0.26775634285665434,0.409,0.39752545279725404,0.4133208096027374,0.689,0.2247,1.0,,,,0.4176278672508738,,,,
3928,P35557,A,188,A,SYN,,,,,100.0,2.0,6.0,0.896785935774818,0.05,0.09543053078321824,0.8968,0.05,0.896785935774818,0.05,,0.05,0.035355339059327376,,,,0.8968,0.0354,,,,,0.4176278672508738,,,,
3929,P35557,A,188,V,NONSYN,0.41129671784225785,-0.04278210231379403,0.051581304318902,-0.6206999999999999,100.0,2.0,6.0,0.5745464173710451,0.16047985911216697,0.4284873719155496,0.5745,0.16047985911216697,0.5745464173710451,0.16047985911216697,,0.16047985911216697,0.11347639662207502,0.2201,0.3544586209213838,0.3553677797317505,0.5417,0.1081,1.0,,,,0.4176278672508738,,,,
3930,P35557,A,188,R,NONSYN,0.3190441200491768,-0.40294344687686373,0.16287426711363975,-1.2165666666666668,100.0,2.0,6.0,-0.103776128564394,0.18312843931310396,0.9692808486345065,-0.1038,0.18312843931310396,-0.103776128564394,0.18312843931310396,,0.18312843931310396,0.12949136126640495,0.1196,0.22334453609994698,0.3136197626590729,-0.0712,0.1197,1.0,,,,0.4176278672508738,,,,
3931,P35557,A,188,D,NONSYN,0.4810824638550644,0.12134549255425398,0.13706739813332522,-1.3432333333333333,,,,,,,,,,,,,,0.1984,,0.3900758922100067,0.1984,0.3901,1.0,,,,0.4176278672508738,,,,
3932,P35557,A,188,F,NONSYN,0.3975861635372093,-0.22788543318107826,0.04302912007082363,-1.7417666666666667,100.0,2.0,6.0,-0.3949894931072321,0.0677842625299745,0.9925762700707338,-0.395,0.0677842625299745,-0.3949894931072321,0.0677842625299745,,0.0677842625299745,0.047930711692674176,0.0778,0.4728371228927698,0.2775508761405945,-0.3813,0.0472,1.0,,,,0.4176278672508738,,,,
3933,P35557,A,188,T,NONSYN,0.4593194656393701,0.24831898863442567,0.05298098461219374,-0.5557333333333333,100.0,2.0,6.0,0.39383566212096505,0.176435569085585,0.6812912256571471,0.3938,0.176435569085585,0.39383566212096505,0.176435569085585,,0.176435569085585,0.12475878734292473,0.3095,0.0843640251103907,0.3743530511856079,0.3854,0.1184,1.0,,,,0.4176278672508738,,,,
3934,P35557,A,188,I,NONSYN,0.2533067127168299,0.10869724710756197,0.09156277756653519,-1.3021,100.0,2.0,6.0,-0.277368159369919,0.455357317434967,0.9869275622729607,-0.2774,0.455357317434967,-0.277368159369919,0.455357317434967,,0.455357317434967,0.32198624702118045,0.1972,0.4746022237105104,0.3604377806186676,-0.0667,0.2401,1.0,,,,0.4176278672508738,,,,
3935,P35557,A,188,L,NONSYN,0.33775241979079834,-0.344987949233771,0.1153968823885001,-1.2974666666666668,100.0,2.0,6.0,1.08368742965408,0.34432792279222996,0.031040672761582174,1.0837,0.34432792279222996,1.08368742965408,0.34432792279222996,,0.34432792279222996,0.24347660915826377,0.0981,0.9855497231359067,0.291496217250824,0.6787,0.1869,1.0,,,,0.4176278672508738,,,,
3936,P35557,A,188,K,NONSYN,0.13783323133742972,-0.08957719144428367,0.09866530541193275,-0.7036666666666666,100.0,2.0,6.0,-0.454660235858413,0.240024274933172,0.994400786073673,-0.4547,0.240024274933172,-0.454660235858413,0.240024274933172,,0.240024274933172,0.16972279245463015,0.1428,0.597500800109359,0.3396379351615906,-0.3353,0.1518,1.0,,,,0.4176278672508738,,,,
3937,P35557,A,188,G,NONSYN,0.5077306515769983,0.24457147860675807,0.0664949108807737,-0.48503333333333326,100.0,2.0,6.0,0.40507819220396796,0.0454633706668648,0.6672158480905167,0.4051,0.0454633706668648,0.40507819220396796,0.0454633706668648,,0.0454633706668648,0.03214745769413767,0.3311,0.0739923910793952,0.3743530511856079,0.4045,0.032,0.998,,,,0.4176278672508738,,,,
3938,P35557,A,188,Y,NONSYN,0.2413102682766479,-0.2707477548815403,0.03205118832401091,-1.7480333333333335,100.0,2.0,6.0,-0.266402528005846,0.139394344456004,0.9862110242927945,-0.2664,0.139394344456004,-0.266402528005846,0.139394344456004,,0.139394344456004,0.09856668622389383,0.0778,0.34425015779138374,0.2775508761405945,-0.2278,0.0929,1.0,,,,0.4176278672508738,,,,
3939,P35557,A,188,N,NONSYN,0.2596281291448914,-0.33243119116166336,0.16515268219309318,-1.1920666666666666,100.0,2.0,6.0,-0.315312895709995,0.1417150571585,0.9891233099791594,-0.3153,0.1417150571585,-0.315312895709995,0.1417150571585,,0.1417150571585,0.10020767791301452,0.1104,0.4256697034187352,0.3339765965938568,-0.2802,0.096,1.0,,,,0.4176278672508738,,,,
3940,P35557,A,188,C,NONSYN,0.4521425054357098,-0.14154498490588333,0.10794015836650811,-0.7297666666666668,100.0,2.0,6.0,-0.298756855473614,0.152050706102836,0.988216455500489,-0.2988,0.152050706102836,-0.298756855473614,0.152050706102836,,0.152050706102836,0.1075160853695181,0.1946,0.49332045291433363,0.3719695210456848,-0.2607,0.1033,1.0,,,,0.4176278672508738,,,,
3941,P35557,A,188,P,NONSYN,0.3737321559264451,-0.3293615783345877,0.07580533977054775,-0.7215666666666666,100.0,2.0,6.0,0.264692924812499,0.35972590361916795,0.8154122941909246,0.2647,0.35972590361916795,0.264692924812499,0.35972590361916795,,0.35972590361916795,0.2543646258175721,0.1575,0.10718118388957115,0.33590203523635864,0.2256,0.2028,1.0,,,,0.4176278672508738,,,,
3942,P35557,A,188,E,NONSYN,0.3924454343376217,-0.16290805550650933,0.10804674798905663,-0.73,100.0,2.0,6.0,-0.660662904420167,0.166699895926409,0.997824428094848,-0.6607,0.166699895926409,-0.660662904420167,0.166699895926409,,0.166699895926409,0.11787462683265552,0.1249,0.7855641693260965,0.3042025566101074,-0.5581,0.1099,1.0,,,,0.4176278672508738,,,,
3943,P35557,A,188,M,NONSYN,0.19919007049311416,-0.23215239454810266,0.12040890269140296,-1.2075333333333333,100.0,2.0,6.0,-0.616149285550677,0.500071034967522,0.9973416443939116,-0.6161,0.500071034967522,-0.616149285550677,0.500071034967522,,0.500071034967522,0.3536036199005099,0.1168,0.732976952310168,0.32106614112854004,-0.2144,0.2377,1.0,,,,0.4176278672508738,,,,
3944,P35557,A,188,W,NONSYN,0.17944660888741126,-0.36789160457815906,0.044899872504014234,-1.6450666666666667,100.0,2.0,6.0,0.0250290210840102,0.0404206069251776,0.9416978204428413,0.025,0.0404206069251776,0.0250290210840102,0.0404206069251776,,0.0404206069251776,0.028581685256469,0.0916,0.06659532827168743,0.27641618251800537,0.0257,0.0284,1.0,,,,0.4176278672508738,,,,
3945,P35557,A,188,H,NONSYN,0.3663343704598138,0.163668791524722,0.1386432597194481,-1.2778,100.0,2.0,6.0,-0.442282792621399,0.110736102526365,0.9940651537863107,-0.4423,0.110736102526365,-0.442282792621399,0.110736102526365,,0.110736102526365,0.07830224901856146,0.2383,0.6806227829988252,0.4124029576778412,-0.4186,0.0769,1.0,,,,0.4176278672508738,,,,
3946,P35557,A,188,Q,NONSYN,0.3707092191809771,-0.16290805550650933,0.10804674798905663,-0.73,100.0,2.0,6.0,-0.234667643671736,0.150681856557256,0.9838997362394281,-0.2347,0.150681856557256,-0.234667643671736,0.150681856557256,,0.150681856557256,0.10654816257341435,0.1908,0.42547522461961196,0.3719695210456848,-0.2024,0.1024,1.0,,,,0.4176278672508738,,,,
3947,P35557,A,188,*,STOP,,,,,100.0,2.0,6.0,-0.440616062425654,0.05,0.9940183763114764,-0.4406,0.05,-0.440616062425654,0.05,,0.05,0.035355339059327376,,,,-0.4406,0.0354,,,,,0.4176278672508738,,,,
3948,P35557,I,189,S,NONSYN,0.3569880228913576,0.003542859374068156,0.054055355938257645,-2.078,100.0,2.0,6.0,-0.21110335701921698,0.229528994089395,0.9819276151800146,-0.2111,0.229528994089395,-0.21110335701921698,0.229528994089395,,0.229528994089395,0.16230150819953817,0.1067,0.3177598487756562,0.2646900415420532,-0.1243,0.1384,1.0,,,,8.737225713654293,,,,
3949,P35557,I,189,A,NONSYN,0.28919971369701003,0.1451939751373805,0.1120988375014092,-1.0550333333333333,100.0,2.0,6.0,-0.28552372090163497,0.219385086833148,0.9874354276398071,-0.2855,0.219385086833148,-0.28552372090163497,0.219385086833148,,0.219385086833148,0.1551286825909185,0.2423,0.5278734349423913,0.3927360773086548,-0.2143,0.1443,1.0,,,,8.737225713654293,,,,
3950,P35557,I,189,V,NONSYN,0.5093217990682584,0.4626237186611036,0.094470422956164,0.12380000000000002,100.0,2.0,6.0,0.540027903851609,0.0520824804071675,0.4787617658870638,0.54,0.0520824804071675,0.540027903851609,0.0520824804071675,,0.0520824804071675,0.03682787507692364,0.658,0.1180130965146019,0.45699623227119446,0.5408,0.0367,0.941,,,,8.737225713654293,,,,
3951,P35557,I,189,R,NONSYN,0.3272410050264404,-0.2901047805465177,0.1314979449439498,-2.2929666666666666,100.0,2.0,6.0,-0.35989088934759295,0.150849379519624,0.9912223706594251,-0.3599,0.150849379519624,-0.35989088934759295,0.150849379519624,,0.150849379519624,0.10666661919610922,0.086,0.4458781592259804,0.2974996566772461,-0.3091,0.1004,1.0,,,,8.737225713654293,,,,
3952,P35557,I,189,D,NONSYN,0.16544784150713826,-0.11006635666452842,0.10913752882496301,-2.579133333333333,100.0,2.0,6.0,-0.019394660392452,0.0838552659022309,0.953253277370724,-0.0194,0.0838552659022309,-0.019394660392452,0.0838552659022309,,0.0838552659022309,0.05929462715766854,0.0851,0.10446199218337607,0.2947961091995239,-0.0153,0.0581,1.0,,,,8.737225713654293,,,,
3953,P35557,I,189,F,NONSYN,0.4538389948012209,0.1451939751373805,0.1120988375014092,-1.0550333333333333,100.0,2.0,6.0,-0.0616590646674981,0.14488870870353102,0.9621231344406161,-0.0617,0.14488870870353102,-0.0616590646674981,0.14488870870353102,,0.14488870870353102,0.10245178844162912,0.296,0.3576214579513421,0.4066537618637085,-0.0403,0.0993,1.0,,,,8.737225713654293,,,,
3954,P35557,I,189,T,NONSYN,0.4688475184602092,-0.05522520125359587,0.04437851139982294,-0.9611333333333333,100.0,2.0,6.0,0.539598464505431,0.46014485286878204,0.479389955654854,0.5396,0.46014485286878204,0.539598464505431,0.46014485286878204,,0.46014485286878204,0.32537154579160193,0.1485,0.3911167676613301,0.3177112340927124,0.3394,0.2273,1.0,,,,8.737225713654293,,,,
3955,P35557,I,189,I,SYN,,,,,,,,,,,,,,,,,,,,,,,,,,,8.737225713654293,,,,
3956,P35557,I,189,L,NONSYN,0.4687676623700352,0.1017211805222033,0.052835035470232494,0.3612333333333333,100.0,2.0,6.0,1.62273551826831,0.336316431195574,0.0008225178486143972,1.6227,0.336316431195574,1.62273551826831,0.336316431195574,,0.336316431195574,0.23781162912284928,0.4059,1.2168116450821986,0.39337873458862305,1.2971,0.2035,0.9229999999999999,,,,8.737225713654293,,,,
3957,P35557,I,189,K,NONSYN,0.25092304942959986,-0.09007131186306866,0.08787543439543698,-2.1344,100.0,2.0,6.0,0.0216129003831655,0.175300544021234,0.9426785008577675,0.0216,0.175300544021234,0.0216129003831655,0.175300544021234,,0.175300544021234,0.12395620342310544,0.0872,0.06556559812338052,0.27926105260849,0.0324,0.1133,1.0,,,,8.737225713654293,,,,
3958,P35557,I,189,G,NONSYN,0.2286457322751229,-0.21015979623458672,0.10571192720568479,-2.481666666666667,100.0,2.0,6.0,0.280885658317723,0.142406113703616,0.8014852377421008,0.2809,0.142406113703616,0.280885658317723,0.142406113703616,,0.142406113703616,0.1006963286822494,0.0778,0.20303802853218528,0.28451234102249146,0.2583,0.0949,1.0,,,,8.737225713654293,,,,
3959,P35557,I,189,Y,NONSYN,0.13155243779361564,0.05021165494335702,0.12124697812423595,-1.0679999999999998,100.0,2.0,6.0,-0.0005767603195645,0.09851685283817699,0.9486645867583056,-0.0006,0.09851685283817699,-0.0005767603195645,0.09851685283817699,,0.09851685283817699,0.06966193470303211,0.1348,0.1354213614738919,0.30191004276275635,0.0063,0.0679,1.0,,,,8.737225713654293,,,,
3960,P35557,I,189,N,NONSYN,0.35592577166482897,-0.3236585392196337,0.10976592206591303,-2.2975999999999996,,,,,,,,,,,,,,0.0778,,0.28226056694984436,0.0778,0.2823,1.0,,,,8.737225713654293,,,,
3961,P35557,I,189,C,NONSYN,0.3956709195432079,0.0844993277614105,0.12237662091528029,-1.1501666666666666,100.0,2.0,6.0,-0.10343977877372501,0.0689335385007921,0.9692294780907763,-0.1034,0.0689335385007921,-0.10343977877372501,0.0689335385007921,,0.0689335385007921,0.04874337252509405,0.1753,0.2787881798433661,0.35964709520339966,-0.0984,0.0483,1.0,,,,8.737225713654293,,,,
3962,P35557,I,189,P,NONSYN,0.14199266304317096,-0.20289034902965974,0.07705995535848291,-2.2159,100.0,2.0,6.0,-0.25922961332824496,0.34224591903555396,0.985720458873532,-0.2592,0.34224591903555396,-0.25922961332824496,0.34224591903555396,,0.34224591903555396,0.2420044101834623,0.0778,0.3370772431137827,0.26711857318878174,-0.1073,0.1793,1.0,,,,8.737225713654293,,,,
3963,P35557,I,189,E,NONSYN,0.17211454446743213,-0.18920788647857836,0.1099159338744231,-2.2551666666666663,100.0,2.0,6.0,-0.662581571551411,0.34137820872366,0.9978430357047682,-0.6626,0.34137820872366,-0.662581571551411,0.34137820872366,,0.34137820872366,0.24139084633781657,0.0778,0.7404292013369487,0.28226056694984436,-0.3498,0.1835,1.0,,,,8.737225713654293,,,,
3964,P35557,I,189,M,NONSYN,0.42718435575891617,0.700368119150807,0.08718246019038554,0.4004666666666667,100.0,2.0,6.0,-0.17320529761750103,0.162918430023719,0.9782198755710787,-0.1732,0.162918430023719,-0.17320529761750103,0.162918430023719,,0.162918430023719,0.11520072665003772,0.6639,0.8370778972192466,0.44368061423301697,-0.1203,0.1115,0.9990000000000001,,,,8.737225713654293,,,,
3965,P35557,I,189,W,NONSYN,0.174286826410949,0.01722532192514951,0.09521164479855863,-2.117266666666666,100.0,2.0,6.0,-0.300277000981489,0.0809524842303056,0.9883028969803939,-0.3003,0.0809524842303056,-0.300277000981489,0.0809524842303056,,0.0809524842303056,0.057242050553146136,0.1067,0.4069334927379282,0.27926105260849,-0.2839,0.0561,1.0,,,,8.737225713654293,,,,
3966,P35557,I,189,H,NONSYN,0.28548817071874943,-0.4272340247424163,0.11935634922117355,-2.264366666666666,100.0,2.0,6.0,0.0514968432401027,0.278530825857411,0.933522059437659,0.0515,0.278530825857411,0.0514968432401027,0.278530825857411,,0.278530825857411,0.1969510357332647,0.0778,0.026350786545435018,0.28226056694984436,0.0601,0.1615,1.0,,,,8.737225713654293,,,,
3967,P35557,I,189,Q,NONSYN,0.19562317673292887,-0.1792979046421895,0.09262104828388074,-2.121633333333333,100.0,2.0,6.0,0.289292678720528,0.123741996362644,0.7939294060135859,0.2893,0.123741996362644,0.289292678720528,0.123741996362644,,0.123741996362644,0.08749880474558666,0.0778,0.21144504893499028,0.27926105260849,0.2704,0.0835,1.0,,,,8.737225713654293,,,,
3968,P35557,I,189,*,STOP,,,,,100.0,2.0,6.0,-0.21638176679158802,0.05,0.9823899799999551,-0.2164,0.05,-0.21638176679158802,0.05,,0.05,0.035355339059327376,,,,-0.2164,0.0354,,,,,8.737225713654293,,,,
3969,P35557,K,190,S,NONSYN,0.39799365034538775,1.458508692841917,0.21764486109581313,-0.8266,100.0,2.0,6.0,1.5371734366723,0.26919716422379003,0.001502756253624709,1.5372,0.26919716422379003,1.5371734366723,0.26919716422379003,,0.26919716422379003,0.19035114029883057,1.0023,0.5349055991478859,0.6808369755744934,1.4984,0.1833,0.9990000000000001,,,,147.89520711897654,,,,
3970,P35557,K,190,A,NONSYN,0.4253782567817681,1.0366726726353985,0.20656318010912691,-0.8658,100.0,2.0,6.0,1.50050583990886,0.429414896006443,0.0019403548671500363,1.5005,0.429414896006443,1.50050583990886,0.429414896006443,,0.429414896006443,0.30364218490867195,0.7791,0.7214053026087501,0.5640743374824524,1.3384,0.2674,0.9990000000000001,,,,147.89520711897654,,,,
3971,P35557,K,190,V,NONSYN,0.4018371367991864,0.904658299818474,0.12937506728279177,-1.9065333333333332,100.0,2.0,6.0,1.0202712040558701,0.3708088546056861,0.045999190016167764,1.0203,0.3708088546056861,1.0202712040558701,0.3708088546056861,,0.3708088546056861,0.2622014556156972,0.8385,0.18181433493050392,0.48660534620285034,0.9794,0.2308,0.992,,,,147.89520711897654,,,,
3972,P35557,K,190,R,NONSYN,0.4425642104838123,1.0889811746801061,0.1246577733823127,0.014233333333333356,100.0,2.0,6.0,0.923927657940057,0.40628304813882204,0.08168566296626645,0.9239,0.40628304813882204,0.923927657940057,0.40628304813882204,,0.40628304813882204,0.2872854984201016,0.8723,0.05165039811339689,0.46304941177368164,0.9096,0.2441,0.993,,,,147.89520711897654,,,,
3973,P35557,K,190,D,NONSYN,0.3868073539125079,1.458508692841917,0.21764486109581313,-0.8266,100.0,2.0,6.0,0.234997779289304,0.315880144341269,0.8388605436557874,0.235,0.315880144341269,0.234997779289304,0.315880144341269,,0.315880144341269,0.22336099210589672,0.9869,0.7519172130431545,0.6379463076591492,0.3171,0.2108,1.0,,,,147.89520711897654,,,,
3974,P35557,K,190,F,NONSYN,0.39391394066408775,1.0020752014560328,0.1473354157601309,-1.8230000000000002,100.0,2.0,6.0,0.7280204991431941,0.21918600777393102,0.23019789762369283,0.728,0.21918600777393102,0.7280204991431941,0.21918600777393102,,0.21918600777393102,0.15498791243815394,0.8086,0.08061878880541429,0.5110965967178345,0.7348,0.1483,1.0,,,,147.89520711897654,,,,
3975,P35557,K,190,T,NONSYN,0.4423640368257771,0.48135784551436167,0.20490900637059076,-0.8377,100.0,2.0,6.0,3.16645032127197,0.44345100027224493,3.6541987829441285e-09,3.1665,0.44345100027224493,3.16645032127197,0.44345100027224493,,0.44345100027224493,0.3135672094164619,0.4601,2.7063922282009862,0.5472234487533569,2.4975,0.2721,0.9990000000000001,,,,147.89520711897654,,,,
3976,P35557,K,190,I,NONSYN,0.4603939774498695,0.7002225804907574,0.1500365425324561,-1.9278666666666666,,,,,,,,,,,,,,0.7249,,0.5117582678794861,0.7249,0.5118,0.987,,,,147.89520711897654,,,,
3977,P35557,K,190,L,NONSYN,0.4356747906628182,1.1272900217460282,0.11033431777502319,-1.8849,100.0,2.0,6.0,0.3523760382732079,0.46867434435205496,0.730038763462842,0.3524,0.46867434435205496,0.3523760382732079,0.46867434435205496,,0.46867434435205496,0.33140280705949715,0.899,0.5465963538090064,0.4527811110019684,0.543,0.2674,0.99,,,,147.89520711897654,,,,
3978,P35557,K,190,K,SYN,,,,,,,,,,,,,,,,,,,,,,,,,,,147.89520711897654,,,,
3979,P35557,K,190,G,NONSYN,0.3929842999811576,1.107375305544646,0.18163077813294523,-1.5884666666666665,100.0,2.0,6.0,1.19892840486026,0.0866016195451424,0.014836252082952583,1.1989,0.0866016195451424,1.19892840486026,0.0866016195451424,,0.0866016195451424,0.061236592442107635,0.8293,0.3696393261477966,0.5223197937011719,1.1939,0.0608,1.0,,,,147.89520711897654,,,,
3980,P35557,K,190,Y,NONSYN,0.3944793974738757,0.857191882396446,0.1423326870039289,-1.7455,100.0,2.0,6.0,1.63357836203902,0.18325991804533198,0.0007615619182079282,1.6336,0.18325991804533198,1.63357836203902,0.18325991804533198,,0.18325991804533198,0.12958433076954518,0.7974,0.8361322303327823,0.5154836177825928,1.5839,0.1257,0.998,,,,147.89520711897654,,,,
3981,P35557,K,190,N,NONSYN,0.4560364383708069,1.4727200973690966,0.12859512784557348,-0.5051666666666667,100.0,2.0,6.0,1.59757253527036,0.165997446382281,0.0009829160085081448,1.5976,0.165997446382281,1.59757253527036,0.165997446382281,,0.165997446382281,0.11737791999656122,0.9911,0.6064839065014391,0.5611692667007446,1.5722,0.1149,1.0,,,,147.89520711897654,,,,
3982,P35557,K,190,C,NONSYN,0.4535515939759026,0.4437683168679077,0.12432346268311945,-2.233633333333333,100.0,2.0,6.0,0.396282984505409,0.193696027683142,0.6782568448542802,0.3963,0.193696027683142,0.396282984505409,0.193696027683142,,0.193696027683142,0.13696377466364693,0.4047,0.00841389726567865,0.4582515358924866,0.397,0.1312,1.0,,,,147.89520711897654,,,,
3983,P35557,K,190,P,NONSYN,0.27870648767165224,1.3565748170334408,0.19988343313997034,-0.9779666666666667,100.0,2.0,6.0,0.22050580010735002,0.496003050134652,0.8493541028005437,0.2205,0.496003050134652,0.22050580010735002,0.496003050134652,,0.496003050134652,0.35072712023942354,0.9963,0.7757637835947374,0.6485241055488586,0.3961,0.3085,1.0,,,,147.89520711897654,,,,
3984,P35557,K,190,E,NONSYN,0.4020218445230145,1.1412119817288293,0.13152581990426063,-0.16533333333333333,100.0,2.0,6.0,1.38048101552613,0.20198133122344397,0.004426518325455929,1.3805,0.20198133122344397,1.38048101552613,0.20198133122344397,,0.20198133122344397,0.14282236898118336,0.9033,0.4771536696780465,0.47431182861328125,1.3408,0.1368,0.995,,,,147.89520711897654,,,,
3985,P35557,K,190,M,NONSYN,0.43998119930382734,1.2073179668895413,0.17359724795795992,-0.9419333333333334,100.0,2.0,6.0,0.668276350539048,0.650178366263645,0.3002353367054969,0.6683,0.650178366263645,0.668276350539048,0.650178366263645,,0.650178366263645,0.4597455317658142,0.9755,0.3072117757388756,0.610313892364502,0.7795,0.3672,0.9990000000000001,,,,147.89520711897654,,,,
3986,P35557,K,190,W,NONSYN,0.4169292295856069,0.4922265073072704,0.13021697666201654,-2.1633333333333336,100.0,2.0,6.0,0.250908413187321,0.102545958797388,0.826628516688833,0.2509,0.102545958797388,0.250908413187321,0.102545958797388,,0.102545958797388,0.07251094284890934,0.4288,0.17791237567300006,0.4756593108177185,0.2549,0.0717,1.0,,,,147.89520711897654,,,,
3987,P35557,K,190,H,NONSYN,0.4436698866414692,1.633984646823378,0.16343979661972372,-0.8412999999999999,100.0,2.0,6.0,-0.29143008265507897,0.686732260455853,0.9877904467043593,-0.2914,0.686732260455853,-0.29143008265507897,0.686732260455853,,0.686732260455853,0.48559303822789995,1.176,1.4673963454724617,0.684100329875946,0.2002,0.396,1.0,,,,147.89520711897654,,,,
3988,P35557,K,190,Q,NONSYN,0.4867518824335938,1.3006604029121824,0.11387554746135148,0.19553333333333334,100.0,2.0,6.0,0.288889973243828,0.4597395762768479,0.7942964457700021,0.2889,0.4597395762768479,0.288889973243828,0.4597395762768479,,0.4597395762768479,0.32508497196518915,1.0452,0.7563160967024611,0.5038756132125854,0.5112,0.2732,0.997,,,,147.89520711897654,,,,
3989,P35557,K,190,*,STOP,,,,,100.0,2.0,6.0,-0.330800408681887,0.05,0.9899061587191863,-0.3308,0.05,-0.330800408681887,0.05,,0.05,0.035355339059327376,,,,-0.3308,0.0354,,,,,147.89520711897654,,,,
3990,P35557,R,191,S,NONSYN,0.4030125793742561,-0.11625721771493462,0.07491127848306305,-0.8416666666666667,100.0,2.0,6.0,0.7917621308554591,0.581028697861432,0.16841951903776317,0.7918,0.581028697861432,0.7917621308554591,0.581028697861432,,0.581028697861432,0.4108493323218082,0.1303,0.6615097993601741,0.2919251024723053,0.3522,0.238,0.995,,,,117.63685296101241,,,,
3991,P35557,R,191,A,NONSYN,0.3189859929557896,0.2341678298890504,0.16678924782820037,-1.0746,100.0,2.0,6.0,0.0162302392108348,0.13291544330787403,0.9441909095563645,0.0162,0.13291544330787403,0.0162302392108348,0.13291544330787403,,0.13291544330787403,0.09398541128741383,0.3242,0.30800469345022174,0.4369007647037506,0.0299,0.0919,0.995,,,,117.63685296101241,,,,
3992,P35557,R,191,V,NONSYN,0.398009908378716,-0.1983709409696488,0.12017640209850576,-1.9711666666666667,100.0,2.0,6.0,-0.27483676676788105,0.128054818215198,0.9867656434449822,-0.2748,0.128054818215198,-0.27483676676788105,0.128054818215198,,0.128054818215198,0.09054843032357714,0.0786,0.3534262061599709,0.28670430183410645,-0.2428,0.0863,0.9990000000000001,,,,117.63685296101241,,,,
3993,P35557,R,191,R,SYN,,,,,100.0,2.0,6.0,0.20486472084245602,0.05,0.8600095699114035,0.2049,0.05,0.20486472084245602,0.05,,0.05,0.035355339059327376,,,,0.2049,0.0354,,,,,117.63685296101241,,,,
3994,P35557,R,191,D,NONSYN,0.1122725979085614,-0.5262857850159753,0.20833292046428917,-1.7069333333333334,100.0,2.0,6.0,0.116061445922339,0.464255233242562,0.9086566190585161,0.1161,0.464255233242562,0.116061445922339,0.464255233242562,,0.464255233242562,0.32827802362715786,0.112,0.004042175263845954,0.37141168117523193,0.1143,0.246,1.0,,,,117.63685296101241,,,,
3995,P35557,R,191,F,NONSYN,0.3436253892885596,-0.020647783163399196,0.041759573875530566,-2.1555666666666666,100.0,2.0,6.0,-0.217549723119005,0.348701940835125,0.9824906332297334,-0.2175,0.348701940835125,-0.217549723119005,0.348701940835125,,0.348701940835125,0.24656950697742716,0.1117,0.32923836681292895,0.263060599565506,-0.0636,0.1799,0.9990000000000001,,,,117.63685296101241,,,,
3996,P35557,R,191,T,NONSYN,0.292232657128476,0.23405749661391329,0.1560969517244016,-1.0614333333333332,100.0,2.0,6.0,0.0165612390362462,0.282505968842729,0.9440990499155745,0.0166,0.282505968842729,0.0165612390362462,0.282505968842729,,0.282505968842729,0.19976188629436917,0.2674,0.2508801529086391,0.41387566924095154,0.064,0.1799,1.0,,,,117.63685296101241,,,,
3997,P35557,R,191,I,NONSYN,0.35928103966798514,-0.1540891627441752,0.08981754468135711,-2.1296999999999997,100.0,2.0,6.0,0.18277441562332297,0.0881652751393239,0.8739237081573479,0.1828,0.0881652751393239,0.18277441562332297,0.0881652751393239,,0.0881652751393239,0.06234226391619366,0.084,0.09876426161445762,0.27926105260849,0.1781,0.0608,0.9990000000000001,,,,117.63685296101241,,,,
3998,P35557,R,191,L,NONSYN,0.3775202648814329,-0.340393684585177,0.14410721733384263,-1.8647666666666665,100.0,2.0,6.0,0.0140735902435486,0.351704250164534,0.9447857971896602,0.0141,0.351704250164534,0.0140735902435486,0.351704250164534,,0.351704250164534,0.2486924602634719,0.0892,0.07513921478918151,0.3033336102962494,0.0443,0.1923,0.998,,,,117.63685296101241,,,,
3999,P35557,R,191,K,NONSYN,0.4996982892545154,0.28883715758884815,0.17681796681327003,-0.31583333333333335,100.0,2.0,6.0,0.538344355630223,0.633454023200328,0.48122454760863065,0.5383,0.633454023200328,0.538344355630223,0.633454023200328,,0.633454023200328,0.44791963537485247,0.6491,0.11072721858089762,0.545322060585022,0.583,0.3461,0.327,,,,117.63685296101241,,,,
4000,P35557,R,191,G,NONSYN,0.4710347881166008,-0.20515692449283082,0.1637793582001723,-1.865,100.0,2.0,6.0,-0.39163669003349,0.121135024077148,0.9924568967067564,-0.3916,0.121135024077148,-0.39163669003349,0.121135024077148,,0.121135024077148,0.08565539696414705,0.0908,0.48244526041846925,0.3033336102962494,-0.356,0.0824,0.998,,,,117.63685296101241,,,,
4001,P35557,R,191,Y,NONSYN,0.3907391645635834,-0.36936277072380896,0.1906199730158267,-1.6721666666666666,100.0,2.0,6.0,-0.35470759695416,0.585433421536866,0.9910016214591751,-0.3547,0.585433421536866,-0.35470759695416,0.585433421536866,,0.585433421536866,0.4139639423019605,0.1111,0.46580624407177473,0.36120858788490295,-0.0902,0.2722,0.9990000000000001,,,,117.63685296101241,,,,
4002,P35557,R,191,N,NONSYN,0.4070897773431755,0.44030725484145,0.15536990600464598,-0.6592999999999999,100.0,2.0,6.0,0.0864141853060874,0.161437815669765,0.9210165762589716,0.0864,0.161437815669765,0.0864141853060874,0.161437815669765,,0.161437815669765,0.11415377420003471,0.4105,0.32413476989601525,0.4929580092430115,0.1029,0.1112,1.0,,,,117.63685296101241,,,,
4003,P35557,R,191,C,NONSYN,0.3945781846907973,-0.00155210194710718,0.08710929382066905,-2.1973999999999996,100.0,2.0,6.0,-0.17399911797776302,0.103151974814208,0.9783050402441402,-0.174,0.103151974814208,-0.17399911797776302,0.103151974814208,,0.103151974814208,0.07293946088391043,0.1067,0.2806556097342022,0.27926105260849,-0.1561,0.0706,1.0,,,,117.63685296101241,,,,
4004,P35557,R,191,P,NONSYN,0.180066694070857,-0.21009428035510366,0.17840947077247118,-1.7161666666666668,100.0,2.0,6.0,-0.8325130680602759,0.651030658552041,0.998975586511658,-0.8325,0.651030658552041,-0.8325130680602759,0.651030658552041,,0.651030658552041,0.46034819342249195,0.0966,0.9290931561988562,0.3179216980934143,-0.2034,0.2616,1.0,,,,117.63685296101241,,,,
4005,P35557,R,191,E,NONSYN,0.2774716424939038,0.2981355184574604,0.14554934847300738,-0.8858,100.0,2.0,6.0,-0.45141607766172603,0.239336395463483,0.9943147817348404,-0.4514,0.239336395463483,-0.45141607766172603,0.239336395463483,,0.239336395463483,0.16923638821697407,0.5065,0.9579044604780407,0.5234223008155823,-0.3608,0.161,0.9690000000000001,,,,117.63685296101241,,,,
4006,P35557,R,191,M,NONSYN,0.37044865400284027,0.27485120303418004,0.15546891172622276,-1.0532666666666668,100.0,2.0,6.0,-0.105819880224554,0.288672456721148,0.9695911269196564,-0.1058,0.288672456721148,-0.105819880224554,0.288672456721148,,0.288672456721148,0.2041222516893039,0.3075,0.4133152954352779,0.42944979667663574,-0.0297,0.1844,1.0,,,,117.63685296101241,,,,
4007,P35557,R,191,W,NONSYN,0.38841440406711497,-0.10320402475452102,0.08998894862725677,-2.1376333333333335,100.0,2.0,6.0,0.0301190016543605,0.084960955598828,0.9402059942727538,0.0301,0.084960955598828,0.0301190016543605,0.084960955598828,,0.084960955598828,0.06007646784002045,0.0851,0.05494833013656357,0.27926105260849,0.0325,0.0587,1.0,,,,117.63685296101241,,,,
4008,P35557,R,191,H,NONSYN,0.3580838527509595,-0.1884934387419329,0.17956804817471891,-0.45376666666666665,100.0,2.0,6.0,0.980575711330617,0.199098670317161,0.05850034410901749,0.9806,0.199098670317161,0.980575711330617,0.199098670317161,,0.199098670317161,0.1407840199064893,0.2159,0.7647051521150714,0.4118186831474304,0.9006,0.1332,0.9990000000000001,,,,117.63685296101241,,,,
4009,P35557,R,191,Q,NONSYN,0.3675437003413988,0.20519127299165948,0.08265872241523485,-0.5823,100.0,2.0,6.0,-0.20047842387016002,0.705024986885805,0.9809586946984169,-0.2005,0.705024986885805,-0.20047842387016002,0.705024986885805,,0.705024986885805,0.4985279491329094,0.3059,0.5063485396271485,0.3774433732032776,0.1214,0.3009,1.0,,,,117.63685296101241,,,,
4010,P35557,R,191,*,STOP,,,,,100.0,2.0,6.0,0.13751573544747303,0.05,0.8985965384511241,0.1375,0.05,0.13751573544747303,0.05,,0.05,0.035355339059327376,,,,0.1375,0.0354,,,,,117.63685296101241,,,,
4011,P35557,R,192,S,NONSYN,0.4030125793742561,0.29940504904639104,0.0916392078067287,-0.8416666666666667,100.0,2.0,6.0,0.123966440126406,0.37413597145079097,0.905064086548167,0.124,0.37413597145079097,0.123966440126406,0.37413597145079097,,0.37413597145079097,0.26455408249867085,0.3168,0.19283546550561304,0.38614365458488464,0.1856,0.2182,1.0,,,,97.65026722135721,,,,
4012,P35557,R,192,A,NONSYN,0.3189859929557896,0.4281799658277041,0.13722479625540004,-1.0746,100.0,2.0,6.0,0.471494674359455,0.211593203096992,0.5778696857716462,0.4715,0.211593203096992,0.471494674359455,0.211593203096992,,0.211593203096992,0.14961898876286542,0.4307,0.040746032868518745,0.5075623989105225,0.4682,0.1435,0.9990000000000001,,,,97.65026722135721,,,,
4013,P35557,R,192,V,NONSYN,0.398009908378716,0.18593170689484828,0.07628304135007907,-1.9711666666666667,100.0,2.0,6.0,0.10259584240518801,0.199087905772866,0.9144824672327347,0.1026,0.199087905772866,0.10259584240518801,0.199087905772866,,0.199087905772866,0.14077640822422194,0.2719,0.16929941721357114,0.35581713914871216,0.1255,0.1309,0.9990000000000001,,,,97.65026722135721,,,,
4014,P35557,R,192,R,SYN,,,,,100.0,2.0,6.0,0.297863847748838,0.05,0.7859949632342156,0.2979,0.05,0.297863847748838,0.05,,0.05,0.035355339059327376,,,,0.2979,0.0354,,,,,97.65026722135721,,,,
4015,P35557,R,192,D,NONSYN,0.1122725979085614,-0.032523578187550396,0.16497964903669346,-1.7069333333333334,100.0,2.0,6.0,0.185981081903483,0.5839299034142621,0.8719838204849454,0.186,0.5839299034142621,0.185981081903483,0.5839299034142621,,0.5839299034142621,0.4129007944418304,0.1372,0.04879425662806186,0.3315671980381012,0.1563,0.2585,1.0,,,,97.65026722135721,,,,
4016,P35557,R,192,F,NONSYN,0.3436253892885596,0.09557370259743796,0.06479974934244896,-2.1555666666666666,100.0,2.0,6.0,-0.162868799407047,0.155088114812031,0.9770791767076352,-0.1629,0.155088114812031,-0.162868799407047,0.155088114812031,,0.155088114812031,0.10966385766502496,0.1883,0.3512058870382726,0.32817763090133667,-0.1276,0.104,1.0,,,,97.65026722135721,,,,
4017,P35557,R,192,T,NONSYN,0.292232657128476,0.19007032122132247,0.11087543464242396,-1.0614333333333332,100.0,2.0,6.0,1.1858236081786,0.40304189881482305,0.01615666432104574,1.1858,0.40304189881482305,1.1858236081786,0.40304189881482305,,0.40304189881482305,0.2849936597542637,0.2621,0.9237199313826405,0.3927360773086548,0.8672,0.2307,1.0,,,,97.65026722135721,,,,
4018,P35557,R,192,I,NONSYN,0.35928103966798514,0.018525508437518007,0.06297235965592991,-2.1296999999999997,100.0,2.0,6.0,0.0682757830727128,0.168092632710959,0.9277720760506118,0.0683,0.168092632710959,0.0682757830727128,0.168092632710959,,0.168092632710959,0.11885944045741878,0.1189,0.0506720507037612,0.2713218927383423,0.0764,0.1089,0.9990000000000001,,,,97.65026722135721,,,,
4019,P35557,R,192,L,NONSYN,0.3775202648814329,-0.10146100247383572,0.10085552574842134,-1.8647666666666665,100.0,2.0,6.0,0.6551606072332751,0.127913161637244,0.3170267399023557,0.6552,0.127913161637244,0.6551606072332751,0.127913161637244,,0.127913161637244,0.09044826399670618,0.0858,0.5693514658357989,0.2849055230617523,0.603,0.0862,0.9990000000000001,,,,97.65026722135721,,,,
4020,P35557,R,192,K,NONSYN,0.4996982892545154,0.8020335541207864,0.17618661552459833,-0.31583333333333335,100.0,2.0,6.0,0.3682898651092771,0.229498862747649,0.711936654193171,0.3683,0.229498862747649,0.3682898651092771,0.229498862747649,,0.229498862747649,0.16228020212346334,0.7457,0.3774381507903811,0.5337579846382141,0.4002,0.1553,0.972,,,,97.65026722135721,,,,
4021,P35557,R,192,G,NONSYN,0.4710347881166008,0.09509142898448371,0.0866426573700943,-1.865,100.0,2.0,6.0,0.0655033128583168,0.253633087118255,0.9287543044423716,0.0655,0.253633087118255,0.0655033128583168,0.253633087118255,,0.253633087118255,0.17934567583459646,0.1867,0.12121500202777634,0.3396645784378052,0.0919,0.1586,1.0,,,,97.65026722135721,,,,
4022,P35557,R,192,Y,NONSYN,0.3907391645635834,0.18696417000861462,0.2043656750653637,-1.6721666666666666,100.0,2.0,6.0,-0.472482162685012,0.28129580556003103,0.9948495846981539,-0.4725,0.28129580556003103,-0.472482162685012,0.28129580556003103,,0.28129580556003103,0.19890617163083046,0.2907,0.7631564914890281,0.47227758169174194,-0.3575,0.1833,0.9990000000000001,,,,97.65026722135721,,,,
4023,P35557,R,192,N,NONSYN,0.4070897773431755,0.9911450401932868,0.16958738741208837,-0.6592999999999999,100.0,2.0,6.0,0.166807575606644,0.189851019147464,0.8831935711121255,0.1668,0.189851019147464,0.166807575606644,0.189851019147464,,0.189851019147464,0.13424494305434886,0.788,0.6211992069250942,0.5263897180557251,0.2047,0.1301,1.0,,,,97.65026722135721,,,,
4024,P35557,R,192,C,NONSYN,0.3945781846907973,0.007085488660026275,0.05773428809743633,-2.1973999999999996,100.0,2.0,6.0,0.219833907534143,0.15299780918401598,0.8498259610554253,0.2198,0.15299780918401598,0.219833907534143,0.15299780918401598,,0.15299780918401598,0.10818578838070313,0.1067,0.1131774157777038,0.2646900415420532,0.2036,0.1001,1.0,,,,97.65026722135721,,,,
4025,P35557,R,192,P,NONSYN,0.180066694070857,-0.07366592264107073,0.16405134785727446,-1.7161666666666668,100.0,2.0,6.0,0.309408115264044,0.58861876424904,0.7749374451596046,0.3094,0.58861876424904,0.309408115264044,0.58861876424904,,0.58861876424904,0.4162163197341419,0.1254,0.18399505507575054,0.3157675266265869,0.1926,0.2516,1.0,,,,97.65026722135721,,,,
4026,P35557,R,192,E,NONSYN,0.2774716424939038,0.2540895633641684,0.11075318360149661,-0.8858,100.0,2.0,6.0,0.259912897173074,0.265225010634048,0.8193676883624865,0.2599,0.265225010634048,0.259912897173074,0.265225010634048,,0.265225010634048,0.18754240355960952,0.3283,0.06837291615853003,0.4143849015235901,0.2715,0.1709,0.997,,,,97.65026722135721,,,,
4027,P35557,R,192,M,NONSYN,0.37044865400284027,0.593761574221487,0.13888288050058784,-1.0532666666666668,100.0,2.0,6.0,-0.0252501508218936,0.191131126189231,0.954596166755031,-0.0253,0.191131126189231,-0.0252501508218936,0.191131126189231,,0.191131126189231,0.13515011542422697,0.6376,0.6628069421274356,0.5276514291763306,0.0156,0.1309,1.0,,,,97.65026722135721,,,,
4028,P35557,R,192,W,NONSYN,0.38841440406711497,0.002667608690284609,0.07147006006895344,-2.1376333333333335,100.0,2.0,6.0,0.115849482314413,0.0876983914930539,0.9087511630580576,0.1158,0.0876983914930539,0.115849482314413,0.0876983914930539,,0.0876983914930539,0.062012127323891046,0.1067,0.00919299055797379,0.2668485939502716,0.1154,0.0604,1.0,,,8.12975e-06,97.65026722135721,,,,
4029,P35557,R,192,H,NONSYN,0.3580838527509595,0.025485925418351003,0.13369523490192925,-0.45376666666666665,100.0,2.0,6.0,2.58955578328038,0.5543968290379929,5.031829721717142e-07,2.5896,0.5543968290379929,2.58955578328038,0.5543968290379929,,0.5543968290379929,0.39201775728108385,0.2447,2.3448864352789,0.41414734721183777,1.4814,0.2847,0.9990000000000001,,,,97.65026722135721,,,,
4030,P35557,R,192,Q,NONSYN,0.3675437003413988,1.0054254186866993,0.1516105316967245,-0.5823,100.0,2.0,6.0,-0.35026269652466496,0.46406009233882106,0.9908077208522317,-0.3503,0.46406009233882106,-0.35026269652466496,0.46406009233882106,,0.46406009233882106,0.32814003817083576,0.7846,1.134820217867896,0.5170285105705261,-0.0244,0.2771,1.0,,,,97.65026722135721,,,,
4031,P35557,R,192,*,STOP,,,,,100.0,2.0,6.0,0.17403837576307998,0.05,0.8790749615646123,0.174,0.05,0.17403837576307998,0.05,,0.05,0.035355339059327376,,,,0.174,0.0354,,,,,97.65026722135721,C,198.0,,
4032,P35557,G,193,S,NONSYN,0.36837526824294986,0.31368139880999296,0.21800319831166248,-0.8648000000000001,100.0,2.0,6.0,0.7939767960568019,0.39278453760133,0.16652021728043936,0.794,0.39278453760133,0.7939767960568019,0.39278453760133,,0.39278453760133,0.27774061008312284,0.3936,0.40042327084737506,0.5542534589767456,0.7136,0.2483,1.0,,,,60.53119478607961,,,,
4033,P35557,G,193,A,NONSYN,0.4089269105168704,0.482200147236398,0.21747290075987,-0.9328,100.0,2.0,6.0,0.28842055077758694,0.398040786031184,0.7947236437345201,0.2884,0.398040786031184,0.28842055077758694,0.398040786031184,,0.398040786031184,0.2814573389914738,0.4852,0.1967974973181162,0.567740261554718,0.3272,0.2522,0.998,,,,60.53119478607961,,,,
4034,P35557,G,193,V,NONSYN,0.3988573139738447,0.45443476208334,0.05796542628238469,-2.7219333333333338,100.0,2.0,6.0,-0.196649860227278,0.174678525594022,0.9805966132552113,-0.1966,0.174678525594022,-0.196649860227278,0.174678525594022,,0.174678525594022,0.12351636997520085,0.409,0.6056268323303969,0.4001408517360687,-0.144,0.118,1.0,,,,60.53119478607961,,,,
4035,P35557,G,193,R,NONSYN,0.3362652746103357,0.707100610168833,0.10540487830930757,-1.9470333333333334,100.0,2.0,6.0,0.0089353644546412,0.389141561016749,0.9461780516349351,0.0089,0.389141561016749,0.0089353644546412,0.389141561016749,,0.389141561016749,0.27516463663646185,0.6726,0.6636551893058874,0.46524277329444885,0.1809,0.2368,1.0,,,,60.53119478607961,,,,
4036,P35557,G,193,D,NONSYN,0.3623286966209139,0.3047473920134667,0.20369646831568053,-1.5976,100.0,2.0,6.0,-0.281602466580072,0.7286972761918001,0.9871938408314366,-0.2816,0.7286972761918001,-0.281602466580072,0.7286972761918001,,0.7286972761918001,0.5152667854273884,0.3306,0.6122253780333191,0.47384777665138245,0.0501,0.3488,1.0,,,,60.53119478607961,,,,
4037,P35557,G,193,F,NONSYN,0.3709207412708021,0.28900528576887136,0.06527487273450587,-2.717866666666667,100.0,2.0,6.0,0.299638568716128,0.11957364554269001,0.7843228028477242,0.2996,0.11957364554269001,0.299638568716128,0.11957364554269001,,0.11957364554269001,0.08455133561443269,0.3053,0.005646616859357245,0.35948458313941956,0.2999,0.0823,1.0,,,,60.53119478607961,,,,
4038,P35557,G,193,T,NONSYN,0.21962954488217865,-0.12987959099053398,0.241215789998415,-1.5144,100.0,2.0,6.0,1.02227848243193,0.48013457468124204,0.04543763008656732,1.0223,0.48013457468124204,1.02227848243193,0.48013457468124204,,0.48013457468124204,0.33950641363922507,0.1625,0.8597713954396662,0.4645114541053772,0.7229,0.2741,1.0,,,,60.53119478607961,,,,
4039,P35557,G,193,I,NONSYN,0.29686370150880703,0.45443476208334,0.057965426282384686,-2.721933333333333,100.0,2.0,6.0,0.41370947056265794,0.213291190420558,0.6561796385526827,0.4137,0.213291190420558,0.41370947056265794,0.213291190420558,,0.213291190420558,0.15081964711372772,0.409,0.004732498459539047,0.4001408517360687,0.4131,0.1411,1.0,,,,60.53119478607961,,,,
4040,P35557,G,193,L,NONSYN,0.33670580158540125,0.23353266287537966,0.05679920132452077,-2.6893,100.0,2.0,6.0,0.466056437396603,0.18144346782845003,0.5855182902215457,0.4661,0.18144346782845003,0.466056437396603,0.18144346782845003,,0.18144346782845003,0.12829990650350018,0.2585,0.20757445802648583,0.345561146736145,0.4409,0.1203,1.0,,,,60.53119478607961,,,,
4041,P35557,G,193,K,NONSYN,0.4007452768135149,0.4229661508232106,0.21438095223476847,-1.5245,100.0,2.0,6.0,-0.636258743009304,0.671263565037503,0.9975724082305553,-0.6363,0.671263565037503,-0.636258743009304,0.671263565037503,,0.671263565037503,0.47465501880147537,0.3883,1.0245844044301262,0.5727628469467163,-0.2191,0.3655,1.0,,,,60.53119478607961,,,,
4042,P35557,G,193,G,SYN,,,,,100.0,2.0,6.0,0.5127231561599679,0.05,0.518647194566273,0.5127,0.05,0.5127231561599679,0.05,,0.05,0.035355339059327376,,,,0.5127,0.0354,,,,,60.53119478607961,,,,
4043,P35557,G,193,Y,NONSYN,0.28089736795090275,0.189681715295151,0.06571494673110019,-2.6748999999999996,100.0,2.0,6.0,0.597609280137289,0.11515312791145402,0.3954572309578166,0.5976,0.11515312791145402,0.597609280137289,0.11515312791145402,,0.11515312791145402,0.08142555762103103,0.2585,0.3391273007671718,0.345561146736145,0.5798,0.0793,1.0,,,,60.53119478607961,,,,
4044,P35557,G,193,N,NONSYN,0.382875509440285,0.26693162675143894,0.21650197338751156,-0.8179,100.0,2.0,6.0,0.9342261122324641,0.407456639239541,0.07694390717538528,0.9342,0.407456639239541,0.9342261122324641,0.407456639239541,,0.407456639239541,0.28811535264576016,0.3217,0.6125425861933406,0.4972783327102661,0.7803,0.2493,1.0,,,,60.53119478607961,,,,
4045,P35557,G,193,C,NONSYN,0.3672992043124827,0.4068785792041983,0.1209501511227589,-2.438433333333333,,,,,,,,,,,,,,0.3678,,0.410292387008667,0.3678,0.4103,1.0,,,,60.53119478607961,,,,
4046,P35557,G,193,P,NONSYN,0.2021261040610908,0.5839804472792578,0.10435310070740474,-1.8968333333333334,100.0,2.0,6.0,0.378295853123367,0.39421097385189,0.7001610615268926,0.3783,0.39421097385189,0.378295853123367,0.39421097385189,,0.39421097385189,0.2787492528288242,0.6093,0.23100833655863984,0.4757213890552521,0.4373,0.2405,1.0,,,,60.53119478607961,,,,
4047,P35557,G,193,E,NONSYN,0.4108810729254607,0.44774304141289406,0.13498413156455946,-1.9435333333333331,100.0,2.0,6.0,0.787008070722458,0.15310669893725,0.17255218747115278,0.787,0.15310669893725,0.787008070722458,0.15310669893725,,0.15310669893725,0.10826278506361664,0.3999,0.3871031937750551,0.4880077838897705,0.7689,0.1057,1.0,,,,60.53119478607961,,,,
4048,P35557,G,193,M,NONSYN,0.2878381921366005,0.14585721337698734,0.10593744411929011,-2.3474999999999997,100.0,2.0,6.0,1.1613599506049999,0.465525335214835,0.018928117272041637,1.1614,0.465525335214835,1.1613599506049999,0.465525335214835,,0.465525335214835,0.3291761213445505,0.2403,0.9210131910472759,0.37801963090896606,0.7642,0.2482,1.0,,,,60.53119478607961,,,,
4049,P35557,G,193,W,NONSYN,0.355895468841822,0.42144955303128323,0.12053682741500733,-2.530533333333333,100.0,2.0,6.0,0.25592564723487304,0.126864013764905,0.8226133565308191,0.2559,0.126864013764905,0.25592564723487304,0.126864013764905,,0.126864013764905,0.08970640442170782,0.3678,0.1118415675402124,0.42282795906066895,0.2607,0.0878,1.0,,,,60.53119478607961,,,,
4050,P35557,G,193,H,NONSYN,0.3218287257213429,0.3914130961001554,0.13545706734264742,-1.9332999999999998,100.0,2.0,6.0,0.9559979066606741,0.145394076634785,0.06771524417837271,0.956,0.145394076634785,0.9559979066606741,0.145394076634785,,0.145394076634785,0.10280913753281304,0.3678,0.5882306918855886,0.43317869305610657,0.9246,0.1,1.0,,,,60.53119478607961,,,,
4051,P35557,G,193,Q,NONSYN,0.29754150588632416,0.6060739725363431,0.1500744307139981,-1.7754,100.0,2.0,6.0,0.528222436617774,0.256391376855509,0.49602934981809893,0.5282,0.256391376855509,0.528222436617774,0.256391376855509,,0.256391376855509,0.18129608121228605,0.6608,0.13255131750209903,0.5426027774810791,0.5415,0.172,1.0,,,,60.53119478607961,,,,
4052,P35557,G,193,*,STOP,,,,,100.0,2.0,6.0,0.328142135039862,0.05,0.756084768427063,0.3281,0.05,0.328142135039862,0.05,,0.05,0.035355339059327376,,,,0.3281,0.0354,,,,,60.53119478607961,,,,
4053,P35557,D,194,S,NONSYN,0.3690767940714815,0.6767328269825095,0.2448323741120204,-0.9239999999999999,100.0,2.0,6.0,1.0241696475201,0.272986476229916,0.04491435155423245,1.0242,0.272986476229916,1.0241696475201,0.272986476229916,,0.272986476229916,0.19303058851439386,0.6419,0.3822922347240796,0.6010634303092957,0.9884,0.1838,1.0,,,,64.13342419552967,,,,
4054,P35557,D,194,A,NONSYN,0.4216252277516441,0.3056569542383348,0.1596088609211563,-1.4927333333333335,100.0,2.0,6.0,1.8333014640016299,0.36498516660443703,0.0001799116098772136,1.8333,0.36498516660443703,1.8333014640016299,0.36498516660443703,,0.36498516660443703,0.2580834863384992,0.3402,1.493052998463605,0.43092280626296997,1.4391,0.2214,1.0,,,,64.13342419552967,,,,
4055,P35557,D,194,V,NONSYN,0.4506084315132353,0.8284537926991367,0.13572717735980416,-2.6115333333333335,100.0,2.0,6.0,0.0217055942331648,0.32466283626815,0.9426521060250971,0.0217,0.32466283626815,0.0217055942331648,0.32466283626815,,0.32466283626815,0.22957129312446664,0.7574,0.7356467579091692,0.536299467086792,0.1356,0.211,1.0,,,,64.13342419552967,,,,
4056,P35557,D,194,R,NONSYN,0.35823216117602164,0.9038008363335907,0.1667297186470883,-1.472133333333333,100.0,2.0,6.0,0.0388698177158624,0.302300481509178,0.9375533304733227,0.0389,0.302300481509178,0.0388698177158624,0.302300481509178,,0.302300481509178,0.21375872043109825,0.7759,0.7370186252773017,0.5304530262947083,0.1418,0.1983,1.0,,,,64.13342419552967,,,,
4057,P35557,D,194,D,SYN,,,,,,,,,,,,,,,,,,,,,,,,,,,64.13342419552967,,,,
4058,P35557,D,194,F,NONSYN,0.29646296686588297,0.25386424132578495,0.14662737760402364,-2.6194333333333333,100.0,2.0,6.0,1.74547424835322,0.22362239568558898,0.0003412767313278112,1.7455,0.22362239568558898,1.74547424835322,0.22362239568558898,,0.22362239568558898,0.1581249124144613,0.2882,1.4572493426239261,0.439117968082428,1.5782,0.1488,1.0,,,,64.13342419552967,,,,
4059,P35557,D,194,T,NONSYN,0.33041122774515563,-0.007107905000661312,0.2468125109078417,-1.1000666666666665,100.0,2.0,6.0,0.9064437261930021,0.4425537448339029,0.09032538137534275,0.9064,0.4425537448339029,0.9064437261930021,0.4425537448339029,,0.4425537448339029,0.31293275401155374,0.184,0.7224194518437894,0.4837608337402344,0.6933,0.2628,1.0,,,,64.13342419552967,,,,
4060,P35557,D,194,I,NONSYN,0.3169485018080975,0.47225455146339684,0.1426517985361564,-2.7128666666666668,100.0,2.0,6.0,1.53505285627466,0.169718698334052,0.0015252006495304045,1.5351,0.169718698334052,1.53505285627466,0.169718698334052,,0.169718698334052,0.12000924248616217,0.4048,1.1302552426539019,0.5007944703102112,1.4737,0.1167,1.0,,,,64.13342419552967,,,,
4061,P35557,D,194,L,NONSYN,0.37713817620354506,0.6873792468096459,0.12053909068713105,-2.7055000000000002,100.0,2.0,6.0,0.8896787702359129,0.36546131795138104,0.09934466605418335,0.8897,0.36546131795138104,0.8896787702359129,0.36546131795138104,,0.36546131795138104,0.25842017618479446,0.6675,0.22215991609467756,0.5017501711845398,0.8431,0.2297,1.0,,,,64.13342419552967,,,,
4062,P35557,D,194,K,NONSYN,0.3517044245741117,1.1980490924827638,0.1378817447807644,-0.8664,100.0,2.0,6.0,-0.5397791489806629,0.900715771959254,0.996231968968757,-0.5398,0.900715771959254,-0.5397791489806629,0.900715771959254,,0.900715771959254,0.6369022302740645,0.9712,1.5109593495574452,0.5670321583747864,0.3031,0.4235,1.0,,,,64.13342419552967,,,,
4063,P35557,D,194,G,NONSYN,0.41616550742326497,0.915051377525648,0.17854226247394955,-1.2674333333333332,100.0,2.0,6.0,0.513046491596367,0.20120252477373898,0.5181765152832444,0.513,0.20120252477373898,0.513046491596367,0.20120252477373898,,0.20120252477373898,0.14227166965936514,0.7714,0.2583917494085769,0.5252606868743896,0.5307,0.1373,1.0,,,,64.13342419552967,,,,
4064,P35557,D,194,Y,NONSYN,0.4224113195979475,0.6672292274698206,0.1311648344426017,-2.560966666666667,100.0,2.0,6.0,-0.13871316529093697,0.8523062712556819,0.9741693431415911,-0.1387,0.8523062712556819,-0.13871316529093697,0.8523062712556819,,0.8523062712556819,0.6026715440527136,0.6524,0.7910912475663276,0.5271244645118713,0.3095,0.3968,1.0,,,,64.13342419552967,,,,
4065,P35557,D,194,N,NONSYN,0.4295009636980524,1.54408464627675,0.08136874191148437,-0.2961,100.0,2.0,6.0,0.6362120161481349,0.45885497145385795,0.34206479081237384,0.6362,0.45885497145385795,0.6362120161481349,0.45885497145385795,,0.45885497145385795,0.32445946189618263,0.9964,0.36023727555795027,0.5165258049964905,0.7381,0.2748,1.0,,,,64.13342419552967,,,,
4066,P35557,D,194,C,NONSYN,0.3461355508488411,0.8154790735812458,0.12196820367452899,-2.7265333333333337,100.0,2.0,6.0,0.5053792899211129,0.356824479384981,0.5293190994062924,0.5054,0.356824479384981,0.5053792899211129,0.356824479384981,,0.356824479384981,0.2523130090664795,0.7589,0.2535255247990409,0.4824869632720947,0.5598,0.2236,1.0,,,,64.13342419552967,,,,
4067,P35557,D,194,P,NONSYN,0.2905290433283012,0.7950725911046197,0.12135398380524741,-1.4699,100.0,2.0,6.0,0.365054553402775,0.5715608065865561,0.715679711045836,0.3651,0.5715608065865561,0.365054553402775,0.5715608065865561,,0.5715608065865561,0.40415452219780645,0.7289,0.36383109723199064,0.48121654987335205,0.5155,0.3095,0.998,,,,64.13342419552967,,,,
4068,P35557,D,194,E,NONSYN,0.4869275421620544,1.4083167837380384,0.1308155025463516,-0.3505,100.0,2.0,6.0,1.0435156037642699,0.14729243360193,0.039872568300078036,1.0435,0.14729243360193,1.0435156037642699,0.14729243360193,,0.14729243360193,0.10415147861739399,1.0452,0.001690466182019179,0.5574947595596313,1.0436,0.1024,0.9940000000000001,,,,64.13342419552967,,,,
4069,P35557,D,194,M,NONSYN,0.2886817698329022,0.5428222257651493,0.22133922094674366,-2.5042666666666666,100.0,2.0,6.0,0.234507839823077,0.39276317952749895,0.8392252802098924,0.2345,0.39276317952749895,0.234507839823077,0.39276317952749895,,0.39276317952749895,0.2777255076442839,0.5745,0.33996178612678263,0.5990586876869202,0.2946,0.252,1.0,,,,64.13342419552967,,,,
4070,P35557,D,194,W,NONSYN,0.2933207242208761,0.9767036388105619,0.1268617183680562,-2.7770999999999995,100.0,2.0,6.0,-0.522437012069045,0.746116413594494,0.9959178019410985,-0.5224,0.746116413594494,-0.522437012069045,0.746116413594494,,0.746116413594494,0.5275839756072535,0.8053,1.3277092336342915,0.5145856142044067,0.158,0.3684,1.0,,,,64.13342419552967,,,,
4071,P35557,D,194,H,NONSYN,0.4359397753198172,0.2932370229362353,0.2412496603219247,-1.1262,100.0,2.0,6.0,0.0054089423823120006,0.49469598937116993,0.9471134668594042,0.0054,0.49469598937116993,0.0054089423823120006,0.49469598937116993,,0.49469598937116993,0.3498028887101425,0.3505,0.34509456189396365,0.5255225300788879,0.1114,0.2912,1.0,,,,64.13342419552967,,,,
4072,P35557,D,194,Q,NONSYN,0.3596090029508326,0.16326648030724972,0.25061420549882174,-0.9040333333333331,100.0,2.0,6.0,2.5645686875458797,0.15152234714336402,6.174938368774868e-07,2.5646,0.15152234714336402,2.5645686875458797,0.15152234714336402,,0.15152234714336402,0.10714247916637479,0.3011,2.2634486447449764,0.7347036600112915,2.5174,0.106,1.0,,,,64.13342419552967,,,,
4073,P35557,D,194,*,STOP,,,,,100.0,2.0,6.0,0.0188166161473041,0.05,0.9434691595774922,0.0188,0.05,0.0188166161473041,0.05,,0.05,0.035355339059327376,,,,0.0188,0.0354,,,,,64.13342419552967,,,,
4074,P35557,F,195,S,NONSYN,0.3509668135339838,0.023748523334435168,0.12231567766341633,-1.8094999999999999,100.0,2.0,6.0,-0.246289885755338,0.167632440167739,0.984789389574488,-0.2463,0.167632440167739,-0.246289885755338,0.167632440167739,,0.167632440167739,0.11853403518945645,0.1067,0.3529463775117772,0.2903916835784912,-0.1959,0.1097,1.0,,,,17.12087766298511,,,,
4075,P35557,F,195,A,NONSYN,0.21205940102164186,-0.04846887800138333,0.12260927555313482,-1.7977999999999998,100.0,2.0,6.0,-0.0296376817478825,0.16372618882549803,0.9555771420419679,-0.0296,0.16372618882549803,-0.0296376817478825,0.16372618882549803,,0.16372618882549803,0.11577189837633879,0.1067,0.13629417350432171,0.2903916835784912,-0.0109,0.1075,1.0,,,,17.12087766298511,,,,
4076,P35557,F,195,V,NONSYN,0.3686871445054262,0.44333445223976636,0.2832171605908581,-1.0737666666666665,100.0,2.0,6.0,1.10217062249995,0.20694171891048802,0.02762654246087059,1.1022,0.20694171891048802,1.10217062249995,0.20694171891048802,,0.20694171891048802,0.14632989275200647,0.4346,0.6675826074204516,0.5164495706558228,1.0526,0.1408,1.0,,,,17.12087766298511,,,,
4077,P35557,F,195,R,NONSYN,0.12156869505678705,0.8382863516150283,0.05244203445313037,-2.1628666666666665,100.0,2.0,6.0,0.100005100677284,0.119763246283766,0.9155621511908015,0.1,0.119763246283766,0.100005100677284,0.119763246283766,,0.119763246283766,0.08468540358416551,0.7496,0.6495556726953662,0.4036778211593628,0.1274,0.0829,1.0,,,,17.12087766298511,,,,
4078,P35557,F,195,D,NONSYN,0.1992068019592559,-0.3108018408834909,0.14215660029540178,-2.6122333333333336,100.0,2.0,6.0,0.0241766392331264,0.7343365341711691,0.9419440494415339,0.0242,0.7343365341711691,0.0241766392331264,0.7343365341711691,,0.7343365341711691,0.5192543429854605,0.0885,0.06429432639072918,0.31890106201171875,0.0709,0.2717,1.0,,,,17.12087766298511,,,,
4079,P35557,F,195,F,SYN,,,,,100.0,2.0,6.0,1.1573259573596202,0.05,0.019426643395547394,1.1573,0.05,1.1573259573596202,0.05,,0.05,0.035355339059327376,,,,1.1573,0.0354,,,,,17.12087766298511,,,,
4080,P35557,F,195,T,NONSYN,0.18720675519309532,-0.2188213861949405,0.15937385931869405,-1.6453666666666666,100.0,2.0,6.0,-0.206316315060671,0.45868341596842105,0.9814975001207075,-0.2063,0.45868341596842105,-0.206316315060671,0.45868341596842105,,0.45868341596842105,0.32433815384908043,0.1104,0.31667312276941123,0.31318628787994385,-0.0424,0.2253,1.0,,,,17.12087766298511,,,,
4081,P35557,F,195,I,NONSYN,0.40023011164303374,0.4848304376948083,0.07084095101876463,-0.511,100.0,2.0,6.0,0.897703319392736,0.5754346437327099,0.09493510921987537,0.8977,0.5754346437327099,0.897703319392736,0.5754346437327099,,0.5754346437327099,0.4068937387130642,0.424,0.473674565158422,0.4133208096027374,0.6646,0.29,1.0,,,,17.12087766298511,,,,
4082,P35557,F,195,L,NONSYN,0.4640274525972558,0.22834536917210424,0.14270601102142397,-0.3554666666666666,100.0,2.0,6.0,0.46864328605493,0.146023876443963,0.5818859480720242,0.4686,0.146023876443963,0.46864328605493,0.146023876443963,,0.146023876443963,0.10325447324867279,0.3387,0.12997994644006183,0.4311941862106323,0.4616,0.1004,0.9990000000000001,,,,17.12087766298511,,,,
4083,P35557,F,195,K,NONSYN,0.1539819943883161,0.1258556619137535,0.06379350764452629,-1.9918333333333333,100.0,2.0,6.0,2.05091262055703,0.06149680110103099,3.544118688512483e-05,2.0509,0.06149680110103099,2.05091262055703,0.06149680110103099,,0.06149680110103099,0.043484805079819354,0.222,1.8289611358768543,0.3479645848274231,2.0228,0.0431,1.0,,,,17.12087766298511,,,,
4084,P35557,F,195,G,NONSYN,0.22544940105055214,-0.29609290092159085,0.22173367492153465,-2.584433333333333,100.0,2.0,6.0,-0.0199501806525737,0.134232339093846,0.9533823591771832,-0.02,0.134232339093846,-0.0199501806525737,0.134232339093846,,0.134232339093846,0.0949165972277906,0.1087,0.1286285811690837,0.865209698677063,-0.0184,0.0944,1.0,,,,17.12087766298511,,,,
4085,P35557,F,195,Y,NONSYN,0.41795167961904656,0.08532535805950221,0.05615852747830768,-0.19666666666666666,100.0,2.0,6.0,0.0530367774438665,0.9211606027180059,0.933013416622837,0.053,0.9211606027180059,0.0530367774438665,0.9211606027180059,,0.9211606027180059,0.6513589087437892,0.2814,0.22834456139089607,0.36799877882003784,0.2261,0.3204,0.998,,,,17.12087766298511,,,,
4086,P35557,F,195,N,NONSYN,0.06350654443895225,-0.1169522564073175,0.1952637193920953,-2.4017,100.0,2.0,6.0,0.15674686747619598,0.11669464427268401,0.8887113313207082,0.1567,0.11669464427268401,0.15674686747619598,0.11669464427268401,,0.11669464427268401,0.08251557429336677,0.0992,0.05756533461639374,0.3436709940433502,0.1536,0.0802,1.0,,,,17.12087766298511,,,,
4087,P35557,F,195,C,NONSYN,0.42192151878195305,0.120076809197385,0.2295996244818124,-1.5309000000000001,100.0,2.0,6.0,-0.380536591081601,0.634266179699434,0.9920472075268874,-0.3805,0.634266179699434,-0.380536591081601,0.634266179699434,,0.634266179699434,0.44849391674275507,0.2384,0.6189380040454682,0.4867004454135895,-0.0963,0.3298,1.0,,,,17.12087766298511,,,,
4088,P35557,F,195,P,NONSYN,0.14474630447280185,0.05365777535224956,0.17808956958025643,-2.5313999999999997,100.0,2.0,6.0,-0.47503850913236295,0.36429271392120705,0.9949108039772071,-0.475,0.36429271392120705,-0.47503850913236295,0.36429271392120705,,0.36429271392120705,0.2575938483505365,0.1268,0.601836274625756,0.33570921421051025,-0.252,0.2044,1.0,,,,17.12087766298511,,,,
4089,P35557,F,195,E,NONSYN,0.14341137314980398,-0.15693735018393676,0.19578583079097311,-2.5673,100.0,2.0,6.0,-0.437416832865536,0.46154683387621204,0.9939275056354533,-0.4374,0.46154683387621204,-0.437416832865536,0.46154683387621204,,0.46154683387621204,0.32636289606905045,0.0974,0.5347993783367274,0.3632926940917969,-0.1986,0.2428,1.0,,,,17.12087766298511,,,,
4090,P35557,F,195,M,NONSYN,0.21680558431241104,0.4233339963472325,0.14175663698676194,-0.25303333333333333,100.0,2.0,6.0,-0.11632259547045501,0.161814951796875,0.9711362159728123,-0.1163,0.161814951796875,-0.11632259547045501,0.161814951796875,,0.161814951796875,0.11442044971294461,0.4277,0.5440512782268789,0.517971932888031,-0.091,0.1117,0.9990000000000001,,,,17.12087766298511,,,,
4091,P35557,F,195,W,NONSYN,0.32132997916102696,0.4166746699924036,0.14503487709370258,-0.3639333333333333,100.0,2.0,6.0,-0.0963446164059683,0.0962340513374884,0.968125326622337,-0.0963,0.0962340513374884,-0.0963446164059683,0.0962340513374884,,0.0962340513374884,0.06804775028179239,0.3844,0.4807186090874716,0.4870014786720276,-0.0871,0.0674,1.0,,,,17.12087766298511,,,,
4092,P35557,F,195,H,NONSYN,0.3132585296390889,0.17177257211922595,0.19083281482034384,-1.3437666666666666,100.0,2.0,6.0,0.8128366284081641,0.8428503218474541,0.15100646138565924,0.8128,0.8428503218474541,0.8128366284081641,0.8428503218474541,,0.8428503218474541,0.5959851781035989,0.2514,0.5614424757668677,0.42613616585731506,0.4413,0.3466,1.0,,,,17.12087766298511,,,,
4093,P35557,F,195,Q,NONSYN,0.15363519183063878,0.7070933464954773,0.04996185023117827,-2.0034333333333336,100.0,2.0,6.0,0.307199566811859,0.17917452120463898,0.7770858776567485,0.3072,0.17917452120463898,0.307199566811859,0.17917452120463898,,0.17917452120463898,0.12669551895965306,0.639,0.331774563341797,0.4186123013496399,0.335,0.1213,1.0,,,,17.12087766298511,,,,
4094,P35557,F,195,*,STOP,,,,,100.0,2.0,6.0,-0.136106209707755,0.05,0.9738335598228272,-0.1361,0.05,-0.136106209707755,0.05,,0.05,0.035355339059327376,,,,-0.1361,0.0354,,,,,17.12087766298511,,,,
4095,P35557,E,196,S,NONSYN,0.4382670271083193,0.7097908260456226,0.12113583413629304,-0.6747666666666666,100.0,2.0,6.0,0.927727641968364,0.17853146059624198,0.07990683665026863,0.9277,0.17853146059624198,0.927727641968364,0.17853146059624198,,0.17853146059624198,0.1262408064427416,0.7003,0.22739821901761936,0.48036468029022217,0.913,0.1221,0.997,,,,105.86497787911264,,,,
4096,P35557,E,196,A,NONSYN,0.4725389201357859,0.4925728276338653,0.1188413530565484,-0.8022,100.0,2.0,6.0,0.862509889148016,0.27018640689662604,0.11559512198680377,0.8625,0.27018640689662604,0.862509889148016,0.27018640689662604,,0.27018640689662604,0.19105064050103204,0.4504,0.41208980753256796,0.4718397259712219,0.8045,0.1771,0.995,,,,105.86497787911264,,,,
4097,P35557,E,196,V,NONSYN,0.5148579282991502,0.19376694480494064,0.09906564034956115,-1.6669666666666665,100.0,2.0,6.0,0.127288388827105,0.103656679425274,0.9035151195497947,0.1273,0.103656679425274,0.127288388827105,0.103656679425274,,0.103656679425274,0.07329634093689132,0.2837,0.15642948188517528,0.37798747420310974,0.133,0.072,0.998,,,,105.86497787911264,,,,
4098,P35557,E,196,R,NONSYN,0.4513055748960305,0.31210934885058794,0.10622264190391,-0.7211333333333333,100.0,2.0,6.0,2.05555432073312,0.366104119522022,3.421381658716113e-05,2.0556,0.366104119522022,2.05555432073312,0.366104119522022,,0.366104119522022,0.25887470553435205,0.3911,1.664475103537609,0.4653197228908539,1.6621,0.2262,0.9990000000000001,,,,105.86497787911264,,,,
4099,P35557,E,196,D,NONSYN,0.4800060668498122,0.9888619977920202,0.13818216052918658,-0.020166666666666666,100.0,2.0,6.0,2.09899512006973,1.05467461185117,2.4571339621139167e-05,2.099,1.05467461185117,2.09899512006973,1.05467461185117,,1.05467461185117,0.7457675699852522,0.8628,1.2362383909437535,0.4857209622859955,1.231,0.407,0.965,,,,105.86497787911264,,,,
4100,P35557,E,196,F,NONSYN,0.4134101209643438,0.5448274869150156,0.07148463567347517,-2.4431333333333334,100.0,2.0,6.0,0.0229778460749885,0.0904926304939026,0.9422886194328356,0.023,0.0904926304939026,0.0229778460749885,0.0904926304939026,,0.0904926304939026,0.06398795266964709,0.5753,0.552338344644616,0.41524189710617065,0.0358,0.0632,1.0,,,,105.86497787911264,,,,
4101,P35557,E,196,T,NONSYN,0.4070866311137473,1.0388940133753812,0.12256730397338766,-0.9768666666666667,100.0,2.0,6.0,-0.11611496482539699,0.227425293302483,0.971106456158322,-0.1161,0.227425293302483,-0.11611496482539699,0.227425293302483,,0.227425293302483,0.16081396710752524,0.8144,0.9305461553161196,0.48062512278556824,-0.0224,0.1525,0.9990000000000001,,,,105.86497787911264,,,,
4102,P35557,E,196,I,NONSYN,0.377366298627538,0.47275108451847586,0.05067283859220126,-2.3962999999999997,100.0,2.0,6.0,1.0965678938246601,0.21854002667428896,0.02862214359427631,1.0966,0.21854002667428896,1.0965678938246601,0.21854002667428896,,0.21854002667428896,0.1545311348220787,0.445,0.6515756197787159,0.397273987531662,1.0109,0.144,0.9990000000000001,,,,105.86497787911264,,,,
4103,P35557,E,196,L,NONSYN,0.4309220950052253,0.8575639469199804,0.06752663601027524,-2.375633333333333,100.0,2.0,6.0,-0.0578706933798534,0.10909520274093801,0.9614021273102995,-0.0579,0.10909520274093801,-0.0578706933798534,0.10909520274093801,,0.10909520274093801,0.07714195765303848,0.7898,0.8476823641600353,0.4004663825035095,-0.0275,0.0757,0.9990000000000001,,,,105.86497787911264,,,,
4104,P35557,E,196,K,NONSYN,0.4890082107053284,0.3338485997907039,0.09485992061565528,-0.6217666666666667,100.0,2.0,6.0,0.8558119268616171,0.54969210898176,0.11992788752735384,0.8558,0.54969210898176,0.8558119268616171,0.54969210898176,,0.54969210898176,0.3886910178257372,0.4014,0.45437315418324187,0.44175803661346436,0.6575,0.2918,0.997,,,,105.86497787911264,,,,
4105,P35557,E,196,G,NONSYN,0.4522640708552875,0.41881426427341123,0.07555940351897618,-1.9225,100.0,2.0,6.0,0.133867286811726,0.15248697805299696,0.9003774148519766,0.1339,0.15248697805299696,0.133867286811726,0.15248697805299696,,0.15248697805299696,0.10782457622391839,0.3678,0.23389992796335946,0.379728764295578,0.1513,0.1037,1.0,,,,105.86497787911264,,,,
4106,P35557,E,196,Y,NONSYN,0.4671477233180428,0.39085482908551095,0.06786988572736498,-2.2137666666666664,100.0,2.0,6.0,0.8803386866350409,0.0446994973572564,0.10469709614837623,0.8803,0.0446994973572564,0.8803386866350409,0.0446994973572564,,0.0446994973572564,0.03160731769694616,0.3678,0.5125714718599554,0.3671170473098755,0.8766,0.0315,1.0,,,,105.86497787911264,,,,
4107,P35557,E,196,N,NONSYN,0.4945297857128286,1.1729403310371196,0.11243249551715233,-0.6558999999999999,100.0,2.0,6.0,-0.461720873006127,0.261656872963211,0.9945832968095052,-0.4617,0.261656872963211,-0.461720873006127,0.261656872963211,,0.261656872963211,0.1850193492163535,0.9194,1.3811692487080314,0.48073044419288635,-0.2835,0.1727,0.998,,,,105.86497787911264,,,,
4108,P35557,E,196,C,NONSYN,0.4263241553322161,0.18696413766512507,0.05395992823257195,-2.5622,100.0,2.0,6.0,1.76865304116123,0.0355188134111397,0.0002884715417857123,1.7687,0.0355188134111397,1.76865304116123,0.0355188134111397,,0.0355188134111397,0.02511559382271657,0.2585,1.5101710617911128,0.345561146736145,1.7607,0.025,1.0,,,,105.86497787911264,,,,
4109,P35557,E,196,P,NONSYN,0.2784783599621833,0.291227771049908,0.08675241453409033,-1.2109666666666667,100.0,2.0,6.0,0.19861783024500798,0.251746839616275,0.8640764891060421,0.1986,0.251746839616275,0.19861783024500798,0.251746839616275,,0.251746839616275,0.17801189743495022,0.4032,0.20457182887364436,0.43068426847457886,0.2285,0.1645,0.992,,,,105.86497787911264,,,,
4110,P35557,E,196,E,SYN,,,,,,,,,,,,,,,,,,,,,,,,,,,105.86497787911264,,,,
4111,P35557,E,196,M,NONSYN,0.4318399535430367,0.38049812075795736,0.04471827288033418,-1.9440333333333335,100.0,2.0,6.0,0.248815717358088,0.30003878087526803,0.8282806828252661,0.2488,0.30003878087526803,0.248815717358088,0.30003878087526803,,0.30003878087526803,0.21215945657584662,0.4087,0.15991753135254433,0.39992859959602356,0.2839,0.1874,0.998,,,,105.86497787911264,,,,
4112,P35557,E,196,W,NONSYN,0.3886512979012191,0.3538916821732651,0.06139599276354882,-2.4843333333333333,100.0,2.0,6.0,0.59578526030024,0.17977611062865198,0.39804454861720806,0.5958,0.17977611062865198,0.59578526030024,0.17977611062865198,,0.17977611062865198,0.12712090692086278,0.3434,0.25236487398584795,0.3573570251464844,0.5674,0.1198,1.0,,,,105.86497787911264,,,,
4113,P35557,E,196,H,NONSYN,0.3874690850586482,0.8405203632317857,0.1141076557764904,-0.6659666666666667,100.0,2.0,6.0,0.5355390304098749,0.24826091136995002,0.48532849167099024,0.5355,0.24826091136995002,0.5355390304098749,0.24826091136995002,,0.24826091136995002,0.17554697393324412,0.746,0.2104797965516424,0.48036468029022217,0.5603,0.1649,1.0,,,,105.86497787911264,,,,
4114,P35557,E,196,Q,NONSYN,0.4979236622050323,1.2941782296332371,0.2834679517436043,-0.02876666666666668,100.0,2.0,6.0,1.18304642454608,0.0982988997588857,0.01645058425896046,1.183,0.0982988997588857,1.18304642454608,0.0982988997588857,,0.0982988997588857,0.06950781860268475,1.0413,0.14171799437029886,0.7159997224807739,1.1817,0.0692,0.9990000000000001,,,,105.86497787911264,,,,
4115,P35557,E,196,*,STOP,,,,,100.0,2.0,6.0,0.10851486196809199,0.05,0.9119663393663575,0.1085,0.05,0.10851486196809199,0.05,,0.05,0.035355339059327376,,,,0.1085,0.0354,,,,,105.86497787911264,,,,
4116,P35557,M,197,S,NONSYN,0.31494457442558743,-0.24089823218224668,0.07778204450244548,-1.4741,100.0,2.0,6.0,1.07449973690238,0.185733900446655,0.03288182994999453,1.0745,0.185733900446655,1.07449973690238,0.185733900446655,,0.185733900446655,0.13133370050205687,0.0989,0.9756201909753324,0.2860949635505676,0.9047,0.1194,0.998,,,,17.557023350092273,,,,
4117,P35557,M,197,A,NONSYN,0.38040172866410704,0.286739001595884,0.05658581468573298,-1.3250666666666666,100.0,2.0,6.0,2.17096860594571,0.34680248750114895,1.4130486967691155e-05,2.171,0.34680248750114895,2.17096860594571,0.34680248750114895,,0.34680248750114895,0.2452263906444253,0.3794,1.7915785152417456,0.4169039726257324,1.7104,0.2114,0.996,,,,17.557023350092273,,,,
4118,P35557,M,197,V,NONSYN,0.43335182923768345,0.515289933766026,0.1419644020581585,-0.17053333333333334,100.0,2.0,6.0,2.47078056553695,0.253738404730602,1.323037928336659e-06,2.4708,0.253738404730602,2.47078056553695,0.253738404730602,,0.253738404730602,0.17942014663246542,0.6555,1.8152713916668635,0.5245229601860046,2.2806,0.1698,0.987,,,,17.557023350092273,,,,
4119,P35557,M,197,R,NONSYN,0.4133638176812908,1.0445046390244828,0.09380569672090106,-1.3127666666666666,100.0,2.0,6.0,-0.102328306340086,0.13969963382688097,0.9690591035975935,-0.1023,0.13969963382688097,-0.102328306340086,0.13969963382688097,,0.13969963382688097,0.09878255840826512,0.8075,0.9098731338013286,0.45102864503860474,-0.0607,0.0965,0.998,,,,17.557023350092273,,,,
4120,P35557,M,197,D,NONSYN,,0.16389546553553969,0.15129429136623776,-1.9705666666666666,100.0,2.0,6.0,-0.554559673604082,0.201328689679123,0.9964796861311348,-0.5546,0.201328689679123,-0.554559673604082,0.201328689679123,,0.201328689679123,0.14236088171950995,0.2677,0.8222429411974658,0.407976359128952,-0.4653,0.1344,0.998,,,,17.557023350092273,,,,
4121,P35557,M,197,F,NONSYN,0.3024433202519795,0.9874747166911697,0.15342869351051155,-0.4272,100.0,2.0,6.0,0.108172676817249,0.19759698555560398,0.9121136906700509,0.1082,0.19759698555560398,0.108172676817249,0.19759698555560398,,0.19759698555560398,0.13972216842838786,0.8387,0.7305022857033504,0.514620304107666,0.1583,0.1348,0.99,,,,17.557023350092273,,,,
4122,P35557,M,197,T,NONSYN,0.4428972613017431,0.7395601517739943,0.15885958352090304,-0.9479666666666667,100.0,2.0,6.0,0.34160342882020006,0.211841251600007,0.7418461352944262,0.3416,0.211841251600007,0.34160342882020006,0.211841251600007,,0.211841251600007,0.1497943855414105,0.7417,0.40013477136748304,0.5160873532295227,0.3727,0.1439,0.993,,,,17.557023350092273,,,,
4123,P35557,M,197,I,NONSYN,0.5092966528428504,1.3583063302226863,0.09264100952844434,0.1806,100.0,2.0,6.0,1.28765696876447,0.0962227596933819,0.008266466738330928,1.2877,0.0962227596933819,1.28765696876447,0.0962227596933819,,0.0962227596933819,0.06803976588367393,1.0417,0.24599284522931364,0.47698774933815,1.2828,0.0674,0.972,,,,17.557023350092273,,,,
4124,P35557,M,197,L,NONSYN,0.4802407566174219,1.2888700703728897,0.07912246703648108,0.0198,100.0,2.0,6.0,1.49596574831386,0.225952811224369,0.002002506958908002,1.496,0.225952811224369,1.49596574831386,0.225952811224369,,0.225952811224369,0.15977276504491517,1.0803,0.4156737618484059,0.45176267623901367,1.4498,0.1506,0.8690000000000001,,,,17.557023350092273,,,,
4125,P35557,M,197,K,NONSYN,0.4908604207297649,0.6522286246103272,0.08925931734357008,-1.2170333333333332,,,,,,,,,,,,,,0.7008,,0.4473188817501068,0.7008,0.4473,0.988,,,,17.557023350092273,,,,
4126,P35557,M,197,G,NONSYN,0.2313069645088376,-0.14175242947517167,0.1516511284519854,-2.044633333333333,100.0,2.0,6.0,0.36238401142805204,0.19643676436563298,0.7187453517654862,0.3624,0.19643676436563298,0.36238401142805204,0.19643676436563298,,0.19643676436563298,0.13890176815728303,0.0981,0.2642596265479861,0.30074265599250793,0.3159,0.1261,0.998,,,,17.557023350092273,,,,
4127,P35557,M,197,Y,NONSYN,,0.16919169054864935,0.06799983484861537,-1.4597333333333333,100.0,2.0,6.0,-0.155770031290308,0.245288242912036,0.9762605590394082,-0.1558,0.245288242912036,-0.155770031290308,0.245288242912036,,0.245288242912036,0.17344497990843374,0.26,0.4157242751886997,0.36015820503234863,-0.0775,0.1563,0.9990000000000001,,,,17.557023350092273,,,,
4128,P35557,M,197,N,NONSYN,0.3182579182514713,-0.2087997836274472,0.13019249125001062,-1.7266666666666666,100.0,2.0,6.0,0.255163882061385,0.5566041154501371,0.823227910338168,0.2552,0.5566041154501371,0.255163882061385,0.5566041154501371,,0.5566041154501371,0.3935785444711319,0.0867,0.16843477277412305,0.3073558807373047,0.1505,0.2422,0.998,,,,17.557023350092273,,,,
4129,P35557,M,197,C,NONSYN,,0.15458648871009403,0.08812106812713273,-1.5218999999999998,,,,,,,,,,,,,,0.2383,,0.3749150037765503,0.2383,0.3749,1.0,,,,17.557023350092273,,,,
4130,P35557,M,197,P,NONSYN,0.29396488881585514,-0.10855595143440766,0.15248758204110655,-1.7313666666666665,100.0,2.0,6.0,-0.0455676145177336,0.44313128884853703,0.9589642058888795,-0.0456,0.44313128884853703,-0.0455676145177336,0.44313128884853703,,0.44313128884853703,0.31334113930073526,0.0999,0.14549098678641037,0.30913567543029785,0.0282,0.2201,0.998,,,,17.557023350092273,,,,
4131,P35557,M,197,E,NONSYN,0.3715633530173947,-0.08179132397937953,0.17500569582289394,-1.7125666666666666,100.0,2.0,6.0,-0.125861496882818,0.252237552853948,0.972470383362356,-0.1259,0.252237552853948,-0.125861496882818,0.252237552853948,,0.252237552853948,0.1783588840929268,0.1097,0.23551267500438477,0.31241580843925476,-0.068,0.1549,0.996,,,,17.557023350092273,,,,
4132,P35557,M,197,M,SYN,,,,,,,,,,,,,,,,,,,,,,,,,,,17.557023350092273,,,,
4133,P35557,M,197,W,NONSYN,0.17309253470131644,1.047713345502668,0.09839970494633866,-1.2648333333333335,100.0,2.0,6.0,-0.111954425774642,0.0601839692872902,0.970503513707972,-0.112,0.0601839692872902,-0.111954425774642,0.0601839692872902,,0.0601839692872902,0.04255649280176581,0.7846,0.8965119471178732,0.45102864503860474,-0.104,0.0424,1.0,,,,17.557023350092273,,,,
4134,P35557,M,197,H,NONSYN,,0.2910540303647795,0.12715448675671992,-1.5831333333333333,100.0,2.0,6.0,-0.45497023948179,0.21239680735736102,0.9944089328968972,-0.455,0.21239680735736102,-0.45497023948179,0.21239680735736102,,0.21239680735736102,0.15018722278476276,0.3053,0.7602554250572753,0.41350889205932617,-0.3664,0.1412,1.0,,,,17.557023350092273,,,,
4135,P35557,M,197,Q,NONSYN,0.13890249407095925,0.9735188903914663,0.09076969104257147,-0.3912,100.0,2.0,6.0,0.150040155716359,0.5607732678609749,0.8922555977183512,0.15,0.5607732678609749,0.150040155716359,0.5607732678609749,,0.5607732678609749,0.39652658041263555,0.7868,0.6367464601321823,0.4458518326282501,0.4313,0.2963,0.9990000000000001,,,,17.557023350092273,,,,
4136,P35557,M,197,*,STOP,,,,,100.0,2.0,6.0,-0.27471854832722103,0.05,0.9867580311687902,-0.2747,0.05,-0.27471854832722103,0.05,,0.05,0.035355339059327376,,,,-0.2747,0.0354,,,,,17.557023350092273,,,,
4137,P35557,D,198,S,NONSYN,0.3690767940714815,1.9232747811429045,0.03141468717065112,-0.9239999999999999,100.0,2.0,6.0,0.518176167392966,0.122396370339965,0.5107014857983282,0.5182,0.122396370339965,0.518176167392966,0.122396370339965,,0.122396370339965,0.08654730346000926,1.2067,0.6885701724050076,0.6216099262237549,0.5313,0.0857,1.0,,,,57.053854437622135,,,,
4138,P35557,D,198,A,NONSYN,0.4216252277516441,0.5383311853385734,0.05446645874527442,-1.4927333333333335,100.0,2.0,6.0,1.05977382810282,0.0377021078254288,0.0360477254056434,1.0598,0.0377021078254288,1.05977382810282,0.0377021078254288,,0.0377021078254288,0.026659416108387103,0.5622,0.4975343004004884,0.4300840497016907,1.0579,0.0266,1.0,,,,57.053854437622135,,,,
4139,P35557,D,198,V,NONSYN,0.4506084315132353,0.7636077465285184,0.016574832120716285,-2.6115333333333335,100.0,2.0,6.0,0.6681367990334129,0.15411583817459804,0.3004115275498902,0.6681,0.15411583817459804,0.6681367990334129,0.15411583817459804,,0.15411583817459804,0.10897635426150686,0.7218,0.053683078591098776,0.4033542275428772,0.6718,0.1052,1.0,,,,57.053854437622135,,,,
4140,P35557,D,198,R,NONSYN,0.35823216117602164,0.3890115603238,0.03452798377672162,-1.472133333333333,100.0,2.0,6.0,1.50773270314714,0.182649640833626,0.0018452797069816826,1.5077,0.182649640833626,1.50773270314714,0.182649640833626,,0.182649640833626,0.12915279961474427,0.3678,1.1399654883720545,0.3836509883403778,1.3917,0.1224,1.0,,,,57.053854437622135,,,,
4141,P35557,D,198,D,SYN,,,,,,,,,,,,,,,,,,,,,,,,,,,57.053854437622135,,,,
4142,P35557,D,198,F,NONSYN,0.29646296686588297,0.8168999037239644,0.03916668696172964,-2.6194333333333333,100.0,2.0,6.0,0.508260327447075,0.0329274055636242,0.5251369418196467,0.5083,0.0329274055636242,0.508260327447075,0.0329274055636242,,0.0329274055636242,0.023283191760918327,0.7553,0.2470219553822096,0.40610456466674805,0.5091,0.0232,1.0,,,,57.053854437622135,,,,
4143,P35557,D,198,T,NONSYN,0.33041122774515563,1.0843902248413952,0.03199635492888565,-1.1000666666666665,100.0,2.0,6.0,1.51958840384597,0.397097809426879,0.001699055798800341,1.5196,0.397097809426879,1.51958840384597,0.397097809426879,,0.397097809426879,0.28079055384006946,0.7941,0.7255102921974104,0.4163721799850464,1.2928,0.2328,1.0,,,,57.053854437622135,,,,
4144,P35557,D,198,I,NONSYN,0.3169485018080975,0.43969488579503896,0.04242045508895064,-2.7128666666666668,100.0,2.0,6.0,0.8220809113696009,0.0436359700561002,0.14382818726104954,0.8221,0.0436359700561002,0.8220809113696009,0.0436359700561002,,0.0436359700561002,0.03085529033032158,0.3999,0.422176034422198,0.39354369044303894,0.8195,0.0308,1.0,,,,57.053854437622135,,,,
4145,P35557,D,198,L,NONSYN,0.37713817620354506,0.5349244132520646,0.04005018342889712,-2.7055000000000002,100.0,2.0,6.0,0.536392328998524,0.0736389746908088,0.48408019399390184,0.5364,0.0736389746908088,0.536392328998524,0.0736389746908088,,0.0736389746908088,0.05207061836349544,0.5753,0.03892386172108053,0.4176686108112335,0.537,0.0517,1.0,,,,57.053854437622135,,,,
4146,P35557,D,198,K,NONSYN,0.3517044245741117,1.202876370577427,0.04222049564102895,-0.8664,100.0,2.0,6.0,2.6793713990894,0.0256611222241148,2.3965711612723005e-07,2.6794,0.0256611222241148,2.6793713990894,0.0256611222241148,,0.0256611222241148,0.018145153537528394,0.9747,1.7046492521014849,0.469820499420166,2.6768,0.0181,1.0,,,,57.053854437622135,,,,
4147,P35557,D,198,G,NONSYN,0.41616550742326497,1.0854384388000315,0.09656138109427732,-1.2674333333333332,100.0,2.0,6.0,-0.10315380901651901,0.095097956710555,0.9691857336102119,-0.1032,0.095097956710555,-0.10315380901651901,0.095097956710555,,0.095097956710555,0.06724441006701817,0.8182,0.921313627665811,0.45102864503860474,-0.0831,0.0665,1.0,,,,57.053854437622135,,,,
4148,P35557,D,198,Y,NONSYN,0.4224113195979475,0.9481348364219292,0.03762403387006462,-2.560966666666667,100.0,2.0,6.0,0.8887185132191591,0.14633785703405802,0.09988393330557047,0.8887,0.14633785703405802,0.8887185132191591,0.14633785703405802,,0.14633785703405802,0.10347649105308994,0.7963,0.09244861957291883,0.4028931260108948,0.883,0.1002,1.0,,,,57.053854437622135,,,,
4149,P35557,D,198,N,NONSYN,0.4295009636980524,1.6788421822814685,0.04637261602204124,-0.2961,100.0,2.0,6.0,0.7805404026824381,0.0784043601236699,0.17829670627925767,0.7805,0.0784043601236699,0.7805404026824381,0.0784043601236699,,0.0784043601236699,0.05544025471803912,1.1799,0.39935440227209074,0.6267157793045044,0.7836,0.0552,1.0,,,,57.053854437622135,,,,
4150,P35557,D,198,C,NONSYN,0.3461355508488411,0.6755366798005126,0.04155216804913857,-2.7265333333333337,100.0,2.0,6.0,0.11455552935317999,0.0567143721590369,0.9093263174896743,0.1146,0.0567143721590369,0.11455552935317999,0.0567143721590369,,0.0567143721590369,0.040103117144392526,0.6715,0.556968101265869,0.4107491075992584,0.1198,0.0399,1.0,,,,57.053854437622135,,,,
4151,P35557,D,198,P,NONSYN,0.2905290433283012,0.821450907411147,0.04934344581133763,-1.4699,100.0,2.0,6.0,0.210414661885099,0.10485322904582901,0.8563067706031426,0.2104,0.10485322904582901,0.210414661885099,0.10485322904582901,,0.10485322904582901,0.07414242928761196,0.7674,0.5570205311767296,0.42365768551826477,0.227,0.073,0.998,,,,57.053854437622135,,,,
4152,P35557,D,198,E,NONSYN,0.4869275421620544,1.237405476654471,0.04048855920203894,-0.3505,100.0,2.0,6.0,2.10485051956343,0.12388290162437299,2.349512950661102e-05,2.1049,0.12388290162437299,2.10485051956343,0.12388290162437299,,0.12388290162437299,0.0875984398116601,1.0337,1.071119535829299,0.5053627490997314,2.0736,0.0863,0.9940000000000001,,,,57.053854437622135,,,,
4153,P35557,D,198,M,NONSYN,0.2886817698329022,0.6883718798998824,0.050690057108936655,-2.5042666666666666,100.0,2.0,6.0,1.6680073827853,0.0253834006861488,0.000595832543874492,1.668,0.0253834006861488,1.6680073827853,0.0253834006861488,,0.0253834006861488,0.01794877475475108,0.6715,0.9964837521662508,0.40610456466674805,1.6661,0.0179,1.0,,,,57.053854437622135,,,,
4154,P35557,D,198,W,NONSYN,0.2933207242208761,0.49100958990710164,0.024202061993929574,-2.7770999999999995,100.0,2.0,6.0,0.796939489410125,0.0483984763955789,0.16400505252644784,0.7969,0.0483984763955789,0.796939489410125,0.0483984763955789,,0.0483984763955789,0.03422289085841089,0.424,0.3729107351758111,0.39543789625167847,0.7942,0.0341,1.0,,,,57.053854437622135,,,,
4155,P35557,D,198,H,NONSYN,0.4359397753198172,1.3652686646396168,0.09643327711023521,-1.1262,100.0,2.0,6.0,0.6769530844513051,0.0934113834225278,0.28938867703900284,0.677,0.0934113834225278,0.6769530844513051,0.0934113834225278,,0.0934113834225278,0.06605182265808605,0.9875,0.310593597906483,0.4711850881576538,0.6829,0.0654,1.0,,,,57.053854437622135,,,,
4156,P35557,D,198,Q,NONSYN,0.3596090029508326,1.2915002169778904,0.036791492992500105,-0.9040333333333331,100.0,2.0,6.0,2.4134998598880095,0.0915407369089098,2.0967270058071942e-06,2.4135,0.0915407369089098,2.4134998598880095,0.0915407369089098,,0.0915407369089098,0.06472907582310379,0.9875,1.4259531775302214,0.4628094434738159,2.3861,0.0641,1.0,,,,57.053854437622135,,,,
4157,P35557,D,198,*,STOP,,,,,100.0,2.0,6.0,-0.27825446455789504,0.05,0.9869837686379409,-0.2783,0.05,-0.27825446455789504,0.05,,0.05,0.035355339059327376,,,,-0.2783,0.0354,,,,,57.053854437622135,,,,
4158,P35557,V,199,S,NONSYN,0.33699392667600697,-0.17878492853534036,0.1027392357636465,-1.4146999999999998,100.0,2.0,6.0,0.265659772296054,0.11729460558295698,0.81460366526705,0.2657,0.11729460558295698,0.265659772296054,0.11729460558295698,,0.11729460558295698,0.08293981100431036,0.0981,0.16752206577788076,0.28996971249580383,0.253,0.0797,1.0,,,,6.3248848829726025,,,,
4159,P35557,V,199,A,NONSYN,0.4716545268994549,-0.12147941972685383,0.1091306571489386,-0.4381666666666666,100.0,2.0,6.0,-0.12219511449206098,0.5348561494760949,0.9719651582858782,-0.1222,0.5348561494760949,-0.12219511449206098,0.5348561494760949,,0.5348561494760949,0.3782004102538724,0.1992,0.32142217934000716,0.37632855772972107,0.0393,0.2668,0.9990000000000001,,,,6.3248848829726025,,,,
4160,P35557,V,199,V,SYN,,,,,100.0,2.0,6.0,0.969132495068974,0.05,0.06263962041369973,0.9691,0.05,0.969132495068974,0.05,,0.05,0.035355339059327376,,,,0.9691,0.0354,,,,,6.3248848829726025,,,,
4161,P35557,V,199,R,NONSYN,0.17643841508486408,-0.18804217602858567,0.12029404532573756,-1.9857333333333334,100.0,2.0,6.0,-0.124100421851756,0.12306415104581699,0.97222887403023,-0.1241,0.12306415104581699,-0.124100421851756,0.12306415104581699,,0.12306415104581699,0.08701949572546273,0.0778,0.20194805163729374,0.28670430183410645,-0.1071,0.0833,1.0,,,,6.3248848829726025,,,,
4162,P35557,V,199,D,NONSYN,0.27348180848279724,-0.1462069273232633,0.16022635873552468,-2.3809,,,,,,,,,,,,,,0.0974,,0.29927945137023926,0.0974,0.2993,1.0,,,,6.3248848829726025,,,,
4163,P35557,V,199,F,NONSYN,0.4053248813429461,0.07551761748082549,0.13127989141431887,-0.9184666666666667,,,,,,,,,,,,,,0.1707,,0.3810901641845703,0.1707,0.3811,1.0,,,,6.3248848829726025,,,,
4164,P35557,V,199,T,NONSYN,0.3185872156759129,-0.2307403945846657,0.14313665816910606,-0.1374,100.0,2.0,6.0,-0.356606406231341,0.40609180017982793,0.9910831519907105,-0.3566,0.40609180017982793,-0.356606406231341,0.40609180017982793,,0.40609180017982793,0.2871502656914087,0.2143,0.5708812000946375,0.41053447127342224,-0.1691,0.2353,0.998,,,,6.3248848829726025,,,,
4165,P35557,V,199,I,NONSYN,0.4306262074024321,-0.30887749183109237,0.11729007297997222,-0.1123,100.0,2.0,6.0,-0.128647343094129,0.513334170120511,0.9728480735072951,-0.1286,0.513334170120511,-0.128647343094129,0.513334170120511,,0.513334170120511,0.3629820727069821,0.2425,0.37111039536692564,0.3888639509677887,0.0441,0.2653,0.94,,,,6.3248848829726025,,,,
4166,P35557,V,199,L,NONSYN,0.4667115524229356,-0.3193025141325447,0.1657686137877488,-0.29109999999999997,100.0,2.0,6.0,-0.090920047587704,0.19766183971124002,0.9672541719748463,-0.0909,0.19766183971124002,-0.090920047587704,0.19766183971124002,,0.19766183971124002,0.1397680272416262,0.2178,0.30870859486515456,0.42281249165534973,-0.0605,0.1327,0.995,,,,6.3248848829726025,,,,
4167,P35557,V,199,K,NONSYN,0.1909141340536438,-0.1129613787455946,0.08248142713273458,-1.7571333333333332,100.0,2.0,6.0,-0.15221797804586,0.310473218066802,0.9758397914357863,-0.1522,0.310473218066802,-0.15221797804586,0.310473218066802,,0.310473218066802,0.2195377178718454,0.0851,0.23728530983678406,0.2836475968360901,-0.0633,0.1736,1.0,,,,6.3248848829726025,,,,
4168,P35557,V,199,G,NONSYN,0.3807983932718594,-0.17647997063762533,0.1617138791707032,-2.1775333333333333,100.0,2.0,6.0,-0.0332812919086699,0.080775720252909,0.9563756995406396,-0.0333,0.080775720252909,-0.0332812919086699,0.080775720252909,,0.080775720252909,0.057117059546059494,0.0901,0.12334802288477464,0.29927945137023926,-0.0289,0.0561,1.0,,,,6.3248848829726025,,,,
4169,P35557,V,199,Y,NONSYN,0.33250944557826595,-0.1129613787455946,0.08248142713273458,-1.7571333333333332,100.0,2.0,6.0,-0.651058131742452,0.384158591646579,0.997728700081917,-0.6511,0.384158591646579,-0.651058131742452,0.384158591646579,,0.384158591646579,0.27164114520436977,0.0916,0.7426388206958516,0.2836475968360901,-0.2958,0.1962,1.0,,,,6.3248848829726025,,,,
4170,P35557,V,199,N,NONSYN,0.2445312890805706,-0.21806851520082102,0.15651276641218387,-2.1033666666666666,100.0,2.0,6.0,-0.143571458175155,0.31134434392979604,0.9747834366499623,-0.1436,0.31134434392979604,-0.143571458175155,0.31134434392979604,,0.31134434392979604,0.22015369687683548,0.0901,0.23363818915125972,0.29927945137023926,-0.0615,0.1773,1.0,,,,6.3248848829726025,,,,
4171,P35557,V,199,C,NONSYN,0.4349501020449153,-0.07104724947578267,0.16068251569555647,-0.7521,100.0,2.0,6.0,0.0830881946384835,0.10193258990303398,0.9222991467412978,0.0831,0.10193258990303398,0.0830881946384835,0.10193258990303398,,0.10193258990303398,0.07207722554434273,0.1643,0.0812005049884391,0.3757599890232086,0.086,0.0708,1.0,,,,6.3248848829726025,,,,
4172,P35557,V,199,P,NONSYN,0.17175025849116904,-0.19048701410116664,0.08216983265176421,-1.883333333333333,100.0,2.0,6.0,-0.26833709186474203,0.259119494637358,0.9863403261322092,-0.2683,0.259119494637358,-0.26833709186474203,0.259119494637358,,0.259119494637358,0.18322515179570706,0.0778,0.34618472165027975,0.2729339301586151,-0.1608,0.1521,1.0,,,,6.3248848829726025,,,,
4173,P35557,V,199,E,NONSYN,0.32079411141973807,-0.13858182298459884,0.08769179413239703,-1.7854,100.0,2.0,6.0,-0.0753566453288473,0.283608269067117,0.9646188981649311,-0.0754,0.283608269067117,-0.0753566453288473,0.283608269067117,,0.283608269067117,0.20054133025793738,0.0833,0.15862498973116052,0.2896978557109833,-0.024,0.1649,1.0,,,,6.3248848829726025,,,,
4174,P35557,V,199,M,NONSYN,0.4348220015603004,-0.18990718943703533,0.1650003120676712,-0.2969,100.0,2.0,6.0,-0.47910602167423205,0.20891277821695,0.9950066469899609,-0.4791,0.20891277821695,-0.47910602167423205,0.20891277821695,,0.20891277821695,0.1477236421537266,0.2151,0.6942347414809031,0.4354046881198883,-0.4074,0.1399,1.0,,,,6.3248848829726025,,,,
4175,P35557,V,199,W,NONSYN,0.20407639127029992,-0.06531982395891996,0.10771761002607844,-1.7649666666666668,100.0,2.0,6.0,-0.29514264240588395,0.0999773011986082,0.9880082689125312,-0.2951,0.0999773011986082,-0.29514264240588395,0.0999773011986082,,0.0999773011986082,0.0706946276422658,0.1048,0.39992814436282365,0.2947787046432495,-0.2734,0.0687,1.0,,,,6.3248848829726025,,,,
4176,P35557,V,199,H,NONSYN,0.2484595230317529,-0.10031772397852697,0.08117361460751167,-2.2815999999999996,100.0,2.0,6.0,-0.261768031885965,0.598869544330115,0.9858960941972567,-0.2618,0.598869544330115,-0.261768031885965,0.598869544330115,,0.598869544330115,0.423464715841922,0.0851,0.34683536367688905,0.2632638216018677,-0.0116,0.2236,1.0,,,,6.3248848829726025,,,,
4177,P35557,V,199,Q,NONSYN,0.31633139311143543,-0.1742390885935304,0.10187757636141294,-1.7866,100.0,2.0,6.0,0.0316151514979474,0.17896433654542301,0.939760413150088,0.0316,0.17896433654542301,0.0316151514979474,0.17896433654542301,,0.17896433654542301,0.12654689596182006,0.0778,0.04623247828759032,0.2896978557109833,0.039,0.116,1.0,,,,6.3248848829726025,,,,
4178,P35557,V,199,*,STOP,,,,,100.0,2.0,6.0,1.03689777339038,0.05,0.041534969775065815,1.0369,0.05,1.03689777339038,0.05,,0.05,0.035355339059327376,,,,1.0369,0.0354,,,,,6.3248848829726025,E,203.0,,
4179,P35557,V,200,S,NONSYN,0.33699392667600697,-0.17123137030117855,0.114200577171166,-1.4466,100.0,2.0,6.0,0.246229324702635,0.21199776738555498,0.8303043681937432,0.2462,0.21199776738555498,0.246229324702635,0.21199776738555498,,0.21199776738555498,0.1499050589147342,0.0981,0.1480916181844618,0.2929692268371582,0.2155,0.1335,1.0,,,,15.085618068408492,,,,
4180,P35557,V,200,A,NONSYN,0.4716545268994549,0.5311561186159524,0.11130185238917778,-0.7901333333333334,100.0,2.0,6.0,-0.18199107572301504,0.27793017573607204,0.9791436889697448,-0.182,0.27793017573607204,-0.18199107572301504,0.27793017573607204,,0.27793017573607204,0.1965263119593454,0.5811,0.7630833737538683,0.49192875623703003,-0.077,0.1825,0.9990000000000001,,,,15.085618068408492,,,,
4181,P35557,V,200,V,SYN,,,,,100.0,2.0,6.0,0.729446464621239,0.05,0.22866570804668837,0.7294,0.05,0.729446464621239,0.05,,0.05,0.035355339059327376,,,,0.7294,0.0354,,,,,15.085618068408492,,,,
4182,P35557,V,200,R,NONSYN,0.17643841508486408,-0.13968859029702732,0.16480372755144926,-1.9857333333333334,100.0,2.0,6.0,0.38182822250518894,0.31652940767161203,0.69593306711483,0.3818,0.31652940767161203,0.38182822250518894,0.31652940767161203,,0.31652940767161203,0.22382009060955804,0.0974,0.28444567703399753,0.30213290452957153,0.281,0.1798,1.0,,,,15.085618068408492,,,,
4183,P35557,V,200,D,NONSYN,0.27348180848279724,-0.013910577071173325,0.17715997212856027,-2.3809,,,,,,,,,,,,,,0.1189,,0.30653107166290283,0.1189,0.3065,1.0,,,,15.085618068408492,,,,
4184,P35557,V,200,F,NONSYN,0.4053248813429461,0.41875849068043663,0.0861045762920824,-0.9184666666666667,100.0,2.0,6.0,-0.0003079893907616,0.31040075241739,0.9485959131689465,-0.0003,0.31040075241739,-0.0003079893907616,0.31040075241739,,0.31040075241739,0.2194864769197431,0.3678,0.36807520416584705,0.40788307785987854,0.0823,0.1933,1.0,,,,15.085618068408492,,,,
4185,P35557,V,200,T,NONSYN,0.3185872156759129,0.18030322936371265,0.16402112013965575,-0.1374,100.0,2.0,6.0,0.401739122176929,0.33966672787113106,0.6714323107247223,0.4017,0.33966672787113106,0.401739122176929,0.33966672787113106,,0.33966672787113106,0.24018064662112243,0.339,0.06269860436992214,0.4275813102722168,0.3867,0.2094,0.998,,,,15.085618068408492,,,,
4186,P35557,V,200,I,NONSYN,0.4306262074024321,0.37487996199702733,0.1703560005745501,-0.1123,100.0,2.0,6.0,0.38108207181792497,0.6715339182687409,0.696829202538854,0.3811,0.6715339182687409,0.38108207181792497,0.6715339182687409,,0.6715339182687409,0.4748461874045994,0.5296,0.1485544304480052,0.521879255771637,0.4484,0.3512,0.99,,,,15.085618068408492,,,,
4187,P35557,V,200,L,NONSYN,0.4667115524229356,0.10997126759528998,0.1798740940287691,-0.29109999999999997,100.0,2.0,6.0,0.612735007482197,0.131307930865677,0.3742045830226406,0.6127,0.131307930865677,0.612735007482197,0.131307930865677,,0.131307930865677,0.09284872833869456,0.3662,0.24652830191197606,0.4508538246154785,0.6027,0.0909,0.987,,,,15.085618068408492,,,,
4188,P35557,V,200,K,NONSYN,0.1909141340536438,0.06409088507418366,0.08397305297840818,-1.7571333333333332,100.0,2.0,6.0,-0.503206573509424,0.416865377044486,0.9955370579144214,-0.5032,0.416865377044486,-0.503206573509424,0.416865377044486,,0.416865377044486,0.29476833495004295,0.1224,0.625608734869211,0.29626405239105225,-0.192,0.209,1.0,,,,15.085618068408492,,,,
4189,P35557,V,200,G,NONSYN,0.3807983932718594,0.036683502490100973,0.18616103209215565,-2.1775333333333333,100.0,2.0,6.0,0.230045983821366,0.203287804136163,0.8425145765730643,0.23,0.203287804136163,0.230045983821366,0.203287804136163,,0.203287804136163,0.14374618483720353,0.1189,0.11114628079554814,0.3300371766090393,0.2123,0.1318,1.0,,,,15.085618068408492,,,,
4190,P35557,V,200,Y,NONSYN,0.33250944557826595,0.06409088507418367,0.08397305297840818,-1.7571333333333332,100.0,2.0,6.0,-0.203753193011832,0.30741541061018895,0.9812628933421728,-0.2038,0.30741541061018895,-0.203753193011832,0.30741541061018895,,0.30741541061018895,0.21737552148371153,0.1289,0.3326686817317722,0.29626405239105225,-0.0873,0.1753,1.0,,,,15.085618068408492,,,,
4191,P35557,V,200,N,NONSYN,0.2445312890805706,0.152443870513613,0.14670937502737808,-2.1033666666666666,100.0,2.0,6.0,-0.13157015072609698,0.5251139386672999,0.9732386679323674,-0.1316,0.5251139386672999,-0.13157015072609698,0.5251139386672999,,0.5251139386672999,0.3713116269272246,0.2677,0.3992534183194808,0.4039222002029419,0.0513,0.2734,0.9990000000000001,,,,15.085618068408492,,,,
4192,P35557,V,200,C,NONSYN,0.4349501020449153,0.021310086529619455,0.11018591941260654,-0.9503666666666666,100.0,2.0,6.0,1.1920372230616898,0.106130716999175,0.01551714621904887,1.192,0.106130716999175,1.1920372230616898,0.106130716999175,,0.106130716999175,0.07504574968230704,0.1485,1.0435555262175888,0.34820806980133057,1.1457,0.0734,1.0,,,,15.085618068408492,,,,
4193,P35557,V,200,P,NONSYN,0.17175025849116904,0.02317065518725565,0.12726723412955918,-1.883333333333333,100.0,2.0,6.0,0.21571095334443902,0.198402227573723,0.8526934178870881,0.2157,0.198402227573723,0.21571095334443902,0.198402227573723,,0.198402227573723,0.14029156051989614,0.1271,0.08862347947511529,0.2859738767147064,0.1985,0.126,0.9990000000000001,,,,15.085618068408492,,,,
4194,P35557,V,200,E,NONSYN,0.32079411141973807,-0.20731639514812136,0.11432245941075427,-1.7854,100.0,2.0,6.0,0.31101526715749106,0.25583202065550603,0.773364213156316,0.311,0.25583202065550603,0.31101526715749106,0.25583202065550603,,0.25583202065550603,0.1809005566501652,0.0786,0.23242582776540122,0.29269737005233765,0.2468,0.1539,0.9990000000000001,,,,15.085618068408492,,,,
4195,P35557,V,200,M,NONSYN,0.4348220015603004,0.277494351312037,0.1079764483877002,-0.2969,100.0,2.0,6.0,0.110165756331956,0.6243122183977371,0.9112521410080924,0.1102,0.6243122183977371,0.110165756331956,0.6243122183977371,,0.6243122183977371,0.4414554032066567,0.3469,0.23675383986326495,0.4358818829059601,0.23,0.3102,1.0,,,,15.085618068408492,,,,
4196,P35557,V,200,W,NONSYN,0.20407639127029992,-0.16727474495095832,0.1254161509316753,-1.7649666666666668,100.0,2.0,6.0,0.190890316566002,0.13258005654849303,0.8689620666168371,0.1909,0.13258005654849303,0.190890316566002,0.13258005654849303,,0.13258005654849303,0.09374825703553535,0.0843,0.1065545125804063,0.2947787046432495,0.1811,0.0893,1.0,,,,15.085618068408492,,,,
4197,P35557,V,200,H,NONSYN,0.2484595230317529,0.1601013518668193,0.15225370745606917,-2.2815999999999996,100.0,2.0,6.0,-0.140207564308789,0.49786667206137897,0.9743598430847378,-0.1402,0.49786667206137897,-0.140207564308789,0.49786667206137897,,0.49786667206137897,0.3520448999413801,0.2461,0.386276637985852,0.40244948863983154,0.0272,0.265,1.0,,,,15.085618068408492,,,,
4198,P35557,V,200,Q,NONSYN,0.31633139311143543,-0.0004336632619769872,0.11944413774869411,-1.7866,100.0,2.0,6.0,-0.30963292850094204,0.20952095620768105,0.9888206376750529,-0.3096,0.20952095620768105,-0.30963292850094204,0.20952095620768105,,0.20952095620768105,0.14815368893514091,0.1067,0.41628942025738125,0.29269737005233765,-0.2247,0.1322,1.0,,,,15.085618068408492,,,,
4199,P35557,V,200,*,STOP,,,,,100.0,2.0,6.0,0.284607160095104,0.05,0.798168122751237,0.2846,0.05,0.284607160095104,0.05,,0.05,0.035355339059327376,,,,0.2846,0.0354,,,,,15.085618068408492,,,,
4200,P35557,A,201,S,NONSYN,0.46929375853615796,0.3283732691046924,0.1726365728541928,-0.41050000000000003,100.0,2.0,6.0,-0.342962141853812,0.309517851357568,0.9904797636402767,-0.343,0.309517851357568,-0.342962141853812,0.309517851357568,,0.309517851357568,0.21886217159322616,0.4229,0.765862669569495,0.506973922252655,-0.2227,0.2009,0.9990000000000001,,,,15.0873680937612,,,,
4201,P35557,A,201,A,SYN,,,,,100.0,2.0,6.0,1.5165670430620302,0.05,0.0017352102270421052,1.5166,0.05,1.5165670430620302,0.05,,0.05,0.035355339059327376,,,,1.5166,0.0354,,,,,15.0873680937612,,,,
4202,P35557,A,201,V,NONSYN,0.41129671784225785,0.43846942739926825,0.09591985845820629,-0.6206999999999999,100.0,2.0,6.0,0.7221038544491841,0.126191768264335,0.23662743401296865,0.7221,0.126191768264335,0.7221038544491841,0.126191768264335,,0.126191768264335,0.08923105506963264,0.3999,0.32219897750178117,0.44175803661346436,0.7095,0.0875,1.0,,,,15.0873680937612,,,,
4203,P35557,A,201,R,NONSYN,0.3190441200491768,-0.014204869791246794,0.09209666498405254,-1.2025333333333335,100.0,2.0,6.0,-0.533453640386907,0.35987214499820896,0.9961204238989804,-0.5335,0.35987214499820896,-0.533453640386907,0.35987214499820896,,0.35987214499820896,0.25446803408838203,0.1362,0.6696118087027945,0.32832270860671997,-0.2822,0.2011,1.0,,,,15.0873680937612,,,,
4204,P35557,A,201,D,NONSYN,0.4810824638550644,-0.2784425990771332,0.16064799637942465,-1.4933333333333332,,,,,,,,,,,,,,0.1104,,0.31475651264190674,0.1104,0.3148,1.0,,,,15.0873680937612,,,,
4205,P35557,A,201,F,NONSYN,0.3975861635372093,-0.2691626306649295,0.15368379498783274,-1.7417666666666667,100.0,2.0,6.0,-0.41906098714545104,0.35485421964897795,0.9933774883368606,-0.4191,0.35485421964897795,-0.41906098714545104,0.35485421964897795,,0.35485421964897795,0.2509198250464529,0.0901,0.5091277181215558,0.31027036905288696,-0.2177,0.1951,1.0,,,,15.0873680937612,,,,
4206,P35557,A,201,T,NONSYN,0.4593194656393701,0.353310633619402,0.08885871875846502,-0.5557333333333333,100.0,2.0,6.0,0.079328825626086,0.7004255847027409,0.9237247815276358,0.0793,0.7004255847027409,0.079328825626086,0.7004255847027409,,0.7004255847027409,0.49527568065986055,0.3606,0.2813054119017613,0.4056524336338043,0.2477,0.3138,1.0,,,,15.0873680937612,,,,
4207,P35557,A,201,I,NONSYN,0.2533067127168299,-0.22046486997787654,0.1216559379003891,-1.2775999999999998,,,,,,,,,,,,,,0.0981,,0.291496217250824,0.0981,0.2915,1.0,,,,15.0873680937612,,,,
4208,P35557,A,201,L,NONSYN,0.33775241979079834,-0.1871039828749906,0.11381884368910483,-1.1322666666666665,100.0,2.0,6.0,-0.0147563011356756,0.221348499317006,0.9521615294761502,-0.0148,0.221348499317006,-0.0147563011356756,0.221348499317006,,0.221348499317006,0.1565170248725208,0.0981,0.11289400765384881,0.296949565410614,0.0098,0.1385,1.0,,,,15.0873680937612,,,,
4209,P35557,A,201,K,NONSYN,0.13783323133742972,0.5866405707640663,0.12692237991542132,-0.7036666666666666,,,,,,,,,,,,,,0.6376,,0.5068079829216003,0.6376,0.5068,1.0,,,,15.0873680937612,,,,
4210,P35557,A,201,G,NONSYN,0.5077306515769983,0.3185245330818284,0.18299682796522607,-0.48503333333333326,100.0,2.0,6.0,0.183687127238807,0.173033496986226,0.8733742668180968,0.1837,0.173033496986226,0.183687127238807,0.173033496986226,,0.173033496986226,0.12235315909138243,0.4229,0.23921340047687598,0.5046452879905701,0.197,0.1189,0.9990000000000001,,,,15.0873680937612,,,,
4211,P35557,A,201,Y,NONSYN,0.2413102682766479,-0.1730540171518542,0.11140848470411024,-1.7480333333333335,100.0,2.0,6.0,-0.707386827684677,0.5724028022319749,0.9982330331621132,-0.7074,0.5724028022319749,-0.707386827684677,0.5724028022319749,,0.5724028022319749,0.4047499030284117,0.0778,0.7852344574702147,0.2947787046432495,-0.1943,0.2383,1.0,,,,15.0873680937612,,,,
4212,P35557,A,201,N,NONSYN,0.2596281291448914,-0.22046486997787654,0.1216559379003891,-1.2775999999999998,,,,,,,,,,,,,,0.0981,,0.291496217250824,0.0981,0.2915,1.0,,,,15.0873680937612,,,,
4213,P35557,A,201,C,NONSYN,0.4521425054357098,0.5014817769842,0.12167392151216383,-0.6387,100.0,2.0,6.0,0.977580235788783,0.19851905356442198,0.059559220304116214,0.9776,0.19851905356442198,0.977580235788783,0.19851905356442198,,0.19851905356442198,0.14037416897013824,0.4586,0.5190140469765271,0.4834999144077301,0.9372,0.1348,1.0,,,,15.0873680937612,,,,
4214,P35557,A,201,P,NONSYN,0.3737321559264451,0.40568250504399334,0.09172659515332572,-0.7609666666666666,100.0,2.0,6.0,0.628200557333201,0.39280615328788104,0.35290369947409794,0.6282,0.39280615328788104,0.628200557333201,0.39280615328788104,,0.39280615328788104,0.2777558946816631,0.3709,0.2573337520181833,0.4007730782032013,0.5447,0.2283,1.0,,,,15.0873680937612,,,,
4215,P35557,A,201,E,NONSYN,0.3924454343376217,0.5866405707640663,0.12692237991542132,-0.7036666666666666,100.0,2.0,6.0,0.0853263601729822,0.12560761637463902,0.9214382806715196,0.0853,0.12560761637463902,0.0853263601729822,0.12560761637463902,,0.12560761637463902,0.08881799730718568,0.6376,0.5522304311325598,0.5068079829216003,0.1018,0.0875,1.0,,,,15.0873680937612,,,,
4216,P35557,A,201,M,NONSYN,0.19919007049311416,-0.22046486997787654,0.1216559379003891,-1.2775999999999998,,,,,,,,,,,,,,0.1168,,0.29812806844711304,0.1168,0.2981,1.0,,,,15.0873680937612,,,,
4217,P35557,A,201,W,NONSYN,0.17944660888741126,-0.4132108277470583,0.17344009154393272,-1.6450666666666667,100.0,2.0,6.0,0.0130836041009354,0.0979382456979135,0.945056777504987,0.0131,0.0979382456979135,0.0130836041009354,0.0979382456979135,,0.0979382456979135,0.06925279767050885,0.1038,0.09075984644532925,0.30913567543029785,0.0174,0.0676,1.0,,,,15.0873680937612,,,,
4218,P35557,A,201,H,NONSYN,0.3663343704598138,-0.41853225640241987,0.16768821712043122,-1.4033999999999998,100.0,2.0,6.0,-0.11318466841104699,0.296479158087238,0.9706831176005158,-0.1132,0.296479158087238,-0.11318466841104699,0.296479158087238,,0.296479158087238,0.20964242316396442,0.1104,0.22354147611978722,0.31251150369644165,-0.0438,0.1741,1.0,,,,15.0873680937612,,,,
4219,P35557,A,201,Q,NONSYN,0.3707092191809771,0.7759615491903893,0.10791736835463402,-0.6389333333333332,100.0,2.0,6.0,0.154140919170215,0.310259150924136,0.8901010428265094,0.1541,0.310259150924136,0.154140919170215,0.310259150924136,,0.310259150924136,0.21938634954363703,0.731,0.5768876972581602,0.4754067659378052,0.2554,0.1992,1.0,,,,15.0873680937612,,,,
4220,P35557,A,201,*,STOP,,,,,100.0,2.0,6.0,0.16852275127901997,0.05,0.8822283335330807,0.1685,0.05,0.16852275127901997,0.05,,0.05,0.035355339059327376,,,,0.1685,0.0354,,,,,15.0873680937612,,,,
4221,P35557,M,202,S,NONSYN,0.31494457442558743,0.051225170685954974,0.04640691412992956,-1.5281333333333336,100.0,2.0,6.0,-0.250514605158806,0.15311123520443698,0.9851000767813154,-0.2505,0.15311123520443698,-0.250514605158806,0.15311123520443698,,0.15311123520443698,0.10826599268890583,0.1348,0.3853592063131334,0.28605663776397705,-0.2022,0.1013,1.0,,,,16.283537735835715,,,,
4222,P35557,M,202,A,NONSYN,0.38040172866410704,-0.048570851435005856,0.12466430712856104,-1.2302,100.0,2.0,6.0,0.3889860816489821,0.21204881426339897,0.6872543999327156,0.389,0.21204881426339897,0.3889860816489821,0.21204881426339897,,0.21204881426339897,0.1499411545082161,0.1443,0.24471891002765944,0.34820806980133057,0.3507,0.1377,0.9990000000000001,,,,16.283537735835715,,,,
4223,P35557,M,202,V,NONSYN,0.43335182923768345,-0.18942060807583663,0.051195797236850527,-0.17053333333333334,100.0,2.0,6.0,0.16466219979851598,0.0664899597883682,0.8843907548962602,0.1647,0.0664899597883682,0.16466219979851598,0.0664899597883682,,0.0664899597883682,0.04701550144717602,0.1955,0.030808848556586554,0.33903825283050537,0.1652,0.0466,0.997,,,,16.283537735835715,,,,
4224,P35557,M,202,R,NONSYN,0.4133638176812908,0.10781422327417205,0.13249915395802456,-1.2179,100.0,2.0,6.0,-0.0801691424785516,0.0932611694707275,0.9654558688829245,-0.0802,0.0932611694707275,-0.0801691424785516,0.0932611694707275,,0.0932611694707275,0.06594560535413924,0.2051,0.28528085469588255,0.4124029576778412,-0.0731,0.0651,1.0,,,,16.283537735835715,,,,
4225,P35557,M,202,D,NONSYN,,-0.21022626485200632,0.05492111170603705,-1.9705666666666666,100.0,2.0,6.0,-0.28067957393394105,0.435533024930967,0.9871362860783462,-0.2807,0.435533024930967,-0.28067957393394105,0.435533024930967,,0.435533024930967,0.30796835535937644,0.0778,0.35852720371947877,0.27267351746559143,-0.0797,0.2042,1.0,,,,16.283537735835715,,,,
4226,P35557,M,202,F,NONSYN,0.3024433202519795,-0.09819514544426237,0.06665556103340683,-0.4272,100.0,2.0,6.0,-0.227325993500758,0.101278546630132,0.9833102674783124,-0.2273,0.101278546630132,-0.227325993500758,0.101278546630132,,0.101278546630132,0.0716147471108843,0.201,0.428352045737315,0.3520992398262024,-0.2103,0.0702,0.998,,,,16.283537735835715,,,,
4227,P35557,M,202,T,NONSYN,0.4428972613017431,-0.0668402794021215,0.06416703907596331,-0.9479666666666667,100.0,2.0,6.0,0.0500901412454919,0.23473691452589804,0.9339834118867197,0.0501,0.23473691452589804,0.0500901412454919,0.23473691452589804,,0.23473691452589804,0.16598406405606947,0.1452,0.0951512384923621,0.323391318321228,0.0699,0.1477,0.9990000000000001,,,,16.283537735835715,,,,
4228,P35557,M,202,I,NONSYN,0.5092966528428504,0.048499397694693004,0.04771217849040734,0.1806,100.0,2.0,6.0,0.168401946650043,0.128334776545481,0.8822965550012156,0.1684,0.128334776545481,0.168401946650043,0.128334776545481,,0.128334776545481,0.0907463907573699,0.2404,0.07199413575123265,0.3457551598548889,0.173,0.0878,0.9940000000000001,,,,16.283537735835715,,,,
4229,P35557,M,202,L,NONSYN,0.4802407566174219,0.03524605098260033,0.041598660255636154,0.0198,100.0,2.0,6.0,0.20816198678632103,0.162166201204931,0.8578199569220629,0.2082,0.162166201204931,0.20816198678632103,0.162166201204931,,0.162166201204931,0.11466882055126877,0.2612,0.053032480758234635,0.3457551598548889,0.2134,0.1088,0.97,,,,16.283537735835715,,,,
4230,P35557,M,202,K,NONSYN,0.4908604207297649,0.04271047628693216,0.05680834241856506,-1.2170333333333332,100.0,2.0,6.0,0.11514209848316802,0.516349426545145,0.9090660161217774,0.1151,0.516349426545145,0.11514209848316802,0.516349426545145,,0.516349426545145,0.36511418097185716,0.1348,0.019702502671159375,0.28801873326301575,0.1273,0.2261,1.0,,,,16.283537735835715,,,,
4231,P35557,M,202,G,NONSYN,0.2313069645088376,-0.262646717880816,0.11414480870516526,-2.044633333333333,100.0,2.0,6.0,-0.12341821484751199,0.0972638505607632,0.972134740030957,-0.1234,0.0972638505607632,-0.12341821484751199,0.0972638505607632,,0.0972638505607632,0.06877592829583064,0.0778,0.2012658446330497,0.28372377157211304,-0.1122,0.0668,1.0,,,,16.283537735835715,,,,
4232,P35557,M,202,Y,NONSYN,,0.025998872869024647,0.053235078198340426,-1.5137666666666665,100.0,2.0,6.0,-0.174835711708015,0.10581283785465101,0.9783944249172226,-0.1748,0.10581283785465101,-0.174835711708015,0.10581283785465101,,0.10581283785465101,0.07482097518361634,0.1269,0.30178228019708975,0.2902982831001282,-0.156,0.0725,1.0,,,,16.283537735835715,,,,
4233,P35557,M,202,N,NONSYN,0.3182579182514713,-0.178365890111464,0.06540927616921566,-1.7266666666666666,100.0,2.0,6.0,-0.27037844001727696,0.177657936026359,0.9864754067616585,-0.2704,0.177657936026359,-0.27037844001727696,0.177657936026359,,0.177657936026359,0.12562313129584426,0.0778,0.3482260698028147,0.2820962071418762,-0.2128,0.1148,1.0,,,,16.283537735835715,,,,
4234,P35557,M,202,C,NONSYN,,-0.20780350302533968,0.057544184138621224,-1.5218999999999998,100.0,2.0,6.0,0.526571415975078,0.0510282692409256,0.4984427797074801,0.5266,0.0510282692409256,0.526571415975078,0.0510282692409256,,0.0510282692409256,0.03608243521247141,0.0981,0.42843370945690473,0.2836664319038391,0.5197,0.0358,1.0,,,,16.283537735835715,,,,
4235,P35557,M,202,P,NONSYN,0.29396488881585514,-0.23510692397256835,0.06227102316983588,-1.7313666666666665,100.0,2.0,6.0,-0.10015533843396401,0.196913223821232,0.968723250024447,-0.1002,0.196913223821232,-0.10015533843396401,0.196913223821232,,0.196913223821232,0.13923867586929753,0.0778,0.17800296821950173,0.2820962071418762,-0.0653,0.1249,1.0,,,,16.283537735835715,,,,
4236,P35557,M,202,E,NONSYN,0.3715633530173947,-0.18953132355347965,0.07276360096434252,-1.7125666666666666,100.0,2.0,6.0,-0.23688213969123,0.115201190703194,0.9840732962133754,-0.2369,0.115201190703194,-0.23688213969123,0.115201190703194,,0.115201190703194,0.08145954314699312,0.085,0.32183959031951065,0.284254789352417,-0.2125,0.0783,1.0,,,,16.283537735835715,,,,
4237,P35557,M,202,M,SYN,,,,,,,,,,,,,,,,,,,,,,,,,,,16.283537735835715,,,,
4238,P35557,M,202,W,NONSYN,0.17309253470131644,-0.07184721638472986,0.12883180817777198,-1.278,100.0,2.0,6.0,-0.18068551030963398,0.0665359637237463,0.979008991135414,-0.1807,0.0665359637237463,-0.18068551030963398,0.0665359637237463,,0.0665359637237463,0.04704803114184314,0.1332,0.3139007290920589,0.3144952654838562,-0.1738,0.0465,1.0,,,,16.283537735835715,,,,
4239,P35557,M,202,H,NONSYN,,0.03374036636941896,0.04548705020992696,-1.4892,100.0,2.0,6.0,-0.198060192209198,0.15800186488313597,0.9807308089808703,-0.1981,0.15800186488313597,-0.198060192209198,0.15800186488313597,,0.15800186488313597,0.11172419009898607,0.1269,0.3250067606982727,0.28461822867393494,-0.1547,0.104,1.0,,,,16.283537735835715,,,,
4240,P35557,M,202,Q,NONSYN,0.13890249407095925,-0.004191217485583367,0.06226273979467504,-0.3912,100.0,2.0,6.0,-0.509337777376795,0.143007044953773,0.995662338234192,-0.5093,0.143007044953773,-0.509337777376795,0.143007044953773,,0.143007044953773,0.10112125124426233,0.2201,0.7294255738264562,0.360429584980011,-0.4561,0.0974,1.0,,,,16.283537735835715,,,,
4241,P35557,M,202,*,STOP,,,,,100.0,2.0,6.0,-0.13748598922678698,0.05,0.9740118296527108,-0.1375,0.05,-0.13748598922678698,0.05,,0.05,0.035355339059327376,,,,-0.1375,0.0354,,,,,16.283537735835715,,,,
4242,P35557,V,203,S,NONSYN,0.33699392667600697,-0.17999852109741835,0.21176554155684094,-1.4466,100.0,2.0,6.0,-0.20364393457095298,0.151522989946645,0.981252825082389,-0.2036,0.151522989946645,-0.20364393457095298,0.151522989946645,,0.151522989946645,0.10714293369693374,0.125,0.3286804722182003,0.3826647996902466,-0.1798,0.1032,0.986,,,,9.742568581048337,,,,
4243,P35557,V,203,A,NONSYN,0.4716545268994549,-0.10588932862579647,0.18680865034288754,-0.7901333333333334,100.0,2.0,6.0,-0.210659175855124,0.27171213776659897,0.9818881418023919,-0.2107,0.27171213776659897,-0.210659175855124,0.27171213776659897,,0.27171213776659897,0.19212949514545555,0.2473,0.45796382401605845,0.417302668094635,-0.1306,0.1745,0.757,,,,9.742568581048337,,,,
4244,P35557,V,203,V,SYN,,,,,100.0,2.0,6.0,0.30622087134033,0.05,0.7780329363908604,0.3062,0.05,0.30622087134033,0.05,,0.05,0.035355339059327376,,,,0.3062,0.0354,,,,,9.742568581048337,,,,
4245,P35557,V,203,R,NONSYN,0.17643841508486408,-0.1375764746983792,0.12969796617470977,-1.9857333333333334,100.0,2.0,6.0,-0.0891489357777065,0.0871557352354899,0.9669645589454209,-0.0891,0.0871557352354899,-0.0891489357777065,0.0871557352354899,,0.0871557352354899,0.06162841140431422,0.0914,0.18055692027286946,0.30035310983657837,-0.0819,0.0604,1.0,,,,9.742568581048337,,,,
4246,P35557,V,203,D,NONSYN,0.27348180848279724,-0.21907839318691025,0.08863056582865349,-2.3809,,,,,,,,,,,,,,0.0778,,0.27926105260849,0.0778,0.2793,1.0,,,,9.742568581048337,,,,
4247,P35557,V,203,F,NONSYN,0.4053248813429461,-0.11245841140347979,0.07615767726127207,-0.9184666666666667,100.0,2.0,6.0,-0.20223842488330104,0.7438482387250192,0.9811228094184474,-0.2022,0.7438482387250192,-0.20223842488330104,0.7438482387250192,,0.7438482387250192,0.5259801337761308,0.1179,0.32016725765269494,0.3021933138370514,0.0385,0.262,0.9940000000000001,,,,9.742568581048337,,,,
4248,P35557,V,203,T,NONSYN,0.3185872156759129,-0.25091691612825323,0.17508876204430932,-0.1374,100.0,2.0,6.0,-0.192357437209726,0.259289684919277,0.9801822477259013,-0.1924,0.259289684919277,-0.192357437209726,0.259289684919277,,0.259289684919277,0.18334549449814405,0.2532,0.4455956383510834,0.4082058072090149,-0.1176,0.1672,0.8009999999999999,,,,9.742568581048337,,,,
4249,P35557,V,203,I,NONSYN,0.4306262074024321,-0.2448163365797872,0.17403910760892546,-0.1123,100.0,2.0,6.0,0.5126591053559421,0.11222089332156401,0.5187404258547236,0.5127,0.11222089332156401,0.5126591053559421,0.11222089332156401,,0.11222089332156401,0.07935215465849005,0.3358,0.17690643935939054,0.43441933393478394,0.5069,0.0781,0.001,,,,9.742568581048337,,,,
4250,P35557,V,203,L,NONSYN,0.4667115524229356,-0.3241015666858793,0.17640834380479484,-0.29109999999999997,100.0,2.0,6.0,0.0271965144631523,0.242656579655659,0.9410670657392193,0.0272,0.242656579655659,0.0271965144631523,0.242656579655659,,0.242656579655659,0.1715841129740501,0.2576,0.23045317544964372,0.42048385739326477,0.0601,0.1589,0.17600000000000002,,,,9.742568581048337,,,,
4251,P35557,V,203,K,NONSYN,0.1909141340536438,-0.12531496836301034,0.07129767979791411,-1.7571333333333332,100.0,2.0,6.0,-0.350399388401338,0.248972581053347,0.9908137480918574,-0.3504,0.248972581053347,-0.350399388401338,0.248972581053347,,0.248972581053347,0.17605020039233898,0.084,0.43440954241020335,0.2853894829750061,-0.2307,0.1498,0.9990000000000001,,,,9.742568581048337,,,,
4252,P35557,V,203,G,NONSYN,0.3807983932718594,-0.20416886137831472,0.07823910015220047,-2.1775333333333333,100.0,2.0,6.0,-0.13387753120349302,0.19699870431325398,0.9735429760683739,-0.1339,0.19699870431325398,-0.13387753120349302,0.19699870431325398,,0.19699870431325398,0.13929911970486544,0.083,0.2168839429943408,0.26711857318878174,-0.0875,0.1235,0.9940000000000001,,,,9.742568581048337,,,,
4253,P35557,V,203,Y,NONSYN,0.33250944557826595,-0.12531496836301034,0.07129767979791411,-1.7571333333333332,100.0,2.0,6.0,0.116576753439853,0.41939752388927004,0.908426386489082,0.1166,0.41939752388927004,0.116576753439853,0.41939752388927004,,0.41939752388927004,0.2965588331549499,0.1006,0.016002826275775248,0.2853894829750061,0.1083,0.2056,0.992,,,,9.742568581048337,,,,
4254,P35557,V,203,N,NONSYN,0.2445312890805706,-0.24104675999832278,0.12651267891846588,-2.1033666666666666,100.0,2.0,6.0,0.0241518300831123,0.177323090994985,0.9419512007880332,0.0242,0.177323090994985,0.0241518300831123,0.177323090994985,,0.177323090994985,0.12538636010351312,0.0867,0.06257727920414966,0.28226056694984436,0.0345,0.1146,0.9990000000000001,,,,9.742568581048337,,,,
4255,P35557,V,203,C,NONSYN,0.4349501020449153,-0.20551384510312598,0.1900434021401982,-0.9503666666666666,100.0,2.0,6.0,0.0769278762156376,0.0872533679172961,0.9246220873200122,0.0769,0.0872533679172961,0.0769278762156376,0.0872533679172961,,0.0872533679172961,0.06169744813568481,0.1326,0.055705899257003394,0.3654240667819977,0.0785,0.0608,0.9990000000000001,,,,9.742568581048337,,,,
4256,P35557,V,203,P,NONSYN,0.17175025849116904,-0.25111548753922613,0.06647904734844075,-1.883333333333333,100.0,2.0,6.0,-0.0864818657769119,0.457555787878407,0.9665235467900251,-0.0865,0.457555787878407,-0.0864818657769119,0.457555787878407,,0.457555787878407,0.32354080037997507,0.0786,0.16507130516900176,0.27436017990112305,0.0095,0.2093,0.9990000000000001,,,,9.742568581048337,,,,
4257,P35557,V,203,E,NONSYN,0.32079411141973807,-0.37284380622959307,0.0912728943598164,-1.7854,100.0,2.0,6.0,0.39218712519841,0.0594513945322039,0.6833257619626562,0.3922,0.0594513945322039,0.39218712519841,0.0594513945322039,,0.0594513945322039,0.0420384842247182,0.0786,0.31359768580632014,0.2896978557109833,0.3857,0.0416,0.998,,,,9.742568581048337,,,,
4258,P35557,V,203,M,NONSYN,0.4348220015603004,-0.12527336620056592,0.10539366472774991,-0.2969,100.0,2.0,6.0,-0.569288086992788,0.6473790552959521,0.9967095673325271,-0.5693,0.6473790552959521,-0.569288086992788,0.6473790552959521,,0.6473790552959521,0.4577661199979086,0.2123,0.7815498233857628,0.4125020205974579,-0.138,0.3064,0.9890000000000001,,,,9.742568581048337,,,,
4259,P35557,V,203,W,NONSYN,0.20407639127029992,-0.137515385017245,0.0892938133246219,-1.7649666666666668,100.0,2.0,6.0,-0.31379813843863397,0.0998342574150168,0.9890434327973258,-0.3138,0.0998342574150168,-0.31379813843863397,0.0998342574150168,,0.0998342574150168,0.07059348041288173,0.0833,0.3970664828409472,0.29177919030189514,-0.2918,0.0686,1.0,,,,9.742568581048337,,,,
4260,P35557,V,203,H,NONSYN,0.2484595230317529,-0.06629154563269574,0.0657639255576572,-2.2815999999999996,100.0,2.0,6.0,-0.54750947844035,0.266729866124539,0.9963637322060982,-0.5475,0.266729866124539,-0.54750947844035,0.266729866124539,,0.266729866124539,0.18860649708164148,0.1034,0.6509256232882199,0.2646900415420532,-0.3283,0.1536,0.9990000000000001,,,,9.742568581048337,,,,
4261,P35557,V,203,Q,NONSYN,0.31633139311143543,-0.09067013388052066,0.0647596811217344,-1.7866,100.0,2.0,6.0,-0.454333891848807,0.279283220650211,0.9943921964123843,-0.4543,0.279283220650211,-0.454333891848807,0.279283220650211,,0.279283220650211,0.197483059193383,0.0872,0.541512390355353,0.28114959597587585,-0.2754,0.1616,1.0,,,,9.742568581048337,,,,
4262,P35557,V,203,*,STOP,,,,,100.0,2.0,6.0,-0.251390418066663,0.05,0.9851636605372466,-0.2514,0.05,-0.251390418066663,0.05,,0.05,0.035355339059327376,,,,-0.2514,0.0354,,,,,9.742568581048337,,,,
4263,P35557,N,204,S,NONSYN,0.4614809963725863,0.026378914397591435,0.10987589903172061,-0.21126666666666663,100.0,2.0,6.0,0.832989047451884,0.27782683481553194,0.1357107816205708,0.833,0.27782683481553194,0.832989047451884,0.27782683481553194,,0.27782683481553194,0.19645323889365743,0.2324,0.6006099685868327,0.39873403310775757,0.7157,0.1762,0.9990000000000001,,,,19.880520015536025,,,,
4264,P35557,N,204,A,NONSYN,0.4106254114956999,0.7082348786683063,0.07891488334538217,-1.0525333333333333,100.0,2.0,6.0,0.151045392162881,0.230803529352871,0.8917310764608967,0.151,0.230803529352871,0.151045392162881,0.230803529352871,,0.230803529352871,0.16320274072720342,0.6186,0.4675185578989171,0.44530540704727173,0.2064,0.1532,1.0,,,,19.880520015536025,,,,
4265,P35557,N,204,V,NONSYN,0.4102202219640225,-0.17255034376251746,0.16248673501572006,-2.3712,100.0,2.0,6.0,0.47358641494107595,0.216299889694403,0.5749153694002893,0.4736,0.216299889694403,0.47358641494107595,0.216299889694403,,0.216299889694403,0.15294711877281458,0.0901,0.3835196839649712,0.29927945137023926,0.3942,0.1362,1.0,,,,19.880520015536025,,,,
4266,P35557,N,204,R,NONSYN,0.3307848248630052,0.06962580412196487,0.090359696015128,-0.5994,100.0,2.0,6.0,-0.259535864231368,0.2629846812068,0.9857417679429613,-0.2595,0.2629846812068,-0.259535864231368,0.2629846812068,,0.2629846812068,0.1859582514295107,0.2452,0.5047529789183339,0.37759456038475037,-0.161,0.1668,1.0,,,,19.880520015536025,,,,
4267,P35557,N,204,D,NONSYN,0.4678114494578813,0.34530787293948445,0.10632177180914383,-0.12283333333333335,100.0,2.0,6.0,0.0362255150868668,0.14993308999319,0.938366816462155,0.0362,0.14993308999319,0.0362255150868668,0.14993308999319,,0.14993308999319,0.10601870465843753,0.4038,0.36759923152186735,0.45149117708206177,0.0554,0.1032,0.9990000000000001,,,,19.880520015536025,,,,
4268,P35557,N,204,F,NONSYN,0.4766309376333202,0.11870809074677384,0.07476395830917106,-2.3051,100.0,2.0,6.0,-0.40018888858679796,0.649158574597957,0.9927575083671071,-0.4002,0.649158574597957,-0.40018888858679796,0.649158574597957,,0.649158574597957,0.45902443016360867,0.1931,0.5932745888603117,0.32817763090133667,-0.0076,0.267,1.0,,,,19.880520015536025,,,,
4269,P35557,N,204,T,NONSYN,0.41339841489256257,0.34530787293948445,0.10632177180914383,-0.12283333333333335,100.0,2.0,6.0,-0.123797828173795,0.30169329232963504,0.9721871607499549,-0.1238,0.30169329232963504,-0.123797828173795,0.30169329232963504,,0.30169329232963504,0.21332937284478035,0.3606,0.4844320657016423,0.419935017824173,-0.0244,0.1902,1.0,,,,19.880520015536025,,,,
4270,P35557,N,204,I,NONSYN,0.408580276197032,0.02649392937344719,0.1646883833197018,-2.3165333333333336,100.0,2.0,6.0,-0.12354640446681801,0.18390160543840603,0.972152452929039,-0.1235,0.18390160543840603,-0.12354640446681801,0.18390160543840603,,0.18390160543840603,0.13003807227658976,0.1189,0.2424461074926359,0.3059113025665283,-0.0864,0.1197,1.0,,,,19.880520015536025,,,,
4271,P35557,N,204,L,NONSYN,0.3056093223191409,-0.016716292704180014,0.16700171285526874,-2.2992666666666666,100.0,2.0,6.0,0.0060842617660636,0.141450512732773,0.9469355839467745,0.0061,0.141450512732773,0.0060842617660636,0.141450512732773,,0.141450512732773,0.10002061675565788,0.1189,0.11281544125975428,0.3059113025665283,0.017,0.0951,1.0,,,,19.880520015536025,,,,
4272,P35557,N,204,K,NONSYN,0.42687331501914416,0.09362267023635211,0.09155331785851435,-0.41683333333333333,,,,,,,,,,,,,,0.2744,,0.376659095287323,0.2744,0.3767,1.0,,,,19.880520015536025,,,,
4273,P35557,N,204,G,NONSYN,0.3767377141694753,0.07836000596401534,0.08896374461321922,-0.8320333333333334,100.0,2.0,6.0,-0.0108952494208434,0.189521111290045,0.9512334411506662,-0.0109,0.189521111290045,-0.0108952494208434,0.189521111290045,,0.189521111290045,0.13401166297120118,0.1845,0.19538715201064139,0.3461219072341919,0.0146,0.125,1.0,,,,19.880520015536025,,,,
4274,P35557,N,204,Y,NONSYN,0.484545468725929,-0.09727220290139399,0.10002227878036425,-1.7925666666666666,100.0,2.0,6.0,2.39513574965713,0.0837667264933942,2.428323925247105e-06,2.3951,0.0837667264933942,2.39513574965713,0.0837667264933942,,0.0837667264933942,0.05923202034127786,0.0937,2.3014438939881083,0.28739216923713684,2.3014,0.058,1.0,,,,19.880520015536025,,,,
4275,P35557,N,204,N,SYN,,,,,100.0,2.0,6.0,0.23394119015900697,0.05,0.8396462450512372,0.2339,0.05,0.23394119015900697,0.05,,0.05,0.035355339059327376,,,,0.2339,0.0354,,,,,19.880520015536025,,,,
4276,P35557,N,204,C,NONSYN,0.3246931060135203,0.596340433174828,0.09716496585743355,-1.7648,100.0,2.0,6.0,0.31429784142846395,0.13099055839850202,0.7701251945886614,0.3143,0.13099055839850202,0.31429784142846395,0.13099055839850202,,0.13099055839850202,0.09262431211499324,0.595,0.28072370445852945,0.4684118330478668,0.3249,0.0909,1.0,,,,19.880520015536025,,,,
4277,P35557,N,204,P,NONSYN,0.19454249209923347,0.6475950097873676,0.08698811952657372,-1.746833333333333,100.0,2.0,6.0,0.16053411159084502,0.225593182771716,0.8866628687511193,0.1605,0.225593182771716,0.16053411159084502,0.225593182771716,,0.225593182771716,0.1595184693273366,0.6159,0.4553441723866635,0.4614906311035156,0.2091,0.1508,1.0,,,,19.880520015536025,,,,
4278,P35557,N,204,E,NONSYN,0.4910285186421727,-0.13140964727533547,0.10437593294613,-0.6006666666666667,100.0,2.0,6.0,0.343570489960533,0.14152967777016198,0.7397173622893223,0.3436,0.14152967777016198,0.343570489960533,0.14152967777016198,,0.14152967777016198,0.1000765948904285,0.1985,0.14508526452146137,0.3725014328956604,0.3338,0.0966,1.0,,,,19.880520015536025,,,,
4279,P35557,N,204,M,NONSYN,0.37063326035798777,0.9566559008921462,0.06457883854038124,-1.7604999999999997,100.0,2.0,6.0,-0.7666485617234909,0.334707935431594,0.998638079509016,-0.7666,0.334707935431594,-0.7666485617234909,0.334707935431594,,0.334707935431594,0.2366742508606292,0.7754,1.5420860359742843,0.4267449975013733,-0.4039,0.207,1.0,,,,19.880520015536025,,,,
4280,P35557,N,204,W,NONSYN,0.5592228368220948,-0.17255034376251746,0.16248673501572006,-2.3712,100.0,2.0,6.0,-0.28137642664886303,0.18485717654633702,0.9871797688922879,-0.2814,0.18485717654633702,-0.28137642664886303,0.18485717654633702,,0.18485717654633702,0.1307137630869137,0.0901,0.37144315762496777,0.29927945137023926,-0.2219,0.1198,1.0,,,,19.880520015536025,,,,
4281,P35557,N,204,H,NONSYN,0.4549298465836239,0.25676218940013573,0.10750536954293388,-0.22196666666666665,100.0,2.0,6.0,0.141839222444251,0.294046436601443,0.8964478163746386,0.1418,0.294046436601443,0.141839222444251,0.294046436601443,,0.294046436601443,0.20792222930462054,0.333,0.1911264495718928,0.40941593050956726,0.181,0.1854,1.0,,,,19.880520015536025,,,,
4282,P35557,N,204,Q,NONSYN,0.3943650294167221,0.28367681390744665,0.11894674337196222,-0.14383333333333334,100.0,2.0,6.0,0.0610953489223183,0.199566249325427,0.9302894138013881,0.0611,0.199566249325427,0.0610953489223183,0.199566249325427,,0.199566249325427,0.14111464819397468,0.348,0.28692758885233993,0.41424745321273804,0.0909,0.1336,1.0,,,,19.880520015536025,,,,
4283,P35557,N,204,*,STOP,,,,,100.0,2.0,6.0,-0.16468010889847198,0.05,0.9772833952347579,-0.1647,0.05,-0.16468010889847198,0.05,,0.05,0.035355339059327376,,,,-0.1647,0.0354,,,,,19.880520015536025,C,204.0,,
4284,P35557,D,205,S,NONSYN,0.3690767940714815,-0.21289016256366167,0.1556678272953587,-0.9501333333333332,100.0,2.0,6.0,0.0226731625866491,0.233201527274416,0.9423758741435981,0.0227,0.233201527274416,0.0226731625866491,0.233201527274416,,0.233201527274416,0.16489838131879916,0.1828,0.16012978278879342,0.3751388490200043,0.0486,0.151,1.0,,,,36.283794439881774,,,,
4285,P35557,D,205,A,NONSYN,0.4216252277516441,-0.22959186195416262,0.1474460869285006,-1.4927333333333335,100.0,2.0,6.0,-0.7360422256147181,0.208128304840905,0.9984428175913009,-0.736,0.208128304840905,-0.7360422256147181,0.208128304840905,,0.208128304840905,0.14716893570986486,0.1104,0.8463990333234583,0.31475651264190674,-0.5842,0.1333,1.0,,,,36.283794439881774,,,,
4286,P35557,D,205,V,NONSYN,0.4506084315132353,-0.012380681692443052,0.1369495793017457,-2.6115333333333335,100.0,2.0,6.0,0.18559513802470698,0.27270996665034597,0.8722187095817143,0.1856,0.27270996665034597,0.18559513802470698,0.27270996665034597,,0.27270996665034597,0.19283506671561684,0.1148,0.07079900617541804,0.32295167446136475,0.167,0.1656,1.0,,,,36.283794439881774,,,,
4287,P35557,D,205,R,NONSYN,0.35823216117602164,-0.5486572615279257,0.14155443611383559,-1.472133333333333,100.0,2.0,6.0,0.22115397310657103,0.27196656831737,0.8488976844205819,0.2212,0.27196656831737,0.22115397310657103,0.27196656831737,,0.27196656831737,0.19230940471324676,0.1088,0.11239293075007994,0.31070590019226074,0.19,0.1635,1.0,,,,36.283794439881774,,,,
4288,P35557,D,205,D,SYN,,,,,,,,,,,,,,,,,,,,,,,,,,,36.283794439881774,,,,
4289,P35557,D,205,F,NONSYN,0.29646296686588297,-0.11623068057308207,0.14889345709640261,-2.6194333333333333,100.0,2.0,6.0,0.497145134666624,0.113654690166997,0.5412342648571109,0.4971,0.113654690166997,0.497145134666624,0.113654690166997,,0.113654690166997,0.08036600213073959,0.0992,0.3979636018068218,0.31890106201171875,0.4734,0.0779,1.0,,,,36.283794439881774,,,,
4290,P35557,D,205,T,NONSYN,0.33041122774515563,-0.346137806733009,0.11604753149253551,-1.2396666666666667,100.0,2.0,6.0,-0.297264017620332,0.36437964900612896,0.9881309224598802,-0.2973,0.36437964900612896,-0.297264017620332,0.36437964900612896,,0.36437964900612896,0.2576553207386078,0.0981,0.3954017241385052,0.291496217250824,-0.1238,0.1931,1.0,,,,36.283794439881774,,,,
4291,P35557,D,205,I,NONSYN,0.3169485018080975,-0.07588104615862704,0.09496942763395531,-2.7128666666666668,100.0,2.0,6.0,-0.30242170245859196,0.669131467754416,0.9884237369992666,-0.3024,0.669131467754416,-0.30242170245859196,0.669131467754416,,0.669131467754416,0.4731473983544552,0.0889,0.39135570676538517,0.29179662466049194,-0.0189,0.2484,1.0,,,,36.283794439881774,,,,
4292,P35557,D,205,L,NONSYN,0.37713817620354506,-0.18477768830309596,0.18149946001717995,-2.7055000000000002,100.0,2.0,6.0,0.0242682239748148,0.13086408488907902,0.9419176422440317,0.0243,0.13086408488907902,0.0242682239748148,0.13086408488907902,,0.13086408488907902,0.09253488183883977,0.0901,0.06579850700128993,0.35229113698005676,0.0285,0.0895,1.0,,,,36.283794439881774,,,,
4293,P35557,D,205,K,NONSYN,0.3517044245741117,-0.2790199184693836,0.15861002007718275,-0.8925333333333333,100.0,2.0,6.0,0.221062430303815,0.19426519006409698,0.8489622179274305,0.2211,0.19426519006409698,0.221062430303815,0.19426519006409698,,0.19426519006409698,0.1373662332428165,0.1319,0.08917049424004853,0.3251328468322754,0.2076,0.1265,1.0,,,,36.283794439881774,,,,
4294,P35557,D,205,G,NONSYN,0.41616550742326497,-0.2707174233761597,0.11786426613508182,-1.4276333333333333,100.0,2.0,6.0,-0.523433624888124,0.40168417548194496,0.9959365807187218,-0.5234,0.40168417548194496,-0.523433624888124,0.40168417548194496,,0.40168417548194496,0.2840336043786104,0.0981,0.6215713314062972,0.2929692268371582,-0.2223,0.2039,1.0,,,,36.283794439881774,,,,
4295,P35557,D,205,Y,NONSYN,0.4224113195979475,0.19531986447426022,0.13766197975863334,-2.560966666666667,100.0,2.0,6.0,-0.33365310073290505,0.8442299727559699,0.9900438526148788,-0.3337,0.8442299727559699,-0.33365310073290505,0.8442299727559699,,0.8442299727559699,0.5969607386166805,0.2585,0.5921350801030223,0.4220711290836334,0.0611,0.3446,1.0,,,,36.283794439881774,,,,
4296,P35557,D,205,N,NONSYN,0.4295009636980524,-0.4092336654395856,0.2270015793469393,-0.2961,100.0,2.0,6.0,0.28544505622628197,0.640670991385474,0.7974152353137602,0.2854,0.640670991385474,0.28544505622628197,0.640670991385474,,0.640670991385474,0.45302280251817684,0.2512,0.03426607635262474,0.508912205696106,0.2703,0.3384,1.0,,,,36.283794439881774,,,,
4297,P35557,D,205,C,NONSYN,0.3461355508488411,-0.030852780153023385,0.17308203831379884,-2.7265333333333337,100.0,2.0,6.0,-0.4375065004754029,0.26617536457735996,0.993930072102296,-0.4375,0.26617536457735996,-0.4375065004754029,0.26617536457735996,,0.26617536457735996,0.18821440527745278,0.1189,0.5564062035012207,0.3255329132080078,-0.2981,0.1629,1.0,,,,36.283794439881774,,,,
4298,P35557,D,205,P,NONSYN,0.2905290433283012,-0.34610729246542365,0.12441717066003866,-1.4699,100.0,2.0,6.0,-0.38649593408093497,0.39498137018668195,0.9922699639432113,-0.3865,0.39498137018668195,-0.38649593408093497,0.39498137018668195,,0.39498137018668195,0.27929400530135684,0.0981,0.4846336405991082,0.2952141761779785,-0.1576,0.2029,1.0,,,,36.283794439881774,,,,
4299,P35557,D,205,E,NONSYN,0.4869275421620544,-0.08478356052051234,0.2014551622339784,-0.3505,100.0,2.0,6.0,-0.687905258530938,0.779409354984913,0.9980734926912094,-0.6879,0.779409354984913,-0.687905258530938,0.779409354984913,,0.779409354984913,0.551125640230065,0.2284,0.9162606960481041,0.449621319770813,-0.1378,0.3484,1.0,,,,36.283794439881774,,,,
4300,P35557,D,205,M,NONSYN,0.2886817698329022,0.11636239065280864,0.21082013942997505,-2.5042666666666666,100.0,2.0,6.0,-0.0967806792685503,0.503812125272711,0.9681943294391885,-0.0968,0.503812125272711,-0.0967806792685503,0.503812125272711,,0.503812125272711,0.3562489702243403,0.1975,0.29431521062345445,0.4259919822216034,0.0243,0.2733,1.0,,,,36.283794439881774,,,,
4301,P35557,D,205,W,NONSYN,0.2933207242208761,-0.23855332631972667,0.17251596617912815,-2.7770999999999995,100.0,2.0,6.0,0.280352818078251,0.0923773960981321,0.8019566005619273,0.2804,0.0923773960981321,0.280352818078251,0.0923773960981321,,0.0923773960981321,0.06532068320934492,0.0901,0.19028608710214628,0.31890106201171875,0.2727,0.064,1.0,,,,36.283794439881774,,,,
4302,P35557,D,205,H,NONSYN,0.4359397753198172,-0.19987840406821367,0.13578202906641695,-1.1262,,,,,,,,,,,,,,0.1155,,0.3190731406211853,0.1155,0.3191,1.0,,,,36.283794439881774,,,,
4303,P35557,D,205,Q,NONSYN,0.3596090029508326,-0.017842808243289304,0.11177717044876721,-0.9301666666666666,100.0,2.0,6.0,-0.5624689003744681,0.5154347791010689,0.9966051593493511,-0.5625,0.5154347791010689,-0.5624689003744681,0.5154347791010689,,0.5154347791010689,0.364467427561756,0.1538,0.7163089355745871,0.35964709520339966,-0.1995,0.256,1.0,,,,36.283794439881774,,,,
4304,P35557,D,205,*,STOP,,,,,100.0,2.0,6.0,-0.500414443793478,0.05,0.995478754060334,-0.5004,0.05,-0.500414443793478,0.05,,0.05,0.035355339059327376,,,,-0.5004,0.0354,,,,,36.283794439881774,H,214.0,,
4305,P35557,T,206,S,NONSYN,0.5112342370012433,-0.34339634721994966,0.20109055781551924,-0.33873333333333333,100.0,2.0,6.0,0.626095331413386,0.16516239978805403,0.3557749653229789,0.6261,0.16516239978805403,0.626095331413386,0.16516239978805403,,0.16516239978805403,0.1167874528871766,0.2239,0.40219623516285197,0.449621319770813,0.6007,0.113,0.9990000000000001,,,,0.2805870791403599,,,,
4306,P35557,T,206,A,NONSYN,0.4371005638552374,-0.618738957831308,0.2121094016139132,-0.5245,100.0,2.0,6.0,-0.191675914601505,0.290015129896254,0.9801156269164363,-0.1917,0.290015129896254,-0.191675914601505,0.290015129896254,,0.290015129896254,0.2050716649963386,0.2229,0.41461424358290455,0.4380989074707031,-0.1172,0.1857,1.0,,,,0.2805870791403599,,,,
4307,P35557,T,206,V,NONSYN,0.335359974884157,-0.515283801319317,0.21843556653915008,-0.4691,100.0,2.0,6.0,-0.5020413841374779,0.187302437239702,0.9955128234176379,-0.502,0.187302437239702,-0.5020413841374779,0.187302437239702,,0.187302437239702,0.132442823504961,0.23,0.7320803548463249,0.500247061252594,-0.4541,0.128,1.0,,,,0.2805870791403599,,,,
4308,P35557,T,206,R,NONSYN,0.3928132642818517,-0.39273199129465014,0.1326147258171563,-1.2489999999999999,100.0,2.0,6.0,-0.0546792807600196,0.207434648149237,0.9607840470102331,-0.0547,0.207434648149237,-0.0546792807600196,0.207434648149237,,0.207434648149237,0.146678446359371,0.1063,0.16095662737104255,0.3069879114627838,-0.0248,0.1323,1.0,,,,0.2805870791403599,,,,
4309,P35557,T,206,D,NONSYN,0.24736015353784535,-0.26588030512035205,0.12944754377577886,-1.2412666666666667,100.0,2.0,6.0,-0.43523433928291405,0.24076775885568696,0.9938646873185149,-0.4352,0.24076775885568696,-0.43523433928291405,0.24076775885568696,,0.24076775885568696,0.17024851497794366,0.1063,0.5415116858939371,0.30520814657211304,-0.3067,0.1487,1.0,,,,0.2805870791403599,,,,
4310,P35557,T,206,F,NONSYN,0.2626450658678516,0.31516975881714165,0.13334903730854827,-1.4809,100.0,2.0,6.0,0.114483077169904,0.212042295537008,0.9093584207054495,0.1145,0.212042295537008,0.114483077169904,0.212042295537008,,0.212042295537008,0.14993654507258036,0.3403,0.22585881864880633,0.4248761534690857,0.1395,0.1414,1.0,,,,0.2805870791403599,,,,
4311,P35557,T,206,T,SYN,,,,,100.0,2.0,6.0,1.0588219776162,0.05,0.03626186832250853,1.0588,0.05,1.0588219776162,0.05,,0.05,0.035355339059327376,,,,1.0588,0.0354,,,,,0.2805870791403599,,,,
4312,P35557,T,206,I,NONSYN,0.39900335367527456,-0.24835249055720268,0.1378795412245202,-0.8405666666666667,100.0,2.0,6.0,-0.23891818786674,0.958069478296361,0.9842311686717444,-0.2389,0.958069478296361,-0.23891818786674,0.958069478296361,,0.958069478296361,0.6774574249512146,0.1254,0.3643446889024303,0.31969428062438965,0.0591,0.2891,1.0,,,,0.2805870791403599,,,,
4313,P35557,T,206,L,NONSYN,0.3692076635094301,-0.1181273347146457,0.14597281907515283,-1.2598666666666667,100.0,2.0,6.0,-0.0803573806761304,0.1874213590298,0.965488197641533,-0.0804,0.1874213590298,-0.0803573806761304,0.1874213590298,,0.1874213590298,0.13252691390917015,0.1136,0.19395215110764896,0.3110385239124298,-0.0506,0.1219,1.0,,,,0.2805870791403599,,,,
4314,P35557,T,206,K,NONSYN,0.35305220057868336,-0.47415136067166436,0.2502831489352218,-0.8414,100.0,2.0,6.0,0.43847842247664504,0.36406203275737004,0.6234821875392744,0.4385,0.36406203275737004,0.43847842247664504,0.36406203275737004,,0.36406203275737004,0.2574307321352953,0.1727,0.2657579305905061,0.4230102002620697,0.3667,0.2199,1.0,,,,0.2805870791403599,,,,
4315,P35557,T,206,G,NONSYN,0.43600131382643137,0.19488871353873669,0.14005931890272724,-1.4976,100.0,2.0,6.0,0.47532621300511896,0.10926247301693902,0.5724531010613148,0.4753,0.10926247301693902,0.47532621300511896,0.10926247301693902,,0.10926247301693902,0.07726023559948975,0.2611,0.2142286030083233,0.413875937461853,0.4681,0.0759,1.0,,,,0.2805870791403599,,,,
4316,P35557,T,206,Y,NONSYN,0.2452402164451186,0.444421959746302,0.09398940845185638,-1.4882666666666668,100.0,2.0,6.0,-0.273273525617577,0.453899943155278,0.9866646169920649,-0.2733,0.453899943155278,-0.273273525617577,0.453899943155278,,0.453899943155278,0.32095572778528547,0.3999,0.67317840256498,0.4390784800052643,-0.0388,0.2591,1.0,,,,0.2805870791403599,,,,
4317,P35557,T,206,N,NONSYN,0.4084330644454248,-0.5704736817248542,0.12588652269264303,-0.5004666666666666,100.0,2.0,6.0,-0.336471742920866,0.7801810337359829,0.9901779874028102,-0.3365,0.7801810337359829,-0.336471742920866,0.7801810337359829,,0.7801810337359829,0.5516712995078441,0.2012,0.5376891558694744,0.38707754015922546,0.0238,0.3169,1.0,,,,0.2805870791403599,,,,
4318,P35557,T,206,C,NONSYN,0.4354541497454498,0.002591640670866017,0.24613077511910963,-0.9072999999999999,100.0,2.0,6.0,0.642061293698594,0.168530089314207,0.33424292812164386,0.6421,0.168530089314207,0.642061293698594,0.168530089314207,,0.168530089314207,0.11916876898805026,0.2016,0.44050785956506433,0.5109050273895264,0.6193,0.1161,1.0,,,,0.2805870791403599,,,,
4319,P35557,T,206,P,NONSYN,0.34993609822478866,-0.39273199129465014,0.1326147258171563,-1.2489999999999999,100.0,2.0,6.0,0.743456589063883,0.31954958475009304,0.21397423746091063,0.7435,0.31954958475009304,0.743456589063883,0.31954958475009304,,0.31954958475009304,0.22595567830213614,0.1063,0.6371792424528601,0.3069879114627838,0.5196,0.182,1.0,,,,0.2805870791403599,,,,
4320,P35557,T,206,E,NONSYN,0.187606014059847,0.2805405094361663,0.24481746941375007,-0.9009666666666667,100.0,2.0,6.0,-0.191785312597307,0.20002040734564397,0.9801263363494009,-0.1918,0.20002040734564397,-0.191785312597307,0.20002040734564397,,0.20002040734564397,0.14143578640980037,0.3481,0.539928532545122,0.5548572540283203,-0.1588,0.1371,1.0,,,,0.2805870791403599,,,,
4321,P35557,T,206,M,NONSYN,0.3518740482942453,0.011242695632410676,0.246534697476309,-0.8553000000000001,100.0,2.0,6.0,-1.01770374643558,0.40750769337147796,0.999527811124468,-1.0177,0.40750769337147796,-1.01770374643558,0.40750769337147796,,0.40750769337147796,0.2881514533686603,0.2016,1.2192571805691097,0.5037950277328491,-0.7172,0.2501,1.0,,,,0.2805870791403599,,,,
4322,P35557,T,206,W,NONSYN,0.2914737870902876,0.10551192151914864,0.12085928031823384,-1.5825333333333333,100.0,2.0,6.0,0.38344015057604797,0.0964284977773489,0.6939915821507794,0.3834,0.0964284977773489,0.38344015057604797,0.0964284977773489,,0.0964284977773489,0.06818524467799532,0.2009,0.1825103896431256,0.37605714797973633,0.3776,0.0671,1.0,,,,0.2805870791403599,,,,
4323,P35557,T,206,H,NONSYN,0.3614886802674268,0.07595495636827952,0.10413874736217284,-1.2503,100.0,2.0,6.0,-0.6626042539249061,0.47271989543397097,0.9978432546761649,-0.6626,0.47271989543397097,-0.6626042539249061,0.47271989543397097,,0.47271989543397097,0.3342634436631565,0.1573,0.8198809737334846,0.35341182351112366,-0.2755,0.2428,1.0,,,,0.2805870791403599,,,,
4324,P35557,T,206,Q,NONSYN,0.1843049627657748,-0.2727145039418917,0.259968033194621,-0.8452333333333334,100.0,2.0,6.0,-0.16583214771267302,0.208782513963081,0.9774123144970627,-0.1658,0.208782513963081,-0.16583214771267302,0.208782513963081,,0.208782513963081,0.14763153141646962,0.1703,0.33616666566845305,0.3912156820297241,-0.1239,0.1381,1.0,,,,0.2805870791403599,,,,
4325,P35557,T,206,*,STOP,,,,,100.0,2.0,6.0,0.30977841147520596,0.05,0.7745756982327237,0.3098,0.05,0.30977841147520596,0.05,,0.05,0.035355339059327376,,,,0.3098,0.0354,,,,,0.2805870791403599,,,,
4326,P35557,V,207,S,NONSYN,0.33699392667600697,-0.16831665950520067,0.18425581526842363,-1.4466,100.0,2.0,6.0,0.0980492575070589,0.3815555285347079,0.9163686405173687,0.098,0.3815555285347079,0.0980492575070589,0.3815555285347079,,0.3815555285347079,0.2698005016261092,0.1104,0.012307550201681339,0.3384833335876465,0.1028,0.211,1.0,,,,0.3753301990717478,,,,
4327,P35557,V,207,A,NONSYN,0.4716545268994549,0.5806016195864524,0.11266957877302874,-0.7901333333333334,100.0,2.0,6.0,0.396947277833268,0.194196833873685,0.6774303275744511,0.3969,0.194196833873685,0.396947277833268,0.194196833873685,,0.194196833873685,0.1373178981170401,0.6093,0.21235691184873884,0.49192875623703003,0.4123,0.1323,1.0,,,,0.3753301990717478,,,,
4328,P35557,V,207,V,SYN,,,,,100.0,2.0,6.0,1.41281029023467,0.05,0.003551230283300541,1.4128,0.05,1.41281029023467,0.05,,0.05,0.035355339059327376,,,,1.4128,0.0354,,,,,0.3753301990717478,,,,
4329,P35557,V,207,R,NONSYN,0.17643841508486408,-0.4475986359606971,0.2322076286837117,-1.9857333333333334,100.0,2.0,6.0,0.132252903576953,0.247670093868048,0.9011560795263526,0.1323,0.247670093868048,0.132252903576953,0.247670093868048,,0.247670093868048,0.17512920287120548,0.1349,0.0026482921875886356,0.4494776129722595,0.1326,0.1632,1.0,,,,0.3753301990717478,,,,
4330,P35557,V,207,D,NONSYN,0.27348180848279724,-0.017613325295112763,0.2230815678807545,-2.3809,,,,,,,,,,,,,,0.1375,,0.4365806579589844,0.1375,0.4366,1.0,,,,0.3753301990717478,,,,
4331,P35557,V,207,F,NONSYN,0.4053248813429461,0.5503453962818257,0.10303998030158874,-0.9184666666666667,100.0,2.0,6.0,-0.200331361090817,0.342208903457525,0.9809449153751583,-0.2003,0.342208903457525,-0.200331361090817,0.342208903457525,,0.342208903457525,0.2419782362172285,0.5753,0.7756475518104216,0.4894639849662781,-0.048,0.2169,1.0,,,,0.3753301990717478,,,,
4332,P35557,V,207,T,NONSYN,0.3185872156759129,0.09551859743597453,0.08048316053671624,-0.1374,100.0,2.0,6.0,0.7860965663450241,0.32183790013371805,0.1733532349982429,0.7861,0.32183790013371805,0.7860965663450241,0.32183790013371805,,0.32183790013371805,0.22757376162739087,0.2904,0.495719724323082,0.36950820684432983,0.6498,0.1938,0.9990000000000001,,,,0.3753301990717478,,,,
4333,P35557,V,207,I,NONSYN,0.4306262074024321,0.22523502693989325,0.10068182226299081,-0.1123,,,,,,,,,,,,,,0.4496,,0.4406065344810486,0.4496,0.4406,0.9790000000000001,,,,0.3753301990717478,,,,
4334,P35557,V,207,L,NONSYN,0.4667115524229356,0.3876792111517439,0.09733859160507412,-0.29109999999999997,100.0,2.0,6.0,-0.090385274802284,0.22277547625407698,0.9671669971688561,-0.0904,0.22277547625407698,-0.090385274802284,0.22277547625407698,,0.22277547625407698,0.15752604994132052,0.4185,0.5088388787852094,0.448015034198761,-0.0344,0.1486,0.998,,,,0.3753301990717478,,,,
4335,P35557,V,207,K,NONSYN,0.1909141340536438,-0.3129937606412123,0.23757501654478588,-1.7571333333333332,100.0,2.0,6.0,-0.00204038735146,0.6080851440658199,0.9490369669279594,-0.002,0.6080851440658199,-0.00204038735146,0.6080851440658199,,0.6080851440658199,0.42998112890773993,0.1349,0.13694158311600163,0.45839330554008484,0.0621,0.3136,1.0,,,,0.3753301990717478,,,,
4336,P35557,V,207,G,NONSYN,0.3807983932718594,0.029017425796776675,0.22320434196120173,-2.1775333333333333,100.0,2.0,6.0,-0.0076393496987153,0.245670945040423,0.9504369381428764,-0.0076,0.245670945040423,-0.0076393496987153,0.245670945040423,,0.245670945040423,0.17371559117859073,0.1375,0.14515072226493844,0.4365806579589844,0.0122,0.1614,1.0,,,,0.3753301990717478,,,,
4337,P35557,V,207,Y,NONSYN,0.33250944557826595,-0.31299376064121226,0.23757501654478588,-1.7571333333333332,100.0,2.0,6.0,0.25268934927999,0.18276409435360602,0.8252120397604806,0.2527,0.18276409435360602,0.25268934927999,0.18276409435360602,,0.18276409435360602,0.12923373047485281,0.1414,0.11127479635297277,0.4635504484176636,0.2447,0.1245,1.0,,,,0.3753301990717478,,,,
4338,P35557,V,207,N,NONSYN,0.2445312890805706,-0.12088375300500769,0.17320534546517205,-2.1033666666666666,100.0,2.0,6.0,-0.445525992062639,0.6919396312591509,0.9941550828790079,-0.4455,0.6919396312591509,-0.445525992062639,0.6919396312591509,,0.6919396312591509,0.48927520543506475,0.0974,0.5429085375338304,0.29927945137023926,-0.0504,0.2553,1.0,,,,0.3753301990717478,,,,
4339,P35557,V,207,C,NONSYN,0.4349501020449153,0.09822172474983663,0.1291863351149041,-0.9503666666666666,100.0,2.0,6.0,1.15603965350515,0.0883925567452852,0.01958822104326472,1.156,0.0883925567452852,1.15603965350515,0.0883925567452852,,0.0883925567452852,0.06250297628100787,0.2235,0.9325727803362047,0.410623162984848,1.1349,0.0618,1.0,,,,0.3753301990717478,,,,
4340,P35557,V,207,P,NONSYN,0.17175025849116904,0.19926982941713567,0.1623075322081477,-1.883333333333333,100.0,2.0,6.0,-0.8952295284679921,0.349312030997827,0.9992153456387582,-0.8952,0.349312030997827,-0.8952295284679921,0.349312030997827,,0.349312030997827,0.24700090586860893,0.2671,1.1622867088726552,0.407976359128952,-0.5835,0.2113,1.0,,,,0.3753301990717478,,,,
4341,P35557,V,207,E,NONSYN,0.32079411141973807,-0.030583794010107006,0.2202827482658548,-1.7854,100.0,2.0,6.0,-0.8492702872447759,0.715737891886479,0.9990464420729522,-0.8493,0.715737891886479,-0.8492702872447759,0.715737891886479,,0.715737891886479,0.5061031169050932,0.1338,0.9830802411727697,0.4417966902256012,-0.2913,0.3328,1.0,,,,0.3753301990717478,,,,
4342,P35557,V,207,M,NONSYN,0.4348220015603004,0.36421952312533606,0.10298893065364827,-0.2969,100.0,2.0,6.0,-0.0200062107230604,0.171039121936546,0.9533953587298513,-0.02,0.171039121936546,-0.0200062107230604,0.171039121936546,,0.171039121936546,0.12094292296952444,0.3606,0.3806404482509077,0.44371986389160156,0.0063,0.1167,1.0,,,,0.3753301990717478,,,,
4343,P35557,V,207,W,NONSYN,0.20407639127029992,-0.46953954710033696,0.27311396917051567,-1.7649666666666668,100.0,2.0,6.0,0.467596972025914,0.20755532365329396,0.5833564549193605,0.4676,0.20755532365329396,0.467596972025914,0.20755532365329396,,0.20755532365329396,0.14676377682661276,0.1349,0.33269577626137237,0.3562072217464447,0.4193,0.1357,1.0,,,,0.3753301990717478,,,,
4344,P35557,V,207,H,NONSYN,0.2484595230317529,-0.10697081272813379,0.18264646207309174,-2.2815999999999996,100.0,2.0,6.0,0.400325365876016,0.597195345060842,0.673208464355053,0.4003,0.597195345060842,0.400325365876016,0.597195345060842,,0.597195345060842,0.42228087818556154,0.0992,0.3011438330162138,0.314339816570282,0.2066,0.2521,1.0,,,,0.3753301990717478,,,,
4345,P35557,V,207,Q,NONSYN,0.31633139311143543,-0.12790456752344065,0.22670679604238617,-1.7866,100.0,2.0,6.0,-0.557307966704775,0.6786707968475371,0.996523828997305,-0.5573,0.6786707968475371,-0.557307966704775,0.6786707968475371,,0.6786707968475371,0.4798927226441712,0.116,0.6733021817163717,0.4417966902256012,-0.1929,0.325,1.0,,,,0.3753301990717478,,,,
4346,P35557,V,207,*,STOP,,,,,100.0,2.0,6.0,-0.183415095423804,0.05,0.9792895983650715,-0.1834,0.05,-0.183415095423804,0.05,,0.05,0.035355339059327376,,,,-0.1834,0.0354,,,,,0.3753301990717478,,,,
4347,P35557,A,208,S,NONSYN,0.46929375853615796,0.5814974591956016,0.18641260800783258,-0.41050000000000003,100.0,2.0,6.0,0.05950590544607799,0.42681663261946295,0.9308350547489969,0.0595,0.42681663261946295,0.05950590544607799,0.42681663261946295,,0.42681663261946295,0.3018049352484296,0.6163,0.5568198305997594,0.5385691523551941,0.1926,0.2633,1.0,,,,5.7177958921134975,,,,
4348,P35557,A,208,A,SYN,,,,,100.0,2.0,6.0,0.8346861516294108,0.05,0.134481736962724,0.8347,0.05,0.8346861516294108,0.05,,0.05,0.035355339059327376,,,,0.8347,0.0354,,,,,5.7177958921134975,,,,
4349,P35557,A,208,V,NONSYN,0.41129671784225785,0.705921267048502,0.1279794594955097,-0.6291333333333333,100.0,2.0,6.0,-0.10200413577333901,0.221359311032899,0.9690092326182097,-0.102,0.221359311032899,-0.10200413577333901,0.221359311032899,,0.221359311032899,0.15652466991014502,0.6726,0.7745946895338676,0.4987753629684448,-0.0326,0.1493,1.0,,,,5.7177958921134975,,,,
4350,P35557,A,208,R,NONSYN,0.3190441200491768,0.7406806860587656,0.1500755520405243,-1.2165666666666668,100.0,2.0,6.0,0.9766840112840139,0.517357859610785,0.05987938941454476,0.9767,0.517357859610785,0.9766840112840139,0.517357859610785,,0.517357859610785,0.36582725083094386,0.7326,0.24405965930571194,0.5160873532295227,0.8951,0.2985,1.0,,,,5.7177958921134975,,,,
4351,P35557,A,208,D,NONSYN,0.4810824638550644,0.10854459235642333,0.1970615227371185,-1.3432333333333333,100.0,2.0,6.0,-0.35853042174812705,0.282098551753541,0.9911649812266365,-0.3585,0.282098551753541,-0.35853042174812705,0.282098551753541,,0.282098551753541,0.19947379890783304,0.2068,0.5653597312116281,0.4243513345718384,-0.2562,0.1805,1.0,,,,5.7177958921134975,,,,
4352,P35557,A,208,F,NONSYN,0.3975861635372093,-0.11449517084669869,0.2182458600444597,-1.7862,100.0,2.0,6.0,0.16997257225745202,0.6896821105384671,0.8814067702422951,0.17,0.6896821105384671,0.16997257225745202,0.6896821105384671,,0.6896821105384671,0.48767889722480007,0.1141,0.05588078849547387,0.43921545147895813,0.1391,0.3264,1.0,,,,5.7177958921134975,,,,
4353,P35557,A,208,T,NONSYN,0.4593194656393701,0.19825923624704234,0.08683985540879652,-0.5559666666666666,100.0,2.0,6.0,1.4386055913068798,0.710947787424316,0.002975824520477806,1.4386,0.710947787424316,1.4386055913068798,0.710947787424316,,0.710947787424316,0.5027160015573059,0.3099,1.1287307288744,0.3896750807762146,0.7335,0.308,1.0,,,,5.7177958921134975,,,,
4354,P35557,A,208,I,NONSYN,0.2533067127168299,-0.04620057125404601,0.1885303026685049,-1.3021,100.0,2.0,6.0,1.00154622407269,0.37269828441085295,0.05155428186226434,1.0015,0.37269828441085295,1.00154622407269,0.37269828441085295,,0.37269828441085295,0.26353748424350665,0.1392,0.8623564443142366,0.3984695374965668,0.7391,0.2198,1.0,,,,5.7177958921134975,,,,
4355,P35557,A,208,L,NONSYN,0.33775241979079834,0.37433231997823,0.1989029599973553,-1.2974666666666668,100.0,2.0,6.0,-0.260052449624138,0.258006175734278,0.9857776377721224,-0.2601,0.258006175734278,-0.260052449624138,0.258006175734278,,0.258006175734278,0.18243791644971602,0.3741,0.634136385838585,0.5126562118530273,-0.1888,0.1719,1.0,,,,5.7177958921134975,,,,
4356,P35557,A,208,K,NONSYN,0.13783323133742972,0.516416985350333,0.15140332514262775,-0.7694,100.0,2.0,6.0,-0.334498139358855,0.531545967879573,0.9900842652799979,-0.3345,0.531545967879573,-0.334498139358855,0.531545967879573,,0.531545967879573,0.3758597584000128,0.5198,0.854266079403258,0.5178659558296204,-0.0398,0.3042,1.0,,,,5.7177958921134975,,,,
4357,P35557,A,208,G,NONSYN,0.5077306515769983,0.5418307926649143,0.17797322810600838,-0.4852666666666667,100.0,2.0,6.0,0.407890922053264,0.26654678128348,0.6636408869809283,0.4079,0.26654678128348,0.407890922053264,0.26654678128348,,0.26654678128348,0.18847703654899625,0.5791,0.17124658204753557,0.5385691523551941,0.4266,0.1779,1.0,,,,5.7177958921134975,,,,
4358,P35557,A,208,Y,NONSYN,0.2413102682766479,-0.0007227060182276682,0.1801065025456955,-1.7924666666666667,100.0,2.0,6.0,-0.17134482222796102,0.865525083754511,0.9780189317495892,-0.1713,0.865525083754511,-0.17134482222796102,0.865525083754511,,0.865525083754511,0.6120186560098692,0.1189,0.29024452525377886,0.32130125164985657,0.0562,0.2845,1.0,,,,5.7177958921134975,,,,
4359,P35557,A,208,N,NONSYN,0.2596281291448914,0.887138445406343,0.18156349737283128,-1.1920666666666666,100.0,2.0,6.0,0.537310733241282,0.282297315356177,0.4827366426117998,0.5373,0.282297315356177,0.537310733241282,0.282297315356177,,0.282297315356177,0.19961434599911004,0.7827,0.24540041502074195,0.5220492482185364,0.5686,0.1864,1.0,,,,5.7177958921134975,,,,
4360,P35557,A,208,C,NONSYN,0.4521425054357098,0.32815989383294863,0.17314372214164062,-0.6650333333333333,100.0,2.0,6.0,0.28889092246120196,0.125274728417304,0.7942955812258472,0.2889,0.125274728417304,0.28889092246120196,0.125274728417304,,0.125274728417304,0.08858260997517874,0.3755,0.08657479843075055,0.4433940649032593,0.2922,0.0869,1.0,,,,5.7177958921134975,,,,
4361,P35557,A,208,P,NONSYN,0.3737321559264451,-0.06874304664629867,0.16449892042339273,-0.7873,100.0,2.0,6.0,1.42098195663104,0.456153935373924,0.003358141394484419,1.421,0.456153935373924,1.42098195663104,0.456153935373924,,0.456153935373924,0.3225495409678318,0.2027,1.2182675432265753,0.41302406787872314,0.9595,0.2542,1.0,,,,5.7177958921134975,,,,
4362,P35557,A,208,E,NONSYN,0.3924454343376217,0.4584582465777956,0.16771524914207334,-0.73,100.0,2.0,6.0,-0.160621923041243,0.43456096605568395,0.9768232390119939,-0.1606,0.43456096605568395,-0.160621923041243,0.43456096605568395,,0.43456096605568395,0.3072810059369512,0.4001,0.5607305584668106,0.5058506727218628,-0.0095,0.2626,1.0,,,,5.7177958921134975,,,,
4363,P35557,A,208,M,NONSYN,0.19919007049311416,0.8385136561993286,0.16435985931302463,-1.2075333333333333,100.0,2.0,6.0,0.683185100862325,0.4322178829071379,0.2817324496005264,0.6832,0.4322178829071379,0.683185100862325,0.4322178829071379,,0.4322178829071379,0.30562419595373036,0.7769,0.09373819797342942,0.5193929076194763,0.7073,0.2634,1.0,,,,5.7177958921134975,,,,
4364,P35557,A,208,W,NONSYN,0.17944660888741126,-0.11996755723954534,0.26919372176789264,-1.6895,100.0,2.0,6.0,0.18638973143599202,0.169261141932009,0.8717346903061121,0.1864,0.169261141932009,0.18638973143599202,0.169261141932009,,0.169261141932009,0.11968570125150224,0.1558,0.030599909095980427,0.35470160841941833,0.1833,0.1134,1.0,,,,5.7177958921134975,,,,
4365,P35557,A,208,H,NONSYN,0.3663343704598138,0.12765445090014166,0.12584178576937732,-1.3876666666666668,100.0,2.0,6.0,-0.41585999737928203,0.7025149033740661,0.9932763643279758,-0.4159,0.7025149033740661,-0.41585999737928203,0.7025149033740661,,0.7025149033740661,0.4967530520604143,0.2245,0.6403696538085728,0.3983842134475708,-0.0261,0.3108,1.0,,,,5.7177958921134975,,,,
4366,P35557,A,208,Q,NONSYN,0.3707092191809771,0.4584582465777956,0.16771524914207336,-0.73,,,,,,,,,,,,,,0.4001,,0.5058506727218628,0.4001,0.5059,1.0,,,,5.7177958921134975,,,,
4367,P35557,A,208,*,STOP,,,,,100.0,2.0,6.0,0.348453781871115,0.05,0.7343799318596707,0.3485,0.05,0.348453781871115,0.05,,0.05,0.035355339059327376,,,,0.3485,0.0354,,,,,5.7177958921134975,,,,
4368,P35557,T,209,S,NONSYN,0.5112342370012433,1.210530195379413,0.11416290832949134,-0.33873333333333333,100.0,2.0,6.0,2.00976278085652,0.203984669428928,4.838794472488607e-05,2.0098,0.203984669428928,2.00976278085652,0.203984669428928,,0.203984669428928,0.14423894301129123,0.9901,1.0196877886766496,0.5158805251121521,1.9358,0.1389,0.9990000000000001,,,,2.784604008375549,,,,
4369,P35557,T,209,A,NONSYN,0.4371005638552374,1.35398638306874,0.12829596093958726,-0.5245,100.0,2.0,6.0,0.582423013618749,0.0907860587015409,0.41713572326654375,0.5824,0.0907860587015409,0.582423013618749,0.0907860587015409,,0.0907860587015409,0.06419543774505954,0.9911,0.40866561515017186,0.5611692667007446,0.5877,0.0638,1.0,,,,2.784604008375549,,,,
4370,P35557,T,209,V,NONSYN,0.335359974884157,1.0852504919820662,0.07905648591698493,-0.4691,100.0,2.0,6.0,1.38863068687877,0.438201745496539,0.004187924987041141,1.3886,0.438201745496539,1.38863068687877,0.438201745496539,,0.438201745496539,0.3098554257683844,0.8182,0.5704708682294779,0.4322742819786072,1.195,0.2518,1.0,,,,2.784604008375549,,,,
4371,P35557,T,209,R,NONSYN,0.3928132642818517,0.37653892924412086,0.09161716383505449,-1.2489999999999999,100.0,2.0,6.0,0.092308042956824,0.175950545445038,0.9186938437598176,0.0923,0.175950545445038,0.092308042956824,0.175950545445038,,0.175950545445038,0.12441582383765816,0.3654,0.27307054548121007,0.40015196800231934,0.1164,0.1188,1.0,,,,2.784604008375549,,,,
4372,P35557,T,209,D,NONSYN,0.24736015353784535,0.39366880395706366,0.08876804132702389,-1.2412666666666667,100.0,2.0,6.0,0.0409184188179957,0.20052308173619396,0.936915901103707,0.0409,0.20052308173619396,0.0409184188179957,0.20052308173619396,,0.20052308173619396,0.14179123088008708,0.3678,0.32684879595708977,0.40015196800231934,0.0774,0.1336,1.0,,,,2.784604008375549,,,,
4373,P35557,T,209,F,NONSYN,0.2626450658678516,-0.16329624731264286,0.1204792252391948,-1.4809,100.0,2.0,6.0,-0.6483295555981,0.169205171955518,0.9977007023696626,-0.6483,0.169205171955518,-0.6483295555981,0.169205171955518,,0.169205171955518,0.11964612450158262,0.0998,0.7481319602402051,0.2952141761779785,-0.5428,0.1109,1.0,,,,2.784604008375549,,,,
4374,P35557,T,209,T,SYN,,,,,100.0,2.0,6.0,1.45483066710987,0.05,0.002661511275547363,1.4548,0.05,1.45483066710987,0.05,,0.05,0.035355339059327376,,,,1.4548,0.0354,,,,,2.784604008375549,,,,
4375,P35557,T,209,I,NONSYN,0.39900335367527456,0.16833356314101997,0.12385679817285043,-0.8405666666666667,100.0,2.0,6.0,0.34997912725262603,0.8082287701473071,0.7326973893591814,0.35,0.8082287701473071,0.34997912725262603,0.8082287701473071,,0.8082287701473071,0.5715040441212242,0.2521,0.09790467699818572,0.39335721731185913,0.2835,0.324,1.0,,,,2.784604008375549,,,,
4376,P35557,T,209,L,NONSYN,0.3692076635094301,0.13425205272552854,0.1088116838516298,-1.2598666666666667,100.0,2.0,6.0,0.29506275046485203,0.306641592900103,0.788613725640469,0.2951,0.306641592900103,0.29506275046485203,0.306641592900103,,0.306641592900103,0.2168283497335075,0.2423,0.052713036424095805,0.3895002603530884,0.2826,0.1895,1.0,,,,2.784604008375549,,,,
4377,P35557,T,209,K,NONSYN,0.35305220057868336,0.36700769932197835,0.2181762048791982,-0.8414,100.0,2.0,6.0,-0.246043281290249,0.269346331514566,0.9847710490001118,-0.246,0.269346331514566,-0.246043281290249,0.269346331514566,,0.269346331514566,0.1904566175016695,0.3748,0.6208664343092004,0.5075377225875854,-0.1694,0.1783,1.0,,,,2.784604008375549,,,,
4378,P35557,T,209,G,NONSYN,0.43600131382643137,-0.35650220508153346,0.11829805789627203,-1.4976,100.0,2.0,6.0,-0.0687116822914281,0.194948783110387,0.9634295298546621,-0.0687,0.194948783110387,-0.0687116822914281,0.194948783110387,,0.194948783110387,0.13784960652142011,0.0981,0.16684938880960132,0.2952141761779785,-0.0388,0.1249,1.0,,,,2.784604008375549,,,,
4379,P35557,T,209,Y,NONSYN,0.2452402164451186,-0.38294637232681766,0.11122986353370769,-1.4882666666666668,100.0,2.0,6.0,0.0106208194444245,0.259243690996841,0.9457252197433872,0.0106,0.259243690996841,0.0106208194444245,0.259243690996841,,0.259243690996841,0.1833129718836962,0.0981,0.08751688707374872,0.2952141761779785,0.035,0.1557,1.0,,,,2.784604008375549,,,,
4380,P35557,T,209,N,NONSYN,0.4084330644454248,0.9946150923947497,0.12251650633878079,-0.5004666666666666,100.0,2.0,6.0,1.6605368856407199,0.185294833380988,0.0006284951307768977,1.6605,0.185294833380988,1.6605368856407199,0.185294833380988,,0.185294833380988,0.13102323320252807,0.8086,0.8518975976921115,0.4823695123195648,1.602,0.1264,1.0,,,,2.784604008375549,,,,
4381,P35557,T,209,C,NONSYN,0.4354541497454498,0.3427710751033633,0.20140077425363923,-0.9072999999999999,100.0,2.0,6.0,-0.14998807863412197,0.147072215077932,0.9755717601044831,-0.15,0.147072215077932,-0.14998807863412197,0.147072215077932,,0.147072215077932,0.10399576060573211,0.3636,0.5135663981836825,0.47881802916526794,-0.1269,0.1016,1.0,,,,2.784604008375549,,,,
4382,P35557,T,209,P,NONSYN,0.34993609822478866,0.37653892924412086,0.09161716383505449,-1.2489999999999999,100.0,2.0,6.0,-0.431797879090925,0.395046918097551,0.9937643963649954,-0.4318,0.395046918097551,-0.431797879090925,0.395046918097551,,0.395046918097551,0.27934035467362495,0.3654,0.797176467528959,0.40015196800231934,-0.1706,0.2291,1.0,,,,2.784604008375549,,,,
4383,P35557,T,209,E,NONSYN,0.187606014059847,-0.015350744223914978,0.2037715806760807,-0.9009666666666667,100.0,2.0,6.0,0.924377379347713,0.0658764181266196,0.08147333911990648,0.9244,0.0658764181266196,0.924377379347713,0.0658764181266196,,0.0658764181266196,0.04658166197761311,0.1581,0.7662315046090198,0.4332253932952881,0.9156,0.0463,1.0,,,,2.784604008375549,,,,
4384,P35557,T,209,M,NONSYN,0.3518740482942453,-0.05260392000368134,0.21851016266877943,-0.8553000000000001,100.0,2.0,6.0,1.01279157668673,0.264428477376239,0.048148531213557624,1.0128,0.264428477376239,1.01279157668673,0.264428477376239,,0.264428477376239,0.18697916949157214,0.1756,0.837156387868752,0.4636595845222473,0.8957,0.1734,1.0,,,,2.784604008375549,,,,
4385,P35557,T,209,W,NONSYN,0.2914737870902876,-0.23547347281503453,0.08623054034079634,-1.5825333333333333,100.0,2.0,6.0,-0.354140997945679,0.15632827351994502,0.9909771430540933,-0.3541,0.15632827351994502,-0.354140997945679,0.15632827351994502,,0.15632827351994502,0.11054078229713851,0.0916,0.4457653473013766,0.29221469163894653,-0.2983,0.1034,1.0,,,,2.784604008375549,,,,
4386,P35557,T,209,H,NONSYN,0.3614886802674268,-0.03193890326935909,0.12699532806447514,-1.2503,100.0,2.0,6.0,0.7936356184495149,0.12980027719513199,0.16681174196353787,0.7936,0.12980027719513199,0.7936356184495149,0.12980027719513199,,0.12980027719513199,0.0917826562045714,0.1351,0.6585494098675905,0.3151347041130066,0.7421,0.0881,1.0,,,,2.784604008375549,,,,
4387,P35557,T,209,Q,NONSYN,0.1843049627657748,0.37224247421636897,0.21025164959607848,-0.8452333333333334,100.0,2.0,6.0,-0.26174760597342106,0.3655943793570589,0.9858946898539543,-0.2617,0.3655943793570589,-0.26174760597342106,0.3655943793570589,,0.3655943793570589,0.25851426480706347,0.3636,0.6253259255229816,0.46018561720848083,-0.1117,0.2254,1.0,,,,2.784604008375549,,,,
4388,P35557,T,209,*,STOP,,,,,100.0,2.0,6.0,0.0226382053083378,0.05,0.9423858768534803,0.0226,0.05,0.0226382053083378,0.05,,0.05,0.035355339059327376,,,,0.0226,0.0354,,,,,2.784604008375549,,,,
4389,P35557,M,210,S,NONSYN,0.31494457442558743,0.3595613709609351,0.15180708278156635,-1.5281333333333336,100.0,2.0,6.0,-0.0789702888715796,0.21272461387658603,0.965249255004082,-0.079,0.21272461387658603,-0.0789702888715796,0.21272461387658603,,0.21272461387658603,0.1504190169974239,0.3475,0.4264942165601782,0.4421631097793579,-0.0347,0.1424,1.0,,,,5.8284159799413215,,,,
4390,P35557,M,210,A,NONSYN,0.38040172866410704,0.39396617692387514,0.09335158348385376,-1.3250666666666666,100.0,2.0,6.0,0.221832721640879,0.230159826193887,0.8484184519078567,0.2218,0.230159826193887,0.221832721640879,0.230159826193887,,0.230159826193887,0.16274757385841465,0.4111,0.1892891832091271,0.43443551659584045,0.2451,0.1524,0.9990000000000001,,,,5.8284159799413215,,,,
4391,P35557,M,210,V,NONSYN,0.43335182923768345,0.466766459207268,0.08729346833565371,-0.17053333333333334,100.0,2.0,6.0,-0.219771169252575,0.193532081690217,0.9826804447269264,-0.2198,0.193532081690217,-0.219771169252575,0.193532081690217,,0.193532081690217,0.1368478473403013,0.4495,0.6692997143937951,0.43566545844078064,-0.1597,0.1306,0.997,,,,5.8284159799413215,,,,
4392,P35557,M,210,R,NONSYN,0.4133638176812908,0.3575183023539685,0.07763438053410594,-1.3127666666666666,100.0,2.0,6.0,0.331176345350599,0.31835063272768,0.7529256818078054,0.3312,0.31835063272768,0.331176345350599,0.31835063272768,,0.31835063272768,0.22510789119677055,0.3434,0.012244040963793112,0.37714555859565735,0.3344,0.1933,1.0,,,,5.8284159799413215,,,,
4393,P35557,M,210,D,NONSYN,,-0.06533032153333901,0.18554054396125866,-1.9705666666666666,100.0,2.0,6.0,-0.357052515030839,0.381896850765334,0.9911021951558574,-0.3571,0.381896850765334,-0.357052515030839,0.381896850765334,,0.381896850765334,0.2700418528899546,0.1189,0.4759522180566569,0.33270108699798584,-0.168,0.2097,1.0,,,,5.8284159799413215,,,,
4394,P35557,M,210,F,NONSYN,0.3024433202519795,0.06724441713912867,0.1682246780279726,-0.4272,100.0,2.0,6.0,0.10472428346567302,0.136420343966842,0.9135856439968935,0.1047,0.136420343966842,0.10472428346567302,0.136420343966842,,0.136420343966842,0.09646375031075528,0.2716,0.16688004588193744,0.4156200587749481,0.1133,0.094,0.998,,,,5.8284159799413215,,,,
4395,P35557,M,210,T,NONSYN,0.4428972613017431,0.47971866022977167,0.10451419702147624,-0.9479666666666667,100.0,2.0,6.0,-0.464642493027876,0.6554691852731489,0.9946569872576079,-0.4646,0.6554691852731489,-0.464642493027876,0.6554691852731489,,0.6554691852731489,0.463486705765465,0.445,0.9096347670738203,0.46272924542427063,-0.0091,0.3275,0.9990000000000001,,,,5.8284159799413215,,,,
4396,P35557,M,210,I,NONSYN,0.5092966528428504,0.09217160899586535,0.08476156176682748,0.1806,100.0,2.0,6.0,0.409428180458294,0.276142971907872,0.6616782041960725,0.4094,0.276142971907872,0.409428180458294,0.276142971907872,,0.276142971907872,0.19526256801306258,0.2963,0.11310500025962456,0.3636881411075592,0.3841,0.172,0.9940000000000001,,,,5.8284159799413215,,,,
4397,P35557,M,210,L,NONSYN,0.4802407566174219,0.09812709822379734,0.08573865905746242,0.0198,100.0,2.0,6.0,0.391561712774498,0.270658872873864,0.6840956108245276,0.3916,0.270658872873864,0.391561712774498,0.270658872873864,,0.270658872873864,0.1913847243974169,0.3593,0.03229060367034153,0.39023488759994507,0.3853,0.1718,0.97,,,,5.8284159799413215,,,,
4398,P35557,M,210,K,NONSYN,0.4908604207297649,0.4942338470946946,0.09562168243936629,-1.2170333333333332,,,,,,,,,,,,,,0.424,,0.43760547041893005,0.424,0.4376,1.0,,,,5.8284159799413215,,,,
4399,P35557,M,210,G,NONSYN,0.2313069645088376,-0.11767993896208334,0.2040824153836822,-2.044633333333333,100.0,2.0,6.0,-0.20000366274460601,0.125726313663112,0.9809141742189251,-0.2,0.125726313663112,-0.20000366274460601,0.125726313663112,,0.125726313663112,0.08890192896477336,0.1028,0.3028506130371933,0.3779911994934082,-0.1841,0.0865,1.0,,,,5.8284159799413215,,,,
4400,P35557,M,210,Y,NONSYN,,0.3487631676293148,0.0803118396264521,-1.5137666666666665,100.0,2.0,6.0,-0.0465756788767188,0.586488652679062,0.9591696374436302,-0.0466,0.586488652679062,-0.0465756788767188,0.586488652679062,,0.586488652679062,0.41471010339832654,0.3434,0.3899960651911109,0.3747638165950775,0.1681,0.2781,1.0,,,,5.8284159799413215,,,,
4401,P35557,M,210,N,NONSYN,0.3182579182514713,0.3390385492819444,0.20972772549479876,-1.7266666666666666,100.0,2.0,6.0,0.12471546902484,0.304960806512161,0.9047168778316149,0.1247,0.304960806512161,0.12471546902484,0.304960806512161,,0.304960806512161,0.21563985428086768,0.3617,0.23701421246701182,0.4632233679294586,0.1669,0.1955,1.0,,,,5.8284159799413215,,,,
4402,P35557,M,210,C,NONSYN,,0.09628931675497455,0.15850480953819765,-1.5218999999999998,100.0,2.0,6.0,0.7108458737463019,0.0885485437221025,0.24917923990829016,0.7108,0.0885485437221025,0.7108458737463019,0.0885485437221025,,0.0885485437221025,0.06261327573009216,0.2108,0.5000118176073096,0.413875937461853,0.6997,0.0619,1.0,,,,5.8284159799413215,,,,
4403,P35557,M,210,P,NONSYN,0.29396488881585514,0.13947553871927035,0.19247733182344154,-1.7313666666666665,100.0,2.0,6.0,0.723404500712862,0.466785404511383,0.23520409870308967,0.7234,0.466785404511383,0.723404500712862,0.466785404511383,,0.466785404511383,0.33006712488890455,0.2489,0.47448245071362494,0.4260389804840088,0.5454,0.2609,1.0,,,,5.8284159799413215,,,,
4404,P35557,M,210,E,NONSYN,0.3715633530173947,0.420844629250308,0.14412512888005893,-1.7125666666666666,100.0,2.0,6.0,-0.12070277088025098,0.7147356733129059,0.9717568247594446,-0.1207,0.7147356733129059,-0.12070277088025098,0.7147356733129059,,0.7147356733129059,0.5053944413554886,0.3684,0.48908272140362746,0.4389807879924774,0.1581,0.3314,1.0,,,,5.8284159799413215,,,,
4405,P35557,M,210,M,SYN,,,,,,,,,,,,,,,,,,,,,,,,,,,5.8284159799413215,,,,
4406,P35557,M,210,W,NONSYN,0.17309253470131644,0.3210173100751071,0.09262820883701378,-1.3791,100.0,2.0,6.0,0.9296924742926059,0.101303700790819,0.07900053457573897,0.9297,0.101303700790819,0.9296924742926059,0.101303700790819,,0.101303700790819,0.07163253378848113,0.3434,0.5862720879782138,0.3907467722892761,0.9106,0.0705,1.0,,,,5.8284159799413215,,,,
4407,P35557,M,210,H,NONSYN,,0.19509996866600118,0.14852264056095008,-1.4892,100.0,2.0,6.0,0.4144139180132221,0.25101243509253,0.6552703730258809,0.4144,0.25101243509253,0.4144139180132221,0.25101243509253,,0.25101243509253,0.17749259501607606,0.2646,0.1498254725881885,0.413875937461853,0.3911,0.1631,1.0,,,,5.8284159799413215,,,,
4408,P35557,M,210,Q,NONSYN,0.13890249407095925,-0.19322979293825934,0.16426689490886906,-0.3912,100.0,2.0,6.0,0.886146913697837,0.20566293266185998,0.10134046921442377,0.8861,0.20566293266185998,0.886146913697837,0.20566293266185998,,0.20566293266185998,0.14542565432391347,0.2151,0.6710181938911659,0.41414734721183777,0.8125,0.1372,1.0,,,,5.8284159799413215,,,,
4409,P35557,M,210,*,STOP,,,,,100.0,2.0,6.0,0.127394325239691,0.05,0.9034653356112593,0.1274,0.05,0.127394325239691,0.05,,0.05,0.035355339059327376,,,,0.1274,0.0354,,,,,5.8284159799413215,,,,
4410,P35557,I,211,S,NONSYN,0.3569880228913576,0.7344676709769188,0.0804065150783935,-2.117266666666666,100.0,2.0,6.0,2.4656197644295097,0.205886701456193,1.3792904695657758e-06,2.4656,0.205886701456193,2.4656197644295097,0.205886701456193,,0.205886701456193,0.1455838827558043,0.7295,1.7361119605125785,0.40942713618278503,2.2708,0.1372,1.0,,,,20.881228387719787,,,,
4411,P35557,I,211,A,NONSYN,0.28919971369701003,3.13470609974869,0.07356634388776336,-1.3055666666666668,100.0,2.0,6.0,4.47327767741874,0.256286806890927,1.27584053263191e-14,4.4733,0.256286806890927,4.47327767741874,0.256286806890927,,0.256286806890927,0.18122213908122164,2.3926,2.0806680811662988,1.4834027290344238,4.4427,0.1799,1.0,,,,20.881228387719787,,,,
4412,P35557,I,211,V,NONSYN,0.5093217990682584,1.4915260849482301,0.08794753036502306,0.0299,100.0,2.0,6.0,1.42838859658204,0.19701037626843698,0.003191976211458564,1.4284,0.19701037626843698,1.42838859658204,0.19701037626843698,,0.19701037626843698,0.13930737302352506,1.0417,0.38672447304688373,0.47698774933815,1.398,0.1337,0.978,,,,20.881228387719787,,,,
4413,P35557,I,211,R,NONSYN,0.3272410050264404,1.6298897387528213,0.11009394982713039,-2.3014666666666663,100.0,2.0,6.0,1.27384145504354,0.234397163133439,0.009062078878112199,1.2738,0.234397163133439,1.27384145504354,0.234397163133439,,0.234397163133439,0.16574382354254413,1.1725,0.10132439381001945,0.5930799841880798,1.2665,0.1596,1.0,,,,20.881228387719787,,,,
4414,P35557,I,211,D,NONSYN,0.16544784150713826,1.7392103507206016,0.10941395700132657,-2.5876333333333332,100.0,2.0,6.0,0.11168271600842401,0.28511470093956,0.91059105439196,0.1117,0.28511470093956,0.11168271600842401,0.28511470093956,,0.28511470093956,0.20160653845033735,1.0678,0.9560744136607654,0.5602239966392517,0.2213,0.1897,1.0,,,,20.881228387719787,,,,
4415,P35557,I,211,F,NONSYN,0.4538389948012209,3.803925404078433,0.08189075334590033,-1.1501666666666666,,,,,,,,,,,,,,2.4857,,1.097447156906128,2.4857,1.0974,1.0,,,,20.881228387719787,,,,
4416,P35557,I,211,T,NONSYN,0.4688475184602092,3.77620325547571,0.07802249228470683,-1.4567333333333334,100.0,2.0,6.0,2.54878621023768,0.23135229650657602,7.024710489543073e-07,2.5488,0.23135229650657602,2.54878621023768,0.23135229650657602,,0.23135229650657602,0.1635907777028807,2.4662,0.08256678503626391,0.7371178865432739,2.5449,0.1597,1.0,,,,20.881228387719787,,,,
4417,P35557,I,211,I,SYN,,,,,100.0,2.0,6.0,1.2578201706266998,0.05,0.010077379738224116,1.2578,0.05,1.2578201706266998,0.05,,0.05,0.035355339059327376,,,,1.2578,0.0354,,,,,20.881228387719787,,,,
4418,P35557,I,211,L,NONSYN,0.4687676623700352,1.9309958614944698,0.0741664459588486,0.26733333333333326,100.0,2.0,6.0,0.10997926694332101,0.28111741923607,0.9113330926427244,0.11,0.28111741923607,0.10997926694332101,0.28111741923607,,0.28111741923607,0.19878003345148668,1.2256,1.1156317045074846,0.6768303513526917,0.1986,0.1907,0.972,,,,20.881228387719787,,,,
4419,P35557,I,211,K,NONSYN,0.25092304942959986,0.9796466656106547,0.09249032894724858,-2.1782999999999997,100.0,2.0,6.0,0.538304471142332,0.131664235895987,0.4812828944269246,0.5383,0.131664235895987,0.538304471142332,0.131664235895987,,0.131664235895987,0.09310067404179764,0.8206,0.2823205956148701,0.4334219694137573,0.5508,0.091,0.9990000000000001,,,,20.881228387719787,,,,
4420,P35557,I,211,G,NONSYN,0.2286457322751229,1.4932006225126948,0.11360396623653009,-2.4901666666666666,100.0,2.0,6.0,0.8497119006321441,0.253910109779365,0.1239903638117468,0.8497,0.253910109779365,0.8497119006321441,0.253910109779365,,0.253910109779365,0.17954156043680972,0.9875,0.137834781725644,0.49207884073257446,0.8659,0.1687,1.0,,,,20.881228387719787,,,,
4421,P35557,I,211,Y,NONSYN,0.13155243779361564,3.162561217361977,0.09475000625087211,-1.3185333333333333,100.0,2.0,6.0,4.3897123245788805,0.0387673344305439,3.020971134045243e-14,4.3897,0.0387673344305439,4.3897123245788805,0.0387673344305439,,0.0387673344305439,0.027412645064364312,2.3926,1.997102728326439,1.448683261871338,4.389,0.0274,0.9990000000000001,,,,20.881228387719787,,,,
4422,P35557,I,211,N,NONSYN,0.35592577166482897,1.3359899350893845,0.1222647841424697,-2.264366666666666,100.0,2.0,6.0,2.15554086603385,0.0635455453467497,1.5917581702833275e-05,2.1555,0.0635455453467497,2.15554086603385,0.0635455453467497,,0.0635455453467497,0.044933486028883966,0.9911,1.1644522372649293,0.5479789972305298,2.1478,0.0448,1.0,,,,20.881228387719787,,,,
4423,P35557,I,211,C,NONSYN,0.3956709195432079,3.803925404078433,0.08189075334590033,-1.1501666666666666,,,,,,,,,,,,,,2.4857,,1.097447156906128,2.4857,1.0974,1.0,,,,20.881228387719787,,,,
4424,P35557,I,211,P,NONSYN,0.14199266304317096,1.8805868688577334,0.10696758023844354,-2.3061,100.0,2.0,6.0,0.5217500647288039,0.25914685466252396,0.5054860773558748,0.5218,0.25914685466252396,0.5217500647288039,0.25914685466252396,,0.25914685466252396,0.18324449825503536,1.2002,0.6784681359547898,0.5922623872756958,0.581,0.1751,1.0,,,,20.881228387719787,,,,
4425,P35557,I,211,E,NONSYN,0.17211454446743213,1.3170441286020647,0.08371152804585624,-2.2636666666666665,100.0,2.0,6.0,2.21237828549581,0.383375888103049,1.0250618150957813e-05,2.2124,0.383375888103049,2.21237828549581,0.383375888103049,,0.383375888103049,0.271087690221081,0.9911,1.221289656726889,0.503976047039032,1.9383,0.2387,1.0,,,,20.881228387719787,,,,
4426,P35557,I,211,M,NONSYN,0.42718435575891617,1.362384691254347,0.0975716195230304,0.30656666666666665,100.0,2.0,6.0,1.8158127776636899,0.081700289195968,0.00020451945821720803,1.8158,0.081700289195968,1.8158127776636899,0.081700289195968,,0.081700289195968,0.05777082851537099,0.9875,0.8282660953059018,0.42567765712738037,1.8008,0.0572,1.0,,,,20.881228387719787,,,,
4427,P35557,I,211,W,NONSYN,0.174286826410949,0.7344676709769188,0.0804065150783935,-2.117266666666666,,,,,,,,,,,,,,0.7295,,0.40942713618278503,0.7295,0.4094,1.0,,,,20.881228387719787,,,,
4428,P35557,I,211,H,NONSYN,0.28548817071874943,1.8805868688577334,0.10696758023844351,-2.3060999999999994,,,,,,,,,,,,,,1.2002,,0.5922623872756958,1.2002,0.5923,1.0,,,,20.881228387719787,,,,
4429,P35557,I,211,Q,NONSYN,0.19562317673292887,0.7779653303048919,0.0880134438533106,-2.165533333333333,100.0,2.0,6.0,1.14334847705962,0.178553002526928,0.021252539067828622,1.1433,0.178553002526928,1.14334847705962,0.178553002526928,,0.178553002526928,0.12625603888800954,0.731,0.4123198606312448,0.4328821897506714,1.111,0.1212,1.0,,,,20.881228387719787,,,,
4430,P35557,I,211,*,STOP,,,,,100.0,2.0,6.0,-0.0269919514866232,0.05,0.9549881619221847,-0.027,0.05,-0.0269919514866232,0.05,,0.05,0.035355339059327376,,,,-0.027,0.0354,,,,,20.881228387719787,,,,
4431,P35557,S,212,S,SYN,,,,,100.0,2.0,6.0,0.7441828380100308,0.05,0.21323069544377476,0.7442,0.05,0.7441828380100308,0.05,,0.05,0.035355339059327376,,,,0.7442,0.0354,,,,,6.520197425835772,,,,
4432,P35557,S,212,A,NONSYN,0.4563330621977513,0.2473706195358464,0.13517844102554544,-0.01466666666666668,100.0,2.0,6.0,0.186105891973585,0.214270358373129,0.8719077770302567,0.1861,0.214270358373129,0.186105891973585,0.214270358373129,,0.214270358373129,0.15151202341291123,0.3352,0.14913053819456684,0.4157766103744507,0.2036,0.1424,0.9990000000000001,,,,6.520197425835772,,,,
4433,P35557,S,212,V,NONSYN,0.3566796973350173,0.12665785299606527,0.19335960704111652,-1.3498999999999999,100.0,2.0,6.0,-0.0077346220590758,0.140043548852615,0.9504604272585238,-0.0077,0.140043548852615,-0.0077346220590758,0.140043548852615,,0.140043548852615,0.09902574305511361,0.2333,0.2410027340032744,0.42613616585731506,0.0046,0.0965,1.0,,,,6.520197425835772,,,,
4434,P35557,S,212,R,NONSYN,0.5078165034060199,0.6402230105634886,0.18391254503363744,-0.9542999999999999,100.0,2.0,6.0,-0.28914853409007,0.32986577530550704,0.9876545550674473,-0.2891,0.32986577530550704,-0.28914853409007,0.32986577530550704,,0.32986577530550704,0.233250326599882,0.6715,0.9606491573162358,0.5252606868743896,-0.1309,0.2132,1.0,,,,6.520197425835772,,,,
4435,P35557,S,212,D,NONSYN,0.26426002389568154,0.20412049699942256,0.09516326376414817,-0.6365333333333334,100.0,2.0,6.0,2.6969744674330496,0.17763908526991104,2.0700684703000256e-07,2.697,0.17763908526991104,2.6969744674330496,0.17763908526991104,,0.17763908526991104,0.12560980179812944,0.3088,2.388150583899572,0.3965963125228882,2.4793,0.1197,1.0,,,,6.520197425835772,,,,
4436,P35557,S,212,F,NONSYN,0.4400921079880442,-0.06486234987965284,0.08094968648727174,-1.7383,100.0,2.0,6.0,0.0950489780277731,0.698411628857511,0.9175915578469975,0.095,0.698411628857511,0.0950489780277731,0.698411628857511,,0.698411628857511,0.4938515988246882,0.1048,0.009736523929166602,0.2818046808242798,0.1024,0.2448,1.0,,,,6.520197425835772,,,,
4437,P35557,S,212,T,NONSYN,0.5032644910640633,0.3161893173273104,0.07775292400401045,-0.06083333333333333,100.0,2.0,6.0,-0.020350201400807,0.5157618380240739,0.953475089081326,-0.0204,0.5157618380240739,-0.020350201400807,0.5157618380240739,,0.5157618380240739,0.3646986931440604,0.4097,0.4300330117073561,0.4109625816345215,0.1691,0.2728,0.998,,,,6.520197425835772,,,,
4438,P35557,S,212,I,NONSYN,0.40690641070991895,0.051825520524401536,0.18008267741100295,-1.7275666666666665,100.0,2.0,6.0,-0.25501463318439005,0.148304625764343,0.9854238141846623,-0.255,0.148304625764343,-0.25501463318439005,0.148304625764343,,0.148304625764343,0.1048672065593001,0.1268,0.381812398677783,0.32455354928970337,-0.2189,0.0998,1.0,,,,6.520197425835772,,,,
4439,P35557,S,212,L,NONSYN,0.393745075519064,-0.0697371044444735,0.1823012182575968,-1.7093,100.0,2.0,6.0,0.10967324172223501,0.0867347651101174,0.9114657812076967,0.1097,0.0867347651101174,0.10967324172223501,0.0867347651101174,,0.0867347651101174,0.06133074057398638,0.1285,0.018844445598474216,0.32943764328956604,0.1103,0.0603,1.0,,,,6.520197425835772,,,,
4440,P35557,S,212,K,NONSYN,0.33912790346884786,0.2885184866456855,0.09129218329891726,-0.6167666666666666,100.0,2.0,6.0,0.508315412077569,0.171804268944975,0.5250569208160711,0.5083,0.171804268944975,0.508315412077569,0.171804268944975,,0.171804268944975,0.1214839636077892,0.348,0.16029247430291083,0.3991372287273407,0.4947,0.1162,1.0,,,,6.520197425835772,,,,
4441,P35557,S,212,G,NONSYN,0.4188135801978989,1.0683450102048662,0.09388593849689358,-0.6509999999999999,100.0,2.0,6.0,0.104300927816719,0.189478854825474,0.9137647341471906,0.1043,0.189478854825474,0.104300927816719,0.189478854825474,,0.189478854825474,0.13398178313855405,0.789,0.6846698406349717,0.463577538728714,0.1571,0.1287,1.0,,,,6.520197425835772,,,,
4442,P35557,S,212,Y,NONSYN,0.3987520148682556,-0.03248637543091625,0.1983788641532714,-1.6658,100.0,2.0,6.0,-0.0492456581768035,0.297378798607378,0.9597087829286276,-0.0492,0.297378798607378,-0.0492456581768035,0.297378798607378,,0.297378798607378,0.2102785650763856,0.1392,0.18843543793525686,0.399864137172699,-0.0084,0.1861,1.0,,,,6.520197425835772,,,,
4443,P35557,S,212,N,NONSYN,0.3577198430860929,0.3157868080313075,0.09428864642918809,-0.23683333333333337,100.0,2.0,6.0,0.0009526789919885,0.21536696319019397,0.9482725849134558,0.001,0.21536696319019397,0.0009526789919885,0.21536696319019397,,0.21536696319019397,0.1522874401153397,0.3602,0.35920171134309453,0.42123880982398987,0.0425,0.1432,1.0,,,,6.520197425835772,,,,
4444,P35557,S,212,C,NONSYN,0.4413057931247456,0.4216026030997549,0.1357476417113982,-0.9221333333333334,100.0,2.0,6.0,0.3667126883011311,0.621246058778394,0.713765320074366,0.3667,0.621246058778394,0.3667126883011311,0.621246058778394,,0.621246058778394,0.43928730094761886,0.3654,0.001331447456404511,0.4353219270706177,0.366,0.3092,1.0,,,,6.520197425835772,,,,
4445,P35557,S,212,P,NONSYN,0.3754690196139504,0.15732748826722534,0.17174733838579323,-0.9290666666666666,100.0,2.0,6.0,1.15953803279872,0.43207823056076705,0.0191517427083168,1.1595,0.43207823056076705,1.15953803279872,0.43207823056076705,,0.43207823056076705,0.3055254468326029,0.2614,0.8981211207198625,0.4124029576778412,0.8413,0.2455,1.0,,,,6.520197425835772,,,,
4446,P35557,S,212,E,NONSYN,0.32956968841657797,0.4580419069702153,0.06747161435402814,-0.6321,100.0,2.0,6.0,-0.0002548488960203,0.31239381973835,0.9485823244934445,-0.0003,0.31239381973835,-0.0002548488960203,0.31239381973835,,0.31239381973835,0.22089578833775522,0.4042,0.4044397863731321,0.41572898626327515,0.0888,0.1951,1.0,,,,6.520197425835772,,,,
4447,P35557,S,212,M,NONSYN,0.4679817126368144,0.012689565930631266,0.18193789367067661,-1.5591333333333335,100.0,2.0,6.0,0.0625065288638682,0.44564791262032705,0.9298014764853435,0.0625,0.44564791262032705,0.0625065288638682,0.44564791262032705,,0.44564791262032705,0.3151206610354632,0.1392,0.07668325089458516,0.3607062101364136,0.0957,0.2373,1.0,,,,6.520197425835772,,,,
4448,P35557,S,212,W,NONSYN,0.3832492129242465,-0.016764137811460644,0.16952482362068044,-1.7880333333333336,100.0,2.0,6.0,0.756716660730052,0.37513307449148797,0.2006801470166207,0.7567,0.37513307449148797,0.756716660730052,0.37513307449148797,,0.37513307449148797,0.2652591408202894,0.1189,0.6378169577042341,0.3125151991844177,0.4896,0.2022,1.0,,,,6.520197425835772,,,,
4449,P35557,S,212,H,NONSYN,0.2629764798769622,0.412367395669927,0.19457213637878976,-0.9429,100.0,2.0,6.0,0.394418310590615,0.190238200951554,0.680570328658284,0.3944,0.190238200951554,0.394418310590615,0.190238200951554,,0.190238200951554,0.13451872193357295,0.3781,0.01628826207720252,0.44329890608787537,0.393,0.1287,1.0,,,,6.520197425835772,,,,
4450,P35557,S,212,Q,NONSYN,0.3963611118941722,0.20412049699942256,0.09516326376414817,-0.6365333333333333,100.0,2.0,6.0,0.7615093810163578,0.128548022660818,0.19602212126707,0.7615,0.128548022660818,0.7615093810163578,0.128548022660818,,0.128548022660818,0.09089717853158638,0.3099,0.45163451858387793,0.3965963125228882,0.739,0.0886,1.0,,,,6.520197425835772,,,,
4451,P35557,S,212,*,STOP,,,,,100.0,2.0,6.0,0.0676481926730898,0.05,0.9279955573449018,0.0676,0.05,0.0676481926730898,0.05,,0.05,0.035355339059327376,,,,0.0676,0.0354,,,,,6.520197425835772,,,,
4452,P35557,C,213,S,NONSYN,0.3604904794435106,0.6795485649731113,0.15983012921014703,-0.9790999999999999,100.0,2.0,6.0,0.668491742790673,0.31005129834209,0.29996349974052056,0.6685,0.31005129834209,0.668491742790673,0.31005129834209,,0.31005129834209,0.2192393755733852,0.6715,0.0030088804354927445,0.5160873532295227,0.669,0.2018,1.0,,,,2.8450510338806634,,,,
4453,P35557,C,213,A,NONSYN,0.3068439069280049,0.604813266394371,0.17173209607406162,-0.9634666666666667,100.0,2.0,6.0,2.40484605528362,0.305514329329433,2.247040609009056e-06,2.4048,0.305514329329433,2.40484605528362,0.305514329329433,,0.305514329329433,0.21603125401850218,0.6636,1.7412193844462176,0.5528877973556519,2.1742,0.2012,1.0,,,,2.8450510338806634,,,,
4454,P35557,C,213,V,NONSYN,0.3179103570647324,0.8628154897048125,0.16673037151882666,-0.9982333333333333,100.0,2.0,6.0,0.11869096859557,0.23573622780788198,0.9074760456121028,0.1187,0.23573622780788198,0.11869096859557,0.23573622780788198,,0.23573622780788198,0.16669068525429012,0.7769,0.6582323302401843,0.5268439054489136,0.1786,0.1589,1.0,,,,2.8450510338806634,,,,
4455,P35557,C,213,R,NONSYN,0.23801989209795835,1.9277594235234743,0.20929971317754595,-2.6622333333333335,100.0,2.0,6.0,0.353282454385929,0.25682690615568204,0.7290287073504687,0.3533,0.25682690615568204,0.353282454385929,0.25682690615568204,,0.25682690615568204,0.18160404693384383,0.9725,0.6192068430040552,0.6993266344070435,0.3924,0.1758,1.0,,,,2.8450510338806634,,,,
4456,P35557,C,213,D,NONSYN,0.10680431653988344,2.1515230178454563,0.18274949220222433,-2.6273,100.0,2.0,6.0,-0.318008328580016,0.503310971839556,0.9892639566210739,-0.318,0.503310971839556,-0.318008328580016,0.503310971839556,,0.503310971839556,0.3558946012333415,0.9501,1.2681198369494617,0.5451293587684631,0.061,0.298,1.0,,,,2.8450510338806634,,,,
4457,P35557,C,213,F,NONSYN,0.3827796558639093,1.302637397213896,0.06787678344826568,-1.5911666666666668,100.0,2.0,6.0,-0.120360222786735,0.45498510005052,0.9717087829140986,-0.1204,0.45498510005052,-0.120360222786735,0.45498510005052,,0.45498510005052,0.32172304958456244,0.9911,1.111448851555656,0.5158825516700745,0.1909,0.273,1.0,,,,2.8450510338806634,,,,
4458,P35557,C,213,T,NONSYN,0.21098713877231906,0.5599601166377123,0.09910791457700963,-0.9784999999999999,100.0,2.0,6.0,1.02725708779687,0.615752429220647,0.04407201941504611,1.0273,0.615752429220647,1.02725708779687,0.615752429220647,,0.615752429220647,0.4354027182340091,0.6093,0.41795289811486325,0.46580415964126587,0.8324,0.3181,1.0,,,,2.8450510338806634,,,,
4459,P35557,C,213,I,NONSYN,0.3827538054181146,0.604813266394371,0.17173209607406162,-0.9634666666666667,100.0,2.0,6.0,0.892697638526894,0.15842802929962801,0.09766554574171323,0.8927,0.15842802929962801,0.892697638526894,0.15842802929962801,,0.15842802929962801,0.112025533847788,0.6636,0.22907096768949164,0.5528877973556519,0.8837,0.1098,1.0,,,,2.8450510338806634,,,,
4460,P35557,C,213,L,NONSYN,0.4158145620941803,1.0422918185608283,0.11941083777129895,-1.554,100.0,2.0,6.0,0.660676513172468,0.182430845091198,0.3099085915061446,0.6607,0.182430845091198,0.660676513172468,0.182430845091198,,0.182430845091198,0.1289980876615787,0.7846,0.1238810081707632,0.4780051112174988,0.6691,0.1245,1.0,,,,2.8450510338806634,,,,
4461,P35557,C,213,K,NONSYN,0.0,2.7375901630985697,0.14648375731852922,-2.5341,100.0,2.0,6.0,-0.500896770782078,0.8576379181763292,0.9954888825359435,-0.5009,0.8576379181763292,-0.500896770782078,0.8576379181763292,,0.8576379181763292,0.6064415877451957,1.2182,1.719082314796055,0.9434492588043213,0.0017,0.5101,1.0,,,,2.8450510338806634,,,,
4462,P35557,C,213,G,NONSYN,0.4785067081693568,1.790736881765741,0.23628930508762247,-2.479433333333333,100.0,2.0,6.0,2.0145710077320302,0.3803867624198571,4.666374854699304e-05,2.0146,0.3803867624198571,2.0145710077320302,0.3803867624198571,,0.3803867624198571,0.2689740591806771,1.1066,0.9079557027851308,0.7072963714599609,1.8999,0.2514,1.0,,,,2.8450510338806634,,,,
4463,P35557,C,213,Y,NONSYN,0.18775280364475316,1.302637397213896,0.06787678344826568,-1.5911666666666668,100.0,2.0,6.0,0.636704925881526,0.16669715733061702,0.3414025971798611,0.6367,0.16669715733061702,0.636704925881526,0.16669715733061702,,0.16669715733061702,0.11787269035300009,0.9911,0.35438370288739485,0.5158825516700745,0.6543,0.1149,1.0,,,,2.8450510338806634,,,,
4464,P35557,C,213,N,NONSYN,0.3555954207344509,0.817036619450988,0.06238045982994106,-1.6354333333333333,100.0,2.0,6.0,2.09350725917025,0.201679918659469,2.562379291516125e-05,2.0935,0.201679918659469,2.09350725917025,0.201679918659469,,0.201679918659469,0.14260923811326184,0.7613,1.3322164705197372,0.4256103038787842,1.959,0.1352,1.0,,,,2.8450510338806634,,,,
4465,P35557,C,213,C,SYN,,,,,,,,,,,,,,,,,,,,,,,,,,,2.8450510338806634,,,,
4466,P35557,C,213,P,NONSYN,0.23278771184927005,0.6223188971119604,0.22927384735333278,-2.5291333333333337,100.0,2.0,6.0,5.8449170271777495,0.419023498263531,2.9189664680487913e-21,5.8449,0.419023498263531,5.8449170271777495,0.419023498263531,,0.419023498263531,0.29629435709865226,0.6623,5.182629434289871,1.1205353736877441,5.5062,0.2864,1.0,,,,2.8450510338806634,,,,
4467,P35557,C,213,E,NONSYN,0.09400502805141753,0.097214565926201,0.1942069380955597,-2.6934333333333336,100.0,2.0,6.0,1.34998826854924,0.330454588444256,0.00544190565678502,1.35,0.330454588444256,1.34998826854924,0.330454588444256,,0.330454588444256,0.23366668036314314,0.1939,1.1561191248247984,0.46228307485580444,1.1147,0.2085,1.0,,,,2.8450510338806634,,,,
4468,P35557,C,213,M,NONSYN,,0.8779411831853277,0.12493714955465506,-1.5635333333333332,100.0,2.0,6.0,1.1537284192989699,0.0947356127964076,0.019881767063574318,1.1537,0.0947356127964076,1.1537284192989699,0.0947356127964076,,0.0947356127964076,0.06698819422820287,0.746,0.4077095923374525,0.4948888123035431,1.1464,0.0664,1.0,,,,2.8450510338806634,,,,
4469,P35557,C,213,W,NONSYN,0.3650350897967528,0.5139548752838344,0.2326299922749884,-2.438333333333333,,,,,,,,,,,,,,0.5149,,0.5680280327796936,0.5149,0.568,1.0,,,,2.8450510338806634,,,,
4470,P35557,C,213,H,NONSYN,0.2472156663565278,1.9600637176612208,0.1658082369949269,-2.6413333333333333,100.0,2.0,6.0,0.25636957197269,0.599676606497676,0.8222544034490712,0.2564,0.599676606497676,0.25636957197269,0.599676606497676,,0.599676606497676,0.4240353949734435,0.9621,0.7057064959518096,0.5657304525375366,0.5102,0.3393,1.0,,,,2.8450510338806634,,,,
4471,P35557,C,213,Q,NONSYN,0.31620129737801284,2.452863754709234,0.24219110679781328,-2.4979333333333336,100.0,2.0,6.0,0.0281903889015511,0.30637224382670897,0.9407756074157527,0.0282,0.30637224382670897,0.0281903889015511,0.30637224382670897,,0.30637224382670897,0.21663789117720428,0.9678,0.9395964000388786,0.7201300859451294,0.1062,0.2075,1.0,,,,2.8450510338806634,,,,
4472,P35557,C,213,*,STOP,,,,,100.0,2.0,6.0,0.436665898922161,0.05,0.6259232852424262,0.4367,0.05,0.436665898922161,0.05,,0.05,0.035355339059327376,,,,0.4367,0.0354,,,,,2.8450510338806634,,,,
4473,P35557,Y,214,S,NONSYN,0.38834274260646795,3.11877400068466,0.1571945738889059,-1.5604666666666667,100.0,2.0,6.0,2.7727749126122796,0.322584014132056,1.0973209441278559e-07,2.7728,0.322584014132056,2.7727749126122796,0.322584014132056,,0.322584014132056,0.22810134389515388,2.4162,0.356610037581762,0.9786549806594849,2.7544,0.2221,0.9990000000000001,,,,80.36794795867621,,,,
4474,P35557,Y,214,A,NONSYN,0.20972259918765807,2.3828594571789115,0.1426704168546639,-1.6814666666666664,100.0,2.0,6.0,5.98951697148083,0.0846746987533721,5.136777538954306e-22,5.9895,0.0846746987533721,5.98951697148083,0.0846746987533721,,0.0846746987533721,0.059874053683437505,1.7507,4.2388290146708325,1.0748939514160156,5.9764,0.0598,1.0,,,,80.36794795867621,,,,
4475,P35557,Y,214,V,NONSYN,0.299959060462427,3.2063684909463697,0.16952648152970104,-1.5651000000000002,100.0,2.0,6.0,2.50999144182715,0.177585912556413,9.632634078191273e-07,2.51,0.177585912556413,2.50999144182715,0.177585912556413,,0.177585912556413,0.12557220301184088,2.4162,0.09382656679663226,0.9168493151664734,2.5083,0.1244,1.0,,,,80.36794795867621,,,,
4476,P35557,Y,214,R,NONSYN,0.1371352939524294,3.1552366953148283,0.08879143748716083,-1.7074666666666667,100.0,2.0,6.0,3.67238525707308,0.481296703862621,3.554829250369199e-11,3.6724,0.481296703862621,3.67238525707308,0.481296703862621,,0.481296703862621,0.3403281630639929,2.3361,1.336257499046957,1.2465218305587769,3.5797,0.3283,0.9990000000000001,,,,80.36794795867621,,,,
4477,P35557,Y,214,D,NONSYN,0.2808273038865437,3.9170444798509223,0.2360464169034725,-2.4846,100.0,2.0,6.0,4.50541504666334,0.471984153051574,9.139147462819398e-15,4.5054,0.471984153051574,4.50541504666334,0.471984153051574,,0.471984153051574,0.3337431952353573,2.3084,2.197046363802012,1.6190495491027832,4.4159,0.3269,0.9990000000000001,,,,80.36794795867621,,,,
4478,P35557,Y,214,F,NONSYN,0.4872780854634644,4.06693787447818,0.2507634921507174,-0.06290000000000003,100.0,2.0,6.0,3.1341151020549303,0.0810686809957852,4.8646994584480016e-09,3.1341,0.0810686809957852,3.1341151020549303,0.0810686809957852,,0.0810686809957852,0.057324214073968704,2.3621,0.7719997189067369,1.30873441696167,3.1326,0.0573,0.9840000000000001,,,,80.36794795867621,,,,
4479,P35557,Y,214,T,NONSYN,0.3050153834687861,2.692286973832873,0.09246446867485675,-1.5653333333333332,100.0,2.0,6.0,4.05223599316764,0.628449405953885,9.049834681189992e-13,4.0522,0.628449405953885,4.05223599316764,0.628449405953885,,0.628449405953885,0.4443808365826495,2.2233,1.828894051334144,0.7630233764648438,3.589,0.384,1.0,,,,80.36794795867621,,,,
4480,P35557,Y,214,I,NONSYN,0.28896106325248155,3.62643752290674,0.13434668250429818,-1.4040666666666668,100.0,2.0,6.0,2.69395656105277,1.0432280214251402,2.1227572217023563e-07,2.694,1.0432280214251402,2.69395656105277,1.0432280214251402,,1.0432280214251402,0.7376736082735414,2.2283,0.465680308306188,0.8148237466812134,2.4842,0.5469,0.99,,,,80.36794795867621,,,,
4481,P35557,Y,214,L,NONSYN,0.28126980143421565,3.827793443076393,0.2485503083206624,-1.3954666666666666,100.0,2.0,6.0,2.08988880054381,0.54883208788451,2.6341780466693806e-05,2.0899,0.54883208788451,2.08988880054381,0.54883208788451,,0.54883208788451,0.3880828910759082,2.3621,0.27222658260438326,0.9991399049758911,2.1256,0.3618,0.9640000000000001,,,,80.36794795867621,,,,
4482,P35557,Y,214,K,NONSYN,0.19614719212003395,4.14489238038873,0.13801706173343375,-1.6834333333333333,100.0,2.0,6.0,0.7034182018513749,0.17515792273297304,0.25768517810608565,0.7034,0.17515792273297304,0.7034182018513749,0.17515792273297304,,0.17515792273297304,0.12385535494303455,2.3213,1.6179073386912277,1.246429681777954,0.7192,0.1232,0.997,,,,80.36794795867621,,,,
4483,P35557,Y,214,G,NONSYN,0.19871662093811185,4.0485830204601285,0.14770343719856138,-2.3432,100.0,2.0,6.0,4.1107994248357205,0.9126872087634329,5.063821980385524e-13,4.1108,0.9126872087634329,4.1107994248357205,0.9126872087634329,,0.9126872087634329,0.6453673144188455,2.1926,1.9182013203587918,1.0748083591461182,3.6025,0.5533,1.0,,,,80.36794795867621,,,,
4484,P35557,Y,214,Y,SYN,,,,,100.0,2.0,6.0,1.77702592649959,0.05,0.0002714346487427413,1.777,0.05,1.77702592649959,0.05,,0.05,0.035355339059327376,,,,1.777,0.0354,,,,,80.36794795867621,,,,
4485,P35557,Y,214,N,NONSYN,0.3952363274633001,3.4551068101350952,0.12236026489522377,-1.7366333333333335,,,,,,,,,,,,,,2.3361,,1.34425950050354,2.3361,1.3443,0.9990000000000001,,,,80.36794795867621,,,,
4486,P35557,Y,214,C,NONSYN,0.4586734907533599,3.4551068101350952,0.12236026489522377,-1.7366333333333335,,,,,,,,,,,,,,2.3252,,1.3333842754364014,2.3252,1.3334,1.0,,,,80.36794795867621,,,,
4487,P35557,Y,214,P,NONSYN,0.23460250402828794,5.095580664378796,0.24837543013105734,-2.446166666666667,100.0,2.0,6.0,0.969806493079717,0.3395070842487019,0.06238866682758576,0.9698,0.3395070842487019,0.969806493079717,0.3395070842487019,,0.3395070842487019,0.2400677615331296,2.0936,1.1237477652668406,0.9705121517181396,1.0346,0.233,1.0,,,,80.36794795867621,,,,
4488,P35557,Y,214,E,NONSYN,0.2834825200829025,3.8215795037412956,0.13848463725382865,-2.1967,100.0,2.0,6.0,6.67052752163733,0.233793488998265,1.040851170208883e-25,6.6705,0.233793488998265,6.67052752163733,0.233793488998265,,0.233793488998265,0.16531696146793565,2.4182,4.252325598266968,2.698917865753174,6.6546,0.165,1.0,,,,80.36794795867621,,,,
4489,P35557,Y,214,M,NONSYN,0.28510862464089565,3.1116674492023564,0.17168217702678842,-1.5896,100.0,2.0,6.0,2.7940945670591897,0.1352664071371,9.168313516145541e-08,2.7941,0.1352664071371,2.7940945670591897,0.1352664071371,,0.1352664071371,0.09564779375338382,2.4162,0.3779296920286721,0.9168493151664734,2.79,0.0951,1.0,,,,80.36794795867621,,,,
4490,P35557,Y,214,W,NONSYN,0.3374643971404331,3.9846376961920167,0.24969990537230288,0.17450000000000002,100.0,2.0,6.0,3.38101563691342,0.12709556871403,5.309530730936772e-10,3.381,0.12709556871403,3.38101563691342,0.12709556871403,,0.12709556871403,0.08987013849645141,2.4808,0.9002593541070234,1.1935808658599854,3.3759,0.0896,1.0,,,,80.36794795867621,,,,
4491,P35557,Y,214,H,NONSYN,0.37993420185509386,3.069695766673707,0.24844517831592272,0.2750666666666666,100.0,2.0,6.0,6.12584142546835,0.16554133516393202,9.768285876119497e-23,6.1258,0.16554133516393202,6.12584142546835,0.16554133516393202,,0.16554133516393202,0.1170554006610914,2.4441,3.681741045524502,2.750552177429199,6.1192,0.1169,0.998,,,,80.36794795867621,,,,
4492,P35557,Y,214,Q,NONSYN,0.2421324616458889,2.52597997621859,0.2796663057484821,-1.3627666666666667,100.0,2.0,6.0,5.99532920111722,0.0732727657929085,4.78789555391652e-22,5.9953,0.0732727657929085,5.99532920111722,0.0732727657929085,,0.0732727657929085,0.0518116695684593,2.3558,3.639558613196077,2.166330099105835,5.9932,0.0518,0.9990000000000001,,,,80.36794795867621,,,,
4493,P35557,Y,214,*,STOP,,,,,100.0,2.0,6.0,2.07591669598503,0.05,2.9303984225343394e-05,2.0759,0.05,2.07591669598503,0.05,,0.05,0.035355339059327376,,,,2.0759,0.0354,,,,,80.36794795867621,,,,
4494,P35557,Y,215,S,NONSYN,0.38834274260646795,2.88324323425917,0.22935634719903256,-1.5604666666666667,100.0,2.0,6.0,3.00828829382688,0.5744654190065689,1.4644064396446888e-08,3.0083,0.5744654190065689,3.00828829382688,0.5744654190065689,,0.5744654190065689,0.4062083933367162,2.2858,0.722524076450171,0.9525279998779297,2.8971,0.3737,1.0,,,,68.13732659141697,,,,
4495,P35557,Y,215,A,NONSYN,0.20972259918765807,1.1639257177668567,0.2358869923986183,-1.7107666666666665,100.0,2.0,6.0,1.11475489220108,0.31745840378656204,0.025508230469485093,1.1148,0.31745840378656204,1.11475489220108,0.31745840378656204,,0.31745840378656204,0.22447699006213515,0.8704,0.24432513794387778,0.594040036201477,1.0842,0.21,1.0,,,,68.13732659141697,,,,
4496,P35557,Y,215,V,NONSYN,0.299959060462427,2.949183179057267,0.2641208226482513,-1.5651000000000002,100.0,2.0,6.0,2.81046845943259,0.145643291737338,7.983561530654647e-08,2.8105,0.145643291737338,2.81046845943259,0.145643291737338,,0.145643291737338,0.10298535922180237,2.3149,0.49557426006125205,0.9266867637634277,2.8044,0.1024,1.0,,,,68.13732659141697,,,,
4497,P35557,Y,215,R,NONSYN,0.1371352939524294,0.52248568757907,0.19914424593083344,-1.7367666666666663,100.0,2.0,6.0,3.0390749827644403,0.623294635829486,1.1201748715291215e-08,3.0391,0.623294635829486,3.0390749827644403,0.623294635829486,,0.623294635829486,0.4407358636722291,0.5823,2.4567457095405634,0.6661540865898132,2.2911,0.3676,1.0,,,,68.13732659141697,,,,
4498,P35557,Y,215,D,NONSYN,0.2808273038865437,1.3269125222946097,0.1556430788459321,-2.4846,100.0,2.0,6.0,1.7941054953815503,0.768707505197975,0.00023967713102316054,1.7941,0.768707505197975,1.7941054953815503,0.768707505197975,,0.768707505197975,0.5435582896744814,0.991,0.8031094922306103,0.6263110041618347,1.4491,0.4105,1.0,,,,68.13732659141697,,,,
4499,P35557,Y,215,F,NONSYN,0.4872780854634644,1.1969276887859899,0.3120475229352792,-0.7280333333333333,100.0,2.0,6.0,3.37130510780514,0.43510176451370397,5.800476373544133e-10,3.3713,0.43510176451370397,3.37130510780514,0.43510176451370397,,0.43510176451370397,0.3076634081938724,1.0587,2.312645554277308,0.8223665356636047,3.0874,0.2882,0.993,,,,68.13732659141697,,,,
4500,P35557,Y,215,T,NONSYN,0.3050153834687861,2.8452226318182228,0.14330644233153098,-1.5653333333333332,100.0,2.0,6.0,3.12235010114972,0.952484789482815,5.3968436904555245e-09,3.1224,0.952484789482815,3.12235010114972,0.952484789482815,,0.952484789482815,0.6735084536203396,2.2453,0.877070789015931,0.9515641927719116,2.8296,0.5497,1.0,,,,68.13732659141697,,,,
4501,P35557,Y,215,I,NONSYN,0.28896106325248155,1.2158491716699735,0.1784895297949227,-1.4040666666666668,100.0,2.0,6.0,0.52202163690336,1.0478595320976198,0.5050895580744689,0.522,1.0478595320976198,0.52202163690336,1.0478595320976198,,1.0478595320976198,0.7409485808771897,1.0305,0.5084937954544281,0.6417102813720703,0.8126,0.4851,0.995,,,,68.13732659141697,,,,
4502,P35557,Y,215,L,NONSYN,0.28126980143421565,1.0062677089335668,0.3002130308610038,-1.3954666666666666,100.0,2.0,6.0,1.15076602511258,0.221723407121956,0.02026414693067709,1.1508,0.221723407121956,1.15076602511258,0.221723407121956,,0.221723407121956,0.15678212472372074,0.8474,0.30336822085232606,0.5519136190414429,1.1281,0.1508,0.9840000000000001,,,,68.13732659141697,,,,
4503,P35557,Y,215,K,NONSYN,0.19614719212003395,1.4866851067769398,0.2348300519999215,-1.7127333333333334,100.0,2.0,6.0,0.146476725170831,0.331263030875996,0.8940961107499864,0.1465,0.331263030875996,0.146476725170831,0.331263030875996,,0.331263030875996,0.23423833548882544,1.0168,0.8702852930329044,0.7304489612579346,0.2276,0.2231,0.9990000000000001,,,,68.13732659141697,,,,
4504,P35557,Y,215,G,NONSYN,0.19871662093811185,1.131837741574263,0.23787397626348175,-2.3432,100.0,2.0,6.0,2.3793298375425898,0.0918941669206623,2.7545738933322617e-06,2.3793,0.0918941669206623,2.3793298375425898,0.0918941669206623,,0.0918941669206623,0.06497898858108882,0.8714,1.5079686415014826,0.6093252301216125,2.3624,0.0646,1.0,,,,68.13732659141697,,,,
4505,P35557,Y,215,Y,SYN,,,,,100.0,2.0,6.0,0.117343634665685,0.05,0.9080827410267199,0.1173,0.05,0.117343634665685,0.05,,0.05,0.035355339059327376,,,,0.1173,0.0354,,,,,68.13732659141697,,,,
4506,P35557,Y,215,N,NONSYN,0.3952363274633001,1.4334355333787838,0.1824236882786995,-1.7366333333333335,100.0,2.0,6.0,0.306225445365299,0.709462274270184,0.7780285173592831,0.3062,0.709462274270184,0.306225445365299,0.709462274270184,,0.709462274270184,0.5016655851324774,0.991,0.6847705577856409,0.6461103558540344,0.5638,0.3962,1.0,,,,68.13732659141697,,,,
4507,P35557,Y,215,C,NONSYN,0.4586734907533599,0.52248568757907,0.19914424593083344,-1.7367666666666668,100.0,2.0,6.0,3.14779813479765,0.18337062862686998,4.310579999014116e-09,3.1478,0.18337062862686998,3.14779813479765,0.18337062862686998,,0.18337062862686998,0.1296626149724998,0.5823,2.565468861573773,0.6661540865898132,3.0542,0.1273,1.0,,,,68.13732659141697,,,,
4508,P35557,Y,215,P,NONSYN,0.23460250402828794,1.8718688404558168,0.18348836023579632,-2.446166666666667,100.0,2.0,6.0,0.15923654089792902,0.6487938364834,0.8873685669832589,0.1592,0.6487938364834,0.15923654089792902,0.6487938364834,,0.6487938364834,0.45876652136944823,1.2037,1.0444309805788166,0.6887495517730713,0.4802,0.3818,1.0,,,,68.13732659141697,,,,
4509,P35557,Y,215,E,NONSYN,0.2834825200829025,1.7003800570257097,0.24100132067982502,-2.2428666666666666,100.0,2.0,6.0,1.44217118844331,0.0816568655695725,0.002903796349799569,1.4422,0.0816568655695725,1.44217118844331,0.0816568655695725,,0.0816568655695725,0.05774012337468302,1.2039,0.23823628053010193,0.7511838674545288,1.4408,0.0576,1.0,,,,68.13732659141697,,,,
4510,P35557,Y,215,M,NONSYN,0.28510862464089565,2.98036895146973,0.2644123211386383,-1.5896,100.0,2.0,6.0,2.7169111421952,0.13578943031211,1.752915713403422e-07,2.7169,0.13578943031211,2.7169111421952,0.13578943031211,,0.13578943031211,0.09601762698715109,2.3149,0.40201694282386224,0.9266867637634277,2.7126,0.0955,1.0,,,,68.13732659141697,,,,
4511,P35557,Y,215,W,NONSYN,0.3374643971404331,1.9371073830168433,0.32428366307549966,0.17450000000000002,,,,,,,,,,,,,,1.3105,,1.064662218093872,1.3105,1.0647,1.0,,,,68.13732659141697,,,,
4512,P35557,Y,215,H,NONSYN,0.37993420185509386,1.6813642566070266,0.27248694298550546,-0.3900666666666666,100.0,2.0,6.0,1.91799540434203,0.7781741128996609,9.622082674581215e-05,1.918,0.7781741128996609,1.91799540434203,0.7781741128996609,,0.7781741128996609,0.5502521921751762,1.2365,0.6815241089852795,0.7312924861907959,1.6716,0.4397,0.9990000000000001,,,,68.13732659141697,,,,
4513,P35557,Y,215,Q,NONSYN,0.2421324616458889,1.4632329347370467,0.25447218115347203,-1.3627666666666667,100.0,2.0,6.0,-0.22012965229785997,0.711233563455192,0.9827108763222046,-0.2201,0.711233563455192,-0.22012965229785997,0.711233563455192,,0.711233563455192,0.5029180757266388,1.0168,1.2368916705015953,0.8670145273208618,0.0913,0.435,0.9990000000000001,,,,68.13732659141697,,,,
4514,P35557,Y,215,*,STOP,,,,,100.0,2.0,6.0,0.8878688627854051,0.05,0.10036317443291166,0.8879,0.05,0.8878688627854051,0.05,,0.05,0.035355339059327376,,,,0.8879,0.0354,,,,,68.13732659141697,C,219.0,,
4515,P35557,E,216,S,NONSYN,0.4382670271083193,1.4188472666522387,0.07912912585060282,-0.7552666666666666,100.0,2.0,6.0,1.88422999665429,0.196544121095744,0.0001236104184505369,1.8842,0.196544121095744,1.88422999665429,0.196544121095744,,0.196544121095744,0.13897768082915055,1.0452,0.8390239267080009,0.511833131313324,1.8266,0.1341,0.9940000000000001,,,,116.61907703587104,,,,
4516,P35557,E,216,A,NONSYN,0.4725389201357859,0.530832514074748,0.15922362627761258,-0.7921333333333335,100.0,2.0,6.0,1.77132197120601,0.0741141151156911,0.0002829303668174258,1.7713,0.0741141151156911,1.77132197120601,0.0741141151156911,,0.0741141151156911,0.05240659337994558,0.6017,1.1696677992623454,0.5282725691795349,1.7599,0.0522,0.992,,,,116.61907703587104,,,,
4517,P35557,E,216,V,NONSYN,0.5148579282991502,1.6855022803393271,0.18816780079928785,-1.6669666666666665,100.0,2.0,6.0,2.06826133316087,0.0649451020118586,3.106299199378478e-05,2.0683,0.0649451020118586,2.06826133316087,0.0649451020118586,,0.0649451020118586,0.04592312203743731,1.2216,0.846627064400189,0.7700021266937256,2.0653,0.0458,0.996,,,,116.61907703587104,,,,
4518,P35557,E,216,R,NONSYN,0.4513055748960305,1.7932337673557799,0.08617541779374584,-0.7022666666666667,100.0,2.0,6.0,0.7610704945436659,0.132904018767186,0.19644542266253368,0.7611,0.132904018767186,0.7610704945436659,0.132904018767186,,0.132904018767186,0.09397733291722139,1.2068,0.44577550422037215,0.6352876424789429,0.7706,0.093,0.9990000000000001,,,,116.61907703587104,,,,
4519,P35557,E,216,D,NONSYN,0.4800060668498122,0.7121871029873134,0.17949815790493842,-0.020166666666666666,100.0,2.0,6.0,1.84326642693581,0.39462091925642495,0.00016721185110708242,1.8433,0.39462091925642495,1.84326642693581,0.39462091925642495,,0.39462091925642495,0.2790391280042871,0.7821,1.061209439650196,0.5008977055549622,1.5919,0.2438,0.941,,,,116.61907703587104,,,,
4520,P35557,E,216,F,NONSYN,0.4134101209643438,2.9571944247857016,0.1625924488249929,-2.4431333333333334,100.0,2.0,6.0,1.74991059805026,0.922633352620783,0.00033048743501956293,1.7499,0.922633352620783,1.74991059805026,0.922633352620783,,0.922633352620783,0.6524003001870348,1.7633,0.013369555224276075,0.8619613647460938,1.7548,0.5202,1.0,,,,116.61907703587104,,,,
4521,P35557,E,216,T,NONSYN,0.4070866311137473,1.7068783266574286,0.18396982276209484,-0.9768666666666667,100.0,2.0,6.0,-0.892722286526462,0.590869109860554,0.9992070045737232,-0.8927,0.590869109860554,-0.892722286526462,0.590869109860554,,0.590869109860554,0.4178075543760568,1.19,2.082694210354587,0.6973940134048462,-0.3426,0.3584,0.9990000000000001,,,,116.61907703587104,,,,
4522,P35557,E,216,I,NONSYN,0.377366298627538,1.184408418120772,0.23929179145184795,-2.5622000000000003,100.0,2.0,6.0,7.06826861804505,0.5444407007419491,5.671703235258337e-28,7.0683,0.5444407007419491,7.06826861804505,0.5444407007419491,,0.5444407007419491,0.38497771144858794,0.9793,6.089017590937811,1.8929669857025146,6.8264,0.3773,0.998,,,,116.61907703587104,,,,
4523,P35557,E,216,L,NONSYN,0.4309220950052253,3.0429168995349785,0.26961143002883503,-2.541533333333333,100.0,2.0,6.0,1.49274317380243,0.136674669186093,0.0020477953762646755,1.4927,0.136674669186093,1.49274317380243,0.136674669186093,,0.136674669186093,0.09664358539791443,1.1972,0.2955207025652473,0.9551348686218262,1.4897,0.0962,0.998,,,,116.61907703587104,,,,
4524,P35557,E,216,K,NONSYN,0.4890082107053284,1.4564832751349985,0.09001303100717212,-0.6558999999999999,100.0,2.0,6.0,-1.00383625218203,0.6841969615690009,0.9995002891833604,-1.0038,0.6841969615690009,-1.00383625218203,0.6841969615690009,,0.6841969615690009,0.48380031119267214,1.0064,2.010277845352196,0.5309553146362305,-0.0919,0.3576,0.9990000000000001,,,,116.61907703587104,,,,
4525,P35557,E,216,G,NONSYN,0.4522640708552875,3.6098776029822695,0.1308338938248951,-1.9693333333333332,100.0,2.0,6.0,0.775161469054482,0.209272175675805,0.1831819596343752,0.7752,0.209272175675805,0.775161469054482,0.209272175675805,,0.209272175675805,0.14797777453402416,2.1484,1.373208081650474,0.8010424971580505,0.8205,0.1455,0.9990000000000001,,,,116.61907703587104,,,,
4526,P35557,E,216,Y,NONSYN,0.4671477233180428,3.112057753633987,0.14120325880202259,-2.2137666666666664,,,,,,,,,,,,,,2.1484,,0.8763166666030884,2.1484,0.8763,1.0,,,,116.61907703587104,,,,
4527,P35557,E,216,N,NONSYN,0.4945297857128286,1.4564832751349985,0.09001303100717212,-0.6558999999999999,,,,,,,,,,,,,,1.0452,,0.5265552401542664,1.0452,0.5266,0.996,,,,116.61907703587104,,,,
4528,P35557,E,216,C,NONSYN,0.4263241553322161,1.1844084181207721,0.23929179145184795,-2.5622,100.0,2.0,6.0,-0.330142814192089,0.876272644657359,0.9898741382947464,-0.3301,0.876272644657359,-0.330142814192089,0.876272644657359,,0.876272644657359,0.6196183292054884,0.9563,1.286406594785961,1.2022910118103027,-0.0602,0.5508,1.0,,,,116.61907703587104,,,,
4529,P35557,E,216,P,NONSYN,0.2784783599621833,0.9822870059468061,0.14119275109700136,-1.2109666666666667,100.0,2.0,6.0,2.58824251422261,0.7655401636127579,5.086351976572364e-07,2.5882,0.7655401636127579,2.58824251422261,0.7655401636127579,,0.7655401636127579,0.5413186409612402,0.8335,1.7547072006163478,0.5116735100746155,1.6615,0.3718,0.987,,,,116.61907703587104,,,,
4530,P35557,E,216,E,SYN,,,,,,,,,,,,,,,,,,,,,,,,,,,116.61907703587104,,,,
4531,P35557,E,216,M,NONSYN,0.4318399535430367,3.3038971400868005,0.1383289931872965,-1.9908666666666666,100.0,2.0,6.0,1.6931028577408898,0.0864962254736901,0.0004978009631259457,1.6931,0.0864962254736901,1.6931028577408898,0.0864962254736901,,0.0864962254736901,0.061162067579486855,2.0297,0.3366260317244423,0.8064982891082764,1.695,0.061,0.997,,,,116.61907703587104,,,,
4532,P35557,E,216,W,NONSYN,0.3886512979012191,3.4369741299659133,0.2545527608691346,-2.4843333333333333,100.0,2.0,6.0,0.310571482509626,0.40094617799254606,0.7737994588521723,0.3106,0.40094617799254606,0.310571482509626,0.40094617799254606,,0.40094617799254606,0.2835117613493578,1.8421,1.5314911099967827,1.1075016260147095,0.4048,0.2747,1.0,,,,116.61907703587104,,,,
4533,P35557,E,216,H,NONSYN,0.3874690850586482,1.4722074874679887,0.0585880020904683,-0.7464666666666666,100.0,2.0,6.0,1.72414933420704,0.299247646236356,0.00039813650263722286,1.7241,0.299247646236356,1.72414933420704,0.299247646236356,,0.299247646236356,0.21160003990784038,0.9911,0.7330607054381191,0.5162331461906433,1.6187,0.1958,1.0,,,,116.61907703587104,,,,
4534,P35557,E,216,Q,NONSYN,0.4979236622050323,0.9078867238026899,0.19184495239535046,-0.02876666666666668,100.0,2.0,6.0,1.25616756448968,0.270550406921225,0.01018814176994656,1.2562,0.270550406921225,1.25616756448968,0.270550406921225,,0.270550406921225,0.19130802738677802,0.7523,0.5039044953368479,0.5041091442108154,1.1927,0.1789,0.9990000000000001,,,,116.61907703587104,,,,
4535,P35557,E,216,*,STOP,,,,,100.0,2.0,6.0,0.27935684136688,0.05,0.8028352654828869,0.2794,0.05,0.27935684136688,0.05,,0.05,0.035355339059327376,,,,0.2794,0.0354,,,,,116.61907703587104,,,,
4536,P35557,D,217,S,NONSYN,0.3690767940714815,2.307644986462753,0.11938295517552781,-0.9239999999999999,100.0,2.0,6.0,2.10147386870099,0.23295868473723497,2.4109976519707923e-05,2.1015,0.23295868473723497,2.10147386870099,0.23295868473723497,,0.23295868473723497,0.1647266657139979,1.5655,0.5359304555387587,0.748988151550293,2.0767,0.1609,1.0,,,,35.03352696856547,,,,
4537,P35557,D,217,A,NONSYN,0.4216252277516441,1.275590313012807,0.17317189830026056,-1.4927333333333335,100.0,2.0,6.0,2.15061019765223,0.31329512440572,1.6534143328914765e-05,2.1506,0.31329512440572,2.15061019765223,0.31329512440572,,0.31329512440572,0.22153310697996761,0.9821,1.1685143600591514,0.6038669943809509,2.012,0.208,1.0,,,,35.03352696856547,,,,
4538,P35557,D,217,V,NONSYN,0.4506084315132353,0.8719414573882275,0.15242056023114,-2.6115333333333335,100.0,2.0,6.0,1.7676443625729599,0.20179040054594502,0.0002905932576506738,1.7676,0.20179040054594502,1.7676443625729599,0.20179040054594502,,0.20179040054594502,0.1426873606043873,0.746,1.0216255356114425,0.536299467086792,1.7001,0.1379,1.0,,,,35.03352696856547,,,,
4539,P35557,D,217,R,NONSYN,0.35823216117602164,1.8375025798337836,0.18579435825263188,-1.472133333333333,100.0,2.0,6.0,0.4648733971893,0.128822224090985,0.5871757775884304,0.4649,0.128822224090985,0.4648733971893,0.128822224090985,,0.128822224090985,0.09109106822226852,1.2037,0.7387941242874456,0.6934049725532532,0.4774,0.0903,1.0,,,,35.03352696856547,,,,
4540,P35557,D,217,D,SYN,,,,,,,,,,,,,,,,,,,,,,,,,,,35.03352696856547,,,,
4541,P35557,D,217,F,NONSYN,0.29646296686588297,1.1467382258140901,0.15476795193614015,-2.6194333333333333,100.0,2.0,6.0,0.943254057295372,0.166552436116985,0.072989305473888,0.9433,0.166552436116985,0.943254057295372,0.166552436116985,,0.166552436116985,0.11777035700145934,0.8319,0.11132407558684543,0.5318856239318848,0.9381,0.115,1.0,,,,35.03352696856547,,,,
4542,P35557,D,217,T,NONSYN,0.33041122774515563,2.201408846074783,0.11819801900337322,-1.1000666666666665,100.0,2.0,6.0,2.67516695748964,0.767436527207614,2.4817587488307177e-07,2.6752,0.767436527207614,2.67516695748964,0.767436527207614,,0.767436527207614,0.5426595725187582,1.2632,1.411988132111222,0.8149455785751343,2.2414,0.4517,1.0,,,,35.03352696856547,,,,
4543,P35557,D,217,I,NONSYN,0.3169485018080975,1.055474426134057,0.17613313187690607,-2.7128666666666668,100.0,2.0,6.0,-0.373752087468853,0.35207697862390397,0.9917854445940204,-0.3738,0.35207697862390397,-0.373752087468853,0.35207697862390397,,0.35207697862390397,0.2489560190846336,0.788,1.1617588700005914,0.5637788772583008,-0.1842,0.2277,1.0,,,,35.03352696856547,,,,
4544,P35557,D,217,L,NONSYN,0.37713817620354506,0.3294148708402393,0.17431399382217863,-2.7055000000000002,100.0,2.0,6.0,1.8044265784126001,0.36801278445518704,0.000222279945974503,1.8044,0.36801278445518704,1.8044265784126001,0.36801278445518704,,0.36801278445518704,0.260224335451606,0.3464,1.45798840893323,0.48241376876831055,1.4758,0.229,1.0,,,,35.03352696856547,,,,
4545,P35557,D,217,K,NONSYN,0.3517044245741117,2.0237242848385564,0.12989335149697434,-0.8664,100.0,2.0,6.0,2.95323597357358,0.0843200973336869,2.3582449171917566e-08,2.9532,0.0843200973336869,2.95323597357358,0.0843200973336869,,0.0843200973336869,0.05962331261495973,1.2506,1.7026727096804524,0.7630765438079834,2.9429,0.0594,1.0,,,,35.03352696856547,,,,
4546,P35557,D,217,G,NONSYN,0.41616550742326497,1.94890019605176,0.22712778084684201,-1.2674333333333332,100.0,2.0,6.0,2.63006713163736,0.0539458154531758,3.6051468612385125e-07,2.6301,0.0539458154531758,2.63006713163736,0.0539458154531758,,0.0539458154531758,0.03814545192357865,1.2391,1.3909920669782414,0.8988500833511353,2.6276,0.0381,1.0,,,,35.03352696856547,,,,
4547,P35557,D,217,Y,NONSYN,0.4224113195979475,1.5963721324403437,0.06525028211210689,-2.560966666666667,100.0,2.0,6.0,0.681168870939501,0.322326078611752,0.28419693952489494,0.6812,0.322326078611752,0.681168870939501,0.322326078611752,,0.322326078611752,0.227918955939638,1.0397,0.35853664396833596,0.5183430314064026,0.7393,0.2086,1.0,,,,35.03352696856547,,,,
4548,P35557,D,217,N,NONSYN,0.4295009636980524,2.136341359185303,0.08079076850452879,-0.2961,100.0,2.0,6.0,1.00261188996552,0.6510893894129439,0.051222304796393774,1.0026,0.6510893894129439,1.00261188996552,0.6510893894129439,,0.6510893894129439,0.4603897224125013,1.2632,0.2605669354128979,0.670202910900116,1.0861,0.3795,1.0,,,,35.03352696856547,,,,
4549,P35557,D,217,C,NONSYN,0.3461355508488411,1.066106284505569,0.1291233205014772,-2.7265333333333337,100.0,2.0,6.0,-0.40564766258338897,0.618271030641792,0.9929428292457833,-0.4056,0.618271030641792,-0.40564766258338897,0.618271030641792,,0.618271030641792,0.43718363837800683,0.789,1.1946184310350796,0.516993522644043,0.0924,0.3338,1.0,,,,35.03352696856547,,,,
4550,P35557,D,217,P,NONSYN,0.2905290433283012,1.7485169088262966,0.08084936315321627,-1.4699,100.0,2.0,6.0,0.731830410211761,0.7213097795481691,0.22611932557909398,0.7318,0.7213097795481691,0.731830410211761,0.7213097795481691,,0.7213097795481691,0.510043036454684,1.1799,0.4480643947427678,0.6075150966644287,0.9171,0.3906,1.0,,,,35.03352696856547,,,,
4551,P35557,D,217,E,NONSYN,0.4869275421620544,2.017620437155927,0.16434459427740644,-0.3505,100.0,2.0,6.0,1.3587746560536498,0.23503497598946102,0.00512819049314948,1.3588,0.23503497598946102,1.3587746560536498,0.23503497598946102,,0.23503497598946102,0.16619482533816526,1.2606,0.09813427328692614,0.7142170071601868,1.3537,0.1619,0.9990000000000001,,,,35.03352696856547,,,,
4552,P35557,D,217,M,NONSYN,0.2886817698329022,1.1306890969359442,0.09785283186790271,-2.5042666666666666,100.0,2.0,6.0,2.0782179774526996,0.0904306803788204,2.8794565750458487e-05,2.0782,0.0904306803788204,2.0782179774526996,0.0904306803788204,,0.0904306803788204,0.06394414732317717,0.8492,1.2290079535726948,0.4479250907897949,2.0537,0.0633,1.0,,,,35.03352696856547,,,,
4553,P35557,D,217,W,NONSYN,0.2933207242208761,0.34167560945345277,0.18880481922554904,-2.7770999999999995,100.0,2.0,6.0,0.6307992010221071,0.47956236373621397,0.3493724936668393,0.6308,0.47956236373621397,0.6307992010221071,0.47956236373621397,,0.47956236373621397,0.33910179939972657,0.3464,0.28436103154273695,0.5081536173820496,0.5432,0.2821,1.0,,,,35.03352696856547,,,,
4554,P35557,D,217,H,NONSYN,0.4359397753198172,2.7528233542335268,0.18241875712396727,-1.1262,100.0,2.0,6.0,1.02092343301341,0.49137954853099197,0.04581602262993854,1.0209,0.49137954853099197,1.02092343301341,0.49137954853099197,,0.49137954853099197,0.3474578109026486,2.2233,1.202418508820086,0.9582964181900024,1.1606,0.3266,1.0,,,,35.03352696856547,,,,
4555,P35557,D,217,Q,NONSYN,0.3596090029508326,2.02521109176266,0.12970768167164415,-0.9040333333333331,100.0,2.0,6.0,2.94877555280127,0.0893167410235817,2.4506906831441445e-08,2.9488,0.0893167410235817,2.94877555280127,0.0893167410235817,,0.0893167410235817,0.06315647325125731,1.2506,1.6982122889081426,0.7630765438079834,2.9372,0.0629,1.0,,,,35.03352696856547,,,,
4556,P35557,D,217,*,STOP,,,,,100.0,2.0,6.0,0.314427026080925,0.05,0.7699970176226796,0.3144,0.05,0.314427026080925,0.05,,0.05,0.035355339059327376,,,,0.3144,0.0354,,,,,35.03352696856547,,,,
4557,P35557,H,218,S,NONSYN,0.4274947371973565,1.4540934193574484,0.043431981626173656,-0.8565666666666667,100.0,2.0,6.0,1.7051062341143601,0.599350857427267,0.0004566692402302656,1.7051,0.599350857427267,1.7051062341143601,0.599350857427267,,0.599350857427267,0.4238050555967921,1.0881,0.6170050855090135,0.4865879714488983,1.439,0.3196,0.022000000000000002,,,,101.40606437257613,,,,
4558,P35557,H,218,A,NONSYN,0.3450641386058211,1.0152694795678145,0.1548972635776106,-1.3736666666666668,100.0,2.0,6.0,2.65968900297347,0.18383933311299896,2.821804184026795e-07,2.6597,0.18383933311299896,2.65968900297347,0.18383933311299896,,0.18383933311299896,0.12999403909301416,0.9201,1.7395643529719442,0.505937397480011,2.552,0.1259,0.022000000000000002,,,,101.40606437257613,,,,
4559,P35557,H,218,V,NONSYN,0.3100277196420108,1.6048343890602013,0.06530179127127277,-2.3561,100.0,2.0,6.0,1.5887398327381101,0.437413137246145,0.0010461586367989204,1.5887,0.437413137246145,1.5887398327381101,0.437413137246145,,0.437413137246145,0.3092977955268311,1.1774,0.4113194550067869,0.5681292414665222,1.4947,0.2716,0.022000000000000002,,,,101.40606437257613,,,,
4560,P35557,H,218,R,NONSYN,0.40896647076546666,1.2035352519454583,0.0742232639611509,-0.5006666666666667,100.0,2.0,6.0,2.9657951405430096,0.634975506275342,2.1159962677373988e-08,2.9658,0.634975506275342,2.9657951405430096,0.634975506275342,,0.634975506275342,0.4489954863746555,1.0793,1.8864778092289227,0.4905256927013397,2.1058,0.3312,0.0,,,,101.40606437257613,,,,
4561,P35557,H,218,D,NONSYN,0.31424584995616583,0.9984961908851511,0.20641902494978384,-1.1517666666666666,100.0,2.0,6.0,2.5080427345227503,0.0687980609369329,9.786172427789219e-07,2.508,0.0687980609369329,2.5080427345227503,0.0687980609369329,,0.0687980609369329,0.048647575420990574,0.9388,1.5692161735486292,0.5550416707992554,2.4961,0.0485,0.012,,,,101.40606437257613,,,,
4562,P35557,H,218,F,NONSYN,0.4107279990990593,1.8169484113638745,0.10674944758509995,-1.2622333333333333,100.0,2.0,6.0,1.0072688419456899,0.49106951719306796,0.0497944401409751,1.0073,0.49106951719306796,1.0072688419456899,0.49106951719306796,,0.49106951719306796,0.34723858564122223,1.2212,0.21389002016826275,0.7991966009140015,1.0412,0.3185,0.17600000000000002,,,,101.40606437257613,,,,
4563,P35557,H,218,T,NONSYN,0.34470915542349684,2.0583335264806366,0.12465047673491465,-1.2422333333333333,100.0,2.0,6.0,0.283113496595403,0.40815184488976397,0.7995047379165886,0.2831,0.40815184488976397,0.283113496595403,0.40815184488976397,,0.40815184488976397,0.28860693727535197,1.2527,0.9696063825549877,0.8376355171203613,0.386,0.2729,0.016,,,,101.40606437257613,,,,
4564,P35557,H,218,I,NONSYN,0.4064210844894963,1.6276551771317782,0.11273736527534474,-2.3591,100.0,2.0,6.0,1.52027746852338,0.19827566690772103,0.0016909136764302539,1.5203,0.19827566690772103,1.52027746852338,0.19827566690772103,,0.19827566690772103,0.14020206861473467,1.2045,0.3157480638831822,0.6018741130828857,1.504,0.1365,0.132,,,,101.40606437257613,,,,
4565,P35557,H,218,L,NONSYN,0.37474439086043504,2.31579340181219,0.11451677128824694,-2.1879333333333335,100.0,2.0,6.0,0.8757113441256641,0.15006620953632097,0.10743852909487575,0.8757,0.15006620953632097,0.8757113441256641,0.15006620953632097,,0.15006620953632097,0.10611283439009389,1.5314,0.6557261720867993,0.8043081760406494,0.8869,0.1052,0.006999999999999999,,,,101.40606437257613,,,,
4566,P35557,H,218,K,NONSYN,0.3667056690225641,1.7877955650924366,0.14530995832517385,-0.8806333333333333,100.0,2.0,6.0,0.703999796909395,0.11448058791788901,0.2570127951442811,0.704,0.11448058791788901,0.703999796909395,0.11448058791788901,,0.11448058791788901,0.08095000003096206,1.2169,0.5129227246817916,0.7886899709701538,0.7093,0.0805,0.002,,,,101.40606437257613,,,,
4567,P35557,H,218,G,NONSYN,0.2666216007931661,0.7575650837617834,0.06364024578589171,-1.8095333333333334,100.0,2.0,6.0,3.83836290417508,0.0735536782894468,7.295512248027175e-12,3.8384,0.0735536782894468,3.83836290417508,0.0735536782894468,,0.0735536782894468,0.05201030469968156,0.8859,2.9524240213473214,0.4037092626094818,3.7902,0.0516,0.022000000000000002,,,,101.40606437257613,,,,
4568,P35557,H,218,Y,NONSYN,0.3971056557325536,1.7587572102870623,0.22347531243430038,-0.05406666666666666,100.0,2.0,6.0,1.38572355112939,0.0890817498925553,0.004271566450201609,1.3857,0.0890817498925553,1.38572355112939,0.0890817498925553,,0.0890817498925553,0.06299030942898985,1.2367,0.1490293344011795,0.6399025917053223,1.3843,0.0627,0.044000000000000004,,,,101.40606437257613,,,,
4569,P35557,H,218,N,NONSYN,0.4170819178402928,1.6352089832345988,0.21563016871240415,0.08810000000000001,100.0,2.0,6.0,1.75636823228678,0.264466971699585,0.00031537612860041235,1.7564,0.264466971699585,1.75636823228678,0.264466971699585,,0.264466971699585,0.18700638908864728,1.2286,0.527798724687903,0.6261202096939087,1.7131,0.1792,0.005,,,,101.40606437257613,,,,
4570,P35557,H,218,C,NONSYN,0.3215631552657849,1.328242881795718,0.1185943974617818,-2.231333333333333,100.0,2.0,6.0,2.41851435453156,0.12216678618169198,2.014193496710487e-06,2.4185,0.12216678618169198,2.41851435453156,0.12216678618169198,,0.12216678618169198,0.08638496294484141,1.0859,1.3326043918774464,0.5140605568885803,2.3819,0.0852,0.569,,,,101.40606437257613,,,,
4571,P35557,H,218,P,NONSYN,0.3372425756544121,2.3169519543406136,0.045457967555876805,-1.7345333333333333,100.0,2.0,6.0,0.0399170484752764,0.206726319417547,0.9372282709296591,0.0399,0.206726319417547,0.0399170484752764,0.206726319417547,,0.206726319417547,0.14617758230988373,1.5314,1.491520467737187,0.833665132522583,0.0844,0.144,0.024,,,,101.40606437257613,,,,
4572,P35557,H,218,E,NONSYN,0.22798112642128554,1.7916337238555882,0.20756808105059202,-0.7021666666666667,100.0,2.0,6.0,1.1502377266402,0.126945217731373,0.02033307032949227,1.1502,0.126945217731373,1.1502377266402,0.126945217731373,,0.126945217731373,0.0897638242970566,1.235,0.08478362612774437,0.6881958246231079,1.1517,0.089,0.005,,,,101.40606437257613,,,,
4573,P35557,H,218,M,NONSYN,0.34585524966568515,1.3522243033777188,0.0683855447124894,-1.5882666666666667,100.0,2.0,6.0,1.7554261001623503,0.15536962877545002,0.0003175379195757537,1.7554,0.15536962877545002,1.7554261001623503,0.15536962877545002,,0.15536962877545002,0.10986291809755724,1.0846,0.6708668979681365,0.4860571324825287,1.7228,0.1072,0.317,,,,101.40606437257613,,,,
4574,P35557,H,218,W,NONSYN,0.3935142425056496,1.8779020176042358,0.06337088197256521,-1.7288,100.0,2.0,6.0,1.35706685868441,0.0874403655177178,0.005187760580746645,1.3571,0.0874403655177178,1.35706685868441,0.0874403655177178,,0.0874403655177178,0.061829675407008615,1.1844,0.1726564058416975,0.609139084815979,1.3553,0.0615,0.867,,,,101.40606437257613,,,,
4575,P35557,H,218,H,SYN,,,,,,,,,,,,,,,,,,,,,,,,,,,101.40606437257613,,,,
4576,P35557,H,218,Q,NONSYN,0.3372315255555827,2.0359623079863933,0.1634816046147591,0.006400000000000017,100.0,2.0,6.0,0.554108258031397,0.6525375101305451,0.45818458099087395,0.5541,0.6525375101305451,0.554108258031397,0.6525375101305451,,0.6525375101305451,0.46141369839189383,1.2562,0.702060822702856,0.6012954115867615,0.8143,0.3661,0.017,,,,101.40606437257613,,,,
4577,P35557,H,218,*,STOP,,,,,100.0,2.0,6.0,0.430394011119264,0.05,0.6343134999778134,0.4304,0.05,0.430394011119264,0.05,,0.05,0.035355339059327376,,,,0.4304,0.0354,,,,,101.40606437257613,,,,
4578,P35557,Q,219,S,NONSYN,0.4409447200841817,1.8170919941088333,0.07057600255020716,-0.6639,100.0,2.0,6.0,1.13028699619808,0.34321671547300703,0.023105368962680076,1.1303,0.34321671547300703,1.13028699619808,0.34321671547300703,,0.34321671547300703,0.2426908669275371,1.2212,0.09087186591587271,0.6499996781349182,1.1414,0.2274,0.001,,,,86.95668542468128,,,,
4579,P35557,Q,219,A,NONSYN,0.4409062194732345,1.3078603101739201,0.13214077850497263,-0.7354333333333333,100.0,2.0,6.0,1.46901645123273,0.16692519686305202,0.002413368676921341,1.469,0.16692519686305202,1.46901645123273,0.16692519686305202,,0.16692519686305202,0.11803393865276349,1.0881,0.38091530262738327,0.540499746799469,1.4517,0.1153,0.037000000000000005,,,,86.95668542468128,,,,
4580,P35557,Q,219,V,NONSYN,0.3518917047261823,1.2974667610176112,0.08584252666442399,-1.6304999999999998,100.0,2.0,6.0,2.6826038561767502,0.53142031314094,2.333038749626014e-07,2.6826,0.53142031314094,2.6826038561767502,0.53142031314094,,0.53142031314094,0.37577090708223715,1.0881,1.5945027075714036,0.49098411202430725,2.0936,0.2984,0.048,,,,86.95668542468128,,,,
4581,P35557,Q,219,R,NONSYN,0.4495753804079927,0.9706632301440367,0.254843883995439,0.14876666666666669,100.0,2.0,6.0,1.5322010525244498,0.300735195018493,0.0015559003818647152,1.5322,0.300735195018493,1.5322010525244498,0.300735195018493,,0.300735195018493,0.2126518957390352,0.9325,0.5996747025030875,0.6325397491455078,1.4713,0.2016,0.0,,,,86.95668542468128,,,,
4582,P35557,Q,219,D,NONSYN,0.3761251669021567,1.1587572207266004,0.13042876298533881,-0.7075333333333332,100.0,2.0,6.0,1.91632571957469,0.189619191244005,9.742308705300656e-05,1.9163,0.189619191244005,1.91632571957469,0.189619191244005,,0.189619191244005,0.13408101597174474,0.9894,0.9269511415755749,0.5265539884567261,1.8599,0.1299,0.05,,,,86.95668542468128,,,,
4583,P35557,Q,219,F,NONSYN,0.46856681542106005,1.7887900598777036,0.14435181199354016,-2.0619666666666667,100.0,2.0,6.0,4.09046348876454,0.219298789439893,6.197749322766313e-13,4.0905,0.219298789439893,4.09046348876454,0.219298789439893,,0.219298789439893,0.15506766111894918,1.2191,2.871380656428114,0.8515325784683228,3.9983,0.1526,0.625,,,,86.95668542468128,,,,
4584,P35557,Q,219,T,NONSYN,0.4922881604041325,1.5052097223351666,0.1004482102091195,-0.6848333333333333,100.0,2.0,6.0,0.876968214748991,0.400684644979184,0.10668795174209941,0.877,0.400684644979184,0.876968214748991,0.400684644979184,,0.400684644979184,0.2833268295821053,1.0881,0.21113293385635568,0.48618412017822266,0.9305,0.2448,0.003,,,,86.95668542468128,,,,
4585,P35557,Q,219,I,NONSYN,0.4593577312581562,2.645528841988533,0.1456059986692337,-2.0460000000000003,100.0,2.0,6.0,1.52024714243205,0.20382849909216602,0.0016912712139302017,1.5202,0.20382849909216602,1.52024714243205,0.20382849909216602,,0.20382849909216602,0.14412851390714662,1.9967,0.4764324020168025,0.8988327980041504,1.5322,0.1423,0.253,,,,86.95668542468128,,,,
4586,P35557,Q,219,L,NONSYN,0.47697605168164703,1.3633312943650344,0.08625149459507382,-1.5785,100.0,2.0,6.0,1.3120729443277601,0.152549283285656,0.007022434265535472,1.3121,0.152549283285656,1.3120729443277601,0.152549283285656,,0.152549283285656,0.10786863267643501,1.0881,0.22397179572241344,0.49098411202430725,1.3018,0.1054,0.05,,,,86.95668542468128,,,,
4587,P35557,Q,219,K,NONSYN,0.3813325671505154,1.7824587842095667,0.08058684323523888,0.2974666666666667,100.0,2.0,6.0,1.25489699926764,0.36613330205122396,0.010274095301036708,1.2549,0.36613330205122396,1.25489699926764,0.36613330205122396,,0.36613330205122396,0.2588953406986429,1.2169,0.037974477676453455,0.6374671459197998,1.2495,0.2399,0.011000000000000001,,,,86.95668542468128,,,,
4588,P35557,Q,219,G,NONSYN,0.4132083883745238,1.6103241950558145,0.1327853746027058,-1.6385666666666667,100.0,2.0,6.0,1.74403155406214,0.312527207427354,0.00034485904356573667,1.744,0.312527207427354,1.74403155406214,0.312527207427354,,0.312527207427354,0.22099010767717675,1.1774,0.5666111763308168,0.6196761131286621,1.6801,0.2081,0.08,,,,86.95668542468128,,,,
4589,P35557,Q,219,Y,NONSYN,0.4840075968099441,1.2397295944686477,0.18976216544267988,-1.4618333333333335,100.0,2.0,6.0,1.5096665443700301,0.156646546960021,0.001820618341861102,1.5097,0.156646546960021,1.5096665443700301,0.156646546960021,,0.156646546960021,0.1107658356048878,1.0995,0.410157782010411,0.6469948887825012,1.498,0.1092,0.105,,,,86.95668542468128,,,,
4590,P35557,Q,219,N,NONSYN,0.4518295354764143,1.5761406200805368,0.11403640030818962,-0.35083333333333333,100.0,2.0,6.0,0.14920778955577998,1.01177807182384,0.8926881411061083,0.1492,1.01177807182384,0.14920778955577998,1.01177807182384,,1.01177807182384,0.715435135642487,1.0949,0.9456935337627015,0.5675565004348755,0.7296,0.4446,0.05,,,,86.95668542468128,,,,
4591,P35557,Q,219,C,NONSYN,0.4511413301447636,2.7644381624577803,0.14376786175227493,-1.9530666666666667,100.0,2.0,6.0,1.16351918102431,0.22609824192981,0.018666313714116003,1.1635,0.22609824192981,1.16351918102431,0.22609824192981,,0.22609824192981,0.15987560008292523,2.0057,0.8421504127867252,0.902683675289154,1.1891,0.1574,0.912,,,,86.95668542468128,,,,
4592,P35557,Q,219,P,NONSYN,0.4853050517411639,1.2329025678155938,0.10758913855433759,-1.2671333333333334,100.0,2.0,6.0,1.5708200544152502,0.7830750770334021,0.0011869028922313223,1.5708,0.7830750770334021,1.5708200544152502,0.7830750770334021,,0.7830750770334021,0.5537176971484966,1.0821,0.48867841661312617,0.5200538039207458,1.3112,0.3791,0.162,,,,86.95668542468128,,,,
4593,P35557,Q,219,E,NONSYN,0.4564313440073604,1.4316609844669266,0.11444651460085274,0.2536666666666667,100.0,2.0,6.0,2.30729039849556,0.123230749575796,4.87538127876108e-06,2.3073,0.123230749575796,2.30729039849556,0.123230749575796,,0.123230749575796,0.08713729867574661,1.0881,1.2191892498902135,0.4805830717086792,2.2685,0.0857,0.012,,,,86.95668542468128,,,,
4594,P35557,Q,219,M,NONSYN,0.4050622568485636,0.9161704123288632,0.2548808656075548,-0.5147333333333333,100.0,2.0,6.0,2.06593381151908,0.16074215194404998,3.161802335726404e-05,2.0659,0.16074215194404998,2.06593381151908,0.16074215194404998,,0.16074215194404998,0.11366186566215611,0.89,1.1758971093630133,0.679760754108429,2.034,0.1121,0.784,,,,86.95668542468128,,,,
4595,P35557,Q,219,W,NONSYN,0.4710687255935087,1.9129027848555502,0.14969452013129983,-1.6665666666666665,100.0,2.0,6.0,0.8362957846629331,0.10814975589928301,0.1333243868613079,0.8363,0.10814975589928301,0.8362957846629331,0.10814975589928301,,0.10814975589928301,0.07647342578005284,1.2256,0.3893151867878726,0.7959226369857788,0.8399,0.0761,0.981,,,,86.95668542468128,,,,
4596,P35557,Q,219,H,NONSYN,0.4843682171858765,1.6981294834292167,0.11539330570674759,0.3949666666666667,100.0,2.0,6.0,1.50788490160869,0.10615475629171699,0.0018433270472307316,1.5079,0.10615475629171699,1.50788490160869,0.10615475629171699,,0.10615475629171699,0.07506274802907839,1.2085,0.2993504224674546,0.5858949422836304,1.5031,0.0745,0.0,,,,86.95668542468128,,,,
4597,P35557,Q,219,Q,SYN,,,,,100.0,2.0,6.0,2.2025534093776202,0.05,1.1063766161292887e-05,2.2026,0.05,2.2025534093776202,0.05,,0.05,0.035355339059327376,,,,2.2026,0.0354,,,,,86.95668542468128,,,,
4598,P35557,Q,219,*,STOP,,,,,100.0,2.0,6.0,-0.13792584817182402,0.05,0.9740683997060922,-0.1379,0.05,-0.13792584817182402,0.05,,0.05,0.035355339059327376,,,,-0.1379,0.0354,,,,,86.95668542468128,,,,
4599,P35557,C,220,S,NONSYN,0.3604904794435106,1.3825132297569034,0.06824065454473459,-0.9790999999999999,100.0,2.0,6.0,0.8766156052271321,0.18033172587172897,0.10689807310824487,0.8766,0.18033172587172897,0.8766156052271321,0.18033172587172897,,0.18033172587172897,0.12751378622697312,1.0838,0.2072183276494548,0.48458412289619446,0.89,0.1233,0.875,,,,2.524519704380185,,,,
4600,P35557,C,220,A,NONSYN,0.3068439069280049,1.1337870827628307,0.07642659134319889,-0.9634666666666667,100.0,2.0,6.0,1.98706630766393,0.11191372282660901,5.7406715696976156e-05,1.9871,0.11191372282660901,1.98706630766393,0.11191372282660901,,0.11191372282660901,0.07913495231852694,0.9509,1.0361544281244404,0.4087042808532715,1.9496,0.0777,0.792,,,,2.524519704380185,,,,
4601,P35557,C,220,V,NONSYN,0.3179103570647324,1.1790928833468974,0.07655907276945902,-0.9982333333333333,100.0,2.0,6.0,1.4868766444571497,0.104107861973134,0.0021328157058146855,1.4869,0.104107861973134,1.4868766444571497,0.104107861973134,,0.104107861973134,0.07361537517603615,0.9751,0.5118029492743494,0.4684576094150543,1.4745,0.0727,0.9620000000000001,,,,2.524519704380185,,,,
4602,P35557,C,220,R,NONSYN,0.23801989209795835,0.08799636501848533,0.14856722551786364,-2.6622333333333335,100.0,2.0,6.0,-0.280961847564487,0.308111538275447,0.9871539179914425,-0.281,0.308111538275447,-0.280961847564487,0.308111538275447,,0.308111538275447,0.21786775807638706,0.2986,0.579582876226215,0.439117968082428,-0.1665,0.1952,0.073,,,,2.524519704380185,,,,
4603,P35557,C,220,D,NONSYN,0.10680431653988344,-0.20950880875357203,0.16306898049293284,-2.6273,100.0,2.0,6.0,0.611553673751685,0.11655825068069901,0.37585045594824684,0.6116,0.11655825068069901,0.611553673751685,0.11655825068069901,,0.11655825068069901,0.08241912945956378,0.1085,0.5030546832159489,0.31890106201171875,0.5801,0.0798,0.9670000000000001,,,,2.524519704380185,,,,
4604,P35557,C,220,F,NONSYN,0.3827796558639093,0.300021044558608,0.08063076975401688,-1.5911666666666668,100.0,2.0,6.0,-0.0079331065815295,0.43384073109202104,0.9505093275683115,-0.0079,0.43384073109202104,-0.0079331065815295,0.43384073109202104,,0.43384073109202104,0.3067717229100975,0.3469,0.35483863608058347,0.3842259645462036,0.1302,0.2397,0.998,,,,2.524519704380185,,,,
4605,P35557,C,220,T,NONSYN,0.21098713877231906,1.3287620986312108,0.05505615560837892,-0.9784999999999999,100.0,2.0,6.0,1.03786899860421,0.24855673653641394,0.04128703377134035,1.0379,0.24855673653641394,1.03786899860421,0.24855673653641394,,0.24855673653641394,0.1757561539144964,1.0838,0.04596493427237691,0.48458412289619446,1.0432,0.1652,0.899,,,,2.524519704380185,,,,
4606,P35557,C,220,I,NONSYN,0.3827538054181146,1.1337870827628305,0.07642659134319889,-0.9634666666666667,100.0,2.0,6.0,1.6227940462093502,0.10584548448677,0.0008221763664360959,1.6228,0.10584548448677,1.6227940462093502,0.10584548448677,,0.10584548448677,0.07484405983857058,0.9033,0.7194667003612667,0.407562792301178,1.5993,0.0736,0.996,,,,2.524519704380185,,,,
4607,P35557,C,220,L,NONSYN,0.4158145620941803,0.24796675257250947,0.1276567192232039,-1.554,100.0,2.0,6.0,0.148229769376766,0.10912962560065899,0.8931943249441917,0.1482,0.10912962560065899,0.148229769376766,0.10912962560065899,,0.10912962560065899,0.07716629829057503,0.4056,0.2573921764812357,0.4753682017326355,0.1548,0.0762,0.971,,,,2.524519704380185,,,,
4608,P35557,C,220,K,NONSYN,0.0,0.4652302526544603,0.16138940803717602,-2.5341,100.0,2.0,6.0,-0.36454377193305104,0.610551204967663,0.9914157311387742,-0.3645,0.610551204967663,-0.36454377193305104,0.610551204967663,,0.610551204967663,0.4317248972942522,0.6394,1.0039655329689703,0.5478635430335999,0.0201,0.3391,0.943,,,,2.524519704380185,,,,
4609,P35557,C,220,G,NONSYN,0.4785067081693568,-0.21524852269655334,0.18358710027331812,-2.4234666666666667,100.0,2.0,6.0,1.57013854055693,0.49412303808709895,0.0011926051387594408,1.5701,0.49412303808709895,1.57013854055693,0.49412303808709895,,0.49412303808709895,0.34939775097188636,0.1307,1.4394633141069635,0.33592861890792847,0.8221,0.2422,0.835,,,,2.524519704380185,,,,
4610,P35557,C,220,Y,NONSYN,0.18775280364475316,0.300021044558608,0.08063076975401688,-1.5911666666666668,,,,,,,,,,,,,,0.3469,,0.3842259645462036,0.3469,0.3842,0.998,,,,2.524519704380185,,,,
4611,P35557,C,220,N,NONSYN,0.3555954207344509,0.09444079886130684,0.1180915242139895,-1.4692,100.0,2.0,6.0,0.608807630510374,0.232853200264492,0.3796859217152675,0.6088,0.232853200264492,0.608807630510374,0.232853200264492,,0.232853200264492,0.16465207692801145,0.2819,0.32691282746319383,0.39568179845809937,0.5606,0.152,0.9690000000000001,,,,2.524519704380185,,,,
4612,P35557,C,220,C,SYN,,,,,100.0,2.0,6.0,1.4265968474028998,0.05,0.0032314246585402454,1.4266,0.05,1.4265968474028998,0.05,,0.05,0.035355339059327376,,,,1.4266,0.0354,,,,,2.524519704380185,,,,
4613,P35557,C,220,P,NONSYN,0.23278771184927005,0.30821097368646394,0.19886665977683973,-2.5291333333333337,100.0,2.0,6.0,0.106514064970938,0.360204721917599,0.9128246146272244,0.1065,0.360204721917599,0.106514064970938,0.360204721917599,,0.360204721917599,0.25470320148334885,0.5512,0.4446868613329255,0.6431148052215576,0.1668,0.2368,0.9890000000000001,,,,2.524519704380185,,,,
4614,P35557,C,220,E,NONSYN,0.09400502805141753,-0.041162272493323014,0.14190866532388027,-2.6934333333333336,100.0,2.0,6.0,-0.375976204628044,0.8327132039805999,0.9918722313550753,-0.376,0.8327132039805999,-0.375976204628044,0.8327132039805999,,0.8327132039805999,0.5888171533182589,0.1416,0.5175775883141096,0.4036720097064972,-0.0239,0.3329,0.978,,,,2.524519704380185,,,,
4615,P35557,C,220,M,NONSYN,,0.24970143110187015,0.11887146840451361,-1.5635333333333332,100.0,2.0,6.0,0.143025733788684,0.225596743112793,0.8958507821251034,0.143,0.225596743112793,0.143025733788684,0.225596743112793,,0.225596743112793,0.15952098686865548,0.2859,0.14290400568656625,0.39568179845809937,0.163,0.148,0.9990000000000001,,,,2.524519704380185,,,,
4616,P35557,C,220,W,NONSYN,0.3650350897967528,0.4594854995814579,0.19756985537800334,-2.438333333333333,100.0,2.0,6.0,-0.454063526277104,0.38499914046224604,0.9943850697139991,-0.4541,0.38499914046224604,-0.454063526277104,0.38499914046224604,,0.38499914046224604,0.2722355029718463,0.3994,0.8534704660220533,0.49820688366889954,-0.2578,0.2389,1.0,,,,2.524519704380185,,,,
4617,P35557,C,220,H,NONSYN,0.2472156663565278,0.14570196371937869,0.11505215906804611,-2.6413333333333333,100.0,2.0,6.0,-0.45407864366716705,0.503951090356876,0.9943854684506017,-0.4541,0.503951090356876,-0.45407864366716705,0.503951090356876,,0.503951090356876,0.3563472333777015,0.262,0.7160396269435343,0.3937910199165344,-0.1317,0.2642,0.997,,,,2.524519704380185,,,,
4618,P35557,C,220,Q,NONSYN,0.31620129737801284,0.2505104141155916,0.20617612330946541,-2.441966666666667,100.0,2.0,6.0,0.172861730120495,0.29270959826702503,0.8797540304032665,0.1729,0.29270959826702503,0.172861730120495,0.29270959826702503,,0.29270959826702503,0.20697694185300347,0.4068,0.23394199702946838,0.5116288065910339,0.2058,0.1919,0.978,,,,2.524519704380185,,,,
4619,P35557,C,220,*,STOP,,,,,100.0,2.0,6.0,0.0816879865547511,0.05,0.9228331003788038,0.0817,0.05,0.0816879865547511,0.05,,0.05,0.035355339059327376,,,,0.0817,0.0354,,,,,2.524519704380185,E,226.0,,
4620,P35557,E,221,S,NONSYN,0.4382670271083193,0.5756419988485374,0.26079642127695774,-0.6747666666666666,100.0,2.0,6.0,1.63676842972343,0.28287456985730103,0.0007444839238098221,1.6368,0.28287456985730103,1.63676842972343,0.28287456985730103,,0.28287456985730103,0.2000225265713253,0.6464,0.9903950981766465,0.5896443724632263,1.5346,0.1894,1.0,,,,26.63786098602829,,,,
4621,P35557,E,221,A,NONSYN,0.4725389201357859,0.723414798171936,0.12094237565453257,-0.8022,100.0,2.0,6.0,1.05372316183913,0.265602220033284,0.03742933888272339,1.0537,0.265602220033284,1.05372316183913,0.265602220033284,,0.265602220033284,0.18780913088373657,0.7002,0.35352761092055096,0.48036468029022217,1.0068,0.1749,1.0,,,,26.63786098602829,,,,
4622,P35557,E,221,V,NONSYN,0.5148579282991502,0.7974969135489581,0.12659824559716876,-1.6669666666666665,100.0,2.0,6.0,1.5465673360298797,0.08712194778999001,0.0014071440252123927,1.5466,0.08712194778999001,1.5465673360298797,0.08712194778999001,,0.08712194778999001,0.06160452007248228,0.7286,0.8179246935318634,0.4948888123035431,1.5341,0.0611,1.0,,,,26.63786098602829,,,,
4623,P35557,E,221,R,NONSYN,0.4513055748960305,0.6464685729525538,0.25945250111430135,-0.7211333333333333,100.0,2.0,6.0,0.8412434395270809,0.288322135088242,0.129817535743908,0.8412,0.288322135088242,0.8412434395270809,0.288322135088242,,0.288322135088242,0.2038745368870797,0.6959,0.14533942303232994,0.5998532176017761,0.8262,0.193,1.0,,,,26.63786098602829,,,,
4624,P35557,E,221,D,NONSYN,0.4800060668498122,1.8136408679498135,0.19591212010792716,-0.020166666666666666,,,,,,,,,,,,,,1.2265,,0.5829843878746033,1.2265,0.583,0.998,,,,26.63786098602829,,,,
4625,P35557,E,221,F,NONSYN,0.4134101209643438,1.8717482015235065,0.0743544454140593,-2.4431333333333334,100.0,2.0,6.0,2.12596570963964,0.0407752147947336,1.9984525250338968e-05,2.126,0.0407752147947336,2.12596570963964,0.0407752147947336,,0.0407752147947336,0.028832430885694166,1.2002,0.9257475089560461,0.5705474019050598,2.1236,0.0288,1.0,,,,26.63786098602829,,,,
4626,P35557,E,221,T,NONSYN,0.4070866311137473,0.6363248374308682,0.1456437890132616,-0.9768666666666667,100.0,2.0,6.0,1.223909555792,0.28573893094055103,0.012600216206991548,1.2239,0.28573893094055103,1.223909555792,0.28573893094055103,,0.28573893094055103,0.2020479357170582,0.6699,0.5540046681157609,0.5160873532295227,1.1503,0.1881,1.0,,,,26.63786098602829,,,,
4627,P35557,E,221,I,NONSYN,0.377366298627538,1.9217909627694467,0.0733817564091989,-2.3962999999999997,100.0,2.0,6.0,1.2173403614502198,0.07524324883490201,0.013154655601201477,1.2173,0.07524324883490201,1.2173403614502198,0.07524324883490201,,0.07524324883490201,0.053205011489666,1.2067,0.01059402165224621,0.5800098180770874,1.2173,0.053,1.0,,,,26.63786098602829,,,,
4628,P35557,E,221,L,NONSYN,0.4309220950052253,1.39566144005047,0.02575519223896359,-2.375633333333333,100.0,2.0,6.0,2.79572892960715,0.30108053230161796,9.042682284693597e-08,2.7957,0.30108053230161796,2.79572892960715,0.30108053230161796,,0.30108053230161796,0.21289608607372942,0.9911,1.804640300838229,0.522325873374939,2.5386,0.1971,1.0,,,,26.63786098602829,,,,
4629,P35557,E,221,K,NONSYN,0.4890082107053284,0.8408169955806537,0.2604647863815058,-0.6217666666666667,100.0,2.0,6.0,1.1269501265097601,0.767055657396182,0.02360275035919272,1.127,0.767055657396182,1.1269501265097601,0.767055657396182,,0.767055657396182,0.5423902568923453,0.7769,0.3500268276740057,0.5794756412506104,0.9635,0.396,1.0,,,,26.63786098602829,,,,
4630,P35557,E,221,G,NONSYN,0.4522640708552875,1.2725324245143737,0.031601941117195005,-1.9225,100.0,2.0,6.0,1.47492153739528,0.23028917739618,0.0023168500069760114,1.4749,0.23028917739618,1.47492153739528,0.23028917739618,,0.23028917739618,0.16283903897071067,0.9822,0.49273301457957563,0.4439398944377899,1.4165,0.1529,1.0,,,,26.63786098602829,,,,
4631,P35557,E,221,Y,NONSYN,0.4671477233180428,1.8293302761508834,0.09108730203371618,-2.2137666666666664,100.0,2.0,6.0,1.3674686451880402,0.0554519762572195,0.004835073834630336,1.3675,0.0554519762572195,1.3674686451880402,0.0554519762572195,,0.0554519762572195,0.039210468441675334,1.2002,0.16725044450444648,0.5850055813789368,1.3667,0.0391,1.0,,,,26.63786098602829,,,,
4632,P35557,E,221,N,NONSYN,0.4945297857128286,1.086201009024105,0.2588192510338654,-0.6558999999999999,100.0,2.0,6.0,0.105091399196727,0.31386407549196504,0.9134300590787474,0.1051,0.31386407549196504,0.105091399196727,0.31386407549196504,,0.31386407549196504,0.22193541615121495,0.8403,0.735219651218312,0.6232614517211914,0.1878,0.2091,1.0,,,,26.63786098602829,,,,
4633,P35557,E,221,C,NONSYN,0.4263241553322161,2.1746233175866467,0.07284518423696301,-2.5622,100.0,2.0,6.0,0.20706431337912898,0.53261705184106,0.8585522107029717,0.2071,0.53261705184106,0.20706431337912898,0.53261705184106,,0.53261705184106,0.3766171291324004,1.1156,0.9085450940457978,0.6121134161949158,0.4566,0.3208,1.0,,,,26.63786098602829,,,,
4634,P35557,E,221,P,NONSYN,0.2784783599621833,1.2747333512203367,0.09421650885309613,-1.2109666666666667,100.0,2.0,6.0,0.0140079109263938,0.477644057995134,0.9448038157368241,0.014,0.477644057995134,0.0140079109263938,0.477644057995134,,0.477644057995134,0.3377453524018198,0.9822,0.9681806118893106,0.4711850881576538,0.3426,0.2745,1.0,,,,26.63786098602829,,,,
4635,P35557,E,221,E,SYN,,,,,,,,,,,,,,,,,,,,,,,,,,,26.63786098602829,,,,
4636,P35557,E,221,M,NONSYN,0.4318399535430367,1.4629858395377333,0.05948774882433181,-1.9440333333333335,100.0,2.0,6.0,0.9035612923252009,0.0855051625645546,0.09182366996309964,0.9036,0.0855051625645546,0.9035612923252009,0.0855051625645546,,0.0855051625645546,0.06046128027585468,0.9911,0.08752733644372002,0.5044735670089722,0.9048,0.06,1.0,,,,26.63786098602829,,,,
4637,P35557,E,221,W,NONSYN,0.3886512979012191,2.0463450002323365,0.07377655889682232,-2.4843333333333333,100.0,2.0,6.0,1.60217531351315,0.0565992095768594,0.0009514549634731568,1.6022,0.0565992095768594,1.60217531351315,0.0565992095768594,,0.0565992095768594,0.04002168490159586,1.2089,0.3932728352950714,0.7648162245750427,1.6011,0.04,1.0,,,,26.63786098602829,,,,
4638,P35557,E,221,H,NONSYN,0.3874690850586482,0.861034422815746,0.12056771581384405,-0.6659666666666667,100.0,2.0,6.0,0.7805911578218041,1.02109040189856,0.17825107603618146,0.7806,1.02109040189856,0.7805911578218041,1.02109040189856,,1.02109040189856,0.722019947386969,0.7769,0.00366785898604971,0.4782285690307617,0.778,0.3987,1.0,,,,26.63786098602829,,,,
4639,P35557,E,221,Q,NONSYN,0.4979236622050323,1.1814365713516646,0.30831243286503357,-0.4386666666666667,100.0,2.0,6.0,2.6772040476162497,0.14991882696262698,2.4401191192063595e-07,2.6772,0.14991882696262698,2.6772040476162497,0.14991882696262698,,0.14991882696262698,0.10600861917280616,0.9594,1.717763697083718,0.6239978671073914,2.629,0.1045,1.0,,,,26.63786098602829,,,,
4640,P35557,E,221,*,STOP,,,,,100.0,2.0,6.0,0.33161621459449897,0.05,0.7524652721287823,0.3316,0.05,0.33161621459449897,0.05,,0.05,0.035355339059327376,,,,0.3316,0.0354,,,,,26.63786098602829,,,PF03727,455.0
4641,P35557,V,222,S,NONSYN,0.33699392667600697,-0.041017773053428505,0.14471272660881287,-1.4466,100.0,2.0,6.0,0.0135331178209538,0.25008751295958603,0.9449338988493424,0.0135,0.25008751295958603,0.0135331178209538,0.25008751295958603,,0.25008751295958603,0.17683857630380187,0.1357,0.12216579670693926,0.3308924436569214,0.0407,0.156,1.0,,,,0.03309850823601542,,,,
4642,P35557,V,222,A,NONSYN,0.4716545268994549,0.24020198358523728,0.08383645139462344,-0.7901333333333334,100.0,2.0,6.0,-0.20652686917636398,0.15172316135213698,0.98151663782288,-0.2065,0.15172316135213698,-0.20652686917636398,0.15172316135213698,,0.15172316135213698,0.10728447625515676,0.3077,0.5141808327421904,0.3798965513706207,-0.1685,0.1032,1.0,,,,0.03309850823601542,,,,
4643,P35557,V,222,V,SYN,,,,,100.0,2.0,6.0,1.04237659634039,0.05,0.040154210508656626,1.0424,0.05,1.04237659634039,0.05,,0.05,0.035355339059327376,,,,1.0424,0.0354,,,,,0.03309850823601542,,,,
4644,P35557,V,222,R,NONSYN,0.17643841508486408,-0.17142441678524603,0.1426470726296761,-1.9857333333333334,100.0,2.0,6.0,-0.21544962885470603,0.168134903360117,0.9823092223509123,-0.2154,0.168134903360117,-0.21544962885470603,0.168134903360117,,0.168134903360117,0.11888933032008356,0.0885,0.3039205944785616,0.30213290452957153,-0.1747,0.1106,1.0,,,,0.03309850823601542,,,,
4645,P35557,V,222,D,NONSYN,0.27348180848279724,-0.3137652312038343,0.1483433625511368,-2.3809,,,,,,,,,,,,,,0.0901,,0.29927945137023926,0.0901,0.2993,1.0,,,,0.03309850823601542,,,,
4646,P35557,V,222,F,NONSYN,0.4053248813429461,0.04855671952936724,0.074208633806075,-0.9184666666666667,100.0,2.0,6.0,0.11048592577958001,0.0947509789769907,0.9111129981997897,0.1105,0.0947509789769907,0.11048592577958001,0.0947509789769907,,0.0947509789769907,0.06699905975869412,0.1441,0.033570305003882514,0.3332809805870056,0.1118,0.0657,1.0,,,,0.03309850823601542,,,,
4647,P35557,V,222,T,NONSYN,0.3185872156759129,1.0439173478441586,0.07631916554982617,-0.1374,100.0,2.0,6.0,0.27145611503261996,0.322451950422571,0.8096950134251683,0.2715,0.322451950422571,0.27145611503261996,0.322451950422571,,0.322451950422571,0.22800796075062837,0.7846,0.5131014063106112,0.42740145325660706,0.3851,0.2012,1.0,,,,0.03309850823601542,,,,
4648,P35557,V,222,I,NONSYN,0.4306262074024321,1.2032450092471534,0.10159790384556429,-0.1123,100.0,2.0,6.0,1.09442348709944,0.09406046953954,0.029012079107718584,1.0944,0.09406046953954,1.09442348709944,0.09406046953954,,0.09406046953954,0.06651079585299943,0.9977,0.09671403399351353,0.5022997260093689,1.0928,0.0659,0.998,,,,0.03309850823601542,,,,
4649,P35557,V,222,L,NONSYN,0.4667115524229356,0.629496804967932,0.08520788274502601,-0.29109999999999997,100.0,2.0,6.0,1.5147177436613,0.27952000250660103,0.0017577082580657636,1.5147,0.27952000250660103,1.5147177436613,0.27952000250660103,,0.27952000250660103,0.19765048924969833,0.664,0.8506862976812279,0.49846214056015015,1.3991,0.1837,0.995,,,,0.03309850823601542,,,,
4650,P35557,V,222,K,NONSYN,0.1909141340536438,0.09571555598645952,0.15107962469393857,-1.7571333333333332,100.0,2.0,6.0,-0.272071071723659,0.206528960456008,0.9865863643739016,-0.2721,0.206528960456008,-0.272071071723659,0.206528960456008,,0.206528960456008,0.14603802844985156,0.1931,0.4652108334099841,0.39111340045928955,-0.2151,0.1368,1.0,,,,0.03309850823601542,,,,
4651,P35557,V,222,G,NONSYN,0.3807983932718594,-0.2998128275121677,0.15118571045001097,-2.1775333333333333,100.0,2.0,6.0,-0.257306839929706,0.113775044559772,0.9855859177394395,-0.2573,0.113775044559772,-0.257306839929706,0.113775044559772,,0.113775044559772,0.08045110553801639,0.0901,0.3473735709058107,0.29927945137023926,-0.2339,0.0777,1.0,,,,0.03309850823601542,,,,
4652,P35557,V,222,Y,NONSYN,0.33250944557826595,0.09571555598645952,0.15107962469393857,-1.7571333333333332,100.0,2.0,6.0,-0.243500637739253,0.22117092553655804,0.9845806107356664,-0.2435,0.22117092553655804,-0.243500637739253,0.22117092553655804,,0.22117092553655804,0.15639146124820513,0.1973,0.44082238051230904,0.39111340045928955,-0.1827,0.1452,1.0,,,,0.03309850823601542,,,,
4653,P35557,V,222,N,NONSYN,0.2445312890805706,-0.145317902193046,0.07789106545141174,-2.1033666666666666,100.0,2.0,6.0,-0.35284347729472204,0.559390283182405,0.9909208258307312,-0.3528,0.559390283182405,-0.35284347729472204,0.559390283182405,,0.559390283182405,0.3955486625681417,0.0833,0.4361118216970353,0.26711857318878174,-0.0533,0.2214,1.0,,,,0.03309850823601542,,,,
4654,P35557,V,222,C,NONSYN,0.4349501020449153,-0.027502608525276723,0.07247276494046874,-0.9503666666666666,100.0,2.0,6.0,0.3386639099435119,0.116451286534571,0.7450045146055396,0.3387,0.116451286534571,0.3386639099435119,0.116451286534571,,0.116451286534571,0.08234349438649284,0.1485,0.19018221309941097,0.325549840927124,0.3272,0.0798,1.0,,,,0.03309850823601542,,,,
4655,P35557,V,222,P,NONSYN,0.17175025849116904,-0.02323636599958634,0.0909481492228208,-1.883333333333333,100.0,2.0,6.0,0.11064129866264301,0.10341987966904198,0.9110454001669629,0.1106,0.10341987966904198,0.11064129866264301,0.10341987966904198,,0.10341987966904198,0.07312889822347633,0.1067,0.0039848069062038,0.2849055230617523,0.1104,0.0708,1.0,,,,0.03309850823601542,,,,
4656,P35557,V,222,E,NONSYN,0.32079411141973807,0.05190064121844484,0.15628969390300876,-1.7854,100.0,2.0,6.0,-0.140626327419615,0.117595637247357,0.9744129680603952,-0.1406,0.117595637247357,-0.140626327419615,0.117595637247357,,0.117595637247357,0.08315267253555948,0.1268,0.26742409291300795,0.31482088565826416,-0.1232,0.0804,1.0,,,,0.03309850823601542,,,,
4657,P35557,V,222,M,NONSYN,0.4348220015603004,0.526548996505852,0.10675168742441941,-0.2969,100.0,2.0,6.0,1.8235611690475402,0.0607595346593034,0.0001932352956924565,1.8236,0.0607595346593034,1.8235611690475402,0.0607595346593034,,0.0607595346593034,0.042963478979332496,0.5528,1.2707227839424071,0.49872973561286926,1.8142,0.0428,1.0,,,,0.03309850823601542,,,,
4658,P35557,V,222,W,NONSYN,0.20407639127029992,-0.13424533544796216,0.1444415563189028,-1.7649666666666668,100.0,2.0,6.0,0.41781160257960603,0.279221467677651,0.6508671129188517,0.4178,0.279221467677651,0.41781160257960603,0.279221467677651,,0.279221467677651,0.19743939324772738,0.0939,0.32391992233897493,0.31027036905288696,0.3245,0.1666,1.0,,,,0.03309850823601542,,,,
4659,P35557,V,222,H,NONSYN,0.2484595230317529,-0.275199982026378,0.14026395660630261,-2.2815999999999996,100.0,2.0,6.0,-0.331145376387075,0.26503076830838895,0.9899229142503628,-0.3311,0.26503076830838895,-0.331145376387075,0.26503076830838895,,0.26503076830838895,0.18740505349394254,0.0885,0.41961634201093057,0.29927945137023926,-0.213,0.1588,1.0,,,,0.03309850823601542,,,,
4660,P35557,V,222,Q,NONSYN,0.31633139311143543,0.0017047344787773366,0.08642516782959077,-1.7866,100.0,2.0,6.0,0.0099613927993875,0.564851831940227,0.9459028340841108,0.01,0.564851831940227,0.0099613927993875,0.564851831940227,,0.564851831940227,0.3994105607305786,0.1067,0.09669509895705171,0.2896978557109833,0.0733,0.2345,1.0,,,,0.03309850823601542,,,,
4661,P35557,V,222,*,STOP,,,,,100.0,2.0,6.0,-0.153945945981408,0.05,0.9760454252825038,-0.1539,0.05,-0.153945945981408,0.05,,0.05,0.035355339059327376,,,,-0.1539,0.0354,,,,,0.03309850823601542,,,,
4662,P35557,G,223,S,NONSYN,0.36837526824294986,0.47032726592803864,0.17218021169285871,-0.8648000000000001,100.0,2.0,6.0,0.28277634546226194,0.11023346732206699,0.7998054643267429,0.2828,0.11023346732206699,0.28277634546226194,0.11023346732206699,,0.11023346732206699,0.07794683225713925,0.3957,0.11288211777740786,0.5058506727218628,0.2854,0.077,1.0,,,,0.0,,,,
4663,P35557,G,223,A,NONSYN,0.4089269105168704,0.06535392320639598,0.150273340421356,-0.9328,100.0,2.0,6.0,1.49769637362719,0.3732324872616711,0.0019785899203928247,1.4977,0.3732324872616711,1.49769637362719,0.3732324872616711,,0.3732324872616711,0.2639152227018493,0.2466,1.2511456944203418,0.4124029576778412,1.1342,0.2223,1.0,,,,0.0,,,,
4664,P35557,G,223,V,NONSYN,0.3988573139738447,-0.15703119281845523,0.09316103698663762,-2.7219333333333338,100.0,2.0,6.0,-0.29549635003024,0.290982062947731,0.988028810424886,-0.2955,0.290982062947731,-0.29549635003024,0.290982062947731,,0.290982062947731,0.2057553899139914,0.0833,0.37876469443255323,0.29179662466049194,-0.1697,0.1682,1.0,,,,0.0,,,,
4665,P35557,G,223,R,NONSYN,0.3362652746103357,-0.07758671566103793,0.09560739033896276,-1.9470333333333334,100.0,2.0,6.0,-0.162693117716266,0.15924125592587898,0.9770592696433961,-0.1627,0.15924125592587898,-0.162693117716266,0.15924125592587898,,0.15924125592587898,0.11260057190985151,0.0872,0.249871616222812,0.2849055230617523,-0.1289,0.1047,1.0,,,,0.0,,,,
4666,P35557,G,223,D,NONSYN,0.3623286966209139,-0.07925033233343547,0.09897830259236699,-1.5976,100.0,2.0,6.0,0.17783709684738397,0.464006292971794,0.8768588573919673,0.1778,0.464006292971794,0.17783709684738397,0.464006292971794,,0.464006292971794,0.3281019962735874,0.1075,0.07036849180588006,0.29221469163894653,0.1386,0.2182,1.0,,,,0.0,,,,
4667,P35557,G,223,F,NONSYN,0.3709207412708021,-0.22134704044509323,0.10819266448089317,-2.717866666666667,100.0,2.0,6.0,-0.10254880715032598,0.173753940750784,0.9690929793735141,-0.1025,0.173753940750784,-0.10254880715032598,0.173753940750784,,0.173753940750784,0.12286258976276494,0.0778,0.1803964369358637,0.2947961091995239,-0.0759,0.1134,1.0,,,,0.0,,,,
4668,P35557,G,223,T,NONSYN,0.21962954488217865,-0.16334011456058445,0.13507630389905534,-1.5144,100.0,2.0,6.0,0.430106443528831,0.251439012645369,0.6346960396301428,0.4301,0.251439012645369,0.430106443528831,0.251439012645369,,0.251439012645369,0.1777942308963905,0.1079,0.32216439879387615,0.31070590019226074,0.3506,0.1543,1.0,,,,0.0,,,,
4669,P35557,G,223,I,NONSYN,0.29686370150880703,-0.15703119281845523,0.09316103698663762,-2.721933333333333,100.0,2.0,6.0,0.0206672323766116,0.18561977760417397,0.9429471009898749,0.0207,0.18561977760417397,0.0206672323766116,0.18561977760417397,,0.18561977760417397,0.13125300346625024,0.0833,0.06260111202570164,0.29179662466049194,0.0312,0.1197,1.0,,,,0.0,,,,
4670,P35557,G,223,L,NONSYN,0.33670580158540125,-0.16477793855318523,0.10955641397852756,-2.6893,100.0,2.0,6.0,-0.27225611282605,0.157623724077177,0.9865984372210028,-0.2723,0.157623724077177,-0.27225611282605,0.157623724077177,,0.157623724077177,0.11145680417084913,0.0778,0.3501037426115877,0.2947961091995239,-0.2285,0.1043,1.0,,,,0.0,,,,
4671,P35557,G,223,K,NONSYN,0.4007452768135149,0.006215150553299298,0.13529480801035296,-1.5245,100.0,2.0,6.0,-0.0785593518128203,0.24931543772612302,0.9651781464261374,-0.0786,0.24931543772612302,-0.0785593518128203,0.24931543772612302,,0.24931543772612302,0.17629263667063397,0.1351,0.21364556039474475,0.3331373929977417,-0.0318,0.1558,1.0,,,,0.0,,,,
4672,P35557,G,223,G,SYN,,,,,100.0,2.0,6.0,1.17530999608975,0.05,0.017296568519276197,1.1753,0.05,1.17530999608975,0.05,,0.05,0.035355339059327376,,,,1.1753,0.0354,,,,,0.0,,,,
4673,P35557,G,223,Y,NONSYN,0.28089736795090275,-0.223433756668872,0.08809913332771536,-2.6748999999999996,100.0,2.0,6.0,-0.0962886584789897,0.31809738808307897,0.9681164608498557,-0.0963,0.31809738808307897,-0.0962886584789897,0.31809738808307897,,0.31809738808307897,0.224928820191274,0.0778,0.17413628826452743,0.29179662466049194,-0.0314,0.1781,1.0,,,,0.0,,,,
4674,P35557,G,223,N,NONSYN,0.382875509440285,0.652769938645612,0.14274214257083082,-0.8179,100.0,2.0,6.0,-0.264551672690458,0.42311242703304996,0.9860861329855812,-0.2646,0.42311242703304996,-0.264551672690458,0.42311242703304996,,0.42311242703304996,0.2991856663593679,0.6675,0.9320705268316933,0.5406162142753601,-0.046,0.2618,1.0,,,,0.0,,,,
4675,P35557,G,223,C,NONSYN,0.3672992043124827,-0.09567126407736166,0.09377131695160873,-2.438433333333333,100.0,2.0,6.0,-0.122647547495878,0.278862258147688,0.9720280096192105,-0.1226,0.278862258147688,-0.122647547495878,0.278862258147688,,0.278862258147688,0.19718539375322375,0.0872,0.20982604600242402,0.27926105260849,-0.0528,0.1611,1.0,,,,0.0,,,,
4676,P35557,G,223,P,NONSYN,0.2021261040610908,-0.22392465403620224,0.09282065695428378,-1.8968333333333334,100.0,2.0,6.0,0.276320697409227,0.186573188665699,0.8054945361193417,0.2763,0.186573188665699,0.276320697409227,0.186573188665699,,0.186573188665699,0.13192716689311287,0.0778,0.19847306762368927,0.2849055230617523,0.2413,0.1197,1.0,,,,0.0,,,,
4677,P35557,G,223,E,NONSYN,0.4108810729254607,-0.13495544069655865,0.09864307034607679,-1.9435333333333331,100.0,2.0,6.0,0.0094130573902962,0.12142280375248499,0.9460500895959956,0.0094,0.12142280375248499,0.0094130573902962,0.12142280375248499,,0.12142280375248499,0.0858588879240655,0.0833,0.07385528701201703,0.2849055230617523,0.0156,0.0822,1.0,,,,0.0,,,,
4678,P35557,G,223,M,NONSYN,0.2878381921366005,0.128814631037055,0.08121956223324252,-2.275,100.0,2.0,6.0,-0.22428818539966103,0.259690430076713,0.9830598981319805,-0.2243,0.259690430076713,-0.22428818539966103,0.259690430076713,,0.259690430076713,0.1836288641164947,0.2406,0.46485929684031957,0.3418639600276947,-0.1202,0.1618,1.0,,,,0.0,,,,
4679,P35557,G,223,W,NONSYN,0.355895468841822,-0.21414402764192633,0.11300782653573975,-2.4539666666666666,100.0,2.0,6.0,0.23277074319781602,0.0785200449589638,0.8405127920350411,0.2328,0.0785200449589638,0.23277074319781602,0.0785200449589638,,0.0785200449589638,0.05552205624955588,0.0778,0.1549231134122783,0.28451234102249146,0.2271,0.0545,1.0,,,,0.0,,,,
4680,P35557,G,223,H,NONSYN,0.3218287257213429,0.04101354569441906,0.0645113381890055,-1.9332999999999998,100.0,2.0,6.0,-0.518493901782637,0.339088282861088,0.9958426060861353,-0.5185,0.339088282861088,-0.518493901782637,0.339088282861088,,0.339088282861088,0.23977162423197745,0.1146,0.6330484560066513,0.2767241299152374,-0.247,0.1812,1.0,,,,0.0,,,,
4681,P35557,G,223,Q,NONSYN,0.29754150588632416,0.0922754610676204,0.07576383333169953,-1.7754,100.0,2.0,6.0,-0.5892980887163171,0.22574524213047,0.996996903230341,-0.5893,0.22574524213047,-0.5892980887163171,0.22574524213047,,0.22574524213047,0.15962599153105445,0.1674,0.7567348672616967,0.33631837368011475,-0.4502,0.1442,1.0,,,,0.0,,,,
4682,P35557,G,223,*,STOP,,,,,100.0,2.0,6.0,-0.0316453318535987,0.05,0.9560189397129337,-0.0316,0.05,-0.0316453318535987,0.05,,0.05,0.035355339059327376,,,,-0.0316,0.0354,,,,,0.0,,,,
4683,P35557,M,224,S,NONSYN,0.31494457442558743,1.6263240778379036,0.3582727338580584,-0.5272,,,,,,,,,,,,,,1.2463,,0.785081148147583,1.2463,0.7851,1.0,,,,0.006910853613161954,,,,
4684,P35557,M,224,A,NONSYN,0.38040172866410704,1.6263240778379036,0.3582727338580584,-0.5272,,,,,,,,,,,,,,1.2741,,0.7266072630882263,1.2741,0.7266,0.8320000000000001,,,,0.006910853613161954,,,,
4685,P35557,M,224,V,NONSYN,0.43335182923768345,1.6263240778379036,0.3582727338580584,-0.5272,,,,,,,,,,,,,,1.2741,,0.7266072630882263,1.2741,0.7266,0.8420000000000001,,,,0.006910853613161954,,,,
4686,P35557,M,224,R,NONSYN,0.4133638176812908,1.0658332196645905,0.2174911439608658,-0.2001,100.0,2.0,6.0,2.7473057941845296,1.3899817089656397,1.359163101988415e-07,2.7473,1.3899817089656397,2.7473057941845296,1.3899817089656397,,1.3899817089656397,0.9828654921348698,0.8506,1.8967493013790486,0.5928465127944946,1.3566,0.5076,0.9990000000000001,,,,0.006910853613161954,,,,
4687,P35557,M,224,D,NONSYN,,1.6263240778379036,0.3582727338580584,-0.5272,,,,,,,,,,,,,,1.2463,,0.785081148147583,1.2463,0.7851,1.0,,,,0.006910853613161954,,,,
4688,P35557,M,224,F,NONSYN,0.3024433202519795,1.6263240778379036,0.3582727338580584,-0.5272,,,,,,,,,,,,,,1.2741,,0.7266072630882263,1.2741,0.7266,0.775,,,,0.006910853613161954,,,,
4689,P35557,M,224,T,NONSYN,0.4428972613017431,1.6318173246516503,0.5118489990857282,-0.3825,100.0,2.0,6.0,1.6153375842104098,0.46319882334672796,0.0008668149289385035,1.6153,0.46319882334672796,1.6153375842104098,0.46319882334672796,,0.46319882334672796,0.32753102902610104,1.253,0.3623716570863864,0.7824622392654419,1.5613,0.3021,0.998,,,,0.006910853613161954,,,,
4690,P35557,M,224,I,NONSYN,0.5092966528428504,2.18132168919747,0.5180012429049801,-0.999,100.0,2.0,6.0,0.516328855118771,0.404803695217145,0.5133950060872255,0.5163,0.404803695217145,0.516328855118771,0.404803695217145,,0.404803695217145,0.2862394379374156,1.3911,0.8747574848317905,1.0775654315948486,0.574,0.2766,0.845,,,,0.006910853613161954,,,,
4691,P35557,M,224,L,NONSYN,0.4802407566174219,1.6263240778379036,0.3582727338580584,-0.5272,,,,,,,,,,,,,,1.2783,,0.7488552331924438,1.2783,0.7489,0.001,,,,0.006910853613161954,,,,
4692,P35557,M,224,K,NONSYN,0.4908604207297649,1.6263240778379036,0.3582727338580584,-0.5272,,,,,,,,,,,,,,1.2581,,0.7824622392654419,1.2581,0.7825,0.998,,,,0.006910853613161954,,,,
4693,P35557,M,224,G,NONSYN,0.2313069645088376,1.6263240778379036,0.3582727338580584,-0.5272,,,,,,,,,,,,,,1.2707,,0.7266072630882263,1.2707,0.7266,0.993,,,,0.006910853613161954,,,,
4694,P35557,M,224,Y,NONSYN,,1.6263240778379036,0.3582727338580584,-0.5272,,,,,,,,,,,,,,1.2463,,0.785081148147583,1.2463,0.7851,1.0,,,,0.006910853613161954,,,,
4695,P35557,M,224,N,NONSYN,0.3182579182514713,1.6263240778379036,0.3582727338580584,-0.5272,,,,,,,,,,,,,,1.2463,,0.785081148147583,1.2463,0.7851,1.0,,,,0.006910853613161954,,,,
4696,P35557,M,224,C,NONSYN,,1.6263240778379036,0.3582727338580584,-0.5272,,,,,,,,,,,,,,1.2463,,0.785081148147583,1.2463,0.7851,1.0,,,,0.006910853613161954,,,,
4697,P35557,M,224,P,NONSYN,0.29396488881585514,1.6263240778379036,0.3582727338580584,-0.5272,,,,,,,,,,,,,,1.2463,,0.785081148147583,1.2463,0.7851,1.0,,,,0.006910853613161954,,,,
4698,P35557,M,224,E,NONSYN,0.3715633530173947,1.6263240778379036,0.3582727338580584,-0.5272,,,,,,,,,,,,,,1.2581,,0.7824622392654419,1.2581,0.7825,0.998,,,,0.006910853613161954,,,,
4699,P35557,M,224,M,SYN,,,,,,,,,,,,,,,,,,,,,,,,,,,0.006910853613161954,,,,
4700,P35557,M,224,W,NONSYN,0.17309253470131644,1.6263240778379036,0.3582727338580584,-0.5272,,,,,,,,,,,,,,1.2463,,0.785081148147583,1.2463,0.7851,1.0,,,,0.006910853613161954,,,,
4701,P35557,M,224,H,NONSYN,,1.6263240778379036,0.3582727338580584,-0.5272,,,,,,,,,,,,,,1.2463,,0.785081148147583,1.2463,0.7851,1.0,,,,0.006910853613161954,,,,
4702,P35557,M,224,Q,NONSYN,0.13890249407095925,1.6263240778379036,0.3582727338580584,-0.5272,,,,,,,,,,,,,,1.2463,,0.785081148147583,1.2463,0.7851,1.0,,,,0.006910853613161954,,,,
4703,P35557,M,224,*,STOP,,,,,,,,,,,,,,,,,,,,,,,,,,,0.006910853613161954,,,,
4704,P35557,I,225,S,NONSYN,0.3569880228913576,0.20357522739887526,0.034009733317695585,-2.078,100.0,2.0,6.0,0.159285665365066,0.120334967116168,0.8873419236176,0.1593,0.120334967116168,0.159285665365066,0.120334967116168,,0.120334967116168,0.0850896712617026,0.2601,0.10081505694786125,0.33922919631004333,0.1653,0.0825,1.0,,,,19.528055411971707,,,,
4705,P35557,I,225,A,NONSYN,0.28919971369701003,-0.011808142589156434,0.08024732465305266,-1.0550333333333333,100.0,2.0,6.0,-0.32845482259943104,0.149872053643772,0.989791460589035,-0.3285,0.149872053643772,-0.32845482259943104,0.149872053643772,,0.149872053643772,0.1059755454418652,0.1269,0.45540139108850575,0.2944622039794922,-0.2762,0.0997,1.0,,,,19.528055411971707,,,,
4706,P35557,I,225,V,NONSYN,0.5093217990682584,0.1627216394482983,0.07110668906092558,0.12380000000000002,100.0,2.0,6.0,-0.17359710199788198,0.12062250180123199,0.9782619528253904,-0.1736,0.12062250180123199,-0.17359710199788198,0.12062250180123199,,0.12062250180123199,0.08529298898733768,0.4238,0.5973962591405211,0.39042484760284424,-0.1464,0.0833,0.987,,,,19.528055411971707,,,,
4707,P35557,I,225,R,NONSYN,0.3272410050264404,-0.245445609575588,0.20137258486763868,-2.2922666666666665,100.0,2.0,6.0,-0.24378578892327202,0.0858189396254044,0.9846020896687673,-0.2438,0.0858189396254044,-0.24378578892327202,0.0858189396254044,,0.0858189396254044,0.06068315416336236,0.0937,0.3375179373321618,0.36590951681137085,-0.2348,0.0599,1.0,,,,19.528055411971707,,,,
4708,P35557,I,225,D,NONSYN,0.16544784150713826,-0.29689166638183534,0.18978956595638893,-2.5876333333333332,100.0,2.0,6.0,-0.0570672039185615,0.20592092911586898,0.9612474429450986,-0.0571,0.20592092911586898,-0.0570672039185615,0.20592092911586898,,0.20592092911586898,0.14560808536606532,0.0901,0.14713393489466625,0.36507749557495117,-0.0369,0.1352,1.0,,,,19.528055411971707,,,,
4709,P35557,I,225,F,NONSYN,0.4538389948012209,-0.011808142589156431,0.08024732465305266,-1.0550333333333333,100.0,2.0,6.0,-0.0052847837040852,0.27168912816683805,0.9498529049280343,-0.0053,0.27168912816683805,-0.0052847837040852,0.27168912816683805,,0.27168912816683805,0.1921132249014322,0.209,0.2142538999150227,0.3632221221923828,0.0416,0.1698,1.0,,,,19.528055411971707,,,,
4710,P35557,I,225,T,NONSYN,0.4688475184602092,-0.007252626210943099,0.10073319563594439,-0.9611333333333333,100.0,2.0,6.0,-0.0189513328387252,0.08413796860532301,0.9531500097870964,-0.019,0.08413796860532301,-0.0189513328387252,0.08413796860532301,,0.08413796860532301,0.05949452815608474,0.1485,0.16743302968282614,0.33723169565200806,-0.0139,0.0586,1.0,,,,19.528055411971707,,,,
4711,P35557,I,225,I,SYN,,,,,,,,,,,,,,,,,,,,,,,,,,,19.528055411971707,,,,
4712,P35557,I,225,L,NONSYN,0.4687676623700352,0.14632816676525662,0.07316733903381792,0.3612333333333333,100.0,2.0,6.0,-0.12441668394875699,0.0959083888056889,0.9722724035613632,-0.1244,0.0959083888056889,-0.12441668394875699,0.0959083888056889,,0.0959083888056889,0.06781747209717859,0.4238,0.5482158410913962,0.3871379494667053,-0.1081,0.0668,0.983,,,,19.528055411971707,,,,
4713,P35557,I,225,K,NONSYN,0.25092304942959986,0.04367925913982725,0.06677547322289094,-2.1344,100.0,2.0,6.0,0.285134189494968,0.10949059402902499,0.7976948223949725,0.2851,0.10949059402902499,0.285134189494968,0.10949059402902499,,0.10949059402902499,0.07742154151406687,0.1268,0.15828829325091892,0.2713218927383423,0.2732,0.0744,0.9990000000000001,,,,19.528055411971707,,,,
4714,P35557,I,225,G,NONSYN,0.2286457322751229,-0.23740689017097252,0.19496963966993927,-2.4901666666666666,100.0,2.0,6.0,-0.23552153255115,0.0807958550913138,0.9839668891119571,-0.2355,0.0807958550913138,-0.23552153255115,0.0807958550913138,,0.0807958550913138,0.05713129702683363,0.0901,0.32558826352725473,0.3459227681159973,-0.2269,0.0564,1.0,,,,19.528055411971707,,,,
4715,P35557,I,225,Y,NONSYN,0.13155243779361564,-0.20985308698434244,0.06825449797662198,-1.0679999999999998,100.0,2.0,6.0,0.26568001058612695,0.233492722846287,0.8145867079207363,0.2657,0.233492722846287,0.26568001058612695,0.233492722846287,,0.233492722846287,0.16510428768232063,0.0981,0.16754230406795373,0.2854018211364746,0.2237,0.1429,1.0,,,,19.528055411971707,,,,
4716,P35557,I,225,N,NONSYN,0.35592577166482897,-0.2767564123719994,0.045145610051958884,-2.2975999999999996,100.0,2.0,6.0,-0.30522656592310904,0.7971822180729179,0.9885798230304759,-0.3052,0.7971822180729179,-0.30522656592310904,0.7971822180729179,,0.7971822180729179,0.5636929522406934,0.0778,0.38307419570864676,0.25900998711586,0.0111,0.2354,1.0,,,,19.528055411971707,,,,
4717,P35557,I,225,C,NONSYN,0.3956709195432079,-0.02724204828400976,0.06833726893000179,-1.1501666666666666,100.0,2.0,6.0,-0.28215310551487105,0.233056531056953,0.9872280535693817,-0.2822,0.233056531056953,-0.28215310551487105,0.233056531056953,,0.233056531056953,0.16479585351018466,0.1362,0.4183112738307585,0.31977444887161255,-0.1944,0.1465,1.0,,,,19.528055411971707,,,,
4718,P35557,I,225,P,NONSYN,0.14199266304317096,-0.01892501589329798,0.04322536632180604,-2.2159,100.0,2.0,6.0,-0.19455371528217602,0.267263210579446,0.9803953861545655,-0.1946,0.267263210579446,-0.19455371528217602,0.267263210579446,,0.267263210579446,0.1889836285624145,0.1067,0.30121020703861523,0.25900998711586,-0.0899,0.1527,1.0,,,,19.528055411971707,,,,
4719,P35557,I,225,E,NONSYN,0.17211454446743213,-0.2618563007892867,0.19233243638181,-2.2968999999999995,100.0,2.0,6.0,-0.34992690067124704,0.0795862375971321,0.9907928969302272,-0.3499,0.0795862375971321,-0.34992690067124704,0.0795862375971321,,0.0795862375971321,0.056275968294055866,0.0901,0.4399936316473518,0.3454558253288269,-0.3386,0.0555,1.0,,,,19.528055411971707,,,,
4720,P35557,I,225,M,NONSYN,0.42718435575891617,-0.10109952321690806,0.07362185263906512,0.4004666666666667,100.0,2.0,6.0,0.617866385997737,0.0894287465995641,0.3670852104412054,0.6179,0.0894287465995641,0.617866385997737,0.0894287465995641,,0.0894287465995641,0.06323567315356517,0.2003,0.4175821731700545,0.32561343908309937,0.6027,0.0621,1.0,,,,19.528055411971707,,,,
4721,P35557,I,225,W,NONSYN,0.174286826410949,-0.0024651072834691035,0.07030491465358663,-2.117266666666666,100.0,2.0,6.0,0.42356728876485705,0.057266749299235,0.6433422956495255,0.4236,0.057266749299235,0.42356728876485705,0.057266749299235,,0.057266749299235,0.04049370676599903,0.1067,0.31691079700841784,0.2668485939502716,0.4164,0.04,1.0,,,,19.528055411971707,,,,
4722,P35557,I,225,H,NONSYN,0.28548817071874943,-0.29964641850587603,0.1899120188732072,-2.3060999999999994,100.0,2.0,6.0,-0.23655654752147898,0.15161599622746802,0.9840478995162679,-0.2366,0.15161599622746802,-0.23655654752147898,0.15161599622746802,,0.15161599622746802,0.10720869906879664,0.0901,0.3266232784975837,0.3454558253288269,-0.2079,0.1024,1.0,,,,19.528055411971707,,,,
4723,P35557,I,225,Q,NONSYN,0.19562317673292887,0.17138258765921635,0.0694011265059723,-2.121633333333333,100.0,2.0,6.0,-0.0979757960631993,0.0745133849050204,0.9683826714130112,-0.098,0.0745133849050204,-0.0979757960631993,0.0745133849050204,,0.0745133849050204,0.052688919755503244,0.2434,0.3413386698558476,0.34118181467056274,-0.09,0.0521,1.0,,,,19.528055411971707,,,,
4724,P35557,I,225,*,STOP,,,,,100.0,2.0,6.0,-0.10667962894244401,0.05,0.9697207013015691,-0.1067,0.05,-0.10667962894244401,0.05,,0.05,0.035355339059327376,,,,-0.1067,0.0354,,,,,19.528055411971707,,,,
4725,P35557,V,226,S,NONSYN,0.33699392667600697,-0.16176208830735836,0.20968834065474665,-1.4466,100.0,2.0,6.0,0.0919798625787581,0.128443278318517,0.9188248762607517,0.092,0.128443278318517,0.0919798625787581,0.128443278318517,,0.128443278318517,0.09082311309685442,0.1213,0.029358177057853832,0.3826647996902466,0.0935,0.0884,1.0,,,,0.022689110181773785,,,,
4726,P35557,V,226,A,NONSYN,0.4716545268994549,0.12074870178272869,0.149418045886861,-0.7901333333333334,100.0,2.0,6.0,0.534389843891076,0.12554724198054099,0.4870096038053992,0.5344,0.12554724198054099,0.534389843891076,0.12554724198054099,,0.12554724198054099,0.08877530616370892,0.2835,0.25092752809327024,0.4144967794418335,0.5234,0.0868,1.0,,,,0.022689110181773785,,,,
4727,P35557,V,226,V,SYN,,,,,100.0,2.0,6.0,1.38301477256729,0.05,0.004350959420292119,1.383,0.05,1.38301477256729,0.05,,0.05,0.035355339059327376,,,,1.383,0.0354,,,,,0.022689110181773785,,,,
4728,P35557,V,226,R,NONSYN,0.17643841508486408,-0.07060475632964469,0.06760821609079073,-1.9857333333333334,100.0,2.0,6.0,-0.0714643707421238,0.12375867894333599,0.9639270377776401,-0.0715,0.12375867894333599,-0.0714643707421238,0.12375867894333599,,0.12375867894333599,0.08751060111152166,0.1048,0.1762498726990635,0.2714728116989136,-0.0549,0.0833,1.0,,,,0.022689110181773785,,,,
4729,P35557,V,226,D,NONSYN,0.27348180848279724,0.121205972151057,0.04740700589182279,-2.3809,,,,,,,,,,,,,,0.1947,,0.32070761919021606,0.1947,0.3207,1.0,,,,0.022689110181773785,,,,
4730,P35557,V,226,F,NONSYN,0.4053248813429461,0.2767604254733487,0.04656634445481833,-0.9184666666666667,100.0,2.0,6.0,-0.12046426532008699,0.530674248917327,0.9717233834934643,-0.1205,0.530674248917327,-0.12046426532008699,0.530674248917327,,0.530674248917327,0.3752433600105197,0.3066,0.4270691871378665,0.3783871531486511,0.0913,0.2664,1.0,,,,0.022689110181773785,,,,
4731,P35557,V,226,T,NONSYN,0.3185872156759129,0.548705102243044,0.055318974464947705,-0.1374,100.0,2.0,6.0,0.278798800718061,0.336862778092058,0.8033262115001769,0.2788,0.336862778092058,0.278798800718061,0.336862778092058,,0.336862778092058,0.23819795471823335,0.5801,0.3013093650229058,0.4352686405181885,0.3482,0.209,1.0,,,,0.022689110181773785,,,,
4732,P35557,V,226,I,NONSYN,0.4306262074024321,0.46350808785203906,0.09213450980325276,-0.1123,100.0,2.0,6.0,0.8333729482239131,0.0995807328324146,0.13543196798954235,0.8334,0.0995807328324146,0.8333729482239131,0.0995807328324146,,0.0995807328324146,0.07041421146132623,0.4561,0.37725069885906015,0.44241568446159363,0.8241,0.0695,0.9990000000000001,,,,0.022689110181773785,,,,
4733,P35557,V,226,L,NONSYN,0.4667115524229356,0.45407857292958775,0.09135452554795447,-0.29109999999999997,100.0,2.0,6.0,0.56267838865843,0.135418772788743,0.44569765009045226,0.5627,0.135418772788743,0.56267838865843,0.135418772788743,,0.135418772788743,0.09575553253888049,0.4498,0.11289407998647871,0.4492034316062927,0.5578,0.0937,0.998,,,,0.022689110181773785,,,,
4734,P35557,V,226,K,NONSYN,0.1909141340536438,-0.1526309545281249,0.1772965132417873,-1.7571333333333332,100.0,2.0,6.0,-0.0657432090855391,0.167084003081736,0.9628852787703118,-0.0657,0.167084003081736,-0.0657432090855391,0.167084003081736,,0.167084003081736,0.11814623160688952,0.0974,0.1631257545567305,0.30949991941452026,-0.045,0.1104,1.0,,,,0.022689110181773785,,,,
4735,P35557,V,226,G,NONSYN,0.3807983932718594,0.10193723187864107,0.052756202980184776,-2.1775333333333333,100.0,2.0,6.0,-0.013658149924876,0.0753122911557951,0.9518993648729359,-0.0137,0.0753122911557951,-0.013658149924876,0.0753122911557951,,0.0753122911557951,0.05325383178295836,0.1914,0.20504249521792103,0.32817763090133667,-0.0084,0.0526,1.0,,,,0.022689110181773785,,,,
4736,P35557,V,226,Y,NONSYN,0.33250944557826595,-0.15263095452812486,0.1772965132417873,-1.7571333333333332,100.0,2.0,6.0,0.1924950220361,0.0863301204359466,0.8679605905985942,0.1925,0.0863301204359466,0.1924950220361,0.0863301204359466,,0.0863301204359466,0.06104461358090918,0.1039,0.08859911940243301,0.30949991941452026,0.1892,0.0599,1.0,,,,0.022689110181773785,,,,
4737,P35557,V,226,N,NONSYN,0.2445312890805706,0.05640876927029941,0.052667726729177335,-2.1033666666666666,100.0,2.0,6.0,-0.004742836039185001,0.165115879098611,0.9497175158206594,-0.0047,0.165115879098611,-0.004742836039185001,0.165115879098611,,0.165115879098611,0.11675455779220596,0.1146,0.11929739026319928,0.2687406539916992,0.0142,0.1071,1.0,,,,0.022689110181773785,,,,
4738,P35557,V,226,C,NONSYN,0.4349501020449153,0.1686351470499157,0.1320511147199568,-0.9503666666666666,100.0,2.0,6.0,0.203911569950212,0.0822912761585193,0.8606369680853732,0.2039,0.0822912761585193,0.203911569950212,0.0822912761585193,,0.0822912761585193,0.05818871940418386,0.2545,0.050548884036909575,0.4124029576778412,0.2049,0.0576,1.0,,,,0.022689110181773785,,,,
4739,P35557,V,226,P,NONSYN,0.17175025849116904,-0.002562700297562633,0.07353565791718768,-1.883333333333333,100.0,2.0,6.0,-0.14132822386420998,0.164606677499117,0.9745017603214831,-0.1413,0.164606677499117,-0.14132822386420998,0.164606677499117,,0.164606677499117,0.11639449788821271,0.1067,0.2479847156206492,0.27651870250701904,-0.104,0.1073,1.0,,,,0.022689110181773785,,,,
4740,P35557,V,226,E,NONSYN,0.32079411141973807,-0.1645135839295507,0.18018450708481062,-1.7854,100.0,2.0,6.0,-0.0300953208812616,0.096611647036995,0.9556782368568263,-0.0301,0.096611647036995,-0.0300953208812616,0.096611647036995,,0.096611647036995,0.06831475076146037,0.0901,0.12016205185736634,0.31697508692741394,-0.0248,0.0668,1.0,,,,0.022689110181773785,,,,
4741,P35557,V,226,M,NONSYN,0.4348220015603004,0.4586223444225223,0.09054676055817446,-0.2969,100.0,2.0,6.0,0.5490470741796261,0.14485526173679,0.46557482665524463,0.549,0.14485526173679,0.5490470741796261,0.14485526173679,,0.14485526173679,0.10242813786463643,0.409,0.14007010207650716,0.45368602871894836,0.5423,0.0999,1.0,,,,0.022689110181773785,,,,
4742,P35557,V,226,W,NONSYN,0.20407639127029992,-0.2177185172016296,0.173145479933992,-1.7649666666666668,100.0,2.0,6.0,0.129519478934975,0.232597504363285,0.9024615418077409,0.1295,0.232597504363285,0.129519478934975,0.232597504363285,,0.232597504363285,0.1644712726223464,0.0901,0.03945274795887027,0.31027036905288696,0.1209,0.1453,1.0,,,,0.022689110181773785,,,,
4743,P35557,V,226,H,NONSYN,0.2484595230317529,-0.029955118902061605,0.0517748358779748,-2.2815999999999996,100.0,2.0,6.0,0.382018902417232,0.0867089442194368,0.6957037975953846,0.382,0.0867089442194368,0.382018902417232,0.0867089442194368,,0.0867089442194368,0.061312482447089846,0.1067,0.2753624106607928,0.2611807584762573,0.3676,0.0597,1.0,,,,0.022689110181773785,,,,
4744,P35557,V,226,Q,NONSYN,0.31633139311143543,0.011226982989391435,0.07123999869964082,-1.7866,100.0,2.0,6.0,-0.557317021638088,0.708785973026615,0.9965239734719386,-0.5573,0.708785973026615,-0.557317021638088,0.708785973026615,,0.708785973026615,0.5011873679370248,0.1067,0.6639735133945273,0.28330814838409424,-0.0541,0.2466,1.0,,,,0.022689110181773785,,,,
4745,P35557,V,226,*,STOP,,,,,100.0,2.0,6.0,-0.14376556665569598,0.05,0.9748076606561455,-0.1438,0.05,-0.14376556665569598,0.05,,0.05,0.035355339059327376,,,,-0.1438,0.0354,,,,,0.022689110181773785,,,,
4746,P35557,G,227,S,NONSYN,0.36837526824294986,0.8018527154364659,0.26851738045522816,-0.8648000000000001,100.0,2.0,6.0,-0.0863034384398669,0.311535332409613,0.9664938316214776,-0.0863,0.311535332409613,-0.0863034384398669,0.311535332409613,,0.311535332409613,0.22028874612604255,0.7084,0.7946885483412951,0.5357065796852112,0.0286,0.2037,0.9990000000000001,,,,4.68392201834082,,,,
4747,P35557,G,227,A,NONSYN,0.4089269105168704,0.08525815095815699,0.2730069742633499,-0.9328,100.0,2.0,6.0,2.06348025499506,0.230851086896983,3.221363379003679e-05,2.0635,0.230851086896983,2.06348025499506,0.230851086896983,,0.230851086896983,0.16323636898914162,0.3448,1.7186367481820106,0.4322420358657837,1.849,0.1527,0.9890000000000001,,,,4.68392201834082,,,,
4748,P35557,G,227,V,NONSYN,0.3988573139738447,-0.288860626339245,0.1354578752798579,-2.7219333333333338,100.0,2.0,6.0,0.494558680638531,0.21237510724675498,0.5449639367359463,0.4946,0.21237510724675498,0.494558680638531,0.21237510724675498,,0.21237510724675498,0.15017187848940072,0.086,0.4085714107601435,0.31890106201171875,0.4204,0.1359,1.0,,,,4.68392201834082,,,,
4749,P35557,G,227,R,NONSYN,0.3362652746103357,-0.03527882045017374,0.07916309713487382,-1.9470333333333334,100.0,2.0,6.0,0.242922970703405,0.111684754635865,0.8328621344185769,0.2429,0.111684754635865,0.242922970703405,0.111684754635865,,0.111684754635865,0.07897304735817584,0.1067,0.13626647894696578,0.27510201930999756,0.2325,0.0759,1.0,,,,4.68392201834082,,,,
4750,P35557,G,227,D,NONSYN,0.3623286966209139,-0.2549414035257154,0.10685557274726733,-1.5976,100.0,2.0,6.0,-0.34033675102265804,0.9479096351006709,0.990358871498154,-0.3403,0.9479096351006709,-0.34033675102265804,0.9479096351006709,,0.9479096351006709,0.6702733309317502,0.0981,0.43847445754083125,0.2952141761779785,0.0269,0.2702,1.0,,,,4.68392201834082,,,,
4751,P35557,G,227,F,NONSYN,0.3709207412708021,0.029172447458312694,0.08836190768574224,-2.717866666666667,100.0,2.0,6.0,-0.459540540754142,0.48460432581285207,0.9945276109882037,-0.4595,0.48460432581285207,-0.459540540754142,0.48460432581285207,,0.48460432581285207,0.34266700497460273,0.1067,0.5661970325105812,0.29179662466049194,-0.1313,0.2222,1.0,,,,4.68392201834082,,,,
4752,P35557,G,227,T,NONSYN,0.21962954488217865,-0.36388459400714135,0.2354816089434053,-1.5144,100.0,2.0,6.0,-0.0135071795783804,0.325469094223979,0.9518632118833057,-0.0135,0.325469094223979,-0.0135071795783804,0.325469094223979,,0.325469094223979,0.23014140359241894,0.1552,0.16869845207555753,0.4645114541053772,0.0197,0.2062,1.0,,,,4.68392201834082,,,,
4753,P35557,G,227,I,NONSYN,0.29686370150880703,-0.288860626339245,0.1354578752798579,-2.721933333333333,100.0,2.0,6.0,-0.0318768651269572,0.110982336330352,0.9560696074131174,-0.0319,0.110982336330352,-0.0318768651269572,0.110982336330352,,0.110982336330352,0.07847636261111803,0.086,0.11786413500534465,0.31890106201171875,-0.0251,0.0762,1.0,,,,4.68392201834082,,,,
4754,P35557,G,227,L,NONSYN,0.33670580158540125,-0.09970705645269401,0.14177601391738198,-2.6893,100.0,2.0,6.0,-0.0729020290211219,0.11650900193823599,0.9641841582022448,-0.0729,0.11650900193823599,-0.0729020290211219,0.11650900193823599,,0.11650900193823599,0.08238430533980327,0.0957,0.16859269665036386,0.31890106201171875,-0.0624,0.0798,1.0,,,,4.68392201834082,,,,
4755,P35557,G,227,K,NONSYN,0.4007452768135149,-0.2786871652247455,0.24104960167281028,-1.5245,100.0,2.0,6.0,-0.269099465925568,0.24118525992721,0.9863909365977794,-0.2691,0.24118525992721,-0.269099465925568,0.24118525992721,,0.24118525992721,0.17054373281677024,0.1552,0.4242907384227451,0.4645114541053772,-0.2187,0.1601,1.0,,,,4.68392201834082,,,,
4756,P35557,G,227,G,SYN,,,,,100.0,2.0,6.0,1.11354627024782,0.05,0.025704810092504624,1.1135,0.05,1.11354627024782,0.05,,0.05,0.035355339059327376,,,,1.1135,0.0354,,,,,4.68392201834082,,,,
4757,P35557,G,227,Y,NONSYN,0.28089736795090275,-0.012627963045577653,0.1276973171012095,-2.6748999999999996,100.0,2.0,6.0,-0.334139309242471,0.28611771603106106,0.990067125642552,-0.3341,0.28611771603106106,-0.334139309242471,0.28611771603106106,,0.28611771603106106,0.20231577722317023,0.1148,0.4489354410917599,0.2989600896835327,-0.1931,0.1676,1.0,,,,4.68392201834082,,,,
4758,P35557,G,227,N,NONSYN,0.382875509440285,0.5456133551775116,0.2413940029607858,-0.8179,100.0,2.0,6.0,0.6824146423369959,0.588220710515597,0.28267277795921636,0.6824,0.588220710515597,0.6824146423369959,0.588220710515597,,0.588220710515597,0.4159348532399477,0.5741,0.10829167700114994,0.6016845703125,0.6474,0.3421,1.0,,,,4.68392201834082,,,,
4759,P35557,G,227,C,NONSYN,0.3672992043124827,-0.03213296543538833,0.087684469433921,-2.438433333333333,100.0,2.0,6.0,0.110620605157871,0.547617878060852,0.9110544060899797,0.1106,0.547617878060852,0.110620605157871,0.547617878060852,,0.547617878060852,0.38722431507581634,0.1067,0.003964113401431796,0.27926105260849,0.108,0.2265,1.0,,,,4.68392201834082,,,,
4760,P35557,G,227,P,NONSYN,0.2021261040610908,0.12424798700689826,0.06758174310153303,-1.8968333333333334,100.0,2.0,6.0,-0.23565745166781102,0.207520012216323,0.9839775516142222,-0.2357,0.207520012216323,-0.23565745166781102,0.207520012216323,,0.207520012216323,0.14673880787007715,0.2172,0.4528548400783793,0.3508519232273102,-0.1682,0.1354,1.0,,,,4.68392201834082,,,,
4761,P35557,G,227,E,NONSYN,0.4108810729254607,-0.030233914924364075,0.08041410449357543,-1.9435333333333331,100.0,2.0,6.0,0.227788254125976,0.0942343029620622,0.8441568872694349,0.2278,0.0942343029620622,0.227788254125976,0.0942343029620622,,0.0942343029620622,0.06663371464486174,0.1067,0.1211317623695368,0.2712472677230835,0.2209,0.0647,1.0,,,,4.68392201834082,,,,
4762,P35557,G,227,M,NONSYN,0.2878381921366005,-0.12498332746240799,0.1513661598682015,-2.275,100.0,2.0,6.0,-0.341044441067412,0.154369823942322,0.9903916149653667,-0.341,0.154369823942322,-0.341044441067412,0.154369823942322,,0.154369823942322,0.10915594932018934,0.0974,0.4384269865386034,0.29927945137023926,-0.2896,0.1025,1.0,,,,4.68392201834082,,,,
4763,P35557,G,227,W,NONSYN,0.355895468841822,0.08804494824299665,0.1431430071823909,-2.4539666666666666,100.0,2.0,6.0,-0.249913135877284,0.263554477321661,0.9850562474404518,-0.2499,0.263554477321661,-0.249913135877284,0.263554477321661,,0.263554477321661,0.18636115812622261,0.1704,0.4202804959923353,0.3674371838569641,-0.1639,0.1662,1.0,,,,4.68392201834082,,,,
4764,P35557,G,227,H,NONSYN,0.3218287257213429,0.07835125772052333,0.05982295348362993,-1.9332999999999998,100.0,2.0,6.0,-0.0979672638086862,0.246693469185404,0.9683813307985903,-0.098,0.246693469185404,-0.0979672638086862,0.246693469185404,,0.246693469185404,0.17443862493543374,0.1475,0.2454327908663339,0.3138713836669922,-0.04,0.1525,1.0,,,,4.68392201834082,,,,
4765,P35557,G,227,Q,NONSYN,0.29754150588632416,0.15240134841700018,0.08409112767567377,-1.7754,100.0,2.0,6.0,-0.482217565073198,0.20353275114218,0.9950786875843889,-0.4822,0.20353275114218,-0.482217565073198,0.20353275114218,,0.20353275114218,0.1439193885261895,0.242,0.7241830675737321,0.3682323694229126,-0.3863,0.134,1.0,,,,4.68392201834082,,,,
4766,P35557,G,227,*,STOP,,,,,100.0,2.0,6.0,-0.493675490365455,0.05,0.9953347217489494,-0.4937,0.05,-0.493675490365455,0.05,,0.05,0.035355339059327376,,,,-0.4937,0.0354,,,,,4.68392201834082,C,232.0,,
4767,P35557,T,228,S,NONSYN,0.5112342370012433,-0.14638836779795836,0.06820990979574011,-0.5004666666666666,100.0,2.0,6.0,-0.0678579404753203,0.149273881764096,0.9632738295615272,-0.0679,0.149273881764096,-0.0678579404753203,0.149273881764096,,0.149273881764096,0.10555257404943119,0.2382,0.30604847220597214,0.360429584980011,-0.0437,0.1013,0.746,,,,60.16443786797429,,,,
4768,P35557,T,228,A,NONSYN,0.4371005638552374,0.184405776804997,0.04383661143956986,-0.6962999999999999,100.0,2.0,6.0,0.137586198704964,0.23376166926091102,0.8985618539214264,0.1376,0.23376166926091102,0.137586198704964,0.23376166926091102,,0.23376166926091102,0.1652944615158771,0.4989,0.36130363498377194,0.42240962386131287,0.1856,0.1539,0.5479999999999999,,,,60.16443786797429,,,,
4769,P35557,T,228,V,NONSYN,0.335359974884157,0.33602634433761835,0.06642503494023326,-0.6408999999999999,100.0,2.0,6.0,-0.3172755038929,0.0990608714786755,0.9892259059214891,-0.3173,0.0990608714786755,-0.3172755038929,0.0990608714786755,,0.0990608714786755,0.0700466139728205,0.5623,0.879620531816484,0.43276363611221313,-0.2948,0.0691,0.976,,,,60.16443786797429,,,,
4770,P35557,T,228,R,NONSYN,0.3928132642818517,-0.16209806346512998,0.13459061554825433,-1.2489999999999999,100.0,2.0,6.0,-0.25016083641995496,0.0659056565358555,0.9850743135860748,-0.2502,0.0659056565358555,-0.25016083641995496,0.0659056565358555,,0.0659056565358555,0.046602336655054935,0.11,0.36018108650197095,0.3110385239124298,-0.2423,0.0461,1.0,,,,60.16443786797429,,,,
4771,P35557,T,228,D,NONSYN,0.24736015353784535,-0.16537554514012529,0.07878564578917709,-1.2412666666666667,100.0,2.0,6.0,-0.240328391394969,0.46762993933852004,0.9843395674877525,-0.2403,0.46762993933852004,-0.240328391394969,0.46762993933852004,,0.46762993933852004,0.33066430119212137,0.1089,0.3492583533147535,0.2843770980834961,-0.0396,0.2156,0.992,,,,60.16443786797429,,,,
4772,P35557,T,228,F,NONSYN,0.2626450658678516,-0.20039601978703567,0.18915439826533278,-1.4809,100.0,2.0,6.0,-0.429372126781868,0.276918111395807,0.9936925720670173,-0.4294,0.276918111395807,-0.429372126781868,0.276918111395807,,0.276918111395807,0.1958106744013469,0.1211,0.5505211898922195,0.3653600513935089,-0.3065,0.1726,0.992,,,,60.16443786797429,,,,
4773,P35557,T,228,T,SYN,,,,,100.0,2.0,6.0,1.06003646904606,0.05,0.03598884593468376,1.06,0.05,1.06003646904606,0.05,,0.05,0.035355339059327376,,,,1.06,0.0354,,,,,60.16443786797429,,,,
4774,P35557,T,228,I,NONSYN,0.39900335367527456,0.20914540485244268,0.05302724513319099,-0.8405666666666667,100.0,2.0,6.0,0.146864353306917,0.562708218392896,0.8938973189654991,0.1469,0.562708218392896,0.146864353306917,0.562708218392896,,0.562708218392896,0.39789479705501746,0.3133,0.166404427401396,0.3732298016548157,0.2354,0.2722,0.995,,,,60.16443786797429,,,,
4775,P35557,T,228,L,NONSYN,0.3692076635094301,-0.001150011792761298,0.1466977854934674,-1.2598666666666667,100.0,2.0,6.0,-0.303919698709154,0.0955794336721636,0.9885073712708449,-0.3039,0.0955794336721636,-0.303919698709154,0.0955794336721636,,0.0955794336721636,0.06758486569155671,0.1767,0.48062040995945915,0.3751388490200043,-0.2888,0.0665,0.965,,,,60.16443786797429,,,,
4776,P35557,T,228,K,NONSYN,0.35305220057868336,0.33911906253826934,0.137722981991198,-0.8414,100.0,2.0,6.0,-0.24305661975056303,0.16074010168133301,0.9845471036573188,-0.2431,0.16074010168133301,-0.24305661975056303,0.16074010168133301,,0.16074010168133301,0.11366041590748574,0.4596,0.7026984339824356,0.516312301158905,-0.2106,0.111,0.991,,,,60.16443786797429,,,,
4777,P35557,T,228,G,NONSYN,0.43600131382643137,-0.23879869495140701,0.18792338155560342,-1.4976,100.0,2.0,6.0,-0.314164101288754,0.291614545727593,0.9890627865810839,-0.3142,0.291614545727593,-0.314164101288754,0.291614545727593,,0.291614545727593,0.20620262277661555,0.1221,0.4362274400453153,0.3653600513935089,-0.2088,0.1796,0.99,,,,60.16443786797429,,,,
4778,P35557,T,228,Y,NONSYN,0.2452402164451186,-0.18820392392089,0.11356814605986608,-1.4882666666666668,100.0,2.0,6.0,-0.465948414380305,0.698966069938042,0.9946895858392863,-0.4659,0.698966069938042,-0.465948414380305,0.698966069938042,,0.698966069938042,0.4942436478725001,0.1089,0.5748783763000895,0.2972143292427063,-0.0437,0.2547,0.992,,,,60.16443786797429,,,,
4779,P35557,T,228,N,NONSYN,0.4084330644454248,-0.14638836779795836,0.06820990979574011,-0.5004666666666666,,,,,,,,,,,,,,0.2068,,0.360429584980011,0.2068,0.3604,0.992,,,,60.16443786797429,,,,
4780,P35557,T,228,C,NONSYN,0.4354541497454498,-0.21280203993968136,0.14803835147021818,-0.9072999999999999,100.0,2.0,6.0,-0.19382383528724698,0.16189609763172103,0.9803248169613621,-0.1938,0.16189609763172103,-0.19382383528724698,0.16189609763172103,,0.16189609763172103,0.11447782848302929,0.1326,0.326457610759888,0.3251328468322754,-0.1578,0.108,0.9990000000000001,,,,60.16443786797429,,,,
4781,P35557,T,228,P,NONSYN,0.34993609822478866,-0.16209806346512998,0.13459061554825433,-1.2489999999999999,100.0,2.0,6.0,0.178924456307952,0.265398463996347,0.8762177868825711,0.1789,0.265398463996347,0.178924456307952,0.265398463996347,,0.265398463996347,0.18766505360831073,0.1785,0.00042073435551365224,0.3751388490200043,0.1788,0.1678,0.013999999999999999,,,,60.16443786797429,,,,
4782,P35557,T,228,E,NONSYN,0.187606014059847,-0.09667203391029766,0.1431177187888449,-0.9009666666666667,100.0,2.0,6.0,-0.542213853375398,0.228031672740707,0.9962740009833368,-0.5422,0.228031672740707,-0.542213853375398,0.228031672740707,,0.228031672740707,0.1612427421202655,0.1495,0.6917143426103223,0.3828699588775635,-0.438,0.1486,0.976,,,,60.16443786797429,,,,
4783,P35557,T,228,M,NONSYN,0.3518740482942453,0.3445921220233947,0.13903745660352237,-0.8553000000000001,100.0,2.0,6.0,-0.259475798205939,0.138885125281334,0.9857375911140586,-0.2595,0.138885125281334,-0.259475798205939,0.138885125281334,,0.138885125281334,0.09820661389237448,0.3429,0.602358848647681,0.4300709366798401,-0.2296,0.0957,1.0,,,,60.16443786797429,,,,
4784,P35557,T,228,W,NONSYN,0.2914737870902876,-0.4031615474836423,0.19006961453103363,-1.5825333333333333,100.0,2.0,6.0,0.38114961962869204,0.0478013871146903,0.6967481438300751,0.3811,0.0478013871146903,0.38114961962869204,0.0478013871146903,,0.0478013871146903,0.03380068497892076,0.1489,0.2322861550348047,0.40439099073410034,0.3795,0.0337,0.348,,,,60.16443786797429,,,,
4785,P35557,T,228,H,NONSYN,0.3614886802674268,-0.12177454459872365,0.12872225332052895,-1.2503,100.0,2.0,6.0,0.0579538997087331,0.313448911274237,0.9313638480136182,0.058,0.313448911274237,0.0579538997087331,0.313448911274237,,0.313448911274237,0.22164185071755346,0.1117,0.05374416151906536,0.29675382375717163,0.0772,0.1776,1.0,,,,60.16443786797429,,,,
4786,P35557,T,228,Q,NONSYN,0.1843049627657748,-0.11855602154986168,0.14176800245468418,-0.8452333333333334,100.0,2.0,6.0,1.12996863251383,0.0740779235841717,0.02315239049640854,1.13,0.0740779235841717,1.12996863251383,0.0740779235841717,,0.0740779235841717,0.052381002102586685,0.1409,0.9890929353779048,0.36610597372055054,1.1101,0.0519,0.996,,,,60.16443786797429,,,,
4787,P35557,T,228,*,STOP,,,,,100.0,2.0,6.0,0.20068128017077397,0.05,0.8627448347603844,0.2007,0.05,0.20068128017077397,0.05,,0.05,0.035355339059327376,,,,0.2007,0.0354,,,,,60.16443786797429,,,,
4788,P35557,G,229,S,NONSYN,0.36837526824294986,0.23241433089640104,0.26294861126110614,-0.9379,100.0,2.0,6.0,-0.15263330775050502,0.5370856177904989,0.9758893809875562,-0.1526,0.5370856177904989,-0.15263330775050502,0.5370856177904989,,0.5370856177904989,0.37977688241742796,0.3499,0.5025709255292831,0.45307865738868713,0.0548,0.2911,1.0,,,,11.475207205942946,,,,
4789,P35557,G,229,A,NONSYN,0.4089269105168704,0.04370130174392103,0.27655904395332714,-1.0059,100.0,2.0,6.0,0.413505779706935,0.3953329906916311,0.6564423158048155,0.4135,0.3953329906916311,0.413505779706935,0.3953329906916311,,0.3953329906916311,0.2795426385448106,0.2671,0.1463855673904219,0.40070831775665283,0.3656,0.2293,0.9990000000000001,,,,11.475207205942946,,,,
4790,P35557,G,229,V,NONSYN,0.3988573139738447,-0.048659157898485406,0.12389143602048532,-2.7219333333333338,100.0,2.0,6.0,-0.45665721966326794,0.25747026175509097,0.9944530495507723,-0.4567,0.25747026175509097,-0.45665721966326794,0.25747026175509097,,0.25747026175509097,0.18205896804090022,0.1067,0.5633137114197071,0.2947961091995239,-0.3011,0.1549,1.0,,,,11.475207205942946,,,,
4791,P35557,G,229,R,NONSYN,0.3362652746103357,-0.23955726856424697,0.17644589478849645,-1.9470333333333334,100.0,2.0,6.0,-0.0341066079607787,0.341082868017823,0.9565545812172848,-0.0341,0.341082868017823,-0.0341066079607787,0.341082868017823,,0.341082868017823,0.24118200892195882,0.0952,0.12933215074451587,0.3025631308555603,0.0161,0.1886,0.9940000000000001,,,,11.475207205942946,,,,
4792,P35557,G,229,D,NONSYN,0.3623286966209139,-0.06948985200639234,0.14885134799375807,-1.5976,,,,,,,,,,,,,,0.1392,,0.3630349040031433,0.1392,0.363,1.0,,,,11.475207205942946,,,,
4793,P35557,G,229,F,NONSYN,0.3709207412708021,-0.3935641153224707,0.13691810990903489,-2.717866666666667,100.0,2.0,6.0,0.5780576526086879,0.071667841149522,0.42341912079719224,0.5781,0.071667841149522,0.5780576526086879,0.071667841149522,,0.071667841149522,0.050676816469827295,0.086,0.49207038273030046,0.31890106201171875,0.5659,0.05,1.0,,,,11.475207205942946,,,,
4794,P35557,G,229,T,NONSYN,0.21962954488217865,0.0456182258831051,0.14916646677309678,-1.7053,100.0,2.0,6.0,-0.379430841629271,0.338595813138725,0.9920051449329528,-0.3794,0.338595813138725,-0.379430841629271,0.338595813138725,,0.338595813138725,0.23942339555176553,0.1451,0.5245157293722672,0.36360251903533936,-0.2208,0.2,1.0,,,,11.475207205942946,,,,
4795,P35557,G,229,I,NONSYN,0.29686370150880703,-0.04865915789848544,0.12389143602048532,-2.721933333333333,100.0,2.0,6.0,0.18564607200034197,0.43125471495648,0.8721877328529668,0.1856,0.43125471495648,0.18564607200034197,0.43125471495648,,0.43125471495648,0.3049431333643986,0.1067,0.07898958024390276,0.2947961091995239,0.1448,0.2119,1.0,,,,11.475207205942946,,,,
4796,P35557,G,229,L,NONSYN,0.33670580158540125,-0.1945694825300964,0.10998656138890084,-2.6893,100.0,2.0,6.0,-0.0189262457684351,0.35330968269123203,0.9531441592888228,-0.0189,0.35330968269123203,-0.0189262457684351,0.35330968269123203,,0.35330968269123203,0.24982767248983753,0.0778,0.09677387555397282,0.2947961091995239,0.0215,0.1906,1.0,,,,11.475207205942946,,,,
4797,P35557,G,229,K,NONSYN,0.4007452768135149,-0.1847088964392869,0.12589964657658584,-1.7154,100.0,2.0,6.0,0.311550525337905,0.479422124125866,0.7728384141192073,0.3116,0.479422124125866,0.311550525337905,0.479422124125866,,0.479422124125866,0.3390026350202585,0.0908,0.22070136418983372,0.293643981218338,0.1855,0.222,1.0,,,,11.475207205942946,,,,
4798,P35557,G,229,G,SYN,,,,,100.0,2.0,6.0,1.05725066266125,0.05,0.0366179765541266,1.0573,0.05,1.05725066266125,0.05,,0.05,0.035355339059327376,,,,1.0573,0.0354,,,,,11.475207205942946,,,,
4799,P35557,G,229,Y,NONSYN,0.28089736795090275,0.034158062392328305,0.10441768342858172,-2.6748999999999996,100.0,2.0,6.0,-0.7051088805357091,0.38251741294679903,0.9982151211718332,-0.7051,0.38251741294679903,-0.7051088805357091,0.38251741294679903,,0.38251741294679903,0.27048065661661647,0.1067,0.8117653722921483,0.29179662466049194,-0.33,0.1984,1.0,,,,11.475207205942946,,,,
4800,P35557,G,229,N,NONSYN,0.382875509440285,0.19080766576477828,0.19359102186883395,-0.891,100.0,2.0,6.0,-0.0278133123556369,0.9265105246698772,0.9551718381912958,-0.0278,0.9265105246698772,-0.0278133123556369,0.9265105246698772,,0.9265105246698772,0.6551418748347762,0.2767,0.30446636373197966,0.4480171799659729,0.1796,0.3698,1.0,,,,11.475207205942946,,,,
4801,P35557,G,229,C,NONSYN,0.3672992043124827,-0.527763319315344,0.1681158701678549,-2.438433333333333,100.0,2.0,6.0,0.246557270681918,0.38258743188038496,0.8300488856943087,0.2466,0.38258743188038496,0.246557270681918,0.38258743188038496,,0.38258743188038496,0.27053016747936653,0.0901,0.15649053970581325,0.29927945137023926,0.1762,0.2007,1.0,,,,11.475207205942946,,,,
4802,P35557,G,229,P,NONSYN,0.2021261040610908,-0.20774823292200553,0.17649844512034074,-1.8968333333333334,100.0,2.0,6.0,-0.129533714887503,0.34059311604308395,0.9729671343602119,-0.1295,0.34059311604308395,-0.129533714887503,0.34059311604308395,,0.34059311604308395,0.24083570197952134,0.0901,0.21960044586360775,0.3025631308555603,-0.0444,0.1884,1.0,,,,11.475207205942946,,,,
4803,P35557,G,229,E,NONSYN,0.4108810729254607,-0.1036759786215589,0.1881994709999456,-1.9435333333333331,100.0,2.0,6.0,-0.44175047778884297,0.19796857101629,0.9940502558505484,-0.4418,0.19796857101629,-0.44175047778884297,0.19796857101629,,0.19796857101629,0.13998491902742927,0.0992,0.5409320106486453,0.34811973571777344,-0.3665,0.1299,1.0,,,,11.475207205942946,,,,
4804,P35557,G,229,M,NONSYN,0.2878381921366005,-0.025801591798950013,0.14425487060477013,-2.275,100.0,2.0,6.0,-0.932204407091499,0.574672501520875,0.999328086867548,-0.9322,0.574672501520875,-0.932204407091499,0.574672501520875,,0.574672501520875,0.40635482278684726,0.1154,1.0476132448867566,0.3059113025665283,-0.2635,0.2444,1.0,,,,11.475207205942946,,,,
4805,P35557,G,229,W,NONSYN,0.355895468841822,-0.3807681186909497,0.1736715550696076,-2.4539666666666666,100.0,2.0,6.0,-0.194428331191265,0.33495313813848,0.980383281769995,-0.1944,0.33495313813848,-0.194428331191265,0.33495313813848,,0.33495313813848,0.23684763535743358,0.0901,0.28449506216736975,0.30153119564056396,-0.0859,0.1863,1.0,,,,11.475207205942946,,,,
4806,P35557,G,229,H,NONSYN,0.3218287257213429,-0.20179693354570824,0.12282162962366584,-1.9332999999999998,100.0,2.0,6.0,-0.147387613016395,0.636554430015743,0.9752553509033748,-0.1474,0.636554430015743,-0.147387613016395,0.636554430015743,,0.636554430015743,0.45011195405846943,0.0778,0.22523524280193272,0.2879050374031067,0.0125,0.2425,1.0,,,,11.475207205942946,,,,
4807,P35557,G,229,Q,NONSYN,0.29754150588632416,-0.28509597579296425,0.12251444419164303,-1.7754,100.0,2.0,6.0,-0.140589239727811,0.23308438518190802,0.9744082675860449,-0.1406,0.23308438518190802,-0.140589239727811,0.23308438518190802,,0.23308438518190802,0.16481554935082438,0.0778,0.21843686951334873,0.2947787046432495,-0.0886,0.1439,1.0,,,,11.475207205942946,,,,
4808,P35557,G,229,*,STOP,,,,,100.0,2.0,6.0,-0.30245727648670395,0.05,0.9884257304201378,-0.3025,0.05,-0.30245727648670395,0.05,,0.05,0.035355339059327376,,,,-0.3025,0.0354,,,,,11.475207205942946,,,,
4809,P35557,C,230,S,NONSYN,0.3604904794435106,1.5752968998588532,0.17855015712843528,-0.9790999999999999,100.0,2.0,6.0,1.5188623021595502,0.24443516948487698,0.0017076769101861452,1.5189,0.24443516948487698,1.5188623021595502,0.24443516948487698,,0.24443516948487698,0.17284176590323955,1.041,0.47790103659558536,0.6402373313903809,1.4864,0.1669,0.958,,,,2.206346729584833,,,,
4810,P35557,C,230,A,NONSYN,0.3068439069280049,2.0118835882487787,0.18355650883705418,-0.9634666666666667,100.0,2.0,6.0,1.40154697223831,0.27580540946933,0.003835151382168989,1.4015,0.27580540946933,1.40154697223831,0.27580540946933,,0.27580540946933,0.19502387532369567,1.2699,0.13167180343795604,0.7884166240692139,1.394,0.1893,0.927,,,,2.206346729584833,,,,
4811,P35557,C,230,V,NONSYN,0.3179103570647324,1.7500908740648116,0.17487869424873428,-0.9982333333333333,100.0,2.0,6.0,0.9944803795416759,0.288280017401727,0.05380573778808495,0.9945,0.288280017401727,0.9944803795416759,0.288280017401727,,0.288280017401727,0.20384475518533707,1.2026,0.2080964961449696,0.6917526721954346,1.0111,0.1955,0.988,,,,2.206346729584833,,,,
4812,P35557,C,230,R,NONSYN,0.23801989209795835,-0.15823332582709798,0.2029634789858401,-2.6622333333333335,100.0,2.0,6.0,-0.4875124900210279,0.538427484267466,0.995198787993519,-0.4875,0.538427484267466,-0.4875124900210279,0.538427484267466,,0.538427484267466,0.3807257253027383,0.138,0.625503530966081,0.48753803968429565,-0.2506,0.3001,0.889,,,,2.206346729584833,,,,
4813,P35557,C,230,D,NONSYN,0.10680431653988344,-0.15834806631991827,0.19908487752622836,-2.6273,100.0,2.0,6.0,-0.48716826854256706,0.5638910284601379,0.9951910743923845,-0.4872,0.5638910284601379,-0.48716826854256706,0.5638910284601379,,0.5638910284601379,0.39873117007442,0.095,0.5821648400833996,0.4323083162307739,-0.2196,0.2931,1.0,,,,2.206346729584833,,,,
4814,P35557,C,230,F,NONSYN,0.3827796558639093,0.31166507624601575,0.140669379647055,-1.5911666666666668,100.0,2.0,6.0,-0.641534676202427,0.696081750048926,0.9976293876129032,-0.6415,0.696081750048926,-0.641534676202427,0.696081750048926,,0.696081750048926,0.492204125719795,0.3457,0.987281312593113,0.4421631097793579,-0.0952,0.3289,1.0,,,,2.206346729584833,,,,
4815,P35557,C,230,T,NONSYN,0.21098713877231906,0.9074816395636667,0.09717437726121414,-0.9784999999999999,100.0,2.0,6.0,3.52230808304511,0.680896419686442,1.4484654910650427e-10,3.5223,0.680896419686442,3.52230808304511,0.680896419686442,,0.680896419686442,0.48146647564592454,0.8406,2.68170270489417,0.4498262107372284,2.0905,0.3287,0.983,,,,2.206346729584833,,,,
4816,P35557,C,230,I,NONSYN,0.3827538054181146,2.0118835882487787,0.18355650883705418,-0.9634666666666667,100.0,2.0,6.0,0.209102236989774,0.16467407876057902,0.8571900731111668,0.2091,0.16467407876057902,0.209102236989774,0.16467407876057902,,0.16467407876057902,0.11644215777725303,1.2606,1.0515381457769497,0.8551324605941772,0.2282,0.1154,0.9990000000000001,,,,2.206346729584833,,,,
4817,P35557,C,230,L,NONSYN,0.4158145620941803,-0.054081901643755925,0.20982493115423848,-1.554,100.0,2.0,6.0,0.4557062574668879,0.21962356477957998,0.5999367284801943,0.4557,0.21962356477957998,0.4557062574668879,0.21962356477957998,,0.21962356477957998,0.15529731196400398,0.1461,0.309634376411056,0.410643070936203,0.417,0.1453,0.991,,,,2.206346729584833,,,,
4818,P35557,C,230,K,NONSYN,0.0,0.14268337789367938,0.16060819677104685,-2.5341,100.0,2.0,6.0,0.727631048742195,0.6415532665071321,0.2306175364120915,0.7276,0.6415532665071321,0.727631048742195,0.6415532665071321,,0.6415532665071321,0.4536466652395734,0.3726,0.35502405602063736,0.4472253918647766,0.5476,0.3185,0.982,,,,2.206346729584833,,,,
4819,P35557,C,230,G,NONSYN,0.4785067081693568,0.311253774429681,0.24889498750633376,-2.4234666666666667,100.0,2.0,6.0,0.182530264385488,0.223326447350773,0.8740703201870326,0.1825,0.223326447350773,0.182530264385488,0.223326447350773,,0.223326447350773,0.15791564534003205,0.5648,0.3823188142697549,0.5571718811988831,0.211,0.1519,0.971,,,,2.206346729584833,,,,
4820,P35557,C,230,Y,NONSYN,0.18775280364475316,0.31166507624601575,0.14066937964705498,-1.5911666666666668,,,,,,,,,,,,,,0.3889,,0.5038888454437256,0.3889,0.5039,0.9990000000000001,,,,2.206346729584833,,,,
4821,P35557,C,230,N,NONSYN,0.3555954207344509,0.06563439096225199,0.18053292652536357,-1.4692,100.0,2.0,6.0,0.0965573796488642,0.5040367698290721,0.9169788775368702,0.0966,0.5040367698290721,0.0965573796488642,0.5040367698290721,,0.5040367698290721,0.35640781791349985,0.1539,0.05730682523471124,0.37428319454193115,0.1238,0.2581,1.0,,,,2.206346729584833,,,,
4822,P35557,C,230,C,SYN,,,,,100.0,2.0,6.0,1.0246998758383499,0.05,0.04476864167975252,1.0247,0.05,1.0246998758383499,0.05,,0.05,0.035355339059327376,,,,1.0247,0.0354,,,,,2.206346729584833,,,,
4823,P35557,C,230,P,NONSYN,0.23278771184927005,0.14088294103555168,0.20431041900702648,-2.5291333333333337,100.0,2.0,6.0,0.7330323593165781,0.35288952061508094,0.22484268236998917,0.733,0.35288952061508094,0.7330323593165781,0.35288952061508094,,0.35288952061508094,0.24953057303659368,0.251,0.4820636944320108,0.4916972815990448,0.6343,0.2225,1.0,,,,2.206346729584833,,,,
4824,P35557,C,230,E,NONSYN,0.09400502805141753,-0.5650816089396333,0.22445839387924318,-2.6934333333333336,,,,,,,,,,,,,,0.1021,,0.8884234428405762,0.1021,0.8884,0.9990000000000001,,,,2.206346729584833,,,,
4825,P35557,C,230,M,NONSYN,,-0.029757013028891624,0.20907433264769082,-1.5635333333333332,100.0,2.0,6.0,0.38273159162229503,0.23215116437131197,0.694845936734176,0.3827,0.23215116437131197,0.38273159162229503,0.23215116437131197,,0.23215116437131197,0.16415566258730752,0.1429,0.23987639443105663,0.4124281704425812,0.3499,0.1525,1.0,,,,2.206346729584833,,,,
4826,P35557,C,230,W,NONSYN,0.3650350897967528,0.4982232682387873,0.24182062294586762,-2.438333333333333,100.0,2.0,6.0,-0.378378217041831,0.335204001043585,0.9919648878388262,-0.3784,0.335204001043585,-0.378378217041831,0.335204001043585,,0.335204001043585,0.2370250222187815,0.4713,0.849636112273078,0.5857524275779724,-0.2588,0.2197,1.0,,,,2.206346729584833,,,,
4827,P35557,C,230,H,NONSYN,0.2472156663565278,-0.08054946641567233,0.201716007951824,-2.6413333333333333,100.0,2.0,6.0,-0.720564068255305,0.546800715708078,0.9983329890089115,-0.7206,0.546800715708078,-0.720564068255305,0.546800715708078,,0.546800715708078,0.38664649403483947,0.0999,0.8204874405239817,0.46124982833862305,-0.382,0.2963,0.997,,,,2.206346729584833,,,,
4828,P35557,C,230,Q,NONSYN,0.31620129737801284,0.17726103202861732,0.17854769331219733,-2.441966666666667,100.0,2.0,6.0,0.5845084915886789,0.7688462462823149,0.414141409402374,0.5845,0.7688462462823149,0.5845084915886789,0.7688462462823149,,0.7688462462823149,0.5436563944360472,0.2534,0.33110759956940705,0.4015111029148102,0.3703,0.323,1.0,,,,2.206346729584833,,,,
4829,P35557,C,230,*,STOP,,,,,100.0,2.0,6.0,-0.0631672818375279,0.05,0.9624063992685081,-0.0632,0.05,-0.0631672818375279,0.05,,0.05,0.035355339059327376,,,,-0.0632,0.0354,,,,,2.206346729584833,,,,
4830,P35557,N,231,S,NONSYN,0.4614809963725863,0.09241923471619083,0.1600742837074531,-0.21126666666666663,100.0,2.0,6.0,0.30756053073143397,0.20371472576258498,0.7767358074923574,0.3076,0.20371472576258498,0.30756053073143397,0.20371472576258498,,0.20371472576258498,0.1440480640142817,0.28,0.027521309683078865,0.4198736250400543,0.3047,0.1363,1.0,,,,15.267069909730074,,,,
4831,P35557,N,231,A,NONSYN,0.4106254114956999,0.34563180569036867,0.07021352932950378,-1.0525333333333333,100.0,2.0,6.0,-0.0356729095107151,0.0962264993783848,0.9568920543908078,-0.0357,0.0962264993783848,-0.0356729095107151,0.0962264993783848,,0.0962264993783848,0.06804241024029899,0.3434,0.3790932958251072,0.37260866165161133,-0.0234,0.0669,1.0,,,,15.267069909730074,,,,
4832,P35557,N,231,V,NONSYN,0.4102202219640225,-0.16938607049345064,0.13546470142447534,-2.3712,100.0,2.0,6.0,-0.07299397294914399,0.17981369566254396,0.9642005391211799,-0.073,0.17981369566254396,-0.07299397294914399,0.17981369566254396,,0.17981369566254396,0.1271474835531989,0.086,0.15898124282753145,0.29927945137023926,-0.0487,0.117,1.0,,,,15.267069909730074,,,,
4833,P35557,N,231,R,NONSYN,0.3307848248630052,-0.11155747152286317,0.24986514131387835,-0.6087666666666667,100.0,2.0,6.0,0.0842256851174984,0.181062930766307,0.9218627700473002,0.0842,0.181062930766307,0.0842256851174984,0.181062930766307,,0.181062930766307,0.12803082616636605,0.2597,0.17548826265548134,0.4620058238506317,0.0967,0.1234,1.0,,,,15.267069909730074,,,,
4834,P35557,N,231,D,NONSYN,0.4678114494578813,0.2200635433260627,0.14175934887008193,-0.12283333333333335,100.0,2.0,6.0,0.429618864939024,0.156813331587495,0.635344207222917,0.4296,0.156813331587495,0.429618864939024,0.156813331587495,,0.156813331587495,0.11088377014597234,0.3387,0.09095552532415585,0.4275813102722168,0.4239,0.1073,0.9990000000000001,,,,15.267069909730074,,,,
4835,P35557,N,231,F,NONSYN,0.4766309376333202,-0.11188063062960533,0.14038731007543023,-2.3051,100.0,2.0,6.0,-0.24551029254068,0.0888288139082845,0.984731331341522,-0.2455,0.0888288139082845,-0.24551029254068,0.0888288139082845,,0.0888288139082845,0.06281145667930586,0.0957,0.34120096016992196,0.29927945137023926,-0.2311,0.0615,1.0,,,,15.267069909730074,,,,
4836,P35557,N,231,T,NONSYN,0.41339841489256257,-0.15066191215427335,0.262612282689558,-0.23133333333333336,100.0,2.0,6.0,-0.0753723950981816,0.37550609730795004,0.9646216703858066,-0.0754,0.37550609730795004,-0.0753723950981816,0.37550609730795004,,0.37550609730795004,0.26552290778334703,0.2579,0.3332873256802281,0.4467487335205078,0.0116,0.2283,1.0,,,,15.267069909730074,,,,
4837,P35557,N,231,I,NONSYN,0.408580276197032,0.06600185410705066,0.08476480417880063,-2.3165333333333336,100.0,2.0,6.0,-0.779157746750648,0.48302588401632796,0.998710265205575,-0.7792,0.48302588401632796,-0.779157746750648,0.48302588401632796,,0.48302588401632796,0.34155087807657225,0.1318,0.9109435865467143,0.285184383392334,-0.2424,0.2189,1.0,,,,15.267069909730074,,,,
4838,P35557,N,231,L,NONSYN,0.3056093223191409,-0.3658873374134906,0.12327420383436306,-2.2992666666666666,100.0,2.0,6.0,0.516509827810976,0.29850925139146506,0.5131312092326916,0.5165,0.29850925139146506,0.516509827810976,0.29850925139146506,,0.29850925139146506,0.21107791590582478,0.0778,0.43866219802543827,0.28226056694984436,0.3592,0.169,1.0,,,,15.267069909730074,,,,
4839,P35557,N,231,K,NONSYN,0.42687331501914416,-0.18644857043006094,0.16116432691315916,-0.41683333333333333,100.0,2.0,6.0,-0.291471867181949,0.9971489525898198,0.9877929209430519,-0.2915,0.9971489525898198,-0.291471867181949,0.9971489525898198,,0.9971489525898198,0.7050907862293248,0.2151,0.5066005869886201,0.41414734721183777,0.0852,0.3571,1.0,,,,15.267069909730074,,,,
4840,P35557,N,231,G,NONSYN,0.3767377141694753,0.010884619809029,0.09516107531953932,-0.8320333333333334,100.0,2.0,6.0,-0.0273016312069442,0.0923176310914046,0.9550575017980509,-0.0273,0.0923176310914046,-0.0273016312069442,0.0923176310914046,,0.0923176310914046,0.06527842296781025,0.1485,0.17578332805104516,0.3378528356552124,-0.021,0.0641,1.0,,,,15.267069909730074,,,,
4841,P35557,N,231,Y,NONSYN,0.484545468725929,-0.06001554501378462,0.10431383783276256,-1.7925666666666666,100.0,2.0,6.0,0.9799713631605519,0.21779023097530897,0.05871259043425145,0.98,0.21779023097530897,0.9799713631605519,0.21779023097530897,,0.21779023097530897,0.15400094919882543,0.1132,0.8668015142416371,0.29144278168678284,0.7908,0.1362,1.0,,,,15.267069909730074,,,,
4842,P35557,N,231,N,SYN,,,,,100.0,2.0,6.0,0.892395315906003,0.05,0.09783259456031121,0.8924,0.05,0.892395315906003,0.05,,0.05,0.035355339059327376,,,,0.8924,0.0354,,,,,15.267069909730074,,,,
4843,P35557,N,231,C,NONSYN,0.3246931060135203,0.28647989115895395,0.11533585088851046,-1.7648,100.0,2.0,6.0,-0.0595149453576639,0.0620879492840232,0.9617167415517818,-0.0595,0.0620879492840232,-0.0595149453576639,0.0620879492840232,,0.0620879492840232,0.04390280996869925,0.3053,0.3648001309331491,0.40769127011299133,-0.0553,0.0437,1.0,,,,15.267069909730074,,,,
4844,P35557,N,231,P,NONSYN,0.19454249209923347,0.18845202901679467,0.0933876177687518,-1.746833333333333,100.0,2.0,6.0,0.23456864106881398,0.293794005561842,0.8391800548981904,0.2346,0.293794005561842,0.23456864106881398,0.293794005561842,,0.293794005561842,0.20774373360473672,0.2585,0.02391333830130321,0.3744795024394989,0.2402,0.1817,1.0,,,,15.267069909730074,,,,
4845,P35557,N,231,E,NONSYN,0.4910285186421727,-0.07818260442379828,0.23986250269210807,-0.6100333333333333,100.0,2.0,6.0,-0.0158989161796963,0.347790196134359,0.9524328017461253,-0.0159,0.347790196134359,-0.0158989161796963,0.347790196134359,,0.347790196134359,0.24592480611680465,0.2618,0.277724030668298,0.5026552081108093,0.0377,0.2209,1.0,,,,15.267069909730074,,,,
4846,P35557,N,231,M,NONSYN,0.37063326035798777,0.38500835295723396,0.08743328118521938,-1.7604999999999997,100.0,2.0,6.0,-0.35510033075250397,0.32510759848215004,0.9910185479353733,-0.3551,0.32510759848215004,-0.35510033075250397,0.32510759848215004,,0.32510759848215004,0.22988578750200162,0.3654,0.7204789191905381,0.4049455523490906,-0.1795,0.1999,1.0,,,,15.267069909730074,,,,
4847,P35557,N,231,W,NONSYN,0.5592228368220948,-0.16938607049345067,0.13546470142447534,-2.3712,100.0,2.0,6.0,-0.612998123327139,0.13846145764195902,0.9973034389267842,-0.613,0.13846145764195902,-0.612998123327139,0.13846145764195902,,0.13846145764195902,0.09790703563160313,0.086,0.6989853932055264,0.29927945137023926,-0.5454,0.0931,1.0,,,,15.267069909730074,,,,
4848,P35557,N,231,H,NONSYN,0.4549298465836239,-0.07862875479301755,0.14683183764165172,-0.22196666666666665,100.0,2.0,6.0,0.8207044992590591,0.33860754445029995,0.1448794735033981,0.8207,0.33860754445029995,0.8207044992590591,0.33860754445029995,,0.33860754445029995,0.23943169084173238,0.2247,0.596014479174678,0.41840091347694397,0.6737,0.2078,1.0,,,,15.267069909730074,,,,
4849,P35557,N,231,Q,NONSYN,0.3943650294167221,-0.01976124384956555,0.2556919318523484,-0.25233333333333335,100.0,2.0,6.0,-0.468074400012305,0.453396157026133,0.99474221048501,-0.4681,0.453396157026133,-0.468074400012305,0.453396157026133,,0.453396157026133,0.32059949719709935,0.2776,0.7457208820031191,0.5995129346847534,-0.3022,0.2827,1.0,,,,15.267069909730074,,,,
4850,P35557,N,231,*,STOP,,,,,100.0,2.0,6.0,-0.0971505559997374,0.05,0.9682527404221525,-0.0972,0.05,-0.0971505559997374,0.05,,0.05,0.035355339059327376,,,,-0.0972,0.0354,,,,,15.267069909730074,,,,
4851,P35557,A,232,S,NONSYN,0.46929375853615796,0.6175718421943169,0.060350234557730115,-0.41050000000000003,100.0,2.0,6.0,1.4840008612262698,0.16718713250247902,0.0021757391311519442,1.484,0.16718713250247902,1.4840008612262698,0.16718713250247902,,0.16718713250247902,0.11821915511963675,0.802,0.6819702382671329,0.42267024517059326,1.4345,0.1138,0.807,,,,0.11755384131593835,,,,
4852,P35557,A,232,A,SYN,,,,,100.0,2.0,6.0,1.6348390015628,0.05,0.0007547678573593366,1.6348,0.05,1.6348390015628,0.05,,0.05,0.035355339059327376,,,,1.6348,0.0354,,,,,0.11755384131593835,,,,
4853,P35557,A,232,V,NONSYN,0.41129671784225785,0.3889232686189894,0.1583068724863038,-0.6206999999999999,100.0,2.0,6.0,0.592071762372648,0.135811539497828,0.40332670550427513,0.5921,0.135811539497828,0.592071762372648,0.135811539497828,,0.135811539497828,0.09603326054229883,0.7094,0.11728615493615935,0.5202399492263794,0.5959,0.0944,0.34700000000000003,,,,0.11755384131593835,,,,
4854,P35557,A,232,R,NONSYN,0.3190441200491768,0.600302878316862,0.06852923653455092,-1.2165666666666668,100.0,2.0,6.0,0.138025389892996,0.20074519170501,0.8983454193402639,0.138,0.20074519170501,0.138025389892996,0.20074519170501,,0.20074519170501,0.14194828634520604,0.6439,0.505911959426462,0.4357013404369354,0.1866,0.135,1.0,,,,0.11755384131593835,,,,
4855,P35557,A,232,D,NONSYN,0.4810824638550644,-0.09053544671721196,0.11196218770544702,-1.3432333333333333,100.0,2.0,6.0,-0.120896804831577,0.17298289640914402,0.9717840009394124,-0.1209,0.17298289640914402,-0.120896804831577,0.17298289640914402,,0.17298289640914402,0.12231737908019581,0.1075,0.2283654098730809,0.291496217250824,-0.0867,0.1128,1.0,,,,0.11755384131593835,,,,
4856,P35557,A,232,F,NONSYN,0.3975861635372093,-0.0541230617903516,0.11593080146766412,-1.7862,100.0,2.0,6.0,-0.134668365015765,0.12452532326849,0.9736464623342458,-0.1347,0.12452532326849,-0.134668365015765,0.12452532326849,,0.12452532326849,0.08805270051259625,0.1053,0.2399554996631344,0.29269737005233765,-0.1148,0.0843,0.9990000000000001,,,,0.11755384131593835,,,,
4857,P35557,A,232,T,NONSYN,0.4593194656393701,0.2927987542987447,0.15259447386169492,-0.5557333333333333,100.0,2.0,6.0,1.14458465900431,0.208449337511256,0.02108469233599435,1.1446,0.208449337511256,1.14458465900431,0.208449337511256,,0.208449337511256,0.14739594008805249,0.6178,0.5267673763276133,0.5293958187103271,1.1067,0.142,0.927,,,,0.11755384131593835,,,,
4858,P35557,A,232,I,NONSYN,0.2533067127168299,0.29452812843531934,0.1021734683568525,-1.3021,100.0,2.0,6.0,-0.18239096941910396,0.242474840083879,0.9791847693648436,-0.1824,0.242474840083879,-0.18239096941910396,0.242474840083879,,0.242474840083879,0.17145560369043453,0.3338,0.5162185245986999,0.395967960357666,-0.1009,0.1573,0.997,,,,0.11755384131593835,,,,
4859,P35557,A,232,L,NONSYN,0.33775241979079834,0.07596031104790735,0.11355260897685034,-1.2974666666666668,100.0,2.0,6.0,0.47331248274313203,0.12086378872453699,0.5753026426292949,0.4733,0.12086378872453699,0.47331248274313203,0.12086378872453699,,0.12086378872453699,0.08546360460701828,0.1849,0.2883918439434647,0.35964709520339966,0.4579,0.0831,0.992,,,,0.11755384131593835,,,,
4860,P35557,A,232,K,NONSYN,0.13783323133742972,0.4294185787010804,0.17756476773859695,-0.7036666666666666,100.0,2.0,6.0,-0.272247725319274,0.35332891861265003,0.9865978902285525,-0.2722,0.35332891861265003,-0.272247725319274,0.35332891861265003,,0.35332891861265003,0.24984127434031456,0.3964,0.6686420377010184,0.5035220384597778,-0.1401,0.2238,1.0,,,,0.11755384131593835,,,,
4861,P35557,A,232,G,NONSYN,0.5077306515769983,0.6356406055648504,0.1596732139286906,-0.48503333333333326,100.0,2.0,6.0,0.11605910520599302,0.060521186632973005,0.908657663613165,0.1161,0.060521186632973005,0.11605910520599302,0.060521186632973005,,0.060521186632973005,0.042794941473631845,0.802,0.6859715177531439,0.514620304107666,0.1208,0.0426,0.821,,,,0.11755384131593835,,,,
4862,P35557,A,232,Y,NONSYN,0.2413102682766479,-0.10135421378636383,0.05889618339027156,-1.7924666666666667,100.0,2.0,6.0,0.0070250909722717,0.44157443509902394,0.9466867786810821,0.007,0.44157443509902394,0.0070250909722717,0.44157443509902394,,0.44157443509902394,0.31224027745713884,0.0851,0.07804224081865237,0.2788439095020294,0.0504,0.208,1.0,,,,0.11755384131593835,,,,
4863,P35557,A,232,N,NONSYN,0.2596281291448914,0.322044756268364,0.07592658944083515,-1.1920666666666666,100.0,2.0,6.0,0.9727997560384899,0.14513441686493397,0.06128510729343113,0.9728,0.14513441686493397,0.9727997560384899,0.14513441686493397,,0.14513441686493397,0.10262553034875004,0.3866,0.5861888904455334,0.41214102506637573,0.9386,0.0996,0.9990000000000001,,,,0.11755384131593835,,,,
4864,P35557,A,232,C,NONSYN,0.4521425054357098,0.04518756848352836,0.1888496062722804,-0.7297666666666668,100.0,2.0,6.0,0.8804453053333821,0.224527588237131,0.10463463769247738,0.8804,0.224527588237131,0.8804453053333821,0.224527588237131,,0.224527588237131,0.15876498020593624,0.2405,0.6399872639038624,0.4267573058605194,0.8026,0.1488,1.0,,,,0.11755384131593835,,,,
4865,P35557,A,232,P,NONSYN,0.3737321559264451,0.25948765844390037,0.17830649275765295,-0.7215666666666666,100.0,2.0,6.0,0.23754503545226605,0.34654014141722406,0.836952849453826,0.2375,0.34654014141722406,0.23754503545226605,0.34654014141722406,,0.34654014141722406,0.24504088394946427,0.3332,0.09564302149353474,0.4351932406425476,0.2606,0.2135,1.0,,,,0.11755384131593835,,,,
4866,P35557,A,232,E,NONSYN,0.3924454343376217,0.281914205155458,0.12809372268014388,-0.73,100.0,2.0,6.0,-0.223096714796434,0.248416844038792,0.9829606468705169,-0.2231,0.248416844038792,-0.223096714796434,0.248416844038792,,0.248416844038792,0.17565723498079078,0.305,0.5280828936714035,0.4126570224761963,-0.1421,0.1616,1.0,,,,0.11755384131593835,,,,
4867,P35557,A,232,M,NONSYN,0.19919007049311416,0.30947805883746066,0.08170294399194232,-1.2075333333333333,100.0,2.0,6.0,1.0104998483312,0.0683707952836927,0.048825354212891935,1.0105,0.0683707952836927,1.0104998483312,0.0683707952836927,,0.0683707952836927,0.04834545298021633,0.3975,0.6130418612611164,0.4153660535812378,1.0023,0.048,0.9990000000000001,,,,0.11755384131593835,,,,
4868,P35557,A,232,W,NONSYN,0.17944660888741126,-0.08284669295835677,0.11557047400666176,-1.6895,100.0,2.0,6.0,-0.0484974715117495,0.13041491071848502,0.9595584260829282,-0.0485,0.13041491071848502,-0.0484974715117495,0.13041491071848502,,0.13041491071848502,0.09221726773687891,0.099,0.14744976490774558,0.293643981218338,-0.0353,0.088,1.0,,,,0.11755384131593835,,,,
4869,P35557,A,232,H,NONSYN,0.3663343704598138,0.05667490283081702,0.07576468905933866,-1.3876666666666668,100.0,2.0,6.0,-0.5625278534756639,0.39017619489874494,0.9966060767463235,-0.5625,0.39017619489874494,-0.5625278534756639,0.39017619489874494,,0.39017619489874494,0.27589623327046653,0.1348,0.6973724546299913,0.2919202446937561,-0.2335,0.2005,1.0,,,,0.11755384131593835,,,,
4870,P35557,A,232,Q,NONSYN,0.3707092191809771,0.28191420515545806,0.12809372268014388,-0.73,100.0,2.0,6.0,0.17026539531759302,0.630098193827011,0.8812402061308715,0.1703,0.630098193827011,0.17026539531759302,0.630098193827011,,0.630098193827011,0.4455467056684751,0.3471,0.17685113462396582,0.4221192002296448,0.2635,0.3064,1.0,,,,0.11755384131593835,,,,
4871,P35557,A,232,*,STOP,,,,,100.0,2.0,6.0,1.79542617412783,0.05,0.00023737880851205318,1.7954,0.05,1.79542617412783,0.05,,0.05,0.035355339059327376,,,,1.7954,0.0354,,,,,0.11755384131593835,,,,
4872,P35557,C,233,S,NONSYN,0.3604904794435106,-0.022112948394180543,0.13201875657438983,-0.9790999999999999,100.0,2.0,6.0,1.04172237186193,0.201797765202653,0.04031681539968299,1.0417,0.201797765202653,1.04172237186193,0.201797765202653,,0.201797765202653,0.14269256820308662,0.1699,0.8718174543833686,0.3751388490200043,0.9315,0.1334,0.993,,,,0.0759752182392545,,,,
4873,P35557,C,233,A,NONSYN,0.3068439069280049,0.4528007109571941,0.13428813839906548,-0.9634666666666667,100.0,2.0,6.0,0.395692748740643,0.20229935540262603,0.6789901920136252,0.3957,0.20229935540262603,0.395692748740643,0.20229935540262603,,0.20229935540262603,0.1430472460348643,0.7289,0.3332033923116031,0.5077727437019348,0.4202,0.1377,0.039,,,,0.0759752182392545,,,,
4874,P35557,C,233,V,NONSYN,0.3179103570647324,0.23915708234450572,0.1350987818375297,-0.9982333333333333,100.0,2.0,6.0,0.257912279645871,0.160975837451243,0.8210023008562702,0.2579,0.160975837451243,0.257912279645871,0.160975837451243,,0.160975837451243,0.11382710626895731,0.4085,0.1505536720352661,0.49233686923980713,0.2656,0.1109,0.981,,,,0.0759752182392545,,,,
4875,P35557,C,233,R,NONSYN,0.23801989209795835,-0.10015255560955556,0.24489155251692032,-2.6622333333333335,100.0,2.0,6.0,2.57329303539445,0.52795817873218,5.74944264482987e-07,2.5733,0.52795817873218,2.57329303539445,0.52795817873218,,0.52795817873218,0.3733228083644237,0.144,2.429277037746211,0.8924262523651123,2.2115,0.3444,1.0,,,,0.0759752182392545,,,,
4876,P35557,C,233,D,NONSYN,0.10680431653988344,0.8273902382289092,0.17192059740593932,-2.6273,100.0,2.0,6.0,-0.20933534612094398,0.9089626454158529,0.981769969444025,-0.2093,0.9089626454158529,-0.20933534612094398,0.9089626454158529,,0.9089626454158529,0.6427336504188128,0.7076,0.9169255088750028,0.5491921901702881,0.3206,0.4175,1.0,,,,0.0759752182392545,,,,
4877,P35557,C,233,F,NONSYN,0.3827796558639093,-0.11134052012459318,0.18322991827841928,-1.5911666666666668,100.0,2.0,6.0,0.0077422717771187,0.14917235252735098,0.9464963444641595,0.0077,0.14917235252735098,0.0077422717771187,0.14917235252735098,,0.14917235252735098,0.1054807820376401,0.1202,0.11247117722419356,0.34330952167510986,0.0174,0.1008,0.998,,,,0.0759752182392545,,,,
4878,P35557,C,233,T,NONSYN,0.21098713877231906,0.305538681771869,0.07321185386503902,-0.9784999999999999,100.0,2.0,6.0,0.0587674813637814,0.507901482357006,0.9310871384182879,0.0588,0.507901482357006,0.0587674813637814,0.507901482357006,,0.507901482357006,0.3591405823493386,0.3704,0.31159539648198276,0.387238085269928,0.2029,0.2633,0.9990000000000001,,,,0.0759752182392545,,,,
4879,P35557,C,233,I,NONSYN,0.3827538054181146,0.4528007109571941,0.13428813839906548,-0.9634666666666667,100.0,2.0,6.0,-0.383018606192194,0.17275416507422,0.9921407856505956,-0.383,0.17275416507422,-0.383018606192194,0.17275416507422,,0.17275416507422,0.12215564160220119,0.464,0.8470125131669866,0.5073765516281128,-0.3366,0.1188,0.996,,,,0.0759752182392545,,,,
4880,P35557,C,233,L,NONSYN,0.4158145620941803,-0.10248540657730548,0.18275476700992088,-1.554,100.0,2.0,6.0,-0.0188230688647444,0.1593190394552,0.9531200899963727,-0.0188,0.1593190394552,-0.0188230688647444,0.1593190394552,,0.1593190394552,0.11265557317089904,0.1285,0.14728794647018262,0.33100783824920654,-0.0035,0.1066,0.991,,,,0.0759752182392545,,,,
4881,P35557,C,233,K,NONSYN,0.0,1.0101274562501927,0.15387898743031156,-2.5341,100.0,2.0,6.0,-0.16718163881311202,0.38409201107387697,0.9775623785375105,-0.1672,0.38409201107387697,-0.16718163881311202,0.38409201107387697,,0.38409201107387697,0.2715940656299169,0.7846,0.9517391601563432,0.5330880284309387,0.0289,0.242,1.0,,,,0.0759752182392545,,,,
4882,P35557,C,233,G,NONSYN,0.4785067081693568,-0.07354454740096968,0.23833165284354205,-2.4234666666666667,100.0,2.0,6.0,0.4408264463595471,0.0643991640389284,0.6203092353276201,0.4408,0.0643991640389284,0.4408264463595471,0.0643991640389284,,0.0643991640389284,0.045537085594671116,0.2437,0.1971607809714398,0.4751065671443939,0.439,0.0453,0.022000000000000002,,,,0.0759752182392545,,,,
4883,P35557,C,233,Y,NONSYN,0.18775280364475316,-0.11134052012459317,0.18322991827841928,-1.5911666666666668,100.0,2.0,6.0,1.0190468884401198,0.17753788105899398,0.04634484367988543,1.019,0.17753788105899398,1.0190468884401198,0.17753788105899398,,0.17753788105899398,0.12553823961430535,0.113,0.9060886360101577,0.3407283127307892,0.9107,0.1178,1.0,,,,0.0759752182392545,,,,
4884,P35557,C,233,N,NONSYN,0.3555954207344509,0.3447835977860881,0.16577660704168823,-1.6354333333333333,100.0,2.0,6.0,-0.34932546529192404,0.37571724792991795,0.9907662840103175,-0.3493,0.37571724792991795,-0.34932546529192404,0.37571724792991795,,0.37571724792991795,0.2656722138199923,0.3543,0.7036412826480336,0.4567919969558716,-0.1715,0.2297,1.0,,,,0.0759752182392545,,,,
4885,P35557,C,233,C,SYN,,,,,,,,,,,,,,,,,,,,,,,,,,,0.0759752182392545,,,,
4886,P35557,C,233,P,NONSYN,0.23278771184927005,0.948979280980295,0.15463465253980077,-2.5291333333333337,100.0,2.0,6.0,0.0162628869965813,0.378589856027985,0.944181855697616,0.0163,0.378589856027985,0.0162628869965813,0.378589856027985,,0.378589856027985,0.2677034544858269,0.7624,0.7461684961363533,0.536299467086792,0.1651,0.2395,1.0,,,,0.0759752182392545,,,,
4887,P35557,C,233,E,NONSYN,0.09400502805141753,0.7521908271897341,0.2597972782657841,-2.6934333333333336,100.0,2.0,6.0,-0.0800681416473417,0.42912716668750606,0.9654385100152786,-0.0801,0.42912716668750606,-0.0800681416473417,0.42912716668750606,,0.42912716668750606,0.30343872955610546,0.6789,0.7589756552658109,0.9584332704544067,-0.0109,0.2893,1.0,,,,0.0759752182392545,,,,
4888,P35557,C,233,M,NONSYN,,-0.12013542079318325,0.1024148419917476,-1.5635333333333332,100.0,2.0,6.0,0.0341269737828889,0.661643141290479,0.939005021918466,0.0341,0.661643141290479,0.0341269737828889,0.661643141290479,,0.661643141290479,0.46785235193206665,0.1054,0.07123043474067067,0.29221469163894653,0.0854,0.2478,1.0,,,,0.0759752182392545,,,,
4889,P35557,C,233,W,NONSYN,0.3650350897967528,0.03471851957208569,0.09976331443364402,-2.438333333333333,100.0,2.0,6.0,0.116037245440381,0.920561727129249,0.9086674180829569,0.116,0.920561727129249,0.116037245440381,0.920561727129249,,0.920561727129249,0.6509354397538921,0.1067,0.009380753683941798,0.27926105260849,0.1081,0.2566,1.0,,,,0.0759752182392545,,,,
4890,P35557,C,233,H,NONSYN,0.2472156663565278,0.7934068587566957,0.26334211043799577,-2.6413333333333333,100.0,2.0,6.0,-0.10738520770430401,0.331587597847055,0.9698266221830376,-0.1074,0.331587597847055,-0.10738520770430401,0.331587597847055,,0.331587597847055,0.23446783899501042,0.6789,0.7862927213227733,0.9356346130371094,-0.0609,0.2274,1.0,,,,0.0759752182392545,,,,
4891,P35557,C,233,Q,NONSYN,0.31620129737801284,0.12989401766227204,0.23559709236496604,-2.441966666666667,100.0,2.0,6.0,-0.16948924883017802,0.16575588985753198,0.977816627095575,-0.1695,0.16575588985753198,-0.16948924883017802,0.16575588985753198,,0.16575588985753198,0.11720711373987133,0.2861,0.45555756910453105,0.47426337003707886,-0.1433,0.1138,1.0,,,,0.0759752182392545,,,,
4892,P35557,C,233,*,STOP,,,,,100.0,2.0,6.0,0.22599596282469198,0.05,0.8454501225504075,0.226,0.05,0.22599596282469198,0.05,,0.05,0.035355339059327376,,,,0.226,0.0354,,,,,0.0759752182392545,H,235.0,,
4893,P35557,Y,234,S,NONSYN,0.38834274260646795,1.142106131036353,0.1544106236293028,-1.5604666666666667,100.0,2.0,6.0,0.135034895462236,0.32077841667678403,0.899810680062104,0.135,0.32077841667678403,0.135034895462236,0.32077841667678403,,0.32077841667678403,0.22682459369043786,0.9289,0.7938621873433975,0.505937397480011,0.2679,0.207,0.657,,,,0.7636464717371987,,,,
4894,P35557,Y,234,A,NONSYN,0.20972259918765807,-0.4345318146832597,0.23364017038534132,-1.7107666666666665,100.0,2.0,6.0,-0.7938826907866808,0.417663612213717,0.9987900787388592,-0.7939,0.417663612213717,-0.7938826907866808,0.417663612213717,,0.417663612213717,0.29533277245118783,0.126,0.9199269641631457,0.4459794759750366,-0.5134,0.2462,0.9940000000000001,,,,0.7636464717371987,,,,
4895,P35557,Y,234,V,NONSYN,0.299959060462427,0.6028642960814815,0.1347668626483786,-1.5651000000000002,100.0,2.0,6.0,1.7527604003268502,0.45293310123319896,0.00032373337072488204,1.7528,0.45293310123319896,1.7527604003268502,0.45293310123319896,,0.45293310123319896,0.32027206730584795,0.6272,1.1255247493106149,0.5291244387626648,1.451,0.274,0.9990000000000001,,,,0.7636464717371987,,,,
4896,P35557,Y,234,R,NONSYN,0.1371352939524294,-0.679432328082922,0.24775738781741263,-1.7367666666666663,100.0,2.0,6.0,-0.059181150587694,0.228287102044582,0.9616530817049611,-0.0592,0.228287102044582,-0.059181150587694,0.228287102044582,,0.228287102044582,0.16142335791314927,0.1414,0.2005957035147112,0.456351637840271,-0.0369,0.1522,1.0,,,,0.7636464717371987,,,,
4897,P35557,Y,234,D,NONSYN,0.2808273038865437,0.05517094449969596,0.13819171764974708,-2.4846,100.0,2.0,6.0,-0.0890110036595447,0.155705791159921,0.9669418958531263,-0.089,0.155705791159921,-0.0890110036595447,0.155705791159921,,0.155705791159921,0.11010062079919652,0.2212,0.31017064063387945,0.40470126271247864,-0.0676,0.1062,0.4270000000000001,,,,0.7636464717371987,,,,
4898,P35557,Y,234,F,NONSYN,0.4872780854634644,0.27079308006575203,0.17838817489646008,-0.06290000000000003,100.0,2.0,6.0,1.8744082831717102,0.0923078927679626,0.00013292047524495043,1.8744,0.0923078927679626,1.8744082831717102,0.0923078927679626,,0.0923078927679626,0.06527153693326702,0.395,1.4793863379335968,0.4946426749229431,1.8491,0.0647,0.998,,,,0.7636464717371987,,,,
4899,P35557,Y,234,T,NONSYN,0.3050153834687861,1.292621088300182,0.1408909491523002,-1.5653333333333332,100.0,2.0,6.0,-0.31650997632925104,0.41804503712356106,0.9891860077050149,-0.3165,0.41804503712356106,-0.31650997632925104,0.41804503712356106,,0.41804503712356106,0.295602480591452,1.0452,1.3617160462755402,0.6121529340744019,-0.059,0.2662,0.99,,,,0.7636464717371987,,,,
4900,P35557,Y,234,I,NONSYN,0.28896106325248155,0.5735026822783923,0.10748936997421421,-1.4040666666666668,100.0,2.0,6.0,0.543450105988964,0.157069282985274,0.473756405726778,0.5435,0.157069282985274,0.543450105988964,0.157069282985274,,0.157069282985274,0.11106475511499606,0.6071,0.06367475906612019,0.4842912554740906,0.5466,0.1083,0.995,,,,0.7636464717371987,,,,
4901,P35557,Y,234,L,NONSYN,0.28126980143421565,0.8311190642622627,0.0876461202795056,-1.3954666666666666,100.0,2.0,6.0,-0.229399039962647,0.307195312937517,0.98347893303046,-0.2294,0.307195312937517,-0.229399039962647,0.307195312937517,,0.307195312937517,0.21721988892684183,0.8082,1.0375897433546757,0.4455804228782654,-0.0302,0.1953,0.9690000000000001,,,,0.7636464717371987,,,,
4902,P35557,Y,234,K,NONSYN,0.19614719212003395,-0.34915369265029667,0.22318141089927826,-1.7127333333333334,100.0,2.0,6.0,-1.05001705688557,0.510336222316219,0.9995858522607468,-1.05,0.510336222316219,-1.05001705688557,0.510336222316219,,0.510336222316219,0.3608622034849239,0.1093,1.1593269090088305,0.44339826703071594,-0.5881,0.2799,0.996,,,,0.7636464717371987,,,,
4903,P35557,Y,234,G,NONSYN,0.19871662093811185,0.08823376100032208,0.13001305451898507,-2.3432,100.0,2.0,6.0,-0.18819945316142303,0.252444667343345,0.9797722000698809,-0.1882,0.252444667343345,-0.18819945316142303,0.252444667343345,,0.252444667343345,0.1785053361528614,0.1873,0.3755167947275089,0.36340561509132385,-0.1152,0.1602,0.998,,,,0.7636464717371987,,,,
4904,P35557,Y,234,Y,SYN,,,,,100.0,2.0,6.0,2.12445445126018,0.05,2.0217692139786568e-05,2.1245,0.05,2.12445445126018,0.05,,0.05,0.035355339059327376,,,,2.1245,0.0354,,,,,0.7636464717371987,,,,
4905,P35557,Y,234,N,NONSYN,0.3952363274633001,-0.6343602994199816,0.1644858916164262,-1.7366333333333335,100.0,2.0,6.0,-0.19439723657651503,0.8185481446747901,0.9803802787576379,-0.1944,0.8185481446747901,-0.19439723657651503,0.8185481446747901,,0.8185481446747901,0.5788009438272113,0.1113,0.30565705465360243,0.31318628787994385,0.042,0.2754,0.982,,,,0.7636464717371987,,,,
4906,P35557,Y,234,C,NONSYN,0.4586734907533599,-0.679432328082922,0.24775738781741263,-1.7367666666666668,100.0,2.0,6.0,0.6222736359689499,0.12578200560611802,0.361010782438616,0.6223,0.12578200560611802,0.6222736359689499,0.12578200560611802,,0.12578200560611802,0.08894130911533038,0.1349,0.4873724402044083,0.4511944651603699,0.604,0.0873,1.0,,,,0.7636464717371987,,,,
4907,P35557,Y,234,P,NONSYN,0.23460250402828794,0.012564858189639094,0.09396102272833078,-2.446166666666667,100.0,2.0,6.0,0.0388072552706259,0.45724531711953104,0.9375726976614654,0.0388,0.45724531711953104,0.0388072552706259,0.45724531711953104,,0.45724531711953104,0.3233212644010137,0.1189,0.0801405785058481,0.28814467787742615,0.0835,0.2151,0.998,,,,0.7636464717371987,,,,
4908,P35557,Y,234,E,NONSYN,0.2834825200829025,0.19068996252667703,0.11764794146633112,-2.2428666666666666,100.0,2.0,6.0,0.314905031389885,0.266352256960479,0.769522275731429,0.3149,0.266352256960479,0.314905031389885,0.266352256960479,,0.266352256960479,0.1883394870810965,0.2585,0.05642305201976783,0.38125544786453247,0.3038,0.1689,1.0,,,,0.7636464717371987,,,,
4909,P35557,Y,234,M,NONSYN,0.28510862464089565,0.5237617731532783,0.1637764126047099,-1.5896,100.0,2.0,6.0,1.9900679691114598,0.221940273849207,5.612559150105609e-05,1.9901,0.221940273849207,1.9900679691114598,0.221940273849207,,0.221940273849207,0.15693547265717364,0.5464,1.4436581833639317,0.5241594910621643,1.8713,0.1503,1.0,,,,0.7636464717371987,,,,
4910,P35557,Y,234,W,NONSYN,0.3374643971404331,0.7686697095152478,0.17771601235206216,0.17450000000000002,100.0,2.0,6.0,0.38077839482322295,0.11326616973109299,0.697193456045522,0.3808,0.11326616973109299,0.38077839482322295,0.11326616973109299,,0.11326616973109299,0.08009127669588231,0.699,0.3182295335482065,0.5041091442108154,0.3886,0.0791,1.0,,,,0.7636464717371987,,,,
4911,P35557,Y,234,H,NONSYN,0.37993420185509386,0.9328789279946325,0.05056389353543062,0.2750666666666666,100.0,2.0,6.0,-0.111849260614931,0.731643459691235,0.9704881088742583,-0.1118,0.731643459691235,-0.111849260614931,0.731643459691235,,0.731643459691235,0.5173500517584587,0.83,0.9418550255761737,0.40051740407943726,0.4771,0.3167,0.997,,,,0.7636464717371987,,,,
4912,P35557,Y,234,Q,NONSYN,0.2421324616458889,0.768039678379259,0.09669459513349467,-1.3627666666666667,100.0,2.0,6.0,-0.0401608823136359,0.253663001612618,0.9578445892283298,-0.0402,0.253663001612618,-0.0401608823136359,0.253663001612618,,0.253663001612618,0.17936682857641634,0.7385,0.7786750076607734,0.45571309328079224,0.0643,0.1669,0.9940000000000001,,,,0.7636464717371987,,,,
4913,P35557,Y,234,*,STOP,,,,,,,,,,,,,,,,,,,,,,,,,,,0.7636464717371987,,,,
4914,P35557,M,235,S,NONSYN,0.31494457442558743,0.7174998605243715,0.25881594216460474,-1.4414,100.0,2.0,6.0,0.6999756387765601,0.24409354165831,0.2616870528832928,0.7,0.24409354165831,0.6999756387765601,0.24409354165831,,0.24409354165831,0.17260019855043202,0.8108,0.11081954917357417,0.5734347105026245,0.7092,0.1653,0.9309999999999999,,,,15.78028386888893,,,,
4915,P35557,M,235,A,NONSYN,0.38040172866410704,0.92317307060774,0.09574162190954794,-1.3250666666666666,100.0,2.0,6.0,0.0667480463801084,0.24036386773041302,0.9283149284838218,0.0667,0.24036386773041302,0.0667480463801084,0.24036386773041302,,0.24036386773041302,0.1699629208244014,0.89,0.8232886557759584,0.4355913996696472,0.1755,0.1583,0.747,,,,15.78028386888893,,,,
4916,P35557,M,235,V,NONSYN,0.43335182923768345,1.9431138068274232,0.12133873713816197,-0.17053333333333334,100.0,2.0,6.0,1.34924876862484,0.302372788972402,0.005469142314416514,1.3492,0.302372788972402,1.34924876862484,0.302372788972402,,0.302372788972402,0.21380984952867435,1.2256,0.12363779717403434,0.6365600824356079,1.3367,0.2027,0.809,,,,15.78028386888893,,,,
4917,P35557,M,235,R,NONSYN,0.4133638176812908,0.7469864612514062,0.10468324644896448,-1.3127666666666666,100.0,2.0,6.0,0.5953078744491099,0.15973903194991199,0.39872250356921307,0.5953,0.15973903194991199,0.5953078744491099,0.15973903194991199,,0.15973903194991199,0.11295255271195732,0.8827,0.2874323847214223,0.45260557532310486,0.6122,0.1096,0.053,,,,15.78028386888893,,,,
4918,P35557,M,235,D,NONSYN,,0.48222397777200393,0.27579854736075965,-1.9658666666666667,100.0,2.0,6.0,0.73361628251064,1.1040741774973601,0.22422421764415867,0.7336,1.1040741774973601,0.73361628251064,1.1040741774973601,,1.1040741774973601,0.7806983378413432,0.6177,0.11590801672923745,0.569687008857727,0.658,0.4602,0.9840000000000001,,,,15.78028386888893,,,,
4919,P35557,M,235,F,NONSYN,0.3024433202519795,1.203820789620906,0.09875033327760833,-0.5365000000000001,100.0,2.0,6.0,3.14340795065943,0.394133378254873,4.481226775892622e-09,3.1434,0.394133378254873,3.14340795065943,0.394133378254873,,0.394133378254873,0.2786943844559832,1.0694,2.0739668705660463,0.5113720297813416,2.6685,0.2447,0.904,,,,15.78028386888893,,,,
4920,P35557,M,235,T,NONSYN,0.4428972613017431,0.952507158228996,0.07803722922826399,-0.9479666666666667,,,,,,,,,,,,,,0.8755,,0.417465478181839,0.8755,0.4175,0.754,,,,15.78028386888893,,,,
4921,P35557,M,235,I,NONSYN,0.5092966528428504,1.7550711796585228,0.12174265552054941,0.1806,100.0,2.0,6.0,0.49046791596507,0.288702731382798,0.5508485137397008,0.4905,0.288702731382798,0.49046791596507,0.288702731382798,,0.288702731382798,0.20414365910785473,1.2084,0.7179189820757015,0.6038180589675903,0.5641,0.1934,0.654,,,,15.78028386888893,,,,
4922,P35557,M,235,L,NONSYN,0.4802407566174219,1.6610415450831135,0.13542519264922517,0.0198,100.0,2.0,6.0,0.772556819691298,0.14146558504443899,0.1855828078549122,0.7726,0.14146558504443899,0.772556819691298,0.14146558504443899,,0.14146558504443899,0.10003127448944504,1.2045,0.4319725849488998,0.5842107534408569,0.7849,0.0986,0.292,,,,15.78028386888893,,,,
4923,P35557,M,235,K,NONSYN,0.4908604207297649,0.7120972064755895,0.09521594719860665,-1.2170333333333332,,,,,,,,,,,,,,0.8533,,0.4379642605781555,0.8533,0.438,0.486,,,,15.78028386888893,,,,
4924,P35557,M,235,G,NONSYN,0.2313069645088376,0.6830842731770117,0.3760122042699097,-2.0399333333333334,100.0,2.0,6.0,0.13103539629561697,0.207879019651988,0.9017395556654733,0.131,0.207879019651988,0.13103539629561697,0.207879019651988,,0.207879019651988,0.14699266446233228,0.7322,0.601148179334571,0.5509554743766785,0.171,0.142,0.985,,,,15.78028386888893,,,,
4925,P35557,M,235,Y,NONSYN,,0.829811400180219,0.13753221700210252,-1.4270333333333332,100.0,2.0,6.0,0.36304101980901793,0.9616923202199301,0.7179931624533388,0.363,0.9616923202199301,0.36304101980901793,0.9616923202199301,,0.9616923202199301,0.6800191610425372,0.8255,0.46249880753778383,0.5143489241600037,0.6572,0.4102,0.997,,,,15.78028386888893,,,,
4926,P35557,M,235,N,NONSYN,0.3182579182514713,0.5595591856098042,0.3536166732676638,-1.7021,,,,,,,,,,,,,,0.7139,,0.5516206622123718,0.7139,0.5516,0.9520000000000001,,,,15.78028386888893,,,,
4927,P35557,M,235,C,NONSYN,,0.8457507857277093,0.24316567368170253,-1.4351666666666665,100.0,2.0,6.0,0.315222863166547,0.44832165259539003,0.7692062084339198,0.3152,0.44832165259539003,0.315222863166547,0.44832165259539003,,0.44832165259539003,0.3170112807029598,0.8913,0.576083060295367,0.6076176166534424,0.4385,0.2811,0.09300000000000001,,,,15.78028386888893,,,,
4928,P35557,M,235,P,NONSYN,0.29396488881585514,0.25843894083029323,0.33668167588025805,-1.6081666666666667,100.0,2.0,6.0,1.21858359750508,0.641417116620823,0.013047959920362154,1.2186,0.641417116620823,1.21858359750508,0.641417116620823,,0.641417116620823,0.4535503927317065,0.384,0.8345979886889332,0.504071831703186,0.8452,0.3372,0.995,,,,15.78028386888893,,,,
4929,P35557,M,235,E,NONSYN,0.3715633530173947,0.6322824934935484,0.29223851944468854,-1.5893666666666668,100.0,2.0,6.0,0.0970529395153148,0.9563145365243859,0.9167766460208043,0.0971,0.9563145365243859,0.0970529395153148,0.9563145365243859,,0.9563145365243859,0.6762164937236635,0.8058,0.7087261599491017,0.5531160831451416,0.5217,0.4281,0.889,,,,15.78028386888893,,,,
4930,P35557,M,235,M,SYN,,,,,,,,,,,,,,,,,,,,,,,,,,,15.78028386888893,,,,
4931,P35557,M,235,W,NONSYN,0.17309253470131644,0.5368354587974057,0.1260710821528548,-1.3791,100.0,2.0,6.0,1.47423569859755,0.282662398592531,0.002327864132112098,1.4742,0.282662398592531,1.47423569859755,0.282662398592531,,0.282662398592531,0.19987249883123348,0.5801,0.8941275328565832,0.5064528584480286,1.3537,0.1859,1.0,,,,15.78028386888893,,,,
4932,P35557,M,235,H,NONSYN,,0.459413173917375,0.25662619594732977,-1.4892,,,,,,,,,,,,,,0.4803,,0.6164431571960449,0.4803,0.6164,0.997,,,,15.78028386888893,,,,
4933,P35557,M,235,Q,NONSYN,0.13890249407095925,1.5198015885547926,0.13007374239165492,-0.5005000000000001,100.0,2.0,6.0,2.19546555385777,0.162250477295522,1.1689349651182737e-05,2.1955,0.162250477295522,2.19546555385777,0.162250477295522,,0.162250477295522,0.11472841274641757,1.0365,1.158941019632306,0.5574947595596313,2.1484,0.1124,0.965,,,,15.78028386888893,,,,
4934,P35557,M,235,*,STOP,,,,,100.0,2.0,6.0,0.0941883865017926,0.05,0.9179391773590072,0.0942,0.05,0.0941883865017926,0.05,,0.05,0.035355339059327376,,,,0.0942,0.0354,,,,,15.78028386888893,,,,
4935,P35557,E,236,S,NONSYN,0.4382670271083193,0.049879528707058085,0.1561413457866827,-0.7653333333333333,100.0,2.0,6.0,-0.0510029918180337,0.24020319476660199,0.9600597396036856,-0.051,0.24020319476660199,-0.0510029918180337,0.24020319476660199,,0.24020319476660199,0.16984930788213728,0.2491,0.30011905493601465,0.41302406787872314,-0.0076,0.1571,0.9990000000000001,,,,4.537365491665302,,,,
4936,P35557,E,236,A,NONSYN,0.4725389201357859,-0.22093039281320992,0.18774003697462824,-0.8022,100.0,2.0,6.0,0.43463687197562,0.35409754409377997,0.6286473387139181,0.4346,0.35409754409377997,0.43463687197562,0.35409754409377997,,0.35409754409377997,0.2503847746302143,0.1362,0.2984393347918584,0.363776296377182,0.3387,0.2063,0.9990000000000001,,,,4.537365491665302,,,,
4937,P35557,E,236,V,NONSYN,0.5148579282991502,0.19552200253617236,0.12823095768748077,-1.6669666666666665,100.0,2.0,6.0,-0.0326389205408958,0.130095226184792,0.9562359610556588,-0.0326,0.130095226184792,-0.0326389205408958,0.130095226184792,,0.130095226184792,0.09199121663526412,0.2581,0.29073785066136393,0.39802098274230957,-0.0179,0.0896,1.0,,,,4.537365491665302,,,,
4938,P35557,E,236,R,NONSYN,0.4513055748960305,0.057325403329596764,0.15001758134487386,-0.7123333333333334,100.0,2.0,6.0,-0.0733406156856497,0.302398392031559,0.9642622298599968,-0.0733,0.302398392031559,-0.0733406156856497,0.302398392031559,,0.302398392031559,0.2138279536254234,0.2206,0.2939606220085104,0.41302406787872314,-0.0112,0.1899,0.987,,,,4.537365491665302,,,,
4939,P35557,E,236,D,NONSYN,0.4800060668498122,0.12580400633021044,0.1793966810170142,-0.020166666666666666,,,,,,,,,,,,,,0.4656,,0.5037129521369934,0.4656,0.5037,0.897,,,,4.537365491665302,,,,
4940,P35557,E,236,F,NONSYN,0.4134101209643438,0.023646892834274003,0.05633968736562623,-2.4431333333333334,100.0,2.0,6.0,-0.46144481923716096,0.495959301852049,0.9945762792805025,-0.4614,0.495959301852049,-0.46144481923716096,0.495959301852049,,0.495959301852049,0.35069618553212967,0.1067,0.5681013109936002,0.2646900415420532,-0.0995,0.2113,1.0,,,,4.537365491665302,,,,
4941,P35557,E,236,T,NONSYN,0.4070866311137473,0.08400396298556778,0.13166536137766552,-0.9768666666666667,100.0,2.0,6.0,-0.377792892585184,0.5665480561065379,0.9919424110951308,-0.3778,0.5665480561065379,-0.377792892585184,0.5665480561065379,,0.5665480561065379,0.40060997234098955,0.1929,0.5706495620111484,0.38829609751701355,-0.0836,0.2788,0.9990000000000001,,,,4.537365491665302,,,,
4942,P35557,E,236,I,NONSYN,0.377366298627538,-0.15285384936829868,0.08045852776060493,-2.3962999999999997,100.0,2.0,6.0,0.190265594636167,0.10169328022833,0.8693501092712538,0.1903,0.10169328022833,0.190265594636167,0.10169328022833,,0.10169328022833,0.071908008050556,0.0833,0.10699725023385376,0.2632638216018677,0.1828,0.0694,1.0,,,,4.537365491665302,,,,
4943,P35557,E,236,L,NONSYN,0.4309220950052253,-0.13729815178136434,0.06911419975399997,-2.375633333333333,100.0,2.0,6.0,0.14359850187536402,0.20219782569411,0.8955614328186866,0.1436,0.20219782569411,0.14359850187536402,0.20219782569411,,0.20219782569411,0.1429754536894807,0.0833,0.06033015747305079,0.2668485939502716,0.1301,0.126,1.0,,,,4.537365491665302,,,,
4944,P35557,E,236,K,NONSYN,0.4890082107053284,-0.11200042589082648,0.14359562466179718,-0.6659666666666667,100.0,2.0,6.0,0.167448177230605,0.47137293211937303,0.8828339106251237,0.1674,0.47137293211937303,0.167448177230605,0.47137293211937303,,0.47137293211937303,0.3333109967693948,0.257,0.08954604040359604,0.41302406787872314,0.2028,0.2594,0.919,,,,4.537365491665302,,,,
4945,P35557,E,236,G,NONSYN,0.4522640708552875,0.22038065475972438,0.11819367471762572,-1.9225,100.0,2.0,6.0,-0.337167141849836,0.18964071791655898,0.99021079069031,-0.3372,0.18964071791655898,-0.337167141849836,0.18964071791655898,,0.18964071791655898,0.13409623762788406,0.2561,0.5932631472895943,0.3868998885154724,-0.2735,0.1267,1.0,,,,4.537365491665302,,,,
4946,P35557,E,236,Y,NONSYN,0.4671477233180428,-0.0011010151127683148,0.0695976874819093,-2.2137666666666664,100.0,2.0,6.0,-0.339236631971551,0.264066243485708,0.9903077406460861,-0.3392,0.264066243485708,-0.339236631971551,0.264066243485708,,0.264066243485708,0.1867230314512021,0.1067,0.4458931237279902,0.2668485939502716,-0.1927,0.153,1.0,,,,4.537365491665302,,,,
4947,P35557,E,236,N,NONSYN,0.4945297857128286,0.10343108815731221,0.12349706092152805,-0.7464666666666666,100.0,2.0,6.0,-0.21165767016879602,0.471181811317942,0.9819767517010213,-0.2117,0.471181811317942,-0.21165767016879602,0.471181811317942,,0.471181811317942,0.33317585395467714,0.2884,0.5000266105221896,0.40727490186691284,-0.0112,0.2579,0.997,,,,4.537365491665302,,,,
4948,P35557,E,236,C,NONSYN,0.4263241553322161,-0.19358991179016863,0.12753408968110605,-2.5622,100.0,2.0,6.0,0.233418425364279,0.0631817503615756,0.8400337727449058,0.2334,0.0631817503615756,0.233418425364279,0.0631817503615756,,0.0631817503615756,0.044676244127905704,0.086,0.14743115548589156,0.2949094772338867,0.2301,0.0442,1.0,,,,4.537365491665302,,,,
4949,P35557,E,236,P,NONSYN,0.2784783599621833,0.008068352949846735,0.1604311099103869,-1.2109666666666667,100.0,2.0,6.0,-0.10928436733326699,0.30856758534279605,0.9701098597293797,-0.1093,0.30856758534279605,-0.10928436733326699,0.30856758534279605,,0.30856758534279605,0.2181902320502498,0.1541,0.2633834741219022,0.3751388490200043,-0.0427,0.1886,0.995,,,,4.537365491665302,,,,
4950,P35557,E,236,E,SYN,,,,,,,,,,,,,,,,,,,,,,,,,,,4.537365491665302,,,,
4951,P35557,E,236,M,NONSYN,0.4318399535430367,-0.23634756478742758,0.08253596883131664,-1.9440333333333335,100.0,2.0,6.0,1.03301751679162,0.405955239594073,0.04253937278394365,1.033,0.405955239594073,1.03301751679162,0.405955239594073,,0.405955239594073,0.2870537027751786,0.0778,0.9551698870060823,0.2730901837348938,0.5316,0.1979,1.0,,,,4.537365491665302,,,,
4952,P35557,E,236,W,NONSYN,0.3886512979012191,-0.04252690757520997,0.12849580906537925,-2.4843333333333333,100.0,2.0,6.0,-0.262923418008709,0.07687263976990599,0.9859752957591603,-0.2629,0.07687263976990599,-0.262923418008709,0.07687263976990599,,0.07687263976990599,0.0543571648690112,0.1148,0.37771954985799794,0.28159022331237793,-0.2494,0.0534,1.0,,,,4.537365491665302,,,,
4953,P35557,E,236,H,NONSYN,0.3874690850586482,-0.11200042589082648,0.14359562466179718,-0.6659666666666667,,,,,,,,,,,,,,0.2191,,0.41302406787872314,0.2191,0.413,1.0,,,,4.537365491665302,,,,
4954,P35557,E,236,Q,NONSYN,0.4979236622050323,-0.03173749491874157,0.16698341821000504,-0.4487333333333334,100.0,2.0,6.0,0.26096683357806,0.5471809837409091,0.818501622809244,0.261,0.5471809837409091,0.26096683357806,0.5471809837409091,,0.5471809837409091,0.38691538413952276,0.2393,0.021705832229564515,0.41414734721183777,0.2509,0.2827,0.995,,,,4.537365491665302,,,,
4955,P35557,E,236,*,STOP,,,,,100.0,2.0,6.0,-0.193592054093512,0.05,0.9803023524652491,-0.1936,0.05,-0.193592054093512,0.05,,0.05,0.035355339059327376,,,,-0.1936,0.0354,,,,,4.537365491665302,C,250.0,,
4956,P35557,E,237,S,NONSYN,0.4382670271083193,0.3085438466691533,0.14869289620647014,-0.6747666666666666,100.0,2.0,6.0,0.48582701373026704,0.18313009758176396,0.5575014664617692,0.4858,0.18313009758176396,0.48582701373026704,0.18313009758176396,,0.18313009758176396,0.12949253383941944,0.5682,0.08236093831135893,0.5211822986602783,0.4906,0.1257,0.981,,,,30.064116797203106,,,,
4957,P35557,E,237,A,NONSYN,0.4725389201357859,0.136059622578157,0.12042597026095005,-0.8022,100.0,2.0,6.0,0.559775976070261,0.284150724762023,0.44992200971303775,0.5598,0.284150724762023,0.559775976070261,0.284150724762023,,0.284150724762023,0.20092490435829868,0.3851,0.17466357124695775,0.4566503167152405,0.5314,0.1839,0.975,,,,30.064116797203106,,,,
4958,P35557,E,237,V,NONSYN,0.5148579282991502,0.53755915096073,0.12324062199526176,-1.6669666666666665,100.0,2.0,6.0,0.868250154076454,0.23106128477801502,0.11198671136470635,0.8683,0.23106128477801502,0.868250154076454,0.23106128477801502,,0.23106128477801502,0.1633850013362104,0.61,0.25828727346503433,0.4968735873699188,0.843,0.1552,0.9940000000000001,,,,30.064116797203106,,,,
4959,P35557,E,237,R,NONSYN,0.4513055748960305,0.365049599409972,0.1587295982400958,-0.7211333333333333,100.0,2.0,6.0,0.390258717847805,0.15875292384485,0.6856959748245327,0.3903,0.15875292384485,0.390258717847805,0.15875292384485,,0.15875292384485,0.11225526898388499,0.5683,0.17806298701669693,0.5211822986602783,0.3982,0.1097,0.98,,,,30.064116797203106,,,,
4960,P35557,E,237,D,NONSYN,0.4800060668498122,1.0770062833895724,0.07449682060477614,-0.020166666666666666,,,,,,,,,,,,,,0.9168,,0.37142235040664673,0.9168,0.3714,0.677,,,,30.064116797203106,,,,
4961,P35557,E,237,F,NONSYN,0.4134101209643438,0.28474017897407927,0.06156989568027001,-2.4431333333333334,100.0,2.0,6.0,0.8715021517461049,0.0794900639511864,0.10998479228340124,0.8715,0.0794900639511864,0.8715021517461049,0.0794900639511864,,0.0794900639511864,0.056207963256836226,0.3053,0.5662169661706197,0.3551052510738373,0.8577,0.0555,1.0,,,,30.064116797203106,,,,
4962,P35557,E,237,T,NONSYN,0.4070866311137473,0.5485044411227166,0.13907616041657112,-0.9768666666666667,100.0,2.0,6.0,-0.326010868790998,0.345565143479749,0.9896705116338274,-0.326,0.345565143479749,-0.326010868790998,0.345565143479749,,0.345565143479749,0.24435145629623276,0.611,0.9370538451703925,0.5276514291763306,-0.1605,0.2217,0.996,,,,30.064116797203106,,,,
4963,P35557,E,237,I,NONSYN,0.377366298627538,0.3141929824730386,0.04887628935691329,-2.3962999999999997,100.0,2.0,6.0,0.7848115806288579,0.165927531595507,0.1744872603126552,0.7848,0.165927531595507,0.7848115806288579,0.165927531595507,,0.165927531595507,0.11732848277672811,0.3835,0.40127920553158314,0.38427045941352844,0.7506,0.1122,0.997,,,,30.064116797203106,,,,
4964,P35557,E,237,L,NONSYN,0.4309220950052253,0.5663182800193819,0.04490129362666259,-2.375633333333333,100.0,2.0,6.0,0.0284356879898281,0.18504519609147102,0.9407034550596383,0.0284,0.18504519609147102,0.0284356879898281,0.18504519609147102,,0.18504519609147102,0.13084671298227357,0.6356,0.6071948004058628,0.41328927874565125,0.0838,0.1247,0.9940000000000001,,,,30.064116797203106,,,,
4965,P35557,E,237,K,NONSYN,0.4890082107053284,0.3403999452966407,0.15024175604890264,-0.6217666666666667,100.0,2.0,6.0,1.558869048306,0.23288366300000898,0.0012908652400714688,1.5589,0.23288366300000898,1.558869048306,0.23288366300000898,,0.23288366300000898,0.16467361733486902,0.5778,0.9810438596692201,0.5318039655685425,1.473,0.1573,0.973,,,,30.064116797203106,,,,
4966,P35557,E,237,G,NONSYN,0.4522640708552875,0.8594583996696697,0.06444846474597797,-1.9225,100.0,2.0,6.0,0.0802437696252871,0.109975104022658,0.9233801455181972,0.0802,0.109975104022658,0.0802437696252871,0.109975104022658,,0.109975104022658,0.07776414181611743,0.8302,0.7499607172216367,0.4100281894207001,0.1063,0.0764,0.992,,,,30.064116797203106,,,,
4967,P35557,E,237,Y,NONSYN,0.4671477233180428,0.29783034608132436,0.06406081912383617,-2.2137666666666664,100.0,2.0,6.0,0.8731699911257359,0.0479234668128555,0.10896983607898376,0.8732,0.0479234668128555,0.8731699911257359,0.0479234668128555,,0.0479234668128555,0.03388700836133859,0.3107,0.5624341097971531,0.3551052510738373,0.8681,0.0337,1.0,,,,30.064116797203106,,,,
4968,P35557,E,237,N,NONSYN,0.4945297857128286,0.3558425116866877,0.13230506144247728,-0.6558999999999999,100.0,2.0,6.0,0.343931018677664,0.341212101810258,0.7393258706362634,0.3439,0.341212101810258,0.343931018677664,0.341212101810258,,0.341212101810258,0.24127339101294806,0.5671,0.22320604387192705,0.5141507387161255,0.3842,0.2184,0.987,,,,30.064116797203106,,,,
4969,P35557,E,237,C,NONSYN,0.4263241553322161,0.3136370360131616,0.051111023761466624,-2.5622,100.0,2.0,6.0,-0.162978754652109,0.139764747345068,0.9770916271079653,-0.163,0.139764747345068,-0.162978754652109,0.139764747345068,,0.139764747345068,0.09882860061852208,0.3403,0.5033206504708193,0.35753196477890015,-0.1273,0.0953,1.0,,,,30.064116797203106,,,,
4970,P35557,E,237,P,NONSYN,0.2784783599621833,0.3673384204519057,0.11868403901260725,-1.2109666666666667,100.0,2.0,6.0,0.695478629450084,0.49215351865024104,0.266970753553817,0.6955,0.49215351865024104,0.695478629450084,0.49215351865024104,,0.49215351865024104,0.3480050904224054,0.5476,0.14784849820542456,0.4809010326862335,0.6447,0.2819,0.98,,,,30.064116797203106,,,,
4971,P35557,E,237,E,SYN,,,,,100.0,2.0,6.0,0.7473677767324131,0.05,0.20999099984063227,0.7474,0.05,0.7473677767324131,0.05,,0.05,0.035355339059327376,,,,0.7474,0.0354,,,,,30.064116797203106,,,,
4972,P35557,E,237,M,NONSYN,0.4318399535430367,0.6072213049424923,0.061364348815281744,-1.9440333333333335,100.0,2.0,6.0,0.836955053806819,0.138126416558942,0.13285270202301955,0.837,0.138126416558942,0.836955053806819,0.138126416558942,,0.138126416558942,0.09767012580982572,0.6905,0.14644758224538712,0.4144420623779297,0.8292,0.0951,0.995,,,,30.064116797203106,,,,
4973,P35557,E,237,W,NONSYN,0.3886512979012191,0.561583140121597,0.06150534782750044,-2.4843333333333333,100.0,2.0,6.0,0.0409732683035519,0.0803844925064471,0.9368987474516037,0.041,0.0803844925064471,0.0409732683035519,0.0803844925064471,,0.0803844925064471,0.05684041975354795,0.6093,0.568330921378455,0.41749364137649536,0.0513,0.0563,1.0,,,,30.064116797203106,,,,
4974,P35557,E,237,H,NONSYN,0.3874690850586482,0.4066722500852453,0.09864775209788079,-0.6659666666666667,100.0,2.0,6.0,0.19144180348199102,0.506304457446074,0.8686186582020107,0.1914,0.506304457446074,0.19144180348199102,0.506304457446074,,0.506304457446074,0.35801131520509466,0.4237,0.23228582808691767,0.4382266104221344,0.2844,0.2773,0.998,,,,30.064116797203106,,,,
4975,P35557,E,237,Q,NONSYN,0.4979236622050323,0.7453792885060859,0.1382661758192773,-0.4386666666666667,100.0,2.0,6.0,1.18632278813245,0.11011148855299101,0.01610436974032437,1.1863,0.11011148855299101,1.18632278813245,0.11011148855299101,,0.11011148855299101,0.07786058024236484,0.8696,0.3167580164802284,0.5086169242858887,1.1791,0.077,0.41200000000000003,,,,30.064116797203106,,,,
4976,P35557,E,237,*,STOP,,,,,100.0,2.0,6.0,-0.150925730529034,0.05,0.9756848326448374,-0.1509,0.05,-0.150925730529034,0.05,,0.05,0.035355339059327376,,,,-0.1509,0.0354,,,,,30.064116797203106,,,,
4977,P35557,M,238,S,NONSYN,0.31494457442558743,0.9355345370603997,0.061810023632372146,-1.5281333333333336,100.0,2.0,6.0,1.24021727436577,0.39954428179740104,0.011319239134538842,1.2402,0.39954428179740104,1.24021727436577,0.39954428179740104,,0.39954428179740104,0.2825204710432511,0.7748,0.46542329185997167,0.4256103038787842,1.0979,0.2354,0.998,,,,2.9609952457682804,,,,
4978,P35557,M,238,A,NONSYN,0.38040172866410704,0.6912734874885206,0.12099767271218133,-1.3250666666666666,100.0,2.0,6.0,1.7929088490362,0.36544753325964396,0.0002417783939055276,1.7929,0.36544753325964396,1.7929088490362,0.36544753325964396,,0.36544753325964396,0.2584104289357906,0.8259,0.9669724719877075,0.4753296673297882,1.5723,0.227,0.747,,,,2.9609952457682804,,,,
4979,P35557,M,238,V,NONSYN,0.43335182923768345,0.5913027832618071,0.10258687334656114,-0.17053333333333334,100.0,2.0,6.0,1.11267707076649,0.40782960046019606,0.025847068415887166,1.1127,0.40782960046019606,1.11267707076649,0.40782960046019606,,0.40782960046019606,0.2883790760540049,0.838,0.27469721761326116,0.4638289511203766,1.0361,0.2449,0.013000000000000001,,,,2.9609952457682804,,,,
4980,P35557,M,238,R,NONSYN,0.4133638176812908,1.0331324468535523,0.13460827425869043,-1.3127666666666666,100.0,2.0,6.0,0.7673319709411051,0.266328344374125,0.19046831702606015,0.7673,0.266328344374125,0.7673319709411051,0.266328344374125,,0.266328344374125,0.18832257832912988,0.8316,0.06429462312551482,0.5116735100746155,0.775,0.1767,0.998,,,,2.9609952457682804,,,,
4981,P35557,M,238,D,NONSYN,,1.4385410462124026,0.07060977773231232,-1.9705666666666666,100.0,2.0,6.0,0.19510232302995,0.269003188444523,0.866318847263001,0.1951,0.269003188444523,0.19510232302995,0.269003188444523,,0.269003188444523,0.1902139787099249,1.0141,0.8189736714616271,0.5044735670089722,0.297,0.178,0.998,,,,2.9609952457682804,,,,
4982,P35557,M,238,F,NONSYN,0.3024433202519795,1.4659114904382236,0.14969407945925886,-0.4272,100.0,2.0,6.0,0.416199292165664,0.10080023341828899,0.6529602400967769,0.4162,0.10080023341828899,0.416199292165664,0.10080023341828899,,0.10080023341828899,0.07127652859525899,1.0838,0.6676346407109229,0.6085857152938843,0.4252,0.0708,0.7559999999999999,,,,2.9609952457682804,,,,
4983,P35557,M,238,T,NONSYN,0.4428972613017431,1.163987361668182,0.13520582399096437,-0.9479666666666667,100.0,2.0,6.0,2.35333613552094,0.33534512085987606,3.3870390955432107e-06,2.3533,0.33534512085987606,2.35333613552094,0.33534512085987606,,0.33534512085987606,0.2371248089978407,0.9894,1.363961557521825,0.5454694628715515,2.1365,0.2175,0.10800000000000001,,,,2.9609952457682804,,,,
4984,P35557,M,238,I,NONSYN,0.5092966528428504,0.570807957485183,0.13020476725667615,0.1806,100.0,2.0,6.0,0.425987792592516,0.23388914228860397,0.6401536790949774,0.426,0.23388914228860397,0.425987792592516,0.23388914228860397,,0.23388914228860397,0.16538459855817716,0.8015,0.3755324357934093,0.4709852933883667,0.4672,0.156,0.486,,,,2.9609952457682804,,,,
4985,P35557,M,238,L,NONSYN,0.4802407566174219,0.6516213851748899,0.11333083353841224,0.0198,100.0,2.0,6.0,0.183547509523395,0.35871074060567104,0.8734584542553138,0.1835,0.35871074060567104,0.183547509523395,0.35871074060567104,,0.35871074060567104,0.2536467971667186,0.8377,0.6541308037319151,0.45538055896759033,0.3384,0.2216,0.151,,,,2.9609952457682804,,,,
4986,P35557,M,238,K,NONSYN,0.4908604207297649,0.875504012378664,0.11485356108258325,-1.2170333333333332,,,,,,,,,,,,,,0.8218,,0.47653210163116455,0.8218,0.4765,0.997,,,,2.9609952457682804,,,,
4987,P35557,M,238,G,NONSYN,0.2313069645088376,1.2776679468916765,0.07694811845302967,-2.044633333333333,100.0,2.0,6.0,0.677721620992128,0.23564340728382502,0.28843835375996885,0.6777,0.23564340728382502,0.677721620992128,0.23564340728382502,,0.23564340728382502,0.16662505123229615,0.9822,0.3044669018235764,0.4381122589111328,0.7162,0.1557,1.0,,,,2.9609952457682804,,,,
4988,P35557,M,238,Y,NONSYN,,1.3926419291119139,0.10309058059015419,-1.5137666666666665,100.0,2.0,6.0,-0.13110490178877302,0.192629787383335,0.9731768783695812,-0.1311,0.192629787383335,-0.13110490178877302,0.192629787383335,,0.192629787383335,0.13620982891727904,1.0452,1.1763109717350622,0.5323224067687988,-0.0588,0.132,0.997,,,,2.9609952457682804,,,,
4989,P35557,M,238,N,NONSYN,0.3182579182514713,0.9723142575354222,0.11983184077483833,-1.7266666666666666,100.0,2.0,6.0,1.32134011594804,0.170015246682272,0.006599390483024581,1.3213,0.170015246682272,1.32134011594804,0.170015246682272,,0.170015246682272,0.1202189338341382,0.8042,0.5171622356608696,0.4780051112174988,1.2906,0.1166,0.998,,,,2.9609952457682804,,,,
4990,P35557,M,238,C,NONSYN,,0.6523330861169696,0.11102441069911367,-1.5218999999999998,100.0,2.0,6.0,2.08982162719606,0.0808003689551096,2.6355293990590187e-05,2.0898,0.0808003689551096,2.08982162719606,0.0808003689551096,,0.0808003689551096,0.057134488810532985,0.6769,1.4128723645770416,0.48121654987335205,2.0702,0.0567,0.9990000000000001,,,,2.9609952457682804,,,,
4991,P35557,M,238,P,NONSYN,0.29396488881585514,1.495262801139664,0.05742105942759629,-1.7313666666666665,100.0,2.0,6.0,-0.247505514864685,0.477524910410975,0.9848794663759826,-0.2475,0.477524910410975,-0.247505514864685,0.477524910410975,,0.477524910410975,0.337661102337099,1.0064,1.253947108034851,0.5158825516700745,0.1286,0.2825,0.9990000000000001,,,,2.9609952457682804,,,,
4992,P35557,M,238,E,NONSYN,0.3715633530173947,0.6405738289524223,0.12518184815668765,-1.7125666666666666,100.0,2.0,6.0,2.3165614016970397,0.0728720337616114,4.531512128054571e-06,2.3166,0.0728720337616114,2.3165614016970397,0.0728720337616114,,0.0728720337616114,0.05152830923169045,0.6884,1.6281222709139587,0.4948888123035431,2.2991,0.0513,0.996,,,,2.9609952457682804,,,,
4993,P35557,M,238,M,SYN,,,,,,,,,,,,,,,,,,,,,,,,,,,2.9609952457682804,,,,
4994,P35557,M,238,W,NONSYN,0.17309253470131644,1.3657902908343118,0.11476912083670544,-1.3791,100.0,2.0,6.0,0.0662712171586868,0.18155286364497603,0.9284835520616906,0.0663,0.18155286364497603,0.0662712171586868,0.18155286364497603,,0.18155286364497603,0.12837726102719915,0.9911,0.9248174116102341,0.5512058138847351,0.1139,0.125,1.0,,,,2.9609952457682804,,,,
4995,P35557,M,238,H,NONSYN,,1.0663113332576857,0.10626763062288423,-1.4892,100.0,2.0,6.0,0.8478868857739119,0.15853607720386098,0.12522763092061553,0.8479,0.15853607720386098,0.8478868857739119,0.15853607720386098,,0.15853607720386098,0.11210193525356413,0.8431,0.004798735749497851,0.4683133363723755,0.8476,0.109,0.997,,,,2.9609952457682804,,,,
4996,P35557,M,238,Q,NONSYN,0.13890249407095925,1.294070832817698,0.12669780760911845,-0.3912,100.0,2.0,6.0,0.931721265027241,0.35294246068834,0.07807426733663714,0.9317,0.35294246068834,0.931721265027241,0.35294246068834,,0.35294246068834,0.24956800732139167,0.9911,0.059367363741679946,0.559962272644043,0.9416,0.228,1.0,,,,2.9609952457682804,,,,
4997,P35557,M,238,*,STOP,,,,,100.0,2.0,6.0,1.06173297534962,0.05,0.03561067853955319,1.0617,0.05,1.06173297534962,0.05,,0.05,0.035355339059327376,,,,1.0617,0.0354,,,,,2.9609952457682804,,,,
4998,P35557,Q,239,S,NONSYN,0.4409447200841817,0.9784232498766583,0.1357579286532299,-0.6639,100.0,2.0,6.0,1.2199056233899699,0.159022176563462,0.012935414440264111,1.2199,0.159022176563462,1.2199056233899699,0.159022176563462,,0.159022176563462,0.11244565940706844,0.9178,0.30206973214317423,0.5051465034484863,1.2056,0.1098,0.003,,,,107.48494286075857,,,,
4999,P35557,Q,239,A,NONSYN,0.4409062194732345,1.807849030029697,0.16304408967739933,-0.7354333333333333,100.0,2.0,6.0,1.12252093902052,0.198974068918738,0.02427864706870804,1.1225,0.198974068918738,1.12252093902052,0.198974068918738,,0.198974068918738,0.1406959134127191,1.2246,0.10208724388658452,0.7205496430397034,1.1263,0.1381,0.039,,,,107.48494286075857,,,,
5000,P35557,Q,239,V,NONSYN,0.3518917047261823,1.3771189706645968,0.15370866075882403,-1.6304999999999998,100.0,2.0,6.0,1.78493246988056,0.549804355072249,0.0002562522619295614,1.7849,0.549804355072249,1.78493246988056,0.549804355072249,,0.549804355072249,0.38877038779748363,1.0881,0.6968313212752133,0.603603184223175,1.5806,0.3268,0.021,,,,107.48494286075857,,,,
5001,P35557,Q,239,R,NONSYN,0.4495753804079927,0.8240259399666012,0.13614814197467445,0.14876666666666669,100.0,2.0,6.0,1.1838443363206999,0.15596765008545702,0.016365618596104622,1.1838,0.15596765008545702,1.1838443363206999,0.15596765008545702,,0.15596765008545702,0.11028578302115725,0.8946,0.2892263019579069,0.48191073536872864,1.1695,0.1075,0.0,,,,107.48494286075857,,,,
5002,P35557,Q,239,D,NONSYN,0.3761251669021567,1.76212750541567,0.16252759103724548,-0.7075333333333332,100.0,2.0,6.0,1.2596855128626,0.206440093122895,0.009953754010446349,1.2597,0.206440093122895,1.2596855128626,0.206440093122895,,0.206440093122895,0.1459751897559814,1.2161,0.043582078299917004,0.6874844431877136,1.2578,0.1428,0.027000000000000003,,,,107.48494286075857,,,,
5003,P35557,Q,239,F,NONSYN,0.46856681542106005,1.399310233682869,0.13707793430364962,-2.0619666666666667,100.0,2.0,6.0,1.8636060262585301,0.0720981673640836,0.00014395323960340328,1.8636,0.0720981673640836,1.8636060262585301,0.0720981673640836,,0.0720981673640836,0.05098110305426614,1.0881,0.7755048776531834,0.5435733795166016,1.8568,0.0508,0.11,,,,107.48494286075857,,,,
5004,P35557,Q,239,T,NONSYN,0.4922881604041325,1.20070402509103,0.07727880433485594,-0.6848333333333333,100.0,2.0,6.0,2.9439559538365203,0.6407770193519761,2.5545930336263977e-08,2.944,0.6407770193519761,2.9439559538365203,0.6407770193519761,,0.6407770193519761,0.4530977756122858,1.0793,1.8646386225224334,0.48425155878067017,2.0735,0.3309,0.004,,,,107.48494286075857,,,,
5005,P35557,Q,239,I,NONSYN,0.4593577312581562,1.501110868875999,0.1316366742982072,-2.0460000000000003,100.0,2.0,6.0,1.5582041206791397,0.17752964452507802,0.001296903264917891,1.5582,0.17752964452507802,1.5582041206791397,0.17752964452507802,,0.17752964452507802,0.1255324155053199,1.0881,0.47010297207379304,0.522834300994873,1.5326,0.1221,0.264,,,,107.48494286075857,,,,
5006,P35557,Q,239,L,NONSYN,0.47697605168164703,1.0289829544539544,0.15897853172512563,-1.5785,100.0,2.0,6.0,1.10872586268886,0.15243674999471601,0.02650318273903953,1.1087,0.15243674999471601,1.10872586268886,0.15243674999471601,,0.15243674999471601,0.1077890596233021,0.9201,0.1886012126873342,0.505937397480011,1.1005,0.1054,0.052000000000000005,,,,107.48494286075857,,,,
5007,P35557,Q,239,K,NONSYN,0.3813325671505154,1.4270382305749798,0.1775255880766058,0.2974666666666667,100.0,2.0,6.0,0.66243696065076,0.512515677188585,0.3076538336481951,0.6624,0.512515677188585,0.66243696065076,0.512515677188585,,0.512515677188585,0.36240331080446403,1.0916,0.42911350874773857,0.5746076107025146,0.7846,0.3065,0.012,,,,107.48494286075857,,,,
5008,P35557,Q,239,G,NONSYN,0.4132083883745238,1.4287964767676833,0.14349372669247076,-1.6385666666666667,100.0,2.0,6.0,1.6298999515713,0.597437092182609,0.0007817294499795155,1.6299,0.597437092182609,1.6298999515713,0.597437092182609,,0.597437092182609,0.42245181921469527,1.0881,0.5417988029659533,0.5832191109657288,1.4435,0.3421,0.084,,,,107.48494286075857,,,,
5009,P35557,Q,239,Y,NONSYN,0.4840075968099441,1.8512332603359833,0.08180287190170916,-1.4618333333333335,100.0,2.0,6.0,0.0643178140569332,0.22999509468388896,0.9291703497235594,0.0643,0.22999509468388896,0.0643178140569332,0.22999509468388896,,0.22999509468388896,0.16263109109061993,1.2212,1.1568410480570195,0.7251526117324829,0.1197,0.1587,0.001,,,,107.48494286075857,,,,
5010,P35557,Q,239,N,NONSYN,0.4518295354764143,0.9856044191525082,0.1289163470845792,-0.35083333333333333,100.0,2.0,6.0,0.0630670343384739,0.259956426750383,0.9296067569445576,0.0631,0.259956426750383,0.0630670343384739,0.259956426750383,,0.259956426750383,0.18381695216821983,0.9167,0.8536082948699001,0.4806220829486847,0.172,0.1717,0.027000000000000003,,,,107.48494286075857,,,,
5011,P35557,Q,239,C,NONSYN,0.4511413301447636,1.7355808722727433,0.13723454158622658,-1.9530666666666667,100.0,2.0,6.0,0.854794110488907,0.0665197547469176,0.12059795965619953,0.8548,0.0665197547469176,0.854794110488907,0.0665197547469176,,0.0665197547469176,0.047036569664411464,1.2043,0.3494731529235686,0.6418687105178833,0.8567,0.0469,0.9159999999999999,,,,107.48494286075857,,,,
5012,P35557,Q,239,P,NONSYN,0.4853050517411639,1.3723332101941044,0.16444010980989152,-1.2671333333333334,100.0,2.0,6.0,3.05224282058546,0.22827070197321103,9.985427635081595e-09,3.0522,0.22827070197321103,3.05224282058546,0.22827070197321103,,0.22827070197321103,0.16141176131147092,1.088,1.964234416807384,0.6185312271118164,2.927,0.1562,0.17,,,,107.48494286075857,,,,
5013,P35557,Q,239,E,NONSYN,0.4564313440073604,1.1976183739606767,0.12701755394895495,0.2536666666666667,100.0,2.0,6.0,1.3506965304936698,0.7345380022557829,0.005415942853587653,1.3507,0.7345380022557829,1.3506965304936698,0.7345380022557829,,0.7345380022557829,0.5193968024342837,1.078,0.2726710702504447,0.4965954124927521,1.2082,0.3589,0.0,,,,107.48494286075857,,,,
5014,P35557,Q,239,M,NONSYN,0.4050622568485636,0.8018311989163213,0.0857826959207867,-0.5147333333333333,100.0,2.0,6.0,0.5530632977468549,0.499535465516924,0.4597096106281197,0.5531,0.499535465516924,0.5530632977468549,0.499535465516924,,0.499535465516924,0.3532249151101957,0.8549,0.30187365961245904,0.43398982286453247,0.6734,0.274,0.7929999999999999,,,,107.48494286075857,,,,
5015,P35557,Q,239,W,NONSYN,0.4710687255935087,1.5078527613802402,0.1947153008199085,-1.6665666666666665,100.0,2.0,6.0,1.39273109773363,0.21238244088511601,0.00407265030152394,1.3927,0.21238244088511601,1.39273109773363,0.21238244088511601,,0.21238244088511601,0.15017706415481658,1.0932,0.2995326791163815,0.6348035931587219,1.3769,0.1461,0.935,,,,107.48494286075857,,,,
5016,P35557,Q,239,H,NONSYN,0.4843682171858765,1.0656592758217098,0.21428748913488083,0.3949666666666667,100.0,2.0,6.0,1.74657382491057,0.0583441082193296,0.00033857086487103016,1.7466,0.0583441082193296,1.74657382491057,0.0583441082193296,,0.0583441082193296,0.041255514564169746,0.9432,0.8033340168279894,0.5178031325340271,1.7415,0.0411,0.0,,,,107.48494286075857,,,,
5017,P35557,Q,239,Q,SYN,,,,,100.0,2.0,6.0,1.09211204254502,0.05,0.029437991012727028,1.0921,0.05,1.09211204254502,0.05,,0.05,0.035355339059327376,,,,1.0921,0.0354,,,,,107.48494286075857,,,,
5018,P35557,Q,239,*,STOP,,,,,100.0,2.0,6.0,1.19220065667301,0.05,0.015500656879897604,1.1922,0.05,1.19220065667301,0.05,,0.05,0.035355339059327376,,,,1.1922,0.0354,,,,,107.48494286075857,,,,
5019,P35557,N,240,S,NONSYN,0.4614809963725863,1.6007692348433398,0.14213153091975594,-0.21126666666666663,100.0,2.0,6.0,1.89171826292554,0.547294360034903,0.00011694412259629792,1.8917,0.547294360034903,1.89171826292554,0.547294360034903,,0.547294360034903,0.38699555328583163,1.1774,0.7142978851942168,0.644781231880188,1.7025,0.3318,0.163,,,,46.00419722559891,,,,
5020,P35557,N,240,A,NONSYN,0.4106254114956999,0.8657908365945733,0.15540659205566043,-1.0525333333333333,100.0,2.0,6.0,2.30038220755042,0.25267085600145,5.148141655824473e-06,2.3004,0.25267085600145,2.30038220755042,0.25267085600145,,0.25267085600145,0.17866527568683496,0.8913,1.4090762840885058,0.5032972693443298,2.1427,0.1684,0.076,,,,46.00419722559891,,,,
5021,P35557,N,240,V,NONSYN,0.4102202219640225,0.46242146075316976,0.07302972977513884,-2.3712,100.0,2.0,6.0,1.34571599708153,0.17944989040219,0.005601092763776838,1.3457,0.17944989040219,1.34571599708153,0.17944989040219,,0.17944989040219,0.1268902343865713,0.7173,0.6283733819539665,0.4067853093147278,1.29,0.1211,0.19399999999999998,,,,46.00419722559891,,,,
5022,P35557,N,240,R,NONSYN,0.3307848248630052,1.2567080022278188,0.19780811919329955,-0.6087666666666667,100.0,2.0,6.0,0.5069428357040441,0.31456214197057897,0.5270501996742999,0.5069,0.31456214197057897,0.5069428357040441,0.31456214197057897,,0.31456214197057897,0.22242902369196185,1.0978,0.5908736315811122,0.6223685145378113,0.5739,0.2095,0.885,,,,46.00419722559891,,,,
5023,P35557,N,240,D,NONSYN,0.4678114494578813,1.9951025219685234,0.1877400858637175,-0.12283333333333335,100.0,2.0,6.0,-0.820359184216236,0.846579779529684,0.9989207100340629,-0.8204,0.846579779529684,-0.820359184216236,0.846579779529684,,0.846579779529684,0.5986223029208518,1.2364,2.0567457217681158,0.688133716583252,0.0656,0.4516,0.27699999999999997,,,,46.00419722559891,,,,
5024,P35557,N,240,F,NONSYN,0.4766309376333202,0.8209112340935993,0.07479417883941554,-2.3051,100.0,2.0,6.0,0.270246677060241,0.165853439925646,0.8107278611044347,0.2702,0.165853439925646,0.270246677060241,0.165853439925646,,0.165853439925646,0.11727609205453995,0.8094,0.5391555503414924,0.4035738706588745,0.3122,0.1126,0.991,,,,46.00419722559891,,,,
5025,P35557,N,240,T,NONSYN,0.41339841489256257,1.8976743693227833,0.13058214107384294,-0.23133333333333336,100.0,2.0,6.0,0.708718401549989,0.16947476765763503,0.25159747958664436,0.7087,0.16947476765763503,0.708718401549989,0.16947476765763503,,0.16947476765763503,0.1198367574507283,1.2212,0.5124404605639636,0.6814076900482178,0.7241,0.118,0.002,,,,46.00419722559891,,,,
5026,P35557,N,240,I,NONSYN,0.408580276197032,0.7114938609926492,0.07752328414673536,-2.3165333333333336,100.0,2.0,6.0,0.5984987963630911,0.141509492246195,0.3941972597577961,0.5985,0.141509492246195,0.5984987963630911,0.141509492246195,,0.141509492246195,0.10006232156954964,0.807,0.20854791508176362,0.41007041931152344,0.6102,0.0972,0.938,,,,46.00419722559891,,,,
5027,P35557,N,240,L,NONSYN,0.3056093223191409,0.7381538235016207,0.06655597606372139,-2.2992666666666666,100.0,2.0,6.0,0.518518908836177,0.220154141063916,0.5102015626343037,0.5185,0.220154141063916,0.518518908836177,0.220154141063916,,0.220154141063916,0.15567248605259476,0.8578,0.3393039862138718,0.3874019682407379,0.5657,0.1444,0.741,,,,46.00419722559891,,,,
5028,P35557,N,240,K,NONSYN,0.42687331501914416,1.4954585552670832,0.18692053288146515,-0.41683333333333333,100.0,2.0,6.0,1.4026403779751202,0.0567855079503201,0.0038066501669123793,1.4026,0.0567855079503201,1.4026403779751202,0.0567855079503201,,0.0567855079503201,0.040153417744793946,1.0916,0.31108990857662167,0.6235333681106567,1.4014,0.0401,0.015,,,,46.00419722559891,,,,
5029,P35557,N,240,G,NONSYN,0.3767377141694753,1.3954392801460116,0.20531852449506058,-0.8320333333333334,100.0,2.0,6.0,0.9884908315247659,0.324144578920828,0.055784197862011,0.9885,0.324144578920828,0.9884908315247659,0.324144578920828,,0.324144578920828,0.2292048298397755,1.106,0.11749409469898897,0.6568735241889954,1.0012,0.2164,0.809,,,,46.00419722559891,,,,
5030,P35557,N,240,Y,NONSYN,0.484545468725929,1.0305979486299839,0.21094622699797608,-1.7925666666666666,100.0,2.0,6.0,1.10193884255491,0.480315219593863,0.027667073414959626,1.1019,0.480315219593863,1.10193884255491,0.480315219593863,,0.480315219593863,0.33963414888192617,0.8849,0.21703094126783107,0.5176705121994019,1.0366,0.284,0.996,,,,46.00419722559891,,,,
5031,P35557,N,240,N,SYN,,,,,100.0,2.0,6.0,0.6517626053467309,0.05,0.3214512985459411,0.6518,0.05,0.6517626053467309,0.05,,0.05,0.035355339059327376,,,,0.6518,0.0354,,,,,46.00419722559891,,,,
5032,P35557,N,240,C,NONSYN,0.3246931060135203,1.2673019388746103,0.19028460852989312,-1.7648,100.0,2.0,6.0,0.391826871821031,0.616379852134239,0.6837693491712861,0.3918,0.616379852134239,0.391826871821031,0.616379852134239,,0.616379852134239,0.4358463732308818,1.0537,0.6618461571248919,0.665134608745575,0.5906,0.3646,0.997,,,,46.00419722559891,,,,
5033,P35557,N,240,P,NONSYN,0.19454249209923347,1.1077007473825604,0.18655669462628308,-1.746833333333333,100.0,2.0,6.0,0.870630446297181,0.6365619348656141,0.11051843032700767,0.8706,0.6365619348656141,0.870630446297181,0.6365619348656141,,0.6365619348656141,0.45011726078870506,0.9373,0.066694673675048,0.516245424747467,0.8994,0.3393,0.002,,,,46.00419722559891,,,,
5034,P35557,N,240,E,NONSYN,0.4910285186421727,0.9660246817346434,0.10730114504878713,-0.6100333333333333,100.0,2.0,6.0,1.37899279718357,0.772017250054229,0.004471490582943159,1.379,0.772017250054229,1.37899279718357,0.772017250054229,,0.772017250054229,0.5458986327063359,0.9102,0.46881306295352854,0.45307761430740356,1.1014,0.3486,0.45799999999999996,,,,46.00419722559891,,,,
5035,P35557,N,240,M,NONSYN,0.37063326035798777,0.7881320535577073,0.237561445760224,-1.7604999999999997,100.0,2.0,6.0,1.82933652777174,0.125834706211717,0.0001852230590773615,1.8293,0.125834706211717,1.82933652777174,0.125834706211717,,0.125834706211717,0.08897857407092205,0.7841,1.045250777191906,0.5888956189155579,1.806,0.088,0.976,,,,46.00419722559891,,,,
5036,P35557,N,240,W,NONSYN,0.5592228368220948,0.46242146075316964,0.07302972977513884,-2.3712,100.0,2.0,6.0,1.15020890234601,0.26301942584735,0.020336837247130667,1.1502,0.26301942584735,1.15020890234601,0.26301942584735,,0.26301942584735,0.18598281960045346,0.4498,0.7004245936740587,0.4023340940475464,1.0269,0.1688,0.9990000000000001,,,,46.00419722559891,,,,
5037,P35557,N,240,H,NONSYN,0.4549298465836239,1.6663670438477396,0.1358977604208309,-0.22196666666666665,100.0,2.0,6.0,1.6949248359123399,0.575089724148799,0.0004913323348924785,1.6949,0.575089724148799,1.6949248359123399,0.575089724148799,,0.575089724148799,0.40664984373631674,1.2043,0.4906575724998643,0.6328210830688477,1.5515,0.3421,0.968,,,,46.00419722559891,,,,
5038,P35557,N,240,Q,NONSYN,0.3943650294167221,1.3343590141502164,0.13570339537875306,-0.25233333333333335,100.0,2.0,6.0,2.39866446706769,0.0646127678909723,2.3608426910928584e-06,2.3987,0.0646127678909723,2.39866446706769,0.0646127678909723,,0.0646127678909723,0.04568812632693893,1.0838,1.314830534191103,0.5671148300170898,2.3902,0.0455,0.851,,,,46.00419722559891,,,,
5039,P35557,N,240,*,STOP,,,,,100.0,2.0,6.0,-0.0093431117781056,0.05,0.9508553327139506,-0.0093,0.05,-0.0093431117781056,0.05,,0.05,0.035355339059327376,,,,-0.0093,0.0354,,,,,46.00419722559891,,,,
5040,P35557,V,241,S,NONSYN,0.33699392667600697,-0.12337553148472802,0.14999385862996972,-1.4466,100.0,2.0,6.0,0.312886597201888,0.18312888308671302,0.771521946202357,0.3129,0.18312888308671302,0.312886597201888,0.18312888308671302,,0.18312888308671302,0.12949167506173323,0.1324,0.180534245059554,0.3177480697631836,0.2872,0.1199,0.9790000000000001,,,,2.5035677269812333,,,,
5041,P35557,V,241,A,NONSYN,0.4716545268994549,-0.04827474306104509,0.20368181433348106,-0.7901333333333334,100.0,2.0,6.0,0.583849982195742,0.460368574814212,0.4150863486436266,0.5838,0.460368574814212,0.583849982195742,0.460368574814212,,0.460368574814212,0.3255297410963157,0.3088,0.27501131671035994,0.47299590706825256,0.4955,0.2682,0.9359999999999999,,,,2.5035677269812333,,,,
5042,P35557,V,241,V,SYN,,,,,100.0,2.0,6.0,1.70601918839861,0.05,0.00045368047617985757,1.706,0.05,1.70601918839861,0.05,,0.05,0.035355339059327376,,,,1.706,0.0354,,,,,2.5035677269812333,,,,
5043,P35557,V,241,R,NONSYN,0.17643841508486408,-0.06369606129742399,0.060208099060628434,-1.9857333333333334,100.0,2.0,6.0,-0.0812351211247585,0.18702142311777498,0.9656385416272119,-0.0812,0.18702142311777498,-0.0812351211247585,0.18702142311777498,,0.18702142311777498,0.13224411651373721,0.1048,0.1860206230816982,0.2714728116989136,-0.0456,0.1189,1.0,,,,2.5035677269812333,,,,
5044,P35557,V,241,D,NONSYN,0.27348180848279724,-0.022290495361478313,0.08145811144549683,-2.3809,100.0,2.0,6.0,-0.495812177658448,0.7235605223406241,0.9953809029241163,-0.4958,0.7235605223406241,-0.495812177658448,0.7235605223406241,,0.7235605223406241,0.5116345519459357,0.1057,0.6014728248123024,0.2632638216018677,-0.0203,0.2341,0.9990000000000001,,,,2.5035677269812333,,,,
5045,P35557,V,241,F,NONSYN,0.4053248813429461,0.2838776503445846,0.18394309510874027,-0.9184666666666667,100.0,2.0,6.0,-0.323288062452738,0.600015627743553,0.9895340087003026,-0.3233,0.600015627743553,-0.323288062452738,0.600015627743553,,0.600015627743553,0.4242751191953695,0.3512,0.674527862905924,0.46244460344314575,-0.015,0.3126,0.9990000000000001,,,,2.5035677269812333,,,,
5046,P35557,V,241,T,NONSYN,0.3185872156759129,1.8024215924914742,0.1343781420617594,-0.1374,100.0,2.0,6.0,0.22356746163347896,0.15224521502000102,0.847187650346338,0.2236,0.15224521502000102,0.22356746163347896,0.15224521502000102,,0.15224521502000102,0.10765362394384673,1.2191,0.9955153707029468,0.6722608208656311,0.2485,0.1063,0.95,,,,2.5035677269812333,,,,
5047,P35557,V,241,I,NONSYN,0.4306262074024321,1.6823274189707196,0.0870102522603849,-0.1123,100.0,2.0,6.0,1.8039014226598302,0.0669328340689304,0.00022313451308896655,1.8039,0.0669328340689304,1.8039014226598302,0.0669328340689304,,0.0669328340689304,0.047328660854174656,1.2085,0.5953669435185949,0.5842259526252747,1.8,0.0472,0.044000000000000004,,,,2.5035677269812333,,,,
5048,P35557,V,241,L,NONSYN,0.4667115524229356,1.3035877326164769,0.13030142490122812,-0.29109999999999997,100.0,2.0,6.0,1.72006904125847,0.20640017607726605,0.00041002585155712663,1.7201,0.20640017607726605,1.72006904125847,0.20640017607726605,,0.20640017607726605,0.14594696414233224,1.0752,0.6449167633119979,0.5493702292442322,1.6776,0.1411,0.746,,,,2.5035677269812333,,,,
5049,P35557,V,241,K,NONSYN,0.1909141340536438,0.24096161503216518,0.08969583982003798,-1.7571333333333332,100.0,2.0,6.0,0.28672091018766305,0.115464145698231,0.7962645526687382,0.2867,0.115464145698231,0.28672091018766305,0.115464145698231,,0.115464145698231,0.08164548040713067,0.2623,0.02440831911176583,0.3744795024394989,0.2856,0.0798,1.0,,,,2.5035677269812333,,,,
5050,P35557,V,241,G,NONSYN,0.3807983932718594,-0.07965878339443233,0.17814571547097635,-2.365066666666667,100.0,2.0,6.0,-0.323707313559586,0.2678270582347,0.9895551484687074,-0.3237,0.2678270582347,-0.323707313559586,0.2678270582347,,0.2678270582347,0.1893823290630007,0.0939,0.4176221800070347,0.3094557523727417,-0.2099,0.1615,0.998,,,,2.5035677269812333,,,,
5051,P35557,V,241,Y,NONSYN,0.33250944557826595,0.24096161503216518,0.08969583982003798,-1.7571333333333332,100.0,2.0,6.0,0.1557104134241,0.0927226236716095,0.8892659796779754,0.1557,0.0927226236716095,0.1557104134241,0.0927226236716095,,0.0927226236716095,0.06556479596760337,0.2839,0.12821637156811802,0.37595224380493164,0.1595,0.0646,0.9990000000000001,,,,2.5035677269812333,,,,
5052,P35557,V,241,N,NONSYN,0.2445312890805706,0.28267632901393047,0.07341137653454836,-2.1033666666666666,100.0,2.0,6.0,-0.575118687385667,0.137104833951392,0.996796162233464,-0.5751,0.137104833951392,-0.575118687385667,0.137104833951392,,0.137104833951392,0.09694775782048487,0.3351,0.9102084901276714,0.3551052510738373,-0.512,0.0935,0.998,,,,2.5035677269812333,,,,
5053,P35557,V,241,C,NONSYN,0.4349501020449153,0.19114950564829733,0.18340819169176012,-0.9503666666666666,100.0,2.0,6.0,-0.0451036283638762,0.60295580915208,0.9588693034455767,-0.0451,0.60295580915208,-0.0451036283638762,0.60295580915208,,0.60295580915208,0.4263541414072575,0.2767,0.321756679740219,0.4181542694568634,0.1189,0.2985,1.0,,,,2.5035677269812333,,,,
5054,P35557,V,241,P,NONSYN,0.17175025849116904,0.10124983804597239,0.08170697766739653,-1.883333333333333,100.0,2.0,6.0,0.097309593305732,0.181990574014807,0.9166717245536307,0.0973,0.181990574014807,0.097309593305732,0.181990574014807,,0.181990574014807,0.12868676899790232,0.2073,0.11001863683686139,0.3515340983867645,0.1103,0.1208,0.9990000000000001,,,,2.5035677269812333,,,,
5055,P35557,V,241,E,NONSYN,0.32079411141973807,0.06081189661237654,0.08217262645405077,-1.7854,100.0,2.0,6.0,0.827170065447029,0.191327011971105,0.13999391705230213,0.8272,0.191327011971105,0.827170065447029,0.191327011971105,,0.191327011971105,0.1352886275889281,0.228,0.5991754446470107,0.3583235442638397,0.7524,0.1266,0.578,,,,2.5035677269812333,,,,
5056,P35557,V,241,M,NONSYN,0.4348220015603004,0.8424954950292304,0.124212824274773,-0.2969,100.0,2.0,6.0,3.10334575402021,0.265507954288138,6.379986262276689e-09,3.1033,0.265507954288138,3.10334575402021,0.265507954288138,,0.265507954288138,0.18774247493611024,0.7898,2.313534083240028,0.5132061243057251,2.8303,0.1763,0.9990000000000001,,,,2.5035677269812333,,,,
5057,P35557,V,241,W,NONSYN,0.20407639127029992,0.303780676736382,0.06923735073214496,-1.7649666666666668,100.0,2.0,6.0,0.0982637250750126,0.26806633870165,0.9162805643584876,0.0983,0.26806633870165,0.0982637250750126,0.26806633870165,,0.26806633870165,0.18955152590378654,0.3241,0.22586648222517355,0.3736461400985718,0.1445,0.169,1.0,,,,2.5035677269812333,,,,
5058,P35557,V,241,H,NONSYN,0.2484595230317529,-0.3840553287229578,0.17908945277084196,-2.2657666666666665,100.0,2.0,6.0,0.831954514860818,0.17002518033901198,0.1364644367027522,0.832,0.17002518033901198,0.831954514860818,0.17002518033901198,,0.17002518033901198,0.12022595799018101,0.0908,0.7411459444758387,0.3094557523727417,0.7348,0.1121,0.9990000000000001,,,,2.5035677269812333,,,,
5059,P35557,V,241,Q,NONSYN,0.31633139311143543,0.4040515669032349,0.0822589260257989,-1.7866,100.0,2.0,6.0,-0.20254894542554602,0.19065833001391602,0.9811516133906392,-0.2025,0.19065833001391602,-0.20254894542554602,0.19065833001391602,,0.19065833001391602,0.13481579804254268,0.4111,0.6136708502755521,0.41589242219924927,-0.1442,0.1282,0.9990000000000001,,,,2.5035677269812333,,,,
5060,P35557,V,241,*,STOP,,,,,100.0,2.0,6.0,-0.134722198791139,0.05,0.9736534918673688,-0.1347,0.05,-0.134722198791139,0.05,,0.05,0.035355339059327376,,,,-0.1347,0.0354,,,,,2.5035677269812333,,,,
5061,P35557,E,242,S,NONSYN,0.4382670271083193,0.476411115124785,0.17983780334203378,-0.6747666666666666,100.0,2.0,6.0,0.804809316961444,0.21400108298798498,0.15746585316555486,0.8048,0.21400108298798498,0.804809316961444,0.21400108298798498,,0.21400108298798498,0.15132161696206928,0.6475,0.1573148816510802,0.5374459028244019,0.7933,0.1457,0.943,,,,73.63214534597414,,,,
5062,P35557,E,242,A,NONSYN,0.4725389201357859,1.024902956352938,0.17677529099918396,-0.8022,100.0,2.0,6.0,0.32412036127305605,0.37264872541373795,0.7602267437420547,0.3241,0.37264872541373795,0.32412036127305605,0.37264872541373795,,0.37264872541373795,0.2635024407405778,0.9138,0.5896700435235442,0.5094112157821655,0.4486,0.234,0.7190000000000001,,,,73.63214534597414,,,,
5063,P35557,E,242,V,NONSYN,0.5148579282991502,0.12862304913107983,0.16150061049816802,-1.6669666666666665,100.0,2.0,6.0,0.546198236497134,0.165641372877637,0.4697383023522393,0.5462,0.165641372877637,0.546198236497134,0.165641372877637,,0.165641372877637,0.11712613800682659,0.3723,0.1739112909156978,0.4389807879924774,0.5346,0.1132,0.982,,,,73.63214534597414,,,,
5064,P35557,E,242,R,NONSYN,0.4513055748960305,0.2789335241134964,0.198013667335498,-0.7211333333333333,100.0,2.0,6.0,0.916553134306922,0.12347909790207,0.08523735209268032,0.9166,0.12347909790207,0.916553134306922,0.12347909790207,,0.12347909790207,0.08731290746135129,0.4062,0.5103315359201575,0.5118379592895508,0.9021,0.0861,0.995,,,,73.63214534597414,,,,
5065,P35557,E,242,D,NONSYN,0.4800060668498122,0.2128172776608781,0.10297636242311832,-0.020166666666666666,100.0,2.0,6.0,0.662412462067479,0.8686006014970991,0.30768515371223637,0.6624,0.8686006014970991,0.662412462067479,0.8686006014970991,,0.8686006014970991,0.6141933754613127,0.5139,0.1485612366913498,0.4486210346221924,0.5655,0.3623,0.573,,,,73.63214534597414,,,,
5066,P35557,E,242,F,NONSYN,0.4134101209643438,0.41706929246846386,0.14682370206594156,-2.4431333333333334,100.0,2.0,6.0,0.38701389282749804,0.075544524287488,0.6896603424126883,0.387,0.075544524287488,0.38701389282749804,0.075544524287488,,0.075544524287488,0.0534180454051946,0.4133,0.026316483320725836,0.4811728596687317,0.3873,0.0531,0.998,,,,73.63214534597414,,,,
5067,P35557,E,242,T,NONSYN,0.4070866311137473,0.46148231762825304,0.17996553576726246,-0.9768666666666667,100.0,2.0,6.0,1.82473506105951,0.209557748606988,0.00019157974768382855,1.8247,0.209557748606988,1.82473506105951,0.209557748606988,,0.209557748606988,0.148179705090187,0.5044,1.3203127540450448,0.5248644948005676,1.7273,0.1426,0.9940000000000001,,,,73.63214534597414,,,,
5068,P35557,E,242,I,NONSYN,0.377366298627538,0.6544901696988513,0.0882543708886736,-2.3962999999999997,100.0,2.0,6.0,0.0753410636529155,0.527086363619017,0.9252095437911031,0.0753,0.527086363619017,0.0753410636529155,0.527086363619017,,0.527086363619017,0.3727063419859652,0.69,0.6146719873801045,0.4328821897506714,0.337,0.2824,0.997,,,,73.63214534597414,,,,
5069,P35557,E,242,L,NONSYN,0.4309220950052253,0.38728154081026345,0.13284645566120926,-2.375633333333333,100.0,2.0,6.0,0.8769669503186791,0.31678351014359496,0.10668870459503477,0.877,0.31678351014359496,0.8769669503186791,0.31678351014359496,,0.31678351014359496,0.22399976819061346,0.4963,0.3806602925275414,0.4855678975582123,0.8102,0.2034,0.99,,,,73.63214534597414,,,,
5070,P35557,E,242,K,NONSYN,0.4890082107053284,0.4391631760096257,0.18449613291600833,-0.6217666666666667,100.0,2.0,6.0,-0.18532629775490803,0.291834456595379,0.9794837832087316,-0.1853,0.291834456595379,-0.18532629775490803,0.291834456595379,,0.291834456595379,0.20635812324248365,0.604,0.7892998652407174,0.5409773588180542,-0.0851,0.1928,0.9790000000000001,,,,73.63214534597414,,,,
5071,P35557,E,242,G,NONSYN,0.4522640708552875,0.47332807765220775,0.06319123475224983,-1.9225,100.0,2.0,6.0,0.155913388973047,0.161776567400457,0.88915755972227,0.1559,0.161776567400457,0.155913388973047,0.161776567400457,,0.161776567400457,0.1143933078459457,0.7274,0.5715167758409484,0.4144420623779297,0.1964,0.1103,0.052000000000000005,,,,73.63214534597414,,,,
5072,P35557,E,242,Y,NONSYN,0.4671477233180428,0.36940713431488054,0.14987837379612737,-2.2137666666666664,100.0,2.0,6.0,0.7876036953440779,0.173174638963238,0.17203025239793263,0.7876,0.173174638963238,0.7876036953440779,0.173174638963238,,0.173174638963238,0.1224529615404377,0.3907,0.39688928837691484,0.4912518262863159,0.7644,0.1188,0.9990000000000001,,,,73.63214534597414,,,,
5073,P35557,E,242,N,NONSYN,0.4945297857128286,0.6335406628811393,0.08320536080309648,-0.6558999999999999,100.0,2.0,6.0,0.33342067369238104,0.7094572048554391,0.7505700992098825,0.3334,0.7094572048554391,0.33342067369238104,0.7094572048554391,,0.7094572048554391,0.5016620005149345,0.802,0.4686099492667559,0.4392240345478058,0.5987,0.3305,0.8690000000000001,,,,73.63214534597414,,,,
5074,P35557,E,242,C,NONSYN,0.4263241553322161,0.520960235526658,0.08024840989320291,-2.5622,100.0,2.0,6.0,0.6992724872947771,0.430263198073596,0.2625090385894185,0.6993,0.430263198073596,0.6992724872947771,0.430263198073596,,0.430263198073596,0.30424202505285036,0.5811,0.11818018926392382,0.4253705143928528,0.6593,0.2475,0.9990000000000001,,,,73.63214534597414,,,,
5075,P35557,E,242,P,NONSYN,0.2784783599621833,0.8983512196098999,0.1080685448537438,-1.2109666666666667,100.0,2.0,6.0,0.143773457304781,0.654875967631099,0.8954729008573706,0.1438,0.654875967631099,0.143773457304781,0.654875967631099,,0.654875967631099,0.46306723754805207,0.837,0.6932093889552898,0.46684035658836365,0.4876,0.3288,0.9790000000000001,,,,73.63214534597414,,,,
5076,P35557,E,242,E,SYN,,,,,100.0,2.0,6.0,1.7530861834201499,0.05,0.000322969912225732,1.7531,0.05,1.7530861834201499,0.05,,0.05,0.035355339059327376,,,,1.7531,0.0354,,,,,73.63214534597414,,,,
5077,P35557,E,242,M,NONSYN,0.4318399535430367,0.49657177360475296,0.06814941825328895,-1.9440333333333335,100.0,2.0,6.0,0.0861823011154115,0.120207565079802,0.9211066495375535,0.0862,0.120207565079802,0.0861823011154115,0.120207565079802,,0.120207565079802,0.08499958441785121,0.4993,0.4131535839325011,0.41404587030410767,0.1029,0.0833,0.995,,,,73.63214534597414,,,,
5078,P35557,E,242,W,NONSYN,0.3886512979012191,0.44644063559969754,0.14603629726921366,-2.4843333333333333,100.0,2.0,6.0,0.298899863433797,0.0992862718519289,0.785020041015939,0.2989,0.0992862718519289,0.298899863433797,0.0992862718519289,,0.0992862718519289,0.07020599610522996,0.4005,0.1016177194595746,0.4834246337413788,0.301,0.0695,1.0,,,,73.63214534597414,,,,
5079,P35557,E,242,H,NONSYN,0.3874690850586482,0.6849277083202491,0.1770707762857728,-0.6659666666666667,100.0,2.0,6.0,0.179259537375052,0.252136522653865,0.876019627882248,0.1793,0.252136522653865,0.179259537375052,0.252136522653865,,0.252136522653865,0.17828744495334348,0.6785,0.4992854607938933,0.525881826877594,0.2307,0.1688,0.998,,,,73.63214534597414,,,,
5080,P35557,E,242,Q,NONSYN,0.4979236622050323,0.42729849375800494,0.2217895421962843,-0.02876666666666668,100.0,2.0,6.0,0.0189688137760983,0.244766313748038,0.9434264025704078,0.019,0.244766313748038,0.0189688137760983,0.244766313748038,,0.244766313748038,0.17307592025727173,0.5364,0.5174413391360416,0.5622403621673584,0.0638,0.1654,0.99,,,,73.63214534597414,,,,
5081,P35557,E,242,*,STOP,,,,,100.0,2.0,6.0,0.0422959041513263,0.05,0.9364837243429094,0.0423,0.05,0.0422959041513263,0.05,,0.05,0.035355339059327376,,,,0.0423,0.0354,,,,,73.63214534597414,,,,
5082,P35557,L,243,S,NONSYN,0.3696688568840947,0.1332219408423847,0.2683002783182541,-1.9396333333333333,100.0,2.0,6.0,1.3646973528331299,0.9293172841077649,0.004926696505287439,1.3647,0.9293172841077649,1.3646973528331299,0.9293172841077649,,0.9293172841077649,0.6571265534664659,0.283,1.081745521015503,0.4076077938079834,0.5835,0.3464,1.0,,,,56.51775696309543,,,,
5083,P35557,L,243,A,NONSYN,0.2800117097075371,0.740176041759666,0.2179366296353595,-1.4574666666666667,100.0,2.0,6.0,0.76365699573453,0.595192865174655,0.19396021989360673,0.7637,0.595192865174655,0.76365699573453,0.595192865174655,,0.595192865174655,0.420864911078849,0.6955,0.0681910733788782,0.5816236734390259,0.7402,0.341,1.0,,,,56.51775696309543,,,,
5084,P35557,L,243,V,NONSYN,0.45006845647116095,0.2574079763940993,0.2859172218510259,0.4434,100.0,2.0,6.0,0.611000740158277,0.413927137392859,0.3766216811928603,0.611,0.413927137392859,0.611000740158277,0.413927137392859,,0.413927137392859,0.29269068576762636,0.5171,0.09390606843205018,0.48426365852355957,0.5859,0.2505,0.988,,,,56.51775696309543,,,,
5085,P35557,L,243,R,NONSYN,0.2792328090176149,0.5710462069147186,0.32002008839279406,-1.9246333333333334,100.0,2.0,6.0,0.0512245546161281,0.562076415814085,0.933611605296404,0.0512,0.562076415814085,0.0512245546161281,0.562076415814085,,0.562076415814085,0.39744804516716903,0.6179,0.5666431535900487,0.5741661787033081,0.2348,0.3268,1.0,,,,56.51775696309543,,,,
5086,P35557,L,243,D,NONSYN,0.15709418040401155,0.6431805391682953,0.2791971546301932,-2.512333333333333,100.0,2.0,6.0,1.1958283933645202,0.8324497250393841,0.015138934241941996,1.1958,0.8324497250393841,1.1958283933645202,0.8324497250393841,,0.8324497250393841,0.5886308455722253,0.6959,0.4999243768697692,0.5652436017990112,0.9357,0.4077,1.0,,,,56.51775696309543,,,,
5087,P35557,L,243,F,NONSYN,0.463424518412456,0.29982017331837096,0.2938502975567426,0.48950000000000005,100.0,2.0,6.0,0.48376414938546203,0.29756942358558003,0.5604502643369402,0.4838,0.29756942358558003,0.48376414938546203,0.29756942358558003,,0.29756942358558003,0.2104133572911358,0.3955,0.08830059333420776,0.4478693902492523,0.4678,0.1904,1.0,,,,56.51775696309543,,,,
5088,P35557,L,243,T,NONSYN,0.3205067496312658,0.511455715913296,0.21657712492955808,-1.3817666666666666,,,,,,,,,,,,,,0.5262,,0.5693107843399048,0.5262,0.5693,1.0,,,,56.51775696309543,,,,
5089,P35557,L,243,I,NONSYN,0.3599458773266949,0.6401818336669237,0.22698524025866637,0.27723333333333333,100.0,2.0,6.0,-0.5373208316601961,0.8458192048382941,0.9961890239293634,-0.5373,0.8458192048382941,-0.5373208316601961,0.8458192048382941,,0.8458192048382941,0.5980844953989712,0.7338,1.271123150233194,0.5774279236793518,0.1206,0.4154,0.988,,,,56.51775696309543,,,,
5090,P35557,L,243,L,SYN,,,,,100.0,2.0,6.0,1.34533256072045,0.05,0.0056155985522093185,1.3453,0.05,1.34533256072045,0.05,,0.05,0.035355339059327376,,,,1.3453,0.0354,,,,,56.51775696309543,,,,
5091,P35557,L,243,K,NONSYN,0.16637828819819184,0.7935937125850989,0.3062387193257689,-1.9222000000000001,100.0,2.0,6.0,-0.616417962395013,0.686500229356125,0.9973448754199363,-0.6164,0.686500229356125,-0.616417962395013,0.686500229356125,,0.686500229356125,0.4854289674638361,0.7773,1.3936862529147274,0.5669726729393005,-0.0269,0.3687,0.997,,,,56.51775696309543,,,,
5092,P35557,L,243,G,NONSYN,0.3375782897720982,0.9699312420630465,0.29746764525958125,-2.5354666666666663,100.0,2.0,6.0,0.21557628468026702,0.709454343781073,0.8527862685146125,0.2156,0.709454343781073,0.21557628468026702,0.709454343781073,,0.709454343781073,0.5016599774298488,0.8078,0.5921762053633731,0.8170605897903442,0.3777,0.4275,1.0,,,,56.51775696309543,,,,
5093,P35557,L,243,Y,NONSYN,0.3932294491632085,1.1803363651470766,0.23100951082447732,-1.4664666666666666,100.0,2.0,6.0,-0.556823974427702,0.49861026340521203,0.9965160975428381,-0.5568,0.49861026340521203,-0.556823974427702,0.49861026340521203,,0.49861026340521203,0.35257069842303607,0.9661,1.5229188259215376,0.6772146821022034,-0.2321,0.3127,0.998,,,,56.51775696309543,,,,
5094,P35557,L,243,N,NONSYN,0.1790631080953343,0.765188367135266,0.37331145351991185,-2.4369,100.0,2.0,6.0,0.414037981204199,0.61898275374228,0.6557557713421647,0.414,0.61898275374228,0.414037981204199,0.61898275374228,,0.61898275374228,0.437686902608689,0.7365,0.3224381421287783,0.5431669354438782,0.541,0.3408,1.0,,,,56.51775696309543,,,,
5095,P35557,L,243,C,NONSYN,0.3444819501115762,0.5522169981934894,0.23187093047352406,-1.3948999999999998,100.0,2.0,6.0,1.32753412643306,0.49136033340282104,0.006330505633895853,1.3275,0.49136033340282104,1.32753412643306,0.49136033340282104,,0.49136033340282104,0.3474442237552176,0.5919,0.7356605402552341,0.5931877493858337,1.1396,0.2998,1.0,,,,56.51775696309543,,,,
5096,P35557,L,243,P,NONSYN,0.3101239067988947,0.8929415210435527,0.2797133156322958,-2.2839666666666667,100.0,2.0,6.0,0.780061465105111,1.22005191389151,0.17872771321456046,0.7801,1.22005191389151,0.780061465105111,1.22005191389151,,1.22005191389151,0.8627069817123124,0.7827,0.002649683156912941,0.544662356376648,0.782,0.4606,1.0,,,,56.51775696309543,,,,
5097,P35557,L,243,E,NONSYN,0.22335052551716408,0.46989191032985894,0.36324095063519973,-2.4328000000000003,100.0,2.0,6.0,1.29992735162042,0.7187863419852379,0.007616766345626922,1.2999,0.7187863419852379,1.29992735162042,0.7187863419852379,,0.7187863419852379,0.5082586966420345,0.4413,0.8586732722785315,0.5441699028015137,0.8999,0.3714,1.0,,,,56.51775696309543,,,,
5098,P35557,L,243,M,NONSYN,0.4855550162170784,0.18581468596118098,0.23277234517353662,0.15566666666666665,100.0,2.0,6.0,0.825780611457032,0.817017839702304,0.1410325421072645,0.8258,0.817017839702304,0.825780611457032,0.817017839702304,,0.817017839702304,0.5777188548038829,0.3592,0.46654592079083324,0.5032555460929871,0.5605,0.3795,0.9990000000000001,,,,56.51775696309543,,,,
5099,P35557,L,243,W,NONSYN,0.28885364138641745,0.26650131501808166,0.30284237526969665,-1.8677333333333335,,,,,,,,,,,,,,0.3268,,0.42901286482810974,0.3268,0.429,1.0,,,,56.51775696309543,,,,
5100,P35557,L,243,H,NONSYN,0.29725486605293433,0.07162268577540869,0.3555698973878067,-1.9786333333333335,100.0,2.0,6.0,0.964859230306039,0.7131046529797199,0.06425201973401255,0.9649,0.7131046529797199,0.964859230306039,0.7131046529797199,,0.7131046529797199,0.5042411358176397,0.1901,0.7747365067266323,0.42628926038742065,0.513,0.3255,1.0,,,,56.51775696309543,,,,
5101,P35557,L,243,Q,NONSYN,0.3225298006389851,0.511455715913296,0.21657712492955808,-1.3817666666666666,100.0,2.0,6.0,1.44981797327364,0.6040592434919039,0.0027549981872834074,1.4498,0.6040592434919039,1.44981797327364,0.6040592434919039,,0.6040592434919039,0.4271343873115411,0.5262,0.9235958038743786,0.5693107843399048,1.1172,0.3417,1.0,,,,56.51775696309543,,,,
5102,P35557,L,243,*,STOP,,,,,,,,,,,,,,,,,,,,,,,,,,,56.51775696309543,,,,
5103,P35557,V,244,S,NONSYN,0.33699392667600697,0.267730885194805,0.26391663931076886,-1.1767,100.0,2.0,6.0,-0.10928804890665,0.575626923440439,0.970110406166648,-0.1093,0.575626923440439,-0.10928804890665,0.575626923440439,,0.575626923440439,0.407029700998284,0.5571,0.6663587214187044,0.5142657160758972,0.1474,0.3192,0.17800000000000002,,,,15.89213696872756,,,,
5104,P35557,V,244,A,NONSYN,0.4716545268994549,1.1552632918057808,0.2639394305673255,-0.7901333333333334,100.0,2.0,6.0,1.4009713700476998,0.6021421075280899,0.003850238490216454,1.401,0.6021421075280899,1.4009713700476998,0.6021421075280899,,0.6021421075280899,0.42577876747107163,1.0001,0.40089054614938435,0.6824532747268677,1.2886,0.3612,0.716,,,,15.89213696872756,,,,
5105,P35557,V,244,V,SYN,,,,,100.0,2.0,6.0,0.7821212450868741,0.05,0.17687957570782056,0.7821,0.05,0.7821212450868741,0.05,,0.05,0.035355339059327376,,,,0.7821,0.0354,,,,,15.89213696872756,,,,
5106,P35557,V,244,R,NONSYN,0.17643841508486408,-0.050159382940401655,0.20602689241014047,-1.9543666666666664,100.0,2.0,6.0,-0.6254974025618121,0.34911039329757504,0.997451666104789,-0.6255,0.34911039329757504,-0.6254974025618121,0.34911039329757504,,0.34911039329757504,0.24685832648341793,0.1258,0.7512792068850085,0.38582372665405273,-0.4073,0.2079,0.991,,,,15.89213696872756,,,,
5107,P35557,V,244,D,NONSYN,0.27348180848279724,-0.07491315018831773,0.1498895401037935,-2.330766666666667,,,,,,,,,,,,,,0.1237,,0.3059113025665283,0.1237,0.3059,0.993,,,,15.89213696872756,,,,
5108,P35557,V,244,F,NONSYN,0.4053248813429461,0.6846361908266586,0.20761470791617456,-0.9184666666666667,100.0,2.0,6.0,0.4620676774699461,0.572958069138912,0.5910972021279356,0.4621,0.572958069138912,0.4620676774699461,0.572958069138912,,0.572958069138912,0.4051425360236754,0.6799,0.2178397636692751,0.5338605642318726,0.5417,0.3227,0.998,,,,15.89213696872756,,,,
5109,P35557,V,244,T,NONSYN,0.3185872156759129,0.943598813006767,0.18098126680528367,-0.46326666666666666,100.0,2.0,6.0,2.24149694660847,0.918544137659168,8.169782619594201e-06,2.2415,0.918544137659168,2.24149694660847,0.918544137659168,,0.918544137659168,0.6495087885579472,0.8967,1.3447577021474104,0.5154174566268921,1.4164,0.4037,0.7659999999999999,,,,15.89213696872756,,,,
5110,P35557,V,244,I,NONSYN,0.4306262074024321,1.4366893780966148,0.27399829088272526,-0.2969,100.0,2.0,6.0,0.683480294640346,0.6195685969192529,0.2813726395914975,0.6835,0.6195685969192529,0.683480294640346,0.6195685969192529,,0.6195685969192529,0.43810115629183843,1.1187,0.4352403560325666,0.6968557834625244,0.8068,0.3709,0.6779999999999999,,,,15.89213696872756,,,,
5111,P35557,V,244,L,NONSYN,0.4667115524229356,1.4682311893316984,0.26752430656075726,-0.6169666666666667,100.0,2.0,6.0,0.667599817633675,0.38085783546277097,0.3010899998703365,0.6676,0.38085783546277097,0.667599817633675,0.38085783546277097,,0.38085783546277097,0.2693071581237557,1.1081,0.44046125757689625,0.6744195818901062,0.7282,0.2501,0.439,,,,15.89213696872756,,,,
5112,P35557,V,244,K,NONSYN,0.1909141340536438,-0.385345562423874,0.18526494662970305,-1.8550666666666664,,,,,,,,,,,,,,0.1047,,0.3260692358016968,0.1047,0.3261,0.98,,,,15.89213696872756,,,,
5113,P35557,V,244,G,NONSYN,0.3807983932718594,-0.19830263370883236,0.20928485976004116,-2.0511,100.0,2.0,6.0,0.0206968161082539,0.12006649712636,0.9429387170385946,0.0207,0.12006649712636,0.0206968161082539,0.12006649712636,,0.12006649712636,0.08489983431136428,0.1085,0.08780217442748219,0.3463638424873352,0.0257,0.0825,0.953,,,,15.89213696872756,,,,
5114,P35557,V,244,Y,NONSYN,0.33250944557826595,-0.21327577787215332,0.2143833659042498,-1.6223666666666665,100.0,2.0,6.0,-0.42110027322445703,0.918426253856008,0.993441083241592,-0.4211,0.918426253856008,-0.42110027322445703,0.918426253856008,,0.918426253856008,0.6494254321213407,0.1152,0.5363431120840152,0.4336967468261719,-0.0502,0.3607,0.998,,,,15.89213696872756,,,,
5115,P35557,V,244,N,NONSYN,0.2445312890805706,-0.19830263370883236,0.20928485976004116,-2.0511,,,,,,,,,,,,,,0.1307,,0.36248213052749634,0.1307,0.3625,0.88,,,,15.89213696872756,,,,
5116,P35557,V,244,C,NONSYN,0.4349501020449153,0.5845836662036653,0.23830447629955173,-0.9503666666666666,100.0,2.0,6.0,0.7622252513389259,0.286265842056397,0.1953330782629071,0.7622,0.286265842056397,0.7622252513389259,0.286265842056397,,0.286265842056397,0.20242051814015546,0.6691,0.09314934506222305,0.5894993543624878,0.7524,0.1914,0.9990000000000001,,,,15.89213696872756,,,,
5117,P35557,V,244,P,NONSYN,0.17175025849116904,-0.385345562423874,0.18526494662970305,-1.8550666666666666,,,,,,,,,,,,,,0.1307,,0.33535635471343994,0.1307,0.3354,0.937,,,,15.89213696872756,,,,
5118,P35557,V,244,E,NONSYN,0.32079411141973807,-0.4653564367465197,0.2752574374283426,-1.8041666666666665,100.0,2.0,6.0,-0.18106765025652,0.312286356399985,0.9790485093092893,-0.1811,0.312286356399985,-0.18106765025652,0.312286356399985,,0.312286356399985,0.22081980028246836,0.1468,0.32781860703027793,0.3740473687648773,-0.0963,0.1902,0.8290000000000001,,,,15.89213696872756,,,,
5119,P35557,V,244,M,NONSYN,0.4348220015603004,1.4366893780966148,0.27399829088272526,-0.2969,,,,,,,,,,,,,,1.0801,,0.672642707824707,1.0801,0.6726,0.997,,,,15.89213696872756,,,,
5120,P35557,V,244,W,NONSYN,0.20407639127029992,-0.4092217753475964,0.24300292852304228,-1.7837333333333334,100.0,2.0,6.0,-0.34947163445328994,0.631201214346705,0.9907727592005602,-0.3495,0.631201214346705,-0.34947163445328994,0.631201214346705,,0.631201214346705,0.44632665895773854,0.1349,0.48437283021783156,0.45839330554008484,-0.1137,0.3198,1.0,,,,15.89213696872756,,,,
5121,P35557,V,244,H,NONSYN,0.2484595230317529,-0.31809074030228274,0.17235444800264507,-2.1551666666666667,100.0,2.0,6.0,0.38006113588860496,0.517793110947702,0.6980527192431395,0.3801,0.517793110947702,0.38006113588860496,0.517793110947702,,0.517793110947702,0.3661350200027984,0.0908,0.2892525655036257,0.29927945137023926,0.2067,0.2317,0.9990000000000001,,,,15.89213696872756,,,,
5122,P35557,V,244,Q,NONSYN,0.31633139311143543,-0.31721318597808895,0.27278853482325355,-1.7074333333333331,,,,,,,,,,,,,,0.1361,,0.34901896119117737,0.1361,0.349,0.986,,,,15.89213696872756,,,,
5123,P35557,V,244,*,STOP,,,,,100.0,2.0,6.0,0.714920367811886,0.05,0.24458873178646667,0.7149,0.05,0.714920367811886,0.05,,0.05,0.035355339059327376,,,,0.7149,0.0354,,,,,15.89213696872756,,,,
5124,P35557,E,245,S,NONSYN,0.4382670271083193,0.6783672416910144,0.04722404586382294,-0.6747666666666666,100.0,2.0,6.0,1.26049555644553,0.0731929198699976,0.00990052480587249,1.2605,0.0731929198699976,1.26049555644553,0.0731929198699976,,0.0731929198699976,0.05175520997491889,0.8259,0.4345591793970376,0.4195943772792816,1.254,0.0514,0.7559999999999999,,,,167.49924679997434,,,,
5125,P35557,E,245,A,NONSYN,0.4725389201357859,0.865943698158634,0.04678952370972739,-0.8022,100.0,2.0,6.0,1.88608163236678,0.147110056386006,0.0001219282122273374,1.8861,0.147110056386006,1.88608163236678,0.147110056386006,,0.147110056386006,0.1040225184512802,0.887,0.9990429842382704,0.40535956621170044,1.8244,0.1008,0.7,,,,167.49924679997434,,,,
5126,P35557,E,245,V,NONSYN,0.5148579282991502,1.0688992898268304,0.09705023949858406,-1.6669666666666665,100.0,2.0,6.0,1.5031993599724098,0.276000661547167,0.0019043742682363965,1.5032,0.276000661547167,1.5031993599724098,0.276000661547167,,0.276000661547167,0.195161939391975,0.9148,0.5884449692558571,0.4321814179420471,1.4035,0.1779,0.9109999999999999,,,,167.49924679997434,,,,
5127,P35557,E,245,R,NONSYN,0.4513055748960305,0.917701548372421,0.045776296761763265,-0.7211333333333333,100.0,2.0,6.0,1.16807871232256,0.155128687274107,0.018124782243893016,1.1681,0.155128687274107,1.16807871232256,0.155128687274107,,0.155128687274107,0.10969254672808833,0.89,0.2780420101664931,0.40535956621170044,1.1491,0.1059,0.742,,,,167.49924679997434,,,,
5128,P35557,E,245,D,NONSYN,0.4800060668498122,1.3692148851277801,0.10643653626708623,-0.020166666666666666,100.0,2.0,6.0,0.984136845072555,0.14540280211391501,0.057263767069034965,0.9841,0.14540280211391501,0.984136845072555,0.14540280211391501,,0.14540280211391501,0.10281530737827496,1.0881,0.10396430353279162,0.47209373116493225,0.9888,0.1005,0.111,,,,167.49924679997434,,,,
5129,P35557,E,245,F,NONSYN,0.4134101209643438,1.0303689661202844,0.034915408984643896,-2.4431333333333334,100.0,2.0,6.0,0.8825059455572108,0.0299003413812085,0.10343370378916324,0.8825,0.0299003413812085,0.8825059455572108,0.0299003413812085,,0.0299003413812085,0.02114273415044527,0.8628,0.019749216431234284,0.3854493498802185,0.8824,0.0211,0.992,,,,167.49924679997434,,,,
5130,P35557,E,245,T,NONSYN,0.4070866311137473,1.5666885112742033,0.10314864401610796,-0.9768666666666667,100.0,2.0,6.0,0.918548542863688,0.0977276307776016,0.08426321506139513,0.9185,0.0977276307776016,0.918548542863688,0.0977276307776016,,0.0977276307776016,0.06910387043213724,1.0865,0.16790274917427583,0.5110653638839722,0.9216,0.0685,0.81,,,,167.49924679997434,,,,
5131,P35557,E,245,I,NONSYN,0.377366298627538,1.0402172384538106,0.035837838619947514,-2.3962999999999997,100.0,2.0,6.0,0.7617718058324631,0.0463556278011921,0.19576932839989944,0.7618,0.0463556278011921,0.7617718058324631,0.0463556278011921,,0.0463556278011921,0.03277837876438258,0.871,0.10925161068670197,0.3854493498802185,0.7626,0.0327,0.95,,,,167.49924679997434,,,,
5132,P35557,E,245,L,NONSYN,0.4309220950052253,0.9202987943516852,0.02030154063057424,-2.375633333333333,100.0,2.0,6.0,1.12152713813884,0.133597943391298,0.02443280132660107,1.1215,0.133597943391298,1.12152713813884,0.133597943391298,,0.133597943391298,0.0944680117245633,0.89,0.2314904359827732,0.38032621145248413,1.1081,0.0917,0.904,,,,167.49924679997434,,,,
5133,P35557,E,245,K,NONSYN,0.4890082107053284,0.7091728563986709,0.03450787594736755,-0.6217666666666667,100.0,2.0,6.0,1.1547925817113898,0.0819035558239773,0.019746092701650887,1.1548,0.0819035558239773,1.1547925817113898,0.0819035558239773,,0.0819035558239773,0.0579145597264253,0.8758,0.27900639644680236,0.4088909924030304,1.1493,0.0573,0.013000000000000001,,,,167.49924679997434,,,,
5134,P35557,E,245,G,NONSYN,0.4522640708552875,0.8496868347981442,0.06918403399494247,-1.9225,100.0,2.0,6.0,1.30624815875824,0.130669115454079,0.007301639767776925,1.3062,0.130669115454079,1.30624815875824,0.130669115454079,,0.130669115454079,0.09239701762922715,0.8818,0.42446383888061545,0.3957933783531189,1.2843,0.09,0.8859999999999999,,,,167.49924679997434,,,,
5135,P35557,E,245,Y,NONSYN,0.4671477233180428,1.0631823675765144,0.04538212597290953,-2.2137666666666664,100.0,2.0,6.0,0.791316622833042,0.0576507787611126,0.1688035730868325,0.7913,0.0576507787611126,0.791316622833042,0.0576507787611126,,0.0576507787611126,0.04076525660266811,0.8672,0.07585323419210444,0.3854493498802185,0.7922,0.0405,0.997,,,,167.49924679997434,,,,
5136,P35557,E,245,N,NONSYN,0.4945297857128286,0.9281311474096396,0.04696814557031795,-0.6558999999999999,100.0,2.0,6.0,0.511203839289654,0.07609909387703401,0.5208580070192068,0.5112,0.07609909387703401,0.511203839289654,0.07609909387703401,,0.07609909387703401,0.05381018532260242,0.89,0.37883286286641293,0.41728731989860535,0.5174,0.0534,0.8140000000000001,,,,167.49924679997434,,,,
5137,P35557,E,245,C,NONSYN,0.4263241553322161,1.070613679361867,0.033902417406465025,-2.5622,100.0,2.0,6.0,1.0528961032647601,0.0836297739127016,0.03762198249769503,1.0529,0.0836297739127016,1.0528961032647601,0.0836297739127016,,0.0836297739127016,0.05913518024276913,0.8672,0.18572624623961365,0.3898286819458008,1.0487,0.0585,0.996,,,,167.49924679997434,,,,
5138,P35557,E,245,P,NONSYN,0.2784783599621833,1.435943178400959,0.07723284551772679,-1.2109666666666667,100.0,2.0,6.0,1.64590518913327,0.38184720951871604,0.0006976138545171367,1.6459,0.38184720951871604,1.64590518913327,0.38184720951871604,,0.38184720951871604,0.2700067512278445,1.0838,0.5620712562566832,0.48458412289619446,1.5127,0.2359,0.7390000000000001,,,,167.49924679997434,,,,
5139,P35557,E,245,E,SYN,,,,,100.0,2.0,6.0,0.31729754638206503,0.05,0.7671350878983145,0.3173,0.05,0.31729754638206503,0.05,,0.05,0.035355339059327376,,,,0.3173,0.0354,,,,,167.49924679997434,,,,
5140,P35557,E,245,M,NONSYN,0.4318399535430367,1.200254713854564,0.07324782711975832,-1.9440333333333335,100.0,2.0,6.0,0.254544521588981,0.0815829186190578,0.8237262748334392,0.2545,0.0815829186190578,0.254544521588981,0.0815829186190578,,0.0815829186190578,0.05768783498452601,1.0288,0.7742950665763022,0.5000735521316528,0.2647,0.0573,0.975,,,,167.49924679997434,,,,
5141,P35557,E,245,W,NONSYN,0.3886512979012191,0.9219349631761712,0.03406797544937011,-2.4843333333333333,100.0,2.0,6.0,1.2078079543895501,0.0441167702233744,0.014001029340498333,1.2078,0.0441167702233744,1.2078079543895501,0.0441167702233744,,0.0441167702233744,0.031195267388996795,0.7981,0.40974396093557064,0.4007655382156372,1.2053,0.0311,0.9990000000000001,,,,167.49924679997434,,,,
5142,P35557,E,245,H,NONSYN,0.3874690850586482,0.979926036019248,0.044229945376024,-0.6659666666666667,100.0,2.0,6.0,0.355819173460829,0.101419955803475,0.726188357055106,0.3558,0.101419955803475,0.355819173460829,0.101419955803475,,0.101419955803475,0.07171473849627712,0.861,0.5051988285724047,0.40773239731788635,0.371,0.0706,0.9890000000000001,,,,167.49924679997434,,,,
5143,P35557,E,245,Q,NONSYN,0.4979236622050323,1.1331416610764915,0.04295176289118189,-0.02876666666666668,100.0,2.0,6.0,1.69235651722642,0.43800896859530003,0.0005004746835372045,1.6924,0.43800896859530003,1.69235651722642,0.43800896859530003,,0.43800896859530003,0.30971911191426216,0.9509,0.7414446376869304,0.36820515990257263,1.3851,0.237,0.7559999999999999,,,,167.49924679997434,,,,
5144,P35557,E,245,*,STOP,,,,,100.0,2.0,6.0,-0.368929544961568,0.05,0.9915939339556561,-0.3689,0.05,-0.368929544961568,0.05,,0.05,0.035355339059327376,,,,-0.3689,0.0354,,,,,167.49924679997434,,,,
5145,P35557,G,246,S,NONSYN,0.36837526824294986,0.20794531484048318,0.07107309174611691,-0.8648000000000001,100.0,2.0,6.0,0.921615603961248,0.148018389318286,0.0827849359575741,0.9216,0.148018389318286,0.921615603961248,0.148018389318286,,0.148018389318286,0.10466480682727046,0.5116,0.41004777292181926,0.4243622422218323,0.8981,0.1016,0.11599999999999999,,,,36.15552456283803,,,,
5146,P35557,G,246,A,NONSYN,0.4089269105168704,0.5134567060989433,0.06403279651272224,-0.9328,100.0,2.0,6.0,0.0050814301858674,0.197562090787682,0.947199523145523,0.0051,0.197562090787682,0.0050814301858674,0.197562090787682,,0.197562090787682,0.13969749410136229,0.7657,0.760657593499588,0.42413729429244995,0.0795,0.1327,0.39799999999999996,,,,36.15552456283803,,,,
5147,P35557,G,246,V,NONSYN,0.3988573139738447,0.20138853174441165,0.042075318765232045,-2.7219333333333338,100.0,2.0,6.0,0.032018891882358,0.21061906520586698,0.939639615472846,0.032,0.21061906520586698,0.032018891882358,0.21061906520586698,,0.21061906520586698,0.14893016925424016,0.396,0.36401695816570717,0.3981882333755493,0.0767,0.1395,0.985,,,,36.15552456283803,,,,
5148,P35557,G,246,R,NONSYN,0.3362652746103357,0.15472242940300837,0.13868577858395684,-1.9470333333333334,100.0,2.0,6.0,0.094843170470107,0.251283753923865,0.9176748174449348,0.0948,0.251283753923865,0.094843170470107,0.251283753923865,,0.251283753923865,0.17768444640157663,0.4436,0.3487354900180217,0.5032333135604858,0.1335,0.1675,0.054000000000000006,,,,36.15552456283803,,,,
5149,P35557,G,246,D,NONSYN,0.3623286966209139,0.344431806299586,0.05989222385485235,-1.5976,100.0,2.0,6.0,0.4532754424718521,0.104955344586691,0.6032947724493349,0.4533,0.104955344586691,0.4532754424718521,0.104955344586691,,0.104955344586691,0.07421463587902,0.5476,0.09435468877280734,0.4267677664756775,0.456,0.0731,0.97,,,,36.15552456283803,,,,
5150,P35557,G,246,F,NONSYN,0.3709207412708021,0.08152376848564334,0.06197803182681507,-2.717866666666667,100.0,2.0,6.0,0.39161318165866293,0.0841629312076082,0.6840322971057456,0.3916,0.0841629312076082,0.39161318165866293,0.0841629312076082,,0.0841629312076082,0.059512179381436665,0.1756,0.21603428942767539,0.3176061809062958,0.3843,0.0585,0.9940000000000001,,,,36.15552456283803,,,,
5151,P35557,G,246,T,NONSYN,0.21962954488217865,0.3626327340405044,0.05677103648645824,-1.5144,100.0,2.0,6.0,0.39867265924909706,0.13255159923178803,0.675277901211557,0.3987,0.13255159923178803,0.39867265924909706,0.13255159923178803,,0.13255159923178803,0.09372813467391887,0.5476,0.14895747199556236,0.4267677664756775,0.4055,0.0915,0.977,,,,36.15552456283803,,,,
5152,P35557,G,246,I,NONSYN,0.29686370150880703,0.20138853174441165,0.042075318765232045,-2.721933333333333,100.0,2.0,6.0,2.05506946192867,0.0610125646427142,3.434004995191671e-05,2.0551,0.0610125646427142,2.05506946192867,0.0610125646427142,,0.0610125646427142,0.043142398196445796,0.321,1.7340513323414966,0.35753196477890015,2.0302,0.0428,0.9940000000000001,,,,36.15552456283803,,,,
5153,P35557,G,246,L,NONSYN,0.33670580158540125,0.08326757064911798,0.060710615783063325,-2.6893,100.0,2.0,6.0,0.386381775168239,0.0994100350873188,0.6904291259306734,0.3864,0.0994100350873188,0.386381775168239,0.0994100350873188,,0.0994100350873188,0.07029350992823574,0.1988,0.18760788443452014,0.33255696296691895,0.3784,0.0688,0.988,,,,36.15552456283803,,,,
5154,P35557,G,246,K,NONSYN,0.4007452768135149,0.5953270735212167,0.052665869598799424,-1.5245,100.0,2.0,6.0,-0.29941035919304,0.160176615632829,0.9882536971445922,-0.2994,0.160176615632829,-0.29941035919304,0.160176615632829,,0.160176615632829,0.11326197110148455,0.7787,1.0781201284420023,0.4223988354206085,-0.2271,0.1094,0.924,,,,36.15552456283803,,,,
5155,P35557,G,246,G,SYN,,,,,100.0,2.0,6.0,0.7238628679124549,0.05,0.23470382624005806,0.7239,0.05,0.7238628679124549,0.05,,0.05,0.035355339059327376,,,,0.7239,0.0354,,,,,36.15552456283803,,,,
5156,P35557,G,246,Y,NONSYN,0.28089736795090275,0.27000461623641997,0.05836958144906937,-2.6748999999999996,100.0,2.0,6.0,-0.17382936159366702,0.122066498352363,0.9782868567061086,-0.1738,0.122066498352363,-0.17382936159366702,0.122066498352363,,0.122066498352363,0.0863140487406524,0.3175,0.49135743061298465,0.35948458313941956,-0.147,0.0839,0.998,,,,36.15552456283803,,,,
5157,P35557,G,246,N,NONSYN,0.382875509440285,0.4599908255396558,0.06322615828651716,-0.8179,100.0,2.0,6.0,0.16547907186373,0.202184357932615,0.883936242127464,0.1655,0.202184357932615,0.16547907186373,0.202184357932615,,0.202184357932615,0.1429659305440002,0.5943,0.4287928860105681,0.43632248044013977,0.2071,0.1359,0.988,,,,36.15552456283803,,,,
5158,P35557,G,246,C,NONSYN,0.3672992043124827,0.3301928813126593,0.05765038055584907,-2.438433333333333,100.0,2.0,6.0,0.306809041834139,0.0906559101015705,0.7774641466460566,0.3068,0.0906559101015705,0.306809041834139,0.0906559101015705,,0.0906559101015705,0.06410340878745853,0.3866,0.07980182375881756,0.38622307777404785,0.3089,0.0632,0.9990000000000001,,,,36.15552456283803,,,,
5159,P35557,G,246,P,NONSYN,0.2021261040610908,-0.057696272939858996,0.1346681873153899,-1.8968333333333334,100.0,2.0,6.0,0.7320992774987091,0.28794368564934003,0.22583332999199596,0.7321,0.28794368564934003,0.7320992774987091,0.28794368564934003,,0.28794368564934003,0.2036069327224959,0.141,0.591110599758612,0.35958558320999146,0.5886,0.1772,0.985,,,,36.15552456283803,,,,
5160,P35557,G,246,E,NONSYN,0.4108810729254607,0.241216622600526,0.10150632392205365,-1.9435333333333331,100.0,2.0,6.0,-0.16463940912244598,0.47316733818060497,0.9772788269771232,-0.1646,0.47316733818060497,-0.16463940912244598,0.47316733818060497,,0.47316733818060497,0.3345798334634941,0.3999,0.5645058708762912,0.43826791644096375,0.0432,0.2659,0.985,,,,36.15552456283803,,,,
5161,P35557,G,246,M,NONSYN,0.2878381921366005,0.7227744504769259,0.07419652337740329,-2.275,100.0,2.0,6.0,-0.17085528004231,0.0866119556320532,0.9779657432588488,-0.1709,0.0866119556320532,-0.17085528004231,0.0866119556320532,,0.0866119556320532,0.061243901159253204,0.7072,0.8780952059036686,0.4067853093147278,-0.1514,0.0606,0.9990000000000001,,,,36.15552456283803,,,,
5162,P35557,G,246,W,NONSYN,0.355895468841822,0.05599088455806234,0.057773751980821235,-2.4539666666666666,100.0,2.0,6.0,1.12941503209793,0.0892310109861699,0.023234372216842665,1.1294,0.0892310109861699,1.12941503209793,0.0892310109861699,,0.0892310109861699,0.06309585296045205,0.1268,1.0025691358538809,0.273573637008667,1.0788,0.0615,0.9990000000000001,,,,36.15552456283803,,,,
5163,P35557,G,246,H,NONSYN,0.3218287257213429,0.2207676796154567,0.1433609316477343,-1.9332999999999998,100.0,2.0,6.0,-0.10329258016723801,0.198515785870153,0.969206969144762,-0.1033,0.198515785870153,-0.10329258016723801,0.198515785870153,,0.198515785870153,0.1403718583613618,0.2807,0.38400145939964464,0.407976359128952,-0.0626,0.1327,0.998,,,,36.15552456283803,,,,
5164,P35557,G,246,Q,NONSYN,0.29754150588632416,0.10962547353225267,0.13008560885600873,-1.7754,100.0,2.0,6.0,0.9340331188427009,0.14608537898963,0.07703048120084828,0.934,0.14608537898963,0.9340331188427009,0.14608537898963,,0.14608537898963,0.10329796211577416,0.2735,0.6604927114234962,0.4131333529949188,0.8952,0.1002,0.988,,,,36.15552456283803,,,,
5165,P35557,G,246,*,STOP,,,,,100.0,2.0,6.0,-0.36114418846894203,0.05,0.9912748960842188,-0.3611,0.05,-0.36114418846894203,0.05,,0.05,0.035355339059327376,,,,-0.3611,0.0354,,,,,36.15552456283803,,,,
5166,P35557,D,247,S,NONSYN,0.3690767940714815,0.9084387532057346,0.09862312271404529,-0.9239999999999999,100.0,2.0,6.0,0.832489457764286,0.30958088029544106,0.13607431074505244,0.8325,0.30958088029544106,0.832489457764286,0.30958088029544106,,0.30958088029544106,0.2189067397826072,0.8871,0.05464998181853875,0.4355913996696472,0.8435,0.1956,0.027000000000000003,,,,98.14277722738814,,,,
5167,P35557,D,247,A,NONSYN,0.4216252277516441,0.6723722211240853,0.06623693625123722,-1.4927333333333335,100.0,2.0,6.0,0.38780895157595896,0.0480124867187471,0.6886917612619233,0.3878,0.0480124867187471,0.38780895157595896,0.0480124867187471,,0.0480124867187471,0.03394995494045512,0.8377,0.4498693616793511,0.4211964011192322,0.3907,0.0338,0.091,,,,98.14277722738814,,,,
5168,P35557,D,247,V,NONSYN,0.4506084315132353,0.382875265707387,0.036188504887738414,-2.6115333333333335,100.0,2.0,6.0,0.845844794380143,0.133639010314495,0.12662409107030434,0.8458,0.133639010314495,0.845844794380143,0.133639010314495,,0.133639010314495,0.09449705042443837,0.6837,0.16214244471736228,0.40610456466674805,0.8375,0.092,0.114,,,,98.14277722738814,,,,
5169,P35557,D,247,R,NONSYN,0.35823216117602164,0.7123514367593266,0.0601036145479281,-1.472133333333333,100.0,2.0,6.0,0.267871304670235,0.127487918019551,0.8127431438746547,0.2679,0.127487918019551,0.267871304670235,0.127487918019551,,0.127487918019551,0.09014757135097916,0.8577,0.5898366726246869,0.4093344211578369,0.2952,0.088,0.324,,,,98.14277722738814,,,,
5170,P35557,D,247,D,SYN,,,,,100.0,2.0,6.0,0.5566404559533139,0.05,0.4544910743128923,0.5566,0.05,0.5566404559533139,0.05,,0.05,0.035355339059327376,,,,0.5566,0.0354,,,,,98.14277722738814,,,,
5171,P35557,D,247,F,NONSYN,0.29646296686588297,0.48039784541962405,0.045265695099876706,-2.6194333333333333,100.0,2.0,6.0,0.553277055243432,0.0674583595580657,0.45939761286053926,0.5533,0.0674583595580657,0.553277055243432,0.0674583595580657,,0.0674583595580657,0.047700263491228606,0.679,0.12570198394876775,0.40610456466674805,0.555,0.0474,0.912,,,,98.14277722738814,,,,
5172,P35557,D,247,T,NONSYN,0.33041122774515563,0.7362980562734928,0.10505973789469943,-1.1000666666666665,100.0,2.0,6.0,2.6653612918085696,0.5629249358437,2.6921753869271735e-07,2.6654,0.5629249358437,2.6653612918085696,0.5629249358437,,0.5629249358437,0.3980480394340824,0.8826,1.782779819411719,0.45260557532310486,1.8878,0.2989,0.028999999999999998,,,,98.14277722738814,,,,
5173,P35557,D,247,I,NONSYN,0.3169485018080975,0.8355109403277075,0.0477691541586037,-2.7128666666666668,100.0,2.0,6.0,0.3599162276360329,0.135562079973229,0.7215588200528877,0.3599,0.135562079973229,0.3599162276360329,0.135562079973229,,0.135562079973229,0.09585686602082329,0.8818,0.5218680922415916,0.38745585083961487,0.39,0.0931,0.773,,,,98.14277722738814,,,,
5174,P35557,D,247,L,NONSYN,0.37713817620354506,0.6746480515925609,0.0459931224958228,-2.7055000000000002,100.0,2.0,6.0,0.8425048938414721,0.146200285309901,0.12893557228924524,0.8425,0.146200285309901,0.8425048938414721,0.146200285309901,,0.146200285309901,0.10337921315403899,0.835,0.007522737087932052,0.40169066190719604,0.842,0.1001,0.627,,,,98.14277722738814,,,,
5175,P35557,D,247,K,NONSYN,0.3517044245741117,0.62424990887424,0.12066367845210722,-0.8664,100.0,2.0,6.0,1.68505599075877,0.0940354619144834,0.0005273795665854312,1.6851,0.0940354619144834,1.68505599075877,0.0940354619144834,,0.0940354619144834,0.06649311279174054,0.8439,0.8411742644938165,0.48426324129104614,1.6695,0.0659,0.09,,,,98.14277722738814,,,,
5176,P35557,D,247,G,NONSYN,0.41616550742326497,0.9141313897674176,0.16363884569443488,-1.2674333333333332,100.0,2.0,6.0,0.834614252143984,0.164392198389726,0.13453362316612627,0.8346,0.164392198389726,0.834614252143984,0.164392198389726,,0.164392198389726,0.11624283825553948,0.8785,0.04384353250872597,0.5087389349937439,0.8368,0.1133,0.015,,,,98.14277722738814,,,,
5177,P35557,D,247,Y,NONSYN,0.4224113195979475,0.3920958195802657,0.046899524947865014,-2.560966666666667,100.0,2.0,6.0,1.66176092932655,0.071477178941635,0.0006230260333965144,1.6618,0.071477178941635,1.66176092932655,0.071477178941635,,0.071477178941635,0.050541997929714394,0.6601,1.001619818906323,0.4300122857093811,1.6481,0.0502,0.887,,,,98.14277722738814,,,,
5178,P35557,D,247,N,NONSYN,0.4295009636980524,1.102191920578882,0.07478905420986011,-0.2961,100.0,2.0,6.0,0.192301854091506,0.188336828612875,0.8680815047904356,0.1923,0.188336828612875,0.192301854091506,0.188336828612875,,0.188336828612875,0.1331742486593325,0.9339,0.7415740046922159,0.40843698382377625,0.2636,0.1266,0.0,,,,98.14277722738814,,,,
5179,P35557,D,247,C,NONSYN,0.3461355508488411,0.6827553052858827,0.05657393688754286,-2.7265333333333337,100.0,2.0,6.0,0.818183132761507,0.0428969590994265,0.14682110464357445,0.8182,0.0428969590994265,0.818183132761507,0.0428969590994265,,0.0428969590994265,0.030332730671486452,0.8276,0.009372046834440262,0.40828782320022583,0.8182,0.0302,0.758,,,,98.14277722738814,,,,
5180,P35557,D,247,P,NONSYN,0.2905290433283012,0.49676483613005934,0.05032293657153247,-1.4699,100.0,2.0,6.0,0.9146311065580369,0.18892857618354503,0.08618497062720992,0.9146,0.18892857618354503,0.9146311065580369,0.18892857618354503,,0.18892857618354503,0.13359267737930394,0.7356,0.1790078660871507,0.42365768551826477,0.8984,0.1274,0.063,,,,98.14277722738814,,,,
5181,P35557,D,247,E,NONSYN,0.4869275421620544,0.7919425515988339,0.08651826071878416,-0.3505,100.0,2.0,6.0,1.1230499610316498,0.0376116798932111,0.024196963707299998,1.123,0.0376116798932111,1.1230499610316498,0.0376116798932111,,0.0376116798932111,0.026595473904307287,0.8859,0.237111078203891,0.43161702156066895,1.1222,0.0265,0.0,,,,98.14277722738814,,,,
5182,P35557,D,247,M,NONSYN,0.2886817698329022,1.0202942596500417,0.03910030012783184,-2.5042666666666666,100.0,2.0,6.0,-0.222834390882778,0.131080748296363,0.9829387146049567,-0.2228,0.131080748296363,-0.222834390882778,0.131080748296363,,0.131080748296363,0.09268808600336524,0.8934,1.1162161057036397,0.38745585083961487,-0.1624,0.0901,0.9359999999999999,,,,98.14277722738814,,,,
5183,P35557,D,247,W,NONSYN,0.2933207242208761,0.673534751413004,0.048069249844678634,-2.7770999999999995,100.0,2.0,6.0,0.623265040127125,0.0402836432560705,0.35964966850196495,0.6233,0.0402836432560705,0.623265040127125,0.0402836432560705,,0.0402836432560705,0.02848483731726718,0.7266,0.10329984405866599,0.4107491075992584,0.6238,0.0284,0.975,,,,98.14277722738814,,,,
5184,P35557,D,247,H,NONSYN,0.4359397753198172,1.7283438449037745,0.13999046522759861,-1.1262,100.0,2.0,6.0,-0.310776074082276,0.403495242212564,0.9888822479113772,-0.3108,0.403495242212564,-0.310776074082276,0.403495242212564,,0.403495242212564,0.2853142219450125,1.2085,1.5193105532235114,0.8579668998718262,-0.1595,0.2707,0.321,,,,98.14277722738814,,,,
5185,P35557,D,247,Q,NONSYN,0.3596090029508326,0.73558979148026,0.121904197364193,-0.9040333333333331,100.0,2.0,6.0,1.35103634294071,0.0585344977257644,0.005403529000188768,1.351,0.0585344977257644,1.35103634294071,0.0585344977257644,,0.0585344977257644,0.04139014027523655,0.8696,0.48147288259067333,0.4782598316669464,1.3475,0.0412,0.08199999999999999,,,,98.14277722738814,,,,
5186,P35557,D,247,*,STOP,,,,,100.0,2.0,6.0,-0.0567058745936303,0.05,0.9611776786107724,-0.0567,0.05,-0.0567058745936303,0.05,,0.05,0.035355339059327376,,,,-0.0567,0.0354,,,,,98.14277722738814,,,,
5187,P35557,E,248,S,NONSYN,0.4382670271083193,0.4032373483410343,0.04492206625075418,-0.6747666666666666,100.0,2.0,6.0,1.14953678181715,0.22765948124854396,0.020424862269092445,1.1495,0.22765948124854396,1.14953678181715,0.22765948124854396,,0.22765948124854396,0.16097956299225707,0.6963,0.45321058562345495,0.4228058159351349,1.0922,0.1504,0.634,,,,145.44464910858602,,,,
5188,P35557,E,248,A,NONSYN,0.4725389201357859,0.8049306247081128,0.06176175225455958,-0.8022,100.0,2.0,6.0,0.8663797826530499,0.0856204251751167,0.11315192527418098,0.8664,0.0856204251751167,0.8663797826530499,0.0856204251751167,,0.0856204251751167,0.060542783249400406,0.8735,0.007149651551051628,0.40968501567840576,0.8665,0.0599,0.5670000000000001,,,,145.44464910858602,,,,
5189,P35557,E,248,V,NONSYN,0.5148579282991502,1.2242235706479867,0.030711897500747112,-1.6669666666666665,100.0,2.0,6.0,0.575909886400265,0.0486440657992885,0.4265178552331756,0.5759,0.0486440657992885,0.575909886400265,0.0486440657992885,,0.0486440657992885,0.03439654879116151,1.0748,0.49884160991473747,0.4836157262325287,0.5784,0.0343,0.7390000000000001,,,,145.44464910858602,,,,
5190,P35557,E,248,R,NONSYN,0.4513055748960305,0.514266699798474,0.03472408612181822,-0.7211333333333333,100.0,2.0,6.0,0.533291728280731,0.14815868193770598,0.4886159281192219,0.5333,0.14815868193770598,0.533291728280731,0.14815868193770598,,0.14815868193770598,0.10476400868981275,0.7914,0.2581457187903444,0.4195943772792816,0.5484,0.1016,0.01,,,,145.44464910858602,,,,
5191,P35557,E,248,D,NONSYN,0.4800060668498122,1.1428546062591296,0.16421616341293702,-0.020166666666666666,,,,,,,,,,,,,,0.9607,,0.4906374216079712,0.9607,0.4906,0.145,,,,145.44464910858602,,,,
5192,P35557,E,248,F,NONSYN,0.4134101209643438,1.0566290128262164,0.057075963821105795,-2.4431333333333334,100.0,2.0,6.0,1.59845830426877,0.526597700877559,0.0009767836986350339,1.5985,0.526597700877559,1.59845830426877,0.526597700877559,,0.526597700877559,0.37236080524776705,0.8628,0.7357015751427933,0.3874019682407379,1.2452,0.2685,0.986,,,,145.44464910858602,,,,
5193,P35557,E,248,T,NONSYN,0.4070866311137473,0.6925191939588803,0.04441028632085442,-0.9768666666666667,100.0,2.0,6.0,1.7739643401987202,0.188875767725849,0.00027754694215655534,1.774,0.188875767725849,1.7739643401987202,0.188875767725849,,0.188875767725849,0.13355533616076307,0.8328,0.9411548323518879,0.4177708029747009,1.6867,0.1272,0.706,,,,145.44464910858602,,,,
5194,P35557,E,248,I,NONSYN,0.377366298627538,0.9796904243810344,0.05525116774756317,-2.3962999999999997,100.0,2.0,6.0,1.17590933312097,0.0702653242946091,0.017229572108140568,1.1759,0.0702653242946091,1.17590933312097,0.0702653242946091,,0.0702653242946091,0.04968508729098996,0.9086,0.26730691660561967,0.37643203139305115,1.1713,0.0493,0.915,,,,145.44464910858602,,,,
5195,P35557,E,248,L,NONSYN,0.4309220950052253,1.2083376640986847,0.019950689889076733,-2.375633333333333,100.0,2.0,6.0,0.48996761396801897,0.229610807641481,0.5515669323497646,0.49,0.229610807641481,0.48996761396801897,0.229610807641481,,0.229610807641481,0.16235935911701116,1.0751,0.5850825016173082,0.46781671047210693,0.5529,0.1534,0.601,,,,145.44464910858602,,,,
5196,P35557,E,248,K,NONSYN,0.4890082107053284,0.6086523661865073,0.060645463795327335,-0.6217666666666667,100.0,2.0,6.0,0.666187313769169,0.6556458629681821,0.302878511878148,0.6662,0.6556458629681821,0.666187313769169,0.6556458629681821,,0.6556458629681821,0.4636116357617074,0.82,0.1538496935626792,0.4250783920288086,0.7498,0.3133,0.738,,,,145.44464910858602,,,,
5197,P35557,E,248,G,NONSYN,0.4522640708552875,1.151027242020973,0.019560135991064802,-1.9225,100.0,2.0,6.0,1.06270636912387,0.0865219438467996,0.03539537984143789,1.0627,0.0865219438467996,1.06270636912387,0.0865219438467996,,0.0865219438467996,0.06118025321551368,0.983,0.07966603632968061,0.44118955731391907,1.0612,0.0606,0.813,,,,145.44464910858602,,,,
5198,P35557,E,248,Y,NONSYN,0.4671477233180428,0.909527772070953,0.06015922647950766,-2.2137666666666664,100.0,2.0,6.0,0.9450935677854242,0.0353225401511265,0.07220605922388845,0.9451,0.0353225401511265,0.9450935677854242,0.0353225401511265,,0.0353225401511265,0.024976807669595643,0.8368,0.10826503795067688,0.3992639482021332,0.9447,0.0249,0.995,,,,145.44464910858602,,,,
5199,P35557,E,248,N,NONSYN,0.4945297857128286,0.750571007065122,0.06545417989123181,-0.6558999999999999,100.0,2.0,6.0,0.107535805644887,0.10505332969695698,0.9123873174266447,0.1075,0.10505332969695698,0.107535805644887,0.10505332969695698,,0.10505332969695698,0.07428392181494439,0.8696,0.7620289660073347,0.4216127395629883,0.1305,0.0732,0.41200000000000003,,,,145.44464910858602,,,,
5200,P35557,E,248,C,NONSYN,0.4263241553322161,1.197478669875483,0.13560684684476904,-2.5622,100.0,2.0,6.0,0.3491529817515349,0.0526162854282657,0.733609579112089,0.3492,0.0526162854282657,0.3491529817515349,0.0526162854282657,,0.0526162854282657,0.0372053322271736,1.0275,0.6783948545521761,0.6275647282600403,0.3515,0.0371,0.993,,,,145.44464910858602,,,,
5201,P35557,E,248,P,NONSYN,0.2784783599621833,1.0720846697506785,0.050205775441721466,-1.2109666666666667,100.0,2.0,6.0,0.6778860709428599,0.0788610887517968,0.2882352286154605,0.6779,0.0788610887517968,0.6778860709428599,0.0788610887517968,,0.0788610887517968,0.05576321062814968,0.9168,0.23893528964521382,0.39261773228645325,0.6826,0.0552,0.614,,,,145.44464910858602,,,,
5202,P35557,E,248,E,SYN,,,,,100.0,2.0,6.0,0.42689012238945795,0.05,0.6389614212961946,0.4269,0.05,0.42689012238945795,0.05,,0.05,0.035355339059327376,,,,0.4269,0.0354,,,,,145.44464910858602,,,,
5203,P35557,E,248,M,NONSYN,0.4318399535430367,0.861236607769853,0.024832744676739262,-1.9440333333333335,100.0,2.0,6.0,1.93207827187723,0.0572088592753572,8.664198727601192e-05,1.9321,0.0572088592753572,1.93207827187723,0.0572088592753572,,0.0572088592753572,0.04045277233755199,0.8818,1.0502939519996055,0.391090452671051,1.921,0.0402,0.879,,,,145.44464910858602,,,,
5204,P35557,E,248,W,NONSYN,0.3886512979012191,1.0881117504525861,0.13641510940946444,-2.4843333333333333,100.0,2.0,6.0,1.50401009138966,0.0312992467313101,0.001893672231953353,1.504,0.0312992467313101,1.50401009138966,0.0312992467313101,,0.0312992467313101,0.02213190960974025,0.8335,0.6704974275484124,0.5027612447738647,1.5027,0.0221,0.9990000000000001,,,,145.44464910858602,,,,
5205,P35557,E,248,H,NONSYN,0.3874690850586482,0.5967881052475893,0.06864402398375906,-0.6659666666666667,100.0,2.0,6.0,0.568884511097485,0.0577638255167781,0.43668392579517634,0.5689,0.0577638255167781,0.568884511097485,0.0577638255167781,,0.0577638255167781,0.04084519273019032,0.7441,0.17517791260856974,0.4247584342956543,0.5705,0.0407,0.9420000000000001,,,,145.44464910858602,,,,
5206,P35557,E,248,Q,NONSYN,0.4979236622050323,0.7948695355612679,0.16415389063111566,-0.4386666666666667,100.0,2.0,6.0,1.61283972319107,0.0608665165711959,0.0008822910583659592,1.6128,0.0608665165711959,1.61283972319107,0.0608665165711959,,0.0608665165711959,0.043039126614695986,0.8827,0.7300994640205378,0.5116857886314392,1.6077,0.0429,0.055999999999999994,,,,145.44464910858602,,,,
5207,P35557,E,248,*,STOP,,,,,100.0,2.0,6.0,0.20794729544849,0.05,0.8579634382633055,0.2079,0.05,0.20794729544849,0.05,,0.05,0.035355339059327376,,,,0.2079,0.0354,,,,,145.44464910858602,,,,
5208,P35557,G,249,S,NONSYN,0.36837526824294986,1.2907181586517045,0.19986483687242507,-0.8648000000000001,100.0,2.0,6.0,1.42993845690474,0.153654455995996,0.003158231463057168,1.4299,0.153654455995996,1.42993845690474,0.153654455995996,,0.153654455995996,0.10865010779429873,1.0674,0.36258115519270384,0.6415688991546631,1.4198,0.1071,0.992,,,,39.65464333599236,,,,
5209,P35557,G,249,A,NONSYN,0.4089269105168704,1.2848865370936011,0.20220906346192882,-0.9328,100.0,2.0,6.0,1.44743332157905,0.0815092015753954,0.0028005862970231074,1.4474,0.0815092015753954,1.44743332157905,0.0815092015753954,,0.0815092015753954,0.057635709163063306,1.0788,0.36860975514228245,0.6273343563079834,1.4443,0.0574,0.943,,,,39.65464333599236,,,,
5210,P35557,G,249,V,NONSYN,0.3988573139738447,0.5098273669487733,0.0414992261368347,-2.7219333333333338,100.0,2.0,6.0,-0.30041536552297804,0.29679554714256895,0.9883107322355317,-0.3004,0.29679554714256895,-0.30041536552297804,0.29679554714256895,,0.29679554714256895,0.20986614401048215,0.6366,0.9369827793298933,0.4223131537437439,-0.1149,0.1879,0.9790000000000001,,,,39.65464333599236,,,,
5211,P35557,G,249,R,NONSYN,0.3362652746103357,1.056360853764683,0.12291837981722058,-1.9470333333333334,100.0,2.0,6.0,0.272762936088448,0.215395040169318,0.8085738702530008,0.2728,0.215395040169318,0.272762936088448,0.215395040169318,,0.215395040169318,0.15230729353767353,0.8086,0.5358763518601604,0.47461363673210144,0.3228,0.145,1.0,,,,39.65464333599236,,,,
5212,P35557,G,249,D,NONSYN,0.3623286966209139,0.6419339534300107,0.07628631380084579,-1.5976,100.0,2.0,6.0,0.626960118253583,0.43674545356300304,0.35459437445026276,0.627,0.43674545356300304,0.626960118253583,0.43674545356300304,,0.43674545356300304,0.3088256718667938,0.6639,0.03691248134816261,0.45912206172943115,0.6385,0.2562,0.9990000000000001,,,,39.65464333599236,,,,
5213,P35557,G,249,F,NONSYN,0.3709207412708021,0.2900005487998059,0.07984078889093522,-2.717866666666667,100.0,2.0,6.0,0.359065088923924,0.065916707971375,0.7225248429227453,0.3591,0.065916707971375,0.359065088923924,0.065916707971375,,0.065916707971375,0.04661015120005261,0.3398,0.01922902792310005,0.3640214800834656,0.3588,0.0462,0.998,,,,39.65464333599236,,,,
5214,P35557,G,249,T,NONSYN,0.21962954488217865,0.7906082176121164,0.11364187213043268,-1.5144,100.0,2.0,6.0,0.18093732570726603,0.25107542592647397,0.8750231130133989,0.1809,0.25107542592647397,0.18093732570726603,0.25107542592647397,,0.25107542592647397,0.17753713626191045,0.744,0.5630891563979891,0.48121654987335205,0.2484,0.1666,0.998,,,,39.65464333599236,,,,
5215,P35557,G,249,I,NONSYN,0.29686370150880703,0.5098273669487733,0.0414992261368347,-2.721933333333333,100.0,2.0,6.0,0.17992080988765802,0.26253101250989297,0.87562772687537,0.1799,0.26253101250989297,0.17992080988765802,0.26253101250989297,,0.26253101250989297,0.18563745921751565,0.7569,0.5769811695587531,0.4107491075992584,0.2778,0.1692,0.674,,,,39.65464333599236,,,,
5216,P35557,G,249,L,NONSYN,0.33670580158540125,0.28479050393027633,0.07423860982522876,-2.6893,100.0,2.0,6.0,0.37469522353251294,0.14100446540724,0.7044328948663963,0.3747,0.14100446540724,0.37469522353251294,0.14100446540724,,0.14100446540724,0.09970521366704335,0.487,0.11229034069935961,0.41076844930648804,0.3809,0.0969,0.9840000000000001,,,,39.65464333599236,,,,
5217,P35557,G,249,K,NONSYN,0.4007452768135149,0.809279275708643,0.12097311326872252,-1.5245,100.0,2.0,6.0,0.124924151417686,0.17910479311577399,0.9046199320934218,0.1249,0.17910479311577399,0.124924151417686,0.17910479311577399,,0.17910479311577399,0.12664621375517746,0.7416,0.6166376786261067,0.48121654987335205,0.1649,0.1225,0.9990000000000001,,,,39.65464333599236,,,,
5218,P35557,G,249,G,SYN,,,,,100.0,2.0,6.0,1.18596678816522,0.05,0.016141648049013867,1.186,0.05,1.18596678816522,0.05,,0.05,0.035355339059327376,,,,1.186,0.0354,,,,,39.65464333599236,,,,
5219,P35557,G,249,Y,NONSYN,0.28089736795090275,0.1444483156444863,0.07899186612775813,-2.6748999999999996,100.0,2.0,6.0,0.795721788389883,0.0822926011537218,0.16503526614510472,0.7957,0.0822926011537218,0.795721788389883,0.0822926011537218,,0.0822926011537218,0.058189656317276586,0.2403,0.555375028832159,0.35009804368019104,0.7808,0.0574,1.0,,,,39.65464333599236,,,,
5220,P35557,G,249,N,NONSYN,0.382875509440285,1.168110632245791,0.11080514252928604,-0.8179,100.0,2.0,6.0,1.79776103612248,0.722244289126143,0.0002333681847119454,1.7978,0.722244289126143,1.79776103612248,0.722244289126143,,0.722244289126143,0.5107038345143532,0.8813,0.9164225589877755,0.46061617136001587,1.2924,0.342,1.0,,,,39.65464333599236,,,,
5221,P35557,G,249,C,NONSYN,0.3672992043124827,0.39781258479891135,0.09158351609107697,-2.438433333333333,100.0,2.0,6.0,0.639590474853099,0.128285914433099,0.3375372575160033,0.6396,0.128285914433099,0.639590474853099,0.128285914433099,,0.128285914433099,0.09071184002636148,0.3678,0.2718232600780135,0.3891611099243164,0.6256,0.0883,1.0,,,,39.65464333599236,,,,
5222,P35557,G,249,P,NONSYN,0.2021261040610908,1.0520577221987493,0.07672271801531656,-1.8968333333333334,100.0,2.0,6.0,0.285672330786249,0.46086979809891104,0.7972106356557732,0.2857,0.46086979809891104,0.285672330786249,0.46086979809891104,,0.46086979809891104,0.325884159479815,0.824,0.538319802354315,0.42252132296562195,0.4865,0.258,0.9990000000000001,,,,39.65464333599236,,,,
5223,P35557,G,249,E,NONSYN,0.4108810729254607,0.7245188777913324,0.13210009944742554,-1.9435333333333331,100.0,2.0,6.0,1.2682888640085,0.0651757327631699,0.009402243108407185,1.2683,0.0651757327631699,1.2682888640085,0.0651757327631699,,0.0651757327631699,0.04608620260563967,0.6978,0.5704792870202797,0.4927990138530731,1.2633,0.0459,1.0,,,,39.65464333599236,,,,
5224,P35557,G,249,M,NONSYN,0.2878381921366005,0.49878592566146396,0.11424847091954538,-2.275,100.0,2.0,6.0,0.922758148574668,0.238322347791215,0.08224009535847238,0.9228,0.238322347791215,0.922758148574668,0.238322347791215,,0.238322347791215,0.16851934823146694,0.4815,0.441280321740943,0.46491068601608276,0.8715,0.1584,0.9990000000000001,,,,39.65464333599236,,,,
5225,P35557,G,249,W,NONSYN,0.355895468841822,0.4206444193015963,0.09467559057184877,-2.4539666666666666,100.0,2.0,6.0,0.571094971345044,0.07804222762394901,0.4334806149365448,0.5711,0.07804222762394901,0.571094971345044,0.07804222762394901,,0.07804222762394901,0.05518418837179844,0.3678,0.2033277565699585,0.3983341157436371,0.5673,0.0547,1.0,,,,39.65464333599236,,,,
5226,P35557,G,249,H,NONSYN,0.3218287257213429,0.6089080436277323,0.12088651020010675,-1.9332999999999998,100.0,2.0,6.0,1.6151213664993,0.235184733354616,0.0008681440137267349,1.6151,0.235184733354616,1.6151213664993,0.235184733354616,,0.235184733354616,0.16630071978659897,0.6592,0.9559433479293538,0.49763980507850647,1.5191,0.1577,1.0,,,,39.65464333599236,,,,
5227,P35557,G,249,Q,NONSYN,0.29754150588632416,0.5739963752680713,0.07947108802539399,-1.7754,100.0,2.0,6.0,1.61994038316508,0.0981602450005885,0.0008389883440661341,1.6199,0.0981602450005885,1.61994038316508,0.0981602450005885,,0.0981602450005885,0.06940977488284902,0.6093,1.0106361934830732,0.44791311025619507,1.5962,0.0686,1.0,,,,39.65464333599236,,,,
5228,P35557,G,249,*,STOP,,,,,100.0,2.0,6.0,-0.34033697861170503,0.05,0.9903588820468862,-0.3403,0.05,-0.34033697861170503,0.05,,0.05,0.035355339059327376,,,,-0.3403,0.0354,,,,,39.65464333599236,,,,
5229,P35557,R,250,S,NONSYN,0.4030125793742561,1.4509197533756348,0.2369948829111966,-0.8416666666666667,100.0,2.0,6.0,1.0230476871480698,0.401045971548163,0.04522411833907429,1.023,0.401045971548163,1.0230476871480698,0.401045971548163,,0.401045971548163,0.28358232604925326,1.0674,0.044309614563966315,0.72202068567276,1.029,0.264,0.968,,,,68.22448836896157,,,,
5230,P35557,R,250,A,NONSYN,0.3189859929557896,1.0896338121757896,0.14678519337351031,-1.0746,100.0,2.0,6.0,2.09044496767286,0.19391105790435,2.6230154799542235e-05,2.0904,0.19391105790435,2.09044496767286,0.19391105790435,,0.19391105790435,0.13711582399122316,0.9262,1.1642490481591574,0.5044644474983215,2.0104,0.1323,0.04,,,,68.22448836896157,,,,
5231,P35557,R,250,V,NONSYN,0.398009908378716,2.1652433020117834,0.13267375995468256,-1.9711666666666667,100.0,2.0,6.0,0.652566242940026,0.7483833962823699,0.3204022011190054,0.6526,0.7483833962823699,0.652566242940026,0.7483833962823699,,0.7483833962823699,0.529186974438683,1.279,0.6264752857617563,0.7489023208618164,0.8612,0.4322,0.825,,,,68.22448836896157,,,,
5232,P35557,R,250,R,SYN,,,,,100.0,2.0,6.0,1.38170485147116,0.05,0.004389864727253105,1.3817,0.05,1.38170485147116,0.05,,0.05,0.035355339059327376,,,,1.3817,0.0354,,,,,68.22448836896157,,,,
5233,P35557,R,250,D,NONSYN,0.1122725979085614,1.6157091733718303,0.27392399000386014,-1.7069333333333334,100.0,2.0,6.0,2.5328364220013904,0.101436622425566,8.000038469833578e-07,2.5328,0.101436622425566,2.5328364220013904,0.101436622425566,,0.101436622425566,0.07172652357777713,1.2518,1.2810370769849109,0.9102680683135986,2.5249,0.0715,0.996,,,,68.22448836896157,,,,
5234,P35557,R,250,F,NONSYN,0.3436253892885596,1.0350788924770564,0.19944776167941766,-2.1555666666666666,100.0,2.0,6.0,2.3375334432410297,0.0444027387279358,3.83909219909578e-06,2.3375,0.0444027387279358,2.3375334432410297,0.0444027387279358,,0.0444027387279358,0.031397477657777936,0.8849,1.4526255419539509,0.5211985111236572,2.3323,0.0313,0.9890000000000001,,,,68.22448836896157,,,,
5235,P35557,R,250,T,NONSYN,0.292232657128476,1.5334305148021097,0.12729437795437373,-1.0614333333333332,100.0,2.0,6.0,0.7590548597938991,0.36572956731159395,0.19839789805619365,0.7591,0.36572956731159395,0.7590548597938991,0.36572956731159395,,0.36572956731159395,0.25860985712644996,1.0452,0.28615121015239,0.559463381767273,0.8094,0.2347,0.9690000000000001,,,,68.22448836896157,,,,
5236,P35557,R,250,I,NONSYN,0.35928103966798514,1.264094252868163,0.18254741887961437,-2.1296999999999997,100.0,2.0,6.0,1.6504873620677099,0.343768663775959,0.0006752059373532555,1.6505,0.343768663775959,1.6504873620677099,0.343768663775959,,0.343768663775959,0.24308115331541885,1.0398,0.6107320176768407,0.6302227973937988,1.5714,0.2268,0.9790000000000001,,,,68.22448836896157,,,,
5237,P35557,R,250,L,NONSYN,0.3775202648814329,1.3281631194902455,0.31916874152724045,-1.8647666666666665,100.0,2.0,6.0,2.0119509127038704,0.48714958800171293,4.759569181152568e-05,2.012,0.48714958800171293,2.0119509127038704,0.48714958800171293,,0.48714958800171293,0.344466777128244,1.0801,0.9318580057519661,0.7048113942146301,1.8323,0.3095,0.9620000000000001,,,,68.22448836896157,,,,
5238,P35557,R,250,K,NONSYN,0.4996982892545154,2.310094069693395,0.23407917701227968,-0.5823,100.0,2.0,6.0,2.1770474355204903,0.683493938880423,1.3481740037332238e-05,2.177,0.683493938880423,2.1770474355204903,0.683493938880423,,0.683493938880423,0.4833031990822507,1.5715,0.6055633466227852,0.8221200704574585,2.0215,0.4166,0.608,,,,68.22448836896157,,,,
5239,P35557,R,250,G,NONSYN,0.4710347881166008,1.2833982403613855,0.33278250381052793,-1.865,100.0,2.0,6.0,2.14624555009045,0.27848797847025497,1.709942693413649e-05,2.1462,0.27848797847025497,2.14624555009045,0.27848797847025497,,0.27848797847025497,0.19692073805525054,1.0801,1.0661526431385457,0.695625364780426,2.0671,0.1895,0.968,,,,68.22448836896157,,,,
5240,P35557,R,250,Y,NONSYN,0.3907391645635834,2.0647621255588735,0.0957150433783747,-1.6721666666666666,100.0,2.0,6.0,1.18567756544026,1.09361925652482,0.016171994599698754,1.1857,1.09361925652482,1.18567756544026,1.09361925652482,,1.09361925652482,0.7733055923248906,1.2664,0.08074828256694211,0.6634230613708496,1.2322,0.5035,0.996,,,,68.22448836896157,,,,
5241,P35557,R,250,N,NONSYN,0.4070897773431755,2.4385360902860134,0.10901071068664207,-0.6592999999999999,100.0,2.0,6.0,0.6377216253702149,0.9660294718532759,0.34003848175483536,0.6377,0.9660294718532759,0.6377216253702149,0.9660294718532759,,0.9660294718532759,0.6830859903735104,1.6686,1.0309276904638305,0.6855344772338867,1.1513,0.4839,0.996,,,,68.22448836896157,,,,
5242,P35557,R,250,C,NONSYN,0.3945781846907973,1.5967346259107245,0.09366704296369927,-2.1973999999999996,100.0,2.0,6.0,-0.20277578118545997,0.457892181894195,0.9811726262001509,-0.2028,0.457892181894195,-0.20277578118545997,0.457892181894195,,0.457892181894195,0.32377866686968937,1.0524,1.2551842379878282,0.5037674903869629,0.1641,0.2724,1.0,,,,68.22448836896157,,,,
5243,P35557,R,250,P,NONSYN,0.180066694070857,1.9549198458440333,0.2670672013602835,-1.7161666666666668,100.0,2.0,6.0,1.5152044045847801,0.277596305809495,0.00175176026964717,1.5152,0.277596305809495,1.5152044045847801,0.277596305809495,,0.277596305809495,0.19629023027022852,1.2611,0.25407681345166244,0.8022043704986572,1.5009,0.1907,0.998,,,,68.22448836896157,,,,
5244,P35557,R,250,E,NONSYN,0.2774716424939038,1.250404760063715,0.25073805611985156,-0.8858,100.0,2.0,6.0,1.62459266708383,0.20045922927854698,0.0008117495181092021,1.6246,0.20045922927854698,1.62459266708383,0.20045922927854698,,0.20045922927854698,0.14174608037428946,1.1026,0.5219922117997113,0.9274864196777344,1.6127,0.1401,0.904,,,,68.22448836896157,,,,
5245,P35557,R,250,M,NONSYN,0.37044865400284027,1.2908491715382764,0.13585071178779706,-1.0532666666666668,100.0,2.0,6.0,1.4867988895853999,0.305336021762325,0.002133965335859111,1.4868,0.305336021762325,1.4867988895853999,0.305336021762325,,0.305336021762325,0.21590517152866323,1.0452,0.4415928196391108,0.5809279680252075,1.4332,0.2024,0.996,,,,68.22448836896157,,,,
5246,P35557,R,250,W,NONSYN,0.38841440406711497,1.546862349416255,0.1943973887044531,-2.1376333333333335,100.0,2.0,6.0,0.8021830724234329,0.19435732935830605,0.159625212958074,0.8022,0.19435732935830605,0.8021830724234329,0.19435732935830605,,0.19435732935830605,0.13743138556256546,1.0138,0.21163352265408175,0.6191954016685486,0.8121,0.1342,1.0,,,,68.22448836896157,,,,
5247,P35557,R,250,H,NONSYN,0.3580838527509595,1.0951206598673717,0.25102398229685347,-0.7643666666666666,100.0,2.0,6.0,4.66796791662614,0.113482407893748,1.6602560115492986e-15,4.668,0.113482407893748,4.66796791662614,0.113482407893748,,0.113482407893748,0.080244180167047,0.8633,3.804624081749126,0.8248068690299988,4.6323,0.0799,0.9990000000000001,,,,68.22448836896157,,,,
5248,P35557,R,250,Q,NONSYN,0.3675437003413988,2.310094069693395,0.23407917701227968,-0.5823,,,,,,,,,,,,,,1.5715,,0.8221200704574585,1.5715,0.8221,0.9940000000000001,,,,68.22448836896157,,,,
5249,P35557,R,250,*,STOP,,,,,100.0,2.0,6.0,0.4616959823033421,0.05,0.5916156830472838,0.4617,0.05,0.4616959823033421,0.05,,0.05,0.035355339059327376,,,,0.4617,0.0354,,,,,68.22448836896157,,,,
5250,P35557,M,251,S,NONSYN,0.31494457442558743,1.1139952274188052,0.1506945764068484,-1.4659666666666666,100.0,2.0,6.0,0.330686006947375,0.37999072128830896,0.7534381903336345,0.3307,0.37999072128830896,0.330686006947375,0.37999072128830896,,0.37999072128830896,0.2686940158109306,0.7301,0.3993800540725225,0.5175603628158569,0.4155,0.2385,1.0,,,,0.4204582730786632,,,,
5251,P35557,M,251,A,NONSYN,0.38040172866410704,0.5101484842126419,0.1874708315202311,-1.3250666666666666,100.0,2.0,6.0,-0.45356807317831005,0.6015289118538161,0.9943719852271471,-0.4536,0.6015289118538161,-0.45356807317831005,0.6015289118538161,,0.6015289118538161,0.4253451726515983,0.6392,1.0927480777750203,0.5368247628211975,-0.0321,0.3334,0.9890000000000001,,,,0.4204582730786632,,,,
5252,P35557,M,251,V,NONSYN,0.43335182923768345,0.6045198180328791,0.2553761743392781,-0.009733333333333297,100.0,2.0,6.0,1.19640299723182,0.567344762518354,0.015082387379802874,1.1964,0.567344762518354,1.19640299723182,0.567344762518354,,0.567344762518354,0.4011733288473995,0.6837,0.5127028529408959,0.6149588823318481,1.0433,0.336,0.995,,,,0.4204582730786632,,,,
5253,P35557,M,251,R,NONSYN,0.4133638176812908,-0.04379262902921466,0.21467985470290563,-1.3127666666666666,100.0,2.0,6.0,1.20825526654726,0.40605263156062393,0.013960170514315681,1.2083,0.40605263156062393,1.20825526654726,0.40605263156062393,,0.40605263156062393,0.2871225692951599,0.1541,1.0541552358866306,0.45167672634124756,0.9049,0.2423,1.0,,,,0.4204582730786632,,,,
5254,P35557,M,251,D,NONSYN,,1.6611435107566475,0.18411591329821553,-1.7926,100.0,2.0,6.0,1.28657443558125,1.07676036419181,0.008326289354483768,1.2866,1.07676036419181,1.28657443558125,1.07676036419181,,1.07676036419181,0.7613845552329254,1.176,0.11060817276386725,0.6617039442062378,1.2236,0.4994,1.0,,,,0.4204582730786632,,,,
5255,P35557,M,251,F,NONSYN,0.3024433202519795,0.7783642331874546,0.1927429019713127,-0.4272,100.0,2.0,6.0,0.17886477441934,0.848100696639428,0.8762530513267711,0.1789,0.848100696639428,0.17886477441934,0.848100696639428,,0.848100696639428,0.5996977537227745,0.7564,0.5775166776642476,0.5270050764083862,0.5047,0.3959,0.985,,,,0.4204582730786632,,,,
5256,P35557,M,251,T,NONSYN,0.4428972613017431,0.8165192819926833,0.1728441067130586,-0.9479666666666667,100.0,2.0,6.0,-0.5561809502785561,0.5794661598957421,0.9965057977036573,-0.5562,0.5794661598957421,-0.5561809502785561,0.5794661598957421,,0.5794661598957421,0.40974445113040747,0.728,1.284181293124473,0.5289800763130188,-0.0746,0.3239,1.0,,,,0.4204582730786632,,,,
5257,P35557,M,251,I,NONSYN,0.5092966528428504,0.4383639329071191,0.2872039678284692,0.1806,,,,,,,,,,,,,,0.5067,,0.48910441994667053,0.5067,0.4891,0.995,,,,0.4204582730786632,,,,
5258,P35557,M,251,L,NONSYN,0.4802407566174219,1.02337947475342,0.24177476132661846,-0.2916666666666667,100.0,2.0,6.0,-0.0601759729298026,0.666029483775459,0.9618424966320487,-0.0602,0.666029483775459,-0.0601759729298026,0.666029483775459,,0.666029483775459,0.4709539644478027,0.9325,0.9926682886989981,0.6302046775817871,0.2955,0.3773,0.7120000000000001,,,,0.4204582730786632,,,,
5259,P35557,M,251,K,NONSYN,0.4908604207297649,0.24873045750408032,0.21731437949135027,-1.2170333333333332,,,,,,,,,,,,,,0.2783,,0.47884446382522583,0.2783,0.4788,1.0,,,,0.4204582730786632,,,,
5260,P35557,M,251,G,NONSYN,0.2313069645088376,1.4452703183386273,0.28649404301997394,-2.044633333333333,,,,,,,,,,,,,,1.0413,,0.7594759464263916,1.0413,0.7595,0.9990000000000001,,,,0.4204582730786632,,,,
5261,P35557,M,251,Y,NONSYN,,1.2270558366868332,0.11299174121827393,-1.5137666666666665,,,,,,,,,,,,,,0.8872,,0.4684264659881592,0.8872,0.4684,1.0,,,,0.4204582730786632,,,,
5262,P35557,M,251,N,NONSYN,0.3182579182514713,2.7125846483933667,0.16510846772058604,-1.7266666666666666,100.0,2.0,6.0,0.7018232795815219,0.373932231386335,0.25953457241711,0.7018,0.373932231386335,0.7018232795815219,0.373932231386335,,0.373932231386335,0.26441001651749463,2.1888,1.4869884994406948,0.9682755470275879,0.805,0.2551,1.0,,,,0.4204582730786632,,,,
5263,P35557,M,251,C,NONSYN,,1.3927789595274487,0.16466812763344607,-1.4597333333333333,100.0,2.0,6.0,-0.505665189378556,0.255091520963814,0.9955877449811272,-0.5057,0.255091520963814,-0.505665189378556,0.255091520963814,,0.255091520963814,0.1803769442967032,0.9052,1.4108870688608253,0.5127800107002258,-0.3503,0.1702,1.0,,,,0.4204582730786632,,,,
5264,P35557,M,251,P,NONSYN,0.29396488881585514,2.301794403975437,0.1371029521165076,-1.7313666666666665,100.0,2.0,6.0,1.9341940128353101,0.5405274027107,8.528605855909976e-05,1.9342,0.5405274027107,1.9341940128353101,0.5405274027107,,0.5405274027107,0.3822105918738878,1.5655,0.36865059967307867,0.8455477952957153,1.8716,0.3483,1.0,,,,0.4204582730786632,,,,
5265,P35557,M,251,E,NONSYN,0.3715633530173947,2.1640546616361704,0.15852426363907032,-1.7125666666666666,100.0,2.0,6.0,2.34741323985311,0.422114753097673,3.5499902226361592e-06,2.3474,0.422114753097673,2.34741323985311,0.422114753097673,,0.422114753097673,0.29848020435424977,1.2615,1.085924802200522,0.8765753507614136,2.2346,0.2825,1.0,,,,0.4204582730786632,,,,
5266,P35557,M,251,M,SYN,,,,,,,,,,,,,,,,,,,,,,,,,,,0.4204582730786632,,,,
5267,P35557,M,251,W,NONSYN,0.17309253470131644,0.3444253613720263,0.14421114380005237,-1.3791,100.0,2.0,6.0,-0.0084958208567089,0.568633397026104,0.9506477024428515,-0.0085,0.568633397026104,-0.0084958208567089,0.568633397026104,,0.568633397026104,0.40208453104630054,0.3362,0.3446512950426525,0.43092280626296997,0.1519,0.294,1.0,,,,0.4204582730786632,,,,
5268,P35557,M,251,H,NONSYN,,0.5864049434680431,0.16693886196482835,-1.575,100.0,2.0,6.0,3.8561466924916803,0.142631595976599,6.145438745351551e-12,3.8561,0.142631595976599,3.8561466924916803,0.142631595976599,,0.142631595976599,0.10085576872651303,0.6181,3.2380951635610162,0.5420171022415161,3.7478,0.0992,1.0,,,,0.4204582730786632,,,,
5269,P35557,M,251,Q,NONSYN,0.13890249407095925,0.2730289404575346,0.27657989619854956,-0.3912,100.0,2.0,6.0,1.6948706526091,0.105051238281563,0.000491523513022016,1.6949,0.105051238281563,1.6948706526091,0.105051238281563,,0.105051238281563,0.07428244296093703,0.3867,1.3081845957567593,0.5296571254730225,1.6696,0.0736,1.0,,,,0.4204582730786632,,,,
5270,P35557,M,251,*,STOP,,,,,100.0,2.0,6.0,-0.298507823882896,0.05,0.9882022315953751,-0.2985,0.05,-0.298507823882896,0.05,,0.05,0.035355339059327376,,,,-0.2985,0.0354,,,,,0.4204582730786632,E,254.0,,
5271,P35557,C,252,S,NONSYN,0.3604904794435106,3.7569144477441405,0.14760359997658057,-0.9790999999999999,100.0,2.0,6.0,0.256642073079903,0.33065829815986303,0.8220337635787787,0.2566,0.33065829815986303,0.256642073079903,0.33065829815986303,,0.33065829815986303,0.23381072488444243,2.3469,2.0902750793248823,1.573107361793518,0.3018,0.2313,1.0,,,,0.003321057485449872,,,,
5272,P35557,C,252,A,NONSYN,0.3068439069280049,2.256820386278998,0.166446843379173,-0.9634666666666667,100.0,2.0,6.0,1.7511890539066801,0.269889451210766,0.0003274406073986174,1.7512,0.269889451210766,1.7511890539066801,0.269889451210766,,0.269889451210766,0.1908406611218485,1.5509,0.20029562796521283,0.9091222286224365,1.7427,0.1868,0.9309999999999999,,,,0.003321057485449872,,,,
5273,P35557,C,252,V,NONSYN,0.3179103570647324,2.4789857413948546,0.16348986973266497,-0.9982333333333333,100.0,2.0,6.0,4.09042819212776,0.14274748375065902,6.199920823090865e-13,4.0904,0.14274748375065902,4.09042819212776,0.14274748375065902,,0.14274748375065902,0.10093771375740748,2.048,2.042464096058424,0.9256994724273682,4.0664,0.1003,0.413,,,,0.003321057485449872,,,,
5274,P35557,C,252,R,NONSYN,0.23801989209795835,0.15990106291498116,0.13354547861337168,-2.6622333333333335,100.0,2.0,6.0,-0.161218073025442,0.23572915182023302,0.9768914287832039,-0.1612,0.23572915182023302,-0.161218073025442,0.23572915182023302,,0.23572915182023302,0.16668568177543994,0.2403,0.401564832583166,0.4220711290836334,-0.107,0.155,1.0,,,,0.003321057485449872,,,,
5275,P35557,C,252,D,NONSYN,0.10680431653988344,0.2345133786385795,0.12542576743012157,-2.6273,100.0,2.0,6.0,-0.38505502019623705,0.3056437861717439,0.9922167063990097,-0.3851,0.3056437861717439,-0.38505502019623705,0.3056437861717439,,0.3056437861717439,0.21612279382957122,0.2585,0.6435369995663542,0.3979661464691162,-0.2385,0.1899,1.0,,,,0.003321057485449872,,,,
5276,P35557,C,252,F,NONSYN,0.3827796558639093,0.8967685437957981,0.14369289085619108,-1.5911666666666668,100.0,2.0,6.0,-0.341611198187559,0.47929041980553,0.9904177543802526,-0.3416,0.47929041980553,-0.341611198187559,0.47929041980553,,0.47929041980553,0.3389095060022374,0.7981,1.1396751916415384,0.5143489241600037,0.0034,0.283,0.9990000000000001,,,,0.003321057485449872,,,,
5277,P35557,C,252,T,NONSYN,0.21098713877231906,3.0346648408943313,0.08580583488120685,-0.9784999999999999,100.0,2.0,6.0,2.42339089362933,0.607429152919841,1.9369941990417546e-06,2.4234,0.607429152919841,2.42339089362933,0.607429152919841,,0.607429152919841,0.4295172731200199,2.1882,0.23514821975542866,0.8146939277648926,2.3722,0.3799,0.9990000000000001,,,,0.003321057485449872,,,,
5278,P35557,C,252,I,NONSYN,0.3827538054181146,2.2568203862789975,0.166446843379173,-0.9634666666666667,100.0,2.0,6.0,4.7569242574753305,0.0530640097879468,6.445459752867822e-16,4.7569,0.0530640097879468,4.7569242574753305,0.0530640097879468,,0.0530640097879468,0.03752192115800651,1.5509,3.2060308315338633,0.9091222286224365,4.7515,0.0375,0.997,,,,0.003321057485449872,,,,
5279,P35557,C,252,L,NONSYN,0.4158145620941803,0.43181290979126835,0.17323143224076942,-1.554,100.0,2.0,6.0,1.05325570382603,0.24741185564345602,0.037538108786577436,1.0533,0.24741185564345602,1.05325570382603,0.24741185564345602,,0.24741185564345602,0.17494660087143493,0.5999,0.45331188716419524,0.5420171022415161,1.0105,0.1665,0.98,,,,0.003321057485449872,,,,
5280,P35557,C,252,K,NONSYN,0.0,0.499211921132962,0.09763760163066443,-2.5341,100.0,2.0,6.0,0.124182424953539,0.687176907635908,0.9049640898564387,0.1242,0.687176907635908,0.124182424953539,0.687176907635908,,0.687176907635908,0.48590745126415236,0.4447,0.32047478158180037,0.4438139796257019,0.2989,0.3277,1.0,,,,0.003321057485449872,,,,
5281,P35557,C,252,G,NONSYN,0.4785067081693568,0.14987272205663502,0.23220899851885843,-2.4234666666666667,100.0,2.0,6.0,0.827921862146347,0.0674088806323539,0.1394345084696732,0.8279,0.0674088806323539,0.827921862146347,0.0674088806323539,,0.0674088806323539,0.04766527660733196,0.3854,0.4425078578204803,0.5348173975944519,0.8244,0.0475,0.986,,,,0.003321057485449872,,,,
5282,P35557,C,252,Y,NONSYN,0.18775280364475316,0.896768543795798,0.14369289085619108,-1.5911666666666668,100.0,2.0,6.0,0.27567267475458895,0.981935511598381,0.8060583707323808,0.2757,0.981935511598381,0.27567267475458895,0.981935511598381,,0.981935511598381,0.6943332589390969,0.7827,0.5070384735074349,0.5143489241600037,0.6031,0.4133,1.0,,,,0.003321057485449872,,,,
5283,P35557,C,252,N,NONSYN,0.3555954207344509,0.8425583041201397,0.23951631329332582,-1.6354333333333333,100.0,2.0,6.0,0.4383033937815639,0.550663086487247,0.6237182296874305,0.4383,0.550663086487247,0.4383033937815639,0.550663086487247,,0.550663086487247,0.38937760260424664,0.7769,0.3386199050541905,0.5888362526893616,0.5413,0.3248,1.0,,,,0.003321057485449872,,,,
5284,P35557,C,252,C,SYN,,,,,100.0,2.0,6.0,0.935989931216657,0.05,0.07615666822272112,0.936,0.05,0.935989931216657,0.05,,0.05,0.035355339059327376,,,,0.936,0.0354,,,,,0.003321057485449872,,,,
5285,P35557,C,252,P,NONSYN,0.23278771184927005,0.2636287380248147,0.17196968282456107,-2.5291333333333337,100.0,2.0,6.0,0.8309319742779809,0.33389164759454,0.13721267297400033,0.8309,0.33389164759454,0.8309319742779809,0.33389164759454,,0.33389164759454,0.2360970481956482,0.2944,0.5365066655736047,0.44656896591186523,0.7137,0.2087,1.0,,,,0.003321057485449872,,,,
5286,P35557,C,252,E,NONSYN,0.09400502805141753,-0.17081561951949312,0.121358904844229,-2.6934333333333336,100.0,2.0,6.0,0.145385949681585,0.117149347042644,0.8946536576107862,0.1454,0.117149347042644,0.145385949681585,0.117149347042644,,0.117149347042644,0.08283709770542978,0.0778,0.06753831989604728,0.2947961091995239,0.1404,0.0797,1.0,,,,0.003321057485449872,,,,
5287,P35557,C,252,M,NONSYN,,0.383315966473345,0.18168375571763284,-1.5635333333333332,100.0,2.0,6.0,1.1987465337798,0.0849422318659377,0.014853848485902868,1.1987,0.0849422318659377,1.1987465337798,0.0849422318659377,,0.0849422318659377,0.06006322816152459,0.4177,0.7810129241034389,0.5043739080429077,1.1878,0.0596,0.9990000000000001,,,,0.003321057485449872,,,,
5288,P35557,C,252,W,NONSYN,0.3650350897967528,0.45964279116455437,0.21955422968647154,-2.438333333333333,100.0,2.0,6.0,-0.101388345177411,0.327794483093462,0.9689142739398047,-0.1014,0.327794483093462,-0.101388345177411,0.327794483093462,,0.327794483093462,0.23178570183092606,0.4318,0.5332323412253847,0.557441234588623,-0.0228,0.214,1.0,,,,0.003321057485449872,,,,
5289,P35557,C,252,H,NONSYN,0.2472156663565278,0.09488629368543396,0.12029361980325974,-2.6413333333333333,100.0,2.0,6.0,0.0338262346631996,0.340759961096585,0.9390959509021631,0.0338,0.340759961096585,0.0338262346631996,0.340759961096585,,0.340759961096585,0.24095367924825936,0.1867,0.15289208022289352,0.3607020378112793,0.081,0.2004,1.0,,,,0.003321057485449872,,,,
5290,P35557,C,252,Q,NONSYN,0.31620129737801284,0.283571980640825,0.18015506942672502,-2.441966666666667,100.0,2.0,6.0,0.42682408639377706,0.625233569429699,0.6390487409474592,0.4268,0.625233569429699,0.42682408639377706,0.625233569429699,,0.625233569429699,0.4421068967692102,0.3122,0.1145824129242336,0.4260089099407196,0.3674,0.3068,1.0,,,,0.003321057485449872,,,,
5291,P35557,C,252,*,STOP,,,,,100.0,2.0,6.0,-0.309667073434221,0.05,0.9888224830492918,-0.3097,0.05,-0.309667073434221,0.05,,0.05,0.035355339059327376,,,,-0.3097,0.0354,,,,,0.003321057485449872,,,,
5292,P35557,V,253,S,NONSYN,0.33699392667600697,-0.10952452581384221,0.1096787273545168,-1.4466,100.0,2.0,6.0,-0.208222801222386,0.0936157140170527,0.9816700447037281,-0.2082,0.0936157140170527,-0.208222801222386,0.0936157140170527,,0.0936157140170527,0.06619630620707849,0.1061,0.3143220491548201,0.2929692268371582,-0.193,0.0646,0.9990000000000001,,,,0.006596651944473008,,,,
5293,P35557,V,253,A,NONSYN,0.4716545268994549,0.11142694040153411,0.1338175993719918,-0.7901333333333334,100.0,2.0,6.0,0.110400043890725,0.103358588468096,0.9111503419505049,0.1104,0.103358588468096,0.110400043890725,0.103358588468096,,0.103358588468096,0.07308555879966036,0.4466,0.3362269173405067,0.49986889958381653,0.1174,0.0723,0.077,,,,0.006596651944473008,,,,
5294,P35557,V,253,V,SYN,,,,,100.0,2.0,6.0,0.959915153353018,0.05,0.06616411871920555,0.9599,0.05,0.959915153353018,0.05,,0.05,0.035355339059327376,,,,0.9599,0.0354,,,,,0.006596651944473008,,,,
5295,P35557,V,253,R,NONSYN,0.17643841508486408,0.27760653036897737,0.1130524466016024,-1.9857333333333334,100.0,2.0,6.0,-0.0499819382177983,0.0930225214512884,0.9598561999877402,-0.05,0.0930225214512884,-0.0499819382177983,0.0930225214512884,,0.0930225214512884,0.06577685572127712,0.3005,0.3505208953367863,0.39961689710617065,-0.0407,0.0649,1.0,,,,0.006596651944473008,,,,
5296,P35557,V,253,D,NONSYN,0.27348180848279724,0.222227433371325,0.04082817847487914,-2.3809,,,,,,,,,,,,,,0.2585,,0.33922919631004333,0.2585,0.3392,1.0,,,,0.006596651944473008,,,,
5297,P35557,V,253,F,NONSYN,0.4053248813429461,0.03455635608405233,0.03773343506768285,-0.9184666666666667,100.0,2.0,6.0,0.0044938906877233,0.41176470611993393,0.9473535569352336,0.0045,0.41176470611993393,0.0044938906877233,0.41176470611993393,,0.41176470611993393,0.2911616159506911,0.1362,0.13166427762816416,0.30434083938598633,0.0674,0.2104,1.0,,,,0.006596651944473008,,,,
5298,P35557,V,253,T,NONSYN,0.3185872156759129,0.7928450891154265,0.049878536130297246,-0.1374,100.0,2.0,6.0,0.12829510493306098,0.382879624097666,0.9030410485688853,0.1283,0.382879624097666,0.12829510493306098,0.382879624097666,,0.382879624097666,0.27073677857761586,0.7416,0.6132667251107318,0.4217519760131836,0.3073,0.2278,0.9990000000000001,,,,0.006596651944473008,,,,
5299,P35557,V,253,I,NONSYN,0.4306262074024321,0.798810109462872,0.10019299136501997,-0.1123,100.0,2.0,6.0,0.567294147212444,0.072967270642231,0.4389910537493104,0.5673,0.072967270642231,0.567294147212444,0.072967270642231,,0.072967270642231,0.05159565187579563,0.7841,0.21679160336739,0.44277042150497437,0.5702,0.0512,0.983,,,,0.006596651944473008,,,,
5300,P35557,V,253,L,NONSYN,0.4667115524229356,0.5939841467644853,0.09523443524970998,-0.29109999999999997,100.0,2.0,6.0,0.724877931985885,0.167707123623992,0.23359843681683837,0.7249,0.167707123623992,0.724877931985885,0.167707123623992,,0.167707123623992,0.11858684436781539,0.7849,0.06003530987736572,0.46143820881843567,0.7286,0.1149,0.912,,,,0.006596651944473008,,,,
5301,P35557,V,253,K,NONSYN,0.1909141340536438,0.03075001939691747,0.05481050842394978,-1.7571333333333332,100.0,2.0,6.0,0.0870656101290981,0.461963150563187,0.9207630090044234,0.0871,0.461963150563187,0.0870656101290981,0.461963150563187,,0.461963150563187,0.32665727642153153,0.1067,0.019590881627341114,0.2832309305667877,0.0982,0.214,1.0,,,,0.006596651944473008,,,,
5302,P35557,V,253,G,NONSYN,0.3807983932718594,0.23416075566338157,0.0380030913333003,-2.1775333333333333,100.0,2.0,6.0,-0.085781905093968,0.11252503373723101,0.9664068229774199,-0.0858,0.11252503373723101,-0.085781905093968,0.11252503373723101,,0.11252503373723101,0.07956721440884108,0.3255,0.4113148183019758,0.35315263271331787,-0.0659,0.0776,0.991,,,,0.006596651944473008,,,,
5303,P35557,V,253,Y,NONSYN,0.33250944557826595,0.03075001939691747,0.05481050842394978,-1.7571333333333332,100.0,2.0,6.0,-0.578172747327823,0.194080308089713,0.9968405611967561,-0.5782,0.194080308089713,-0.578172747327823,0.194080308089713,,0.194080308089713,0.1372355019450104,0.1132,0.6913425962467378,0.2872815430164337,-0.4497,0.1238,1.0,,,,0.006596651944473008,,,,
5304,P35557,V,253,N,NONSYN,0.2445312890805706,-0.12277861469613376,0.043979873446555046,-2.1033666666666666,100.0,2.0,6.0,0.90828604602819,0.0625521865880807,0.08937890771052714,0.9083,0.0625521865880807,0.90828604602819,0.0625521865880807,,0.0625521865880807,0.04423107531447807,0.0833,0.8250177016258767,0.25900998711586,0.8849,0.0436,1.0,,,,0.006596651944473008,,,,
5305,P35557,V,253,C,NONSYN,0.4349501020449153,-0.031109622214645905,0.10246871417577913,-0.9503666666666666,100.0,2.0,6.0,0.201491825583818,0.0786239052393536,0.8622185944937085,0.2015,0.0786239052393536,0.201491825583818,0.0786239052393536,,0.0786239052393536,0.05559549655811545,0.1485,0.053010128739717055,0.3419727683067322,0.2001,0.0549,1.0,,,,0.006596651944473008,,,,
5306,P35557,V,253,P,NONSYN,0.17175025849116904,0.0031605821389800656,0.11538596399840957,-1.883333333333333,100.0,2.0,6.0,-0.16253206505035597,0.11283914995129599,0.9770410047128467,-0.1625,0.11283914995129599,-0.16253206505035597,0.11283914995129599,,0.11283914995129599,0.07978932811388707,0.1067,0.2691885568067952,0.2879050374031067,-0.1433,0.0769,1.0,,,,0.006596651944473008,,,,
5307,P35557,V,253,E,NONSYN,0.32079411141973807,0.10152298794443716,0.11554452290103197,-1.7854,100.0,2.0,6.0,-0.12525329551346098,0.16485067055074898,0.9723872185342478,-0.1253,0.16485067055074898,-0.12525329551346098,0.16485067055074898,,0.16485067055074898,0.11656702702958409,0.1914,0.316637640806506,0.37354034185409546,-0.0972,0.1113,1.0,,,,0.006596651944473008,,,,
5308,P35557,V,253,M,NONSYN,0.4348220015603004,0.321191026936557,0.10149041653539953,-0.2969,100.0,2.0,6.0,1.5432572914696698,0.0772848851501667,0.0014401368567338627,1.5433,0.0772848851501667,1.5432572914696698,0.0772848851501667,,0.0772848851501667,0.05464866637290637,0.3606,1.1826230539418225,0.4373552203178406,1.5251,0.0542,1.0,,,,0.006596651944473008,,,,
5309,P35557,V,253,W,NONSYN,0.20407639127029992,0.06897253127140336,0.11782708023931125,-1.7649666666666668,100.0,2.0,6.0,-0.0276019254943596,0.13261760971205802,0.9551246384870445,-0.0276,0.13261760971205802,-0.0276019254943596,0.13261760971205802,,0.13261760971205802,0.09377481113214717,0.1318,0.1593877652904259,0.3040658235549927,-0.0138,0.0896,1.0,,,,0.006596651944473008,,,,
5310,P35557,V,253,H,NONSYN,0.2484595230317529,0.2575074009054746,0.03743724286624399,-2.2815999999999996,100.0,2.0,6.0,-0.15582184082024697,0.11588901402576299,0.9762666405867956,-0.1558,0.11588901402576299,-0.15582184082024697,0.11588901402576299,,0.11588901402576299,0.08194590768263992,0.2858,0.44162849670403603,0.342544823884964,-0.1319,0.0797,1.0,,,,0.006596651944473008,,,,
5311,P35557,V,253,Q,NONSYN,0.31633139311143543,-0.021929870292907497,0.1197620618989162,-1.7866,100.0,2.0,6.0,0.245105279198573,0.0965001503609313,0.8311775932518317,0.2451,0.0965001503609313,0.245105279198573,0.0965001503609313,,0.0965001503609313,0.06823591070573598,0.1067,0.1384487874421338,0.29269737005233765,0.238,0.0665,1.0,,,,0.006596651944473008,,,,
5312,P35557,V,253,*,STOP,,,,,100.0,2.0,6.0,0.102956106813346,0.05,0.9143312930380624,0.103,0.05,0.102956106813346,0.05,,0.05,0.035355339059327376,,,,0.103,0.0354,,,,,0.006596651944473008,,,,
5313,P35557,N,254,S,NONSYN,0.4614809963725863,-0.2352686417091744,0.15686227551397247,-0.21126666666666663,100.0,2.0,6.0,-0.263908005615372,0.17572971134397902,0.9860424263877315,-0.2639,0.17572971134397902,-0.263908005615372,0.17572971134397902,,0.17572971134397902,0.12425967054728213,0.2311,0.49496997084249905,0.41840091347694397,-0.2238,0.1191,0.9740000000000001,,,,6.478346580863004,,,,
5314,P35557,N,254,A,NONSYN,0.4106254114956999,-0.13281546879906522,0.04589801652297861,-0.7071000000000001,100.0,2.0,6.0,0.113281033167248,0.13797956016061802,0.9098894773174313,0.1133,0.13797956016061802,0.113281033167248,0.13797956016061802,,0.13797956016061802,0.09756628265471019,0.1493,0.03604541050493218,0.32567131519317627,0.1162,0.0935,0.94,,,,6.478346580863004,,,,
5315,P35557,N,254,V,NONSYN,0.4102202219640225,0.18956327179504306,0.05938003985345838,-2.3712,100.0,2.0,6.0,0.488719725496324,0.25597643684757004,0.5533576102113305,0.4887,0.25597643684757004,0.488719725496324,0.25597643684757004,,0.25597643684757004,0.1810026743188868,0.2817,0.20700480926707593,0.3444974422454834,0.4439,0.1602,0.998,,,,6.478346580863004,,,,
5316,P35557,N,254,R,NONSYN,0.3307848248630052,-0.02282557544428948,0.04779835830851112,-0.6087666666666667,100.0,2.0,6.0,-0.0276219451876433,0.0970096952566199,0.955129110725663,-0.0276,0.0970096952566199,-0.0276219451876433,0.0970096952566199,,0.0970096952566199,0.06859621335679637,0.2215,0.2490998709650786,0.3553677797317505,-0.0187,0.0674,0.9990000000000001,,,,6.478346580863004,,,,
5317,P35557,N,254,D,NONSYN,0.4678114494578813,-0.26428223200348705,0.15701227840301554,-0.12283333333333335,,,,,,,,,,,,,,0.2391,,0.41053447127342224,0.2391,0.4105,0.966,,,,6.478346580863004,,,,
5318,P35557,N,254,F,NONSYN,0.4766309376333202,0.3347595947713377,0.08256791150892877,-2.3051,100.0,2.0,6.0,0.0531307565674401,0.0792304260881784,0.9329822529944585,0.0531,0.0792304260881784,0.0531307565674401,0.0792304260881784,,0.0792304260881784,0.056024371563250484,0.3482,0.2950816643729591,0.3652495741844177,0.0599,0.0554,1.0,,,,6.478346580863004,,,,
5319,P35557,N,254,T,NONSYN,0.41339841489256257,0.038881273258172956,0.13088015287186397,-0.23133333333333336,100.0,2.0,6.0,-0.17686723473243401,0.173301626741108,0.9786099138467007,-0.1769,0.173301626741108,-0.17686723473243401,0.173301626741108,,0.173301626741108,0.12254275545929738,0.2519,0.42880867722205807,0.4166211187839508,-0.1427,0.1176,0.991,,,,6.478346580863004,,,,
5320,P35557,N,254,I,NONSYN,0.408580276197032,0.23307892155522203,0.06533837198372579,-2.3165333333333336,100.0,2.0,6.0,0.3581727762157871,0.228359123427203,0.723535199610294,0.3582,0.228359123427203,0.3581727762157871,0.228359123427203,,0.228359123427203,0.16147428472119102,0.2601,0.09807205390285983,0.34118181467056274,0.3402,0.146,1.0,,,,6.478346580863004,,,,
5321,P35557,N,254,L,NONSYN,0.3056093223191409,0.30000775275985037,0.08298235618750291,-2.2992666666666666,100.0,2.0,6.0,0.157386282601902,0.0710102437921085,0.8883678827984461,0.1574,0.0710102437921085,0.157386282601902,0.0710102437921085,,0.0710102437921085,0.05021182491910986,0.3124,0.15496834166949083,0.35578739643096924,0.1604,0.0497,1.0,,,,6.478346580863004,,,,
5322,P35557,N,254,K,NONSYN,0.42687331501914416,-0.17786109620472637,0.1310308473963848,-0.41683333333333333,100.0,2.0,6.0,0.3023477348766839,0.112320405208474,0.781750785330434,0.3023,0.112320405208474,0.3023477348766839,0.112320405208474,,0.112320405208474,0.07942252018853277,0.2029,0.09947885603528378,0.4123675525188446,0.2988,0.078,1.0,,,,6.478346580863004,,,,
5323,P35557,N,254,G,NONSYN,0.3767377141694753,-0.1164203521384491,0.04866154368341885,-0.8320333333333334,100.0,2.0,6.0,0.0640956831853997,0.119727342698916,0.9292480436820091,0.0641,0.119727342698916,0.0640956831853997,0.119727342698916,,0.119727342698916,0.08466001591584918,0.1276,0.06353866329973824,0.2869747579097748,0.0692,0.0812,0.9990000000000001,,,,6.478346580863004,,,,
5324,P35557,N,254,Y,NONSYN,0.484545468725929,-0.031191874482718703,0.05407539397572367,-1.7925666666666666,,,,,,,,,,,,,,0.1132,,0.2828945219516754,0.1132,0.2829,1.0,,,,6.478346580863004,,,,
5325,P35557,N,254,N,SYN,,,,,,,,,,,,,,,,,,,,,,,,,,,6.478346580863004,,,,
5326,P35557,N,254,C,NONSYN,0.3246931060135203,0.0960625501807033,0.0791284674098713,-1.9286333333333332,100.0,2.0,6.0,0.10695645150605801,0.0738576065350214,0.9126355311230758,0.107,0.0738576065350214,0.10695645150605801,0.0738576065350214,,0.0738576065350214,0.052225214423121495,0.1867,0.07976186338003513,0.32576096057891846,0.109,0.0516,1.0,,,,6.478346580863004,,,,
5327,P35557,N,254,P,NONSYN,0.19454249209923347,0.1663711454499793,0.06599087008140898,-1.9106666666666665,100.0,2.0,6.0,-0.10396933430177001,0.19942992657243802,0.9693103175521204,-0.104,0.19942992657243802,-0.10396933430177001,0.19942992657243802,,0.19942992657243802,0.14101825345090616,0.4287,0.5326684402797821,0.4099908471107483,-0.0476,0.1334,0.131,,,,6.478346580863004,,,,
5328,P35557,N,254,E,NONSYN,0.4910285186421727,0.11294049095814677,0.04494526979790824,-0.6100333333333333,100.0,2.0,6.0,-0.4349201443949521,0.119053706409583,0.9938555881403978,-0.4349,0.119053706409583,-0.4349201443949521,0.119053706409583,,0.119053706409583,0.08418368312760847,0.3571,0.7920574668207944,0.39008665084838867,-0.3997,0.0823,0.9840000000000001,,,,6.478346580863004,,,,
5329,P35557,N,254,M,NONSYN,0.37063326035798777,0.163902280900204,0.07844006129131977,-1.9243333333333332,100.0,2.0,6.0,-0.0965627406524441,0.0860664077882023,0.9681598616341474,-0.0966,0.0860664077882023,-0.0965627406524441,0.0860664077882023,,0.0860664077882023,0.060858140579404536,0.2403,0.3369095002101681,0.353702187538147,-0.0869,0.06,1.0,,,,6.478346580863004,,,,
5330,P35557,N,254,W,NONSYN,0.5592228368220948,0.18956327179504306,0.05938003985345838,-2.3712,100.0,2.0,6.0,-0.0224678364703924,0.08895051082146001,0.9539629337508784,-0.0225,0.08895051082146001,-0.0224678364703924,0.08895051082146001,,0.08895051082146001,0.06289750939186174,0.2601,0.28256855878331966,0.34118181467056274,-0.0132,0.0619,1.0,,,,6.478346580863004,,,,
5331,P35557,N,254,H,NONSYN,0.4549298465836239,-0.12085704994486636,0.1345260486730778,-0.22196666666666665,100.0,2.0,6.0,-0.607142780908296,0.38475214643973105,0.9972309040048409,-0.6071,0.38475214643973105,-0.607142780908296,0.38475214643973105,,0.38475214643973105,0.2720608518236134,0.2108,0.8179183052861189,0.41840091347694397,-0.3641,0.2281,1.0,,,,6.478346580863004,,,,
5332,P35557,N,254,Q,NONSYN,0.3943650294167221,-0.046142501823707355,0.0639141171618204,-0.25233333333333335,100.0,2.0,6.0,0.0782040905132069,0.5146224388894161,0.9241463995447654,0.0782,0.5146224388894161,0.0782040905132069,0.5146224388894161,,0.5146224388894161,0.36389301628946574,0.2187,0.14051434882738453,0.36909475922584534,0.1475,0.2591,0.998,,,,6.478346580863004,,,,
5333,P35557,N,254,*,STOP,,,,,100.0,2.0,6.0,-0.367618777332614,0.05,0.9915410819435773,-0.3676,0.05,-0.367618777332614,0.05,,0.05,0.035355339059327376,,,,-0.3676,0.0354,,,,,6.478346580863004,,,,
5334,P35557,T,255,S,NONSYN,0.5112342370012433,0.06259052525521953,0.07872598863086296,-0.33873333333333333,100.0,2.0,6.0,0.228509835232142,0.10721470083425999,0.8436336044971656,0.2285,0.10721470083425999,0.228509835232142,0.10721470083425999,,0.10721470083425999,0.07581224200279223,0.3412,0.11265576697504184,0.37888994812965393,0.2328,0.0743,0.22,,,,0.16392083635781493,,,,
5335,P35557,T,255,A,NONSYN,0.4371005638552374,-0.1714394489410148,0.14530517033812423,-0.5245,100.0,2.0,6.0,0.5676651480675999,0.206761919741483,0.4384526698806114,0.5677,0.206761919741483,0.5676651480675999,0.206761919741483,,0.206761919741483,0.1462027555403513,0.2438,0.3238922241212193,0.41414734721183777,0.5318,0.1379,0.948,,,,0.16392083635781493,,,,
5336,P35557,T,255,V,NONSYN,0.335359974884157,0.11517884108150055,0.15111621763937155,-0.4691,100.0,2.0,6.0,-0.29218972199994603,0.108375065101196,0.9878353471637485,-0.2922,0.108375065101196,-0.29218972199994603,0.108375065101196,,0.108375065101196,0.07663274344458924,0.3041,0.5962789403780131,0.4311941862106323,-0.2739,0.0755,0.9990000000000001,,,,0.16392083635781493,,,,
5337,P35557,T,255,R,NONSYN,0.3928132642818517,0.04550073040387,0.07298254820175487,-1.2489999999999999,100.0,2.0,6.0,-0.21745183379956398,0.0906955654421583,0.9824822200033685,-0.2175,0.0906955654421583,-0.21745183379956398,0.0906955654421583,,0.0906955654421583,0.06413144934769843,0.1348,0.3522964349538914,0.29017728567123413,-0.201,0.0626,1.0,,,,0.16392083635781493,,,,
5338,P35557,T,255,D,NONSYN,0.24736015353784535,0.03284974171548467,0.049350242572735285,-1.2412666666666667,100.0,2.0,6.0,-0.179498867734408,0.24548684647344898,0.9788857895804196,-0.1795,0.24548684647344898,-0.179498867734408,0.24548684647344898,,0.24548684647344898,0.17358541383347667,0.1392,0.31873677824351754,0.3155733644962311,-0.1055,0.1521,0.9990000000000001,,,,0.16392083635781493,,,,
5339,P35557,T,255,F,NONSYN,0.2626450658678516,-0.10873311524355182,0.06000740221966356,-1.4809,100.0,2.0,6.0,-0.0338785586535642,0.0624559408688419,0.956505226438884,-0.0339,0.0624559408688419,-0.0338785586535642,0.0624559408688419,,0.0624559408688419,0.04416301931374414,0.1054,0.13923596717712378,0.2836664319038391,-0.0306,0.0436,1.0,,,,0.16392083635781493,,,,
5340,P35557,T,255,T,SYN,,,,,100.0,2.0,6.0,1.77492823292009,0.05,0.0002756082039436192,1.7749,0.05,1.77492823292009,0.05,,0.05,0.035355339059327376,,,,1.7749,0.0354,,,,,0.16392083635781493,,,,
5341,P35557,T,255,I,NONSYN,0.39900335367527456,-0.12278739279115268,0.1349751956855412,-0.8405666666666667,100.0,2.0,6.0,0.574443564602443,0.20678799497288297,0.42863601327494844,0.5744,0.20678799497288297,0.574443564602443,0.20678799497288297,,0.20678799497288297,0.14622119351329524,0.1332,0.44121037501961824,0.31802287697792053,0.4974,0.1329,1.0,,,,0.16392083635781493,,,,
5342,P35557,T,255,L,NONSYN,0.3692076635094301,-0.15901029641800002,0.08403585283064309,-1.2598666666666667,100.0,2.0,6.0,0.440914132616743,0.153060960118205,0.6201905122231096,0.4409,0.153060960118205,0.440914132616743,0.153060960118205,,0.153060960118205,0.10823044283450645,0.1043,0.33661387207291976,0.28634974360466003,0.3988,0.1012,0.9990000000000001,,,,0.16392083635781493,,,,
5343,P35557,T,255,K,NONSYN,0.35305220057868336,0.11129033400905364,0.1414583356393786,-0.8414,100.0,2.0,6.0,-0.127789615798176,0.10248143235568101,0.9727323523694801,-0.1278,0.10248143235568101,-0.127789615798176,0.10248143235568101,,0.10248143235568101,0.0724653157644125,0.2241,0.35186919491308993,0.41302406787872314,-0.1173,0.0714,1.0,,,,0.16392083635781493,,,,
5344,P35557,T,255,G,NONSYN,0.43600131382643137,-0.13546061416311472,0.06057936869806923,-1.4976,100.0,2.0,6.0,0.0463039381051245,0.0515679737544341,0.9352097374280178,0.0463,0.0515679737544341,0.0463039381051245,0.0515679737544341,,0.0515679737544341,0.036464063933810256,0.1043,0.05799632243869874,0.2836664319038391,0.0472,0.0362,0.9990000000000001,,,,0.16392083635781493,,,,
5345,P35557,T,255,Y,NONSYN,0.2452402164451186,-0.05339785613243556,0.058322836160458136,-1.4882666666666668,100.0,2.0,6.0,-0.199884335986913,0.0865377166914138,0.9809029676126916,-0.1999,0.0865377166914138,-0.199884335986913,0.0865377166914138,,0.0865377166914138,0.061191406300898976,0.1269,0.3268309044759877,0.2902982831001282,-0.186,0.0599,1.0,,,,0.16392083635781493,,,,
5346,P35557,T,255,N,NONSYN,0.4084330644454248,0.0470168838488503,0.1425425355591908,-0.5004666666666666,100.0,2.0,6.0,-0.0877038503019953,0.238881596100348,0.9667263410680019,-0.0877,0.238881596100348,-0.0877038503019953,0.238881596100348,,0.238881596100348,0.168914796503222,0.2572,0.3449136877386713,0.41414734721183777,-0.0385,0.1564,0.9990000000000001,,,,0.16392083635781493,,,,
5347,P35557,T,255,C,NONSYN,0.4354541497454498,0.34656565885657803,0.06352721374115418,-0.9072999999999999,100.0,2.0,6.0,0.20153086549238802,0.0744251438729795,0.8621932031426329,0.2015,0.0744251438729795,0.20153086549238802,0.0744251438729795,,0.0744251438729795,0.052626523923368224,0.3453,0.1437381588797128,0.38980191946029663,0.2041,0.0522,1.0,,,,0.16392083635781493,,,,
5348,P35557,T,255,P,NONSYN,0.34993609822478866,0.04550073040386999,0.07298254820175488,-1.2489999999999999,100.0,2.0,6.0,-0.172618947848867,0.233811799217754,0.9781567495901339,-0.1726,0.233811799217754,-0.172618947848867,0.233811799217754,,0.233811799217754,0.16532990874830134,0.1498,0.3223728760333763,0.33288878202438354,-0.1088,0.1481,0.9940000000000001,,,,0.16392083635781493,,,,
5349,P35557,T,255,E,NONSYN,0.187606014059847,0.2160616047655517,0.05715613162552144,-0.9009666666666667,100.0,2.0,6.0,0.593043027765467,0.13920849507224803,0.40194330357823893,0.593,0.13920849507224803,0.593043027765467,0.13920849507224803,,0.13920849507224803,0.09843527086436066,0.2697,0.3233464344808601,0.36973196268081665,0.5716,0.0951,1.0,,,,0.16392083635781493,,,,
5350,P35557,T,255,M,NONSYN,0.3518740482942453,0.11350205358336264,0.057472526372028127,-0.8553000000000001,100.0,2.0,6.0,-0.13442477452110302,0.557884480689959,0.9736146307746607,-0.1344,0.557884480689959,-0.13442477452110302,0.557884480689959,,0.557884480689959,0.3944838994146055,0.2235,0.35789164769004833,0.35930633544921875,0.0612,0.2656,1.0,,,,0.16392083635781493,,,,
5351,P35557,T,255,W,NONSYN,0.2914737870902876,-0.062486318845117565,0.027937208240697443,-1.5825333333333333,100.0,2.0,6.0,-0.282712820833737,0.0855152632479809,0.9872627333122674,-0.2827,0.0855152632479809,-0.282712820833737,0.0855152632479809,,0.0855152632479809,0.06046842253760003,0.1186,0.4012750423608366,0.28201717138290405,-0.2651,0.0591,1.0,,,,0.16392083635781493,,,,
5352,P35557,T,255,H,NONSYN,0.3614886802674268,0.029598772344489332,0.08767344928046877,-1.2503,100.0,2.0,6.0,-0.124913073670725,0.11038429622279199,0.9723405855718955,-0.1249,0.11038429622279199,-0.124913073670725,0.11038429622279199,,0.11038429622279199,0.07805348439564082,0.1269,0.2518596421597997,0.29512858390808105,-0.1084,0.0755,1.0,,,,0.16392083635781493,,,,
5353,P35557,T,255,Q,NONSYN,0.1843049627657748,0.10407639142772131,0.14230226293142553,-0.8452333333333334,100.0,2.0,6.0,-0.10614778805417902,0.0786887814998132,0.9696406127151915,-0.1061,0.0786887814998132,-0.10614778805417902,0.0786887814998132,,0.0786887814998132,0.05564137100182446,0.2241,0.33022736716909296,0.41302406787872314,-0.1003,0.0551,1.0,,,,0.16392083635781493,,,,
5354,P35557,T,255,*,STOP,,,,,100.0,2.0,6.0,-0.469913008267339,0.05,0.9947872815300467,-0.4699,0.05,-0.469913008267339,0.05,,0.05,0.035355339059327376,,,,-0.4699,0.0354,,,,,0.16392083635781493,C,273.0,,
5355,P35557,E,256,S,NONSYN,0.4382670271083193,0.5702902860888864,0.14867348041427111,-0.6747666666666666,100.0,2.0,6.0,-0.0076786113240369,0.17538124635785599,0.950446619317009,-0.0077,0.17538124635785599,-0.0076786113240369,0.17538124635785599,,0.17538124635785599,0.12401326859258845,0.5936,0.6012543273427137,0.5282725691795349,0.0237,0.1207,0.9990000000000001,,,,24.38728580140027,,,,
5356,P35557,E,256,A,NONSYN,0.4725389201357859,0.0001892692908268013,0.15616362648920076,-0.8022,100.0,2.0,6.0,-0.168250771967035,0.232704254877231,0.9776805423997712,-0.1683,0.232704254877231,-0.168250771967035,0.232704254877231,,0.232704254877231,0.16454675663465276,0.1721,0.34033170601473395,0.3757599890232086,-0.1135,0.1507,0.997,,,,24.38728580140027,,,,
5357,P35557,E,256,V,NONSYN,0.5148579282991502,-0.05163941929613144,0.15264678549822527,-1.6669666666666665,100.0,2.0,6.0,-0.0548885591766007,0.0634394005127835,0.9608248806010623,-0.0549,0.0634394005127835,-0.0548885591766007,0.0634394005127835,,0.0634394005127835,0.044858430296998555,0.1396,0.19444708306995703,0.3614646792411804,-0.0519,0.0445,0.992,,,,24.38728580140027,,,,
5358,P35557,E,256,R,NONSYN,0.4513055748960305,0.5740035122291874,0.14748088927250189,-0.7211333333333333,100.0,2.0,6.0,-0.17939045038793802,0.2459851817486,0.9788744964246835,-0.1794,0.2459851817486,-0.17939045038793802,0.2459851817486,,0.2459851817486,0.17393779008584043,0.5936,0.7729661664066148,0.5282725691795349,-0.1038,0.1652,0.998,,,,24.38728580140027,,,,
5359,P35557,E,256,D,NONSYN,0.4800060668498122,-0.12912020144624595,0.10037369519342637,-0.020166666666666666,,,,,,,,,,,,,,0.2123,,0.3629387617111206,0.2123,0.3629,0.986,,,,24.38728580140027,,,,
5360,P35557,E,256,F,NONSYN,0.4134101209643438,-0.2304931874328877,0.05917910746523677,-2.4431333333333334,100.0,2.0,6.0,-0.29486265131541,0.28068963637720695,0.9879919825840928,-0.2949,0.28068963637720695,-0.29486265131541,0.28068963637720695,,0.28068963637720695,0.19847754529110925,0.0778,0.3727102811009477,0.2646900415420532,-0.1607,0.1588,1.0,,,,24.38728580140027,,,,
5361,P35557,E,256,T,NONSYN,0.4070866311137473,-0.240432403179526,0.1412057080281834,-0.9768666666666667,100.0,2.0,6.0,0.21514069202722103,0.239146284185698,0.8530862491933779,0.2151,0.239146284185698,0.21514069202722103,0.239146284185698,,0.239146284185698,0.16910195924327226,0.1248,0.09034716251672298,0.3190731406211853,0.1953,0.1494,0.9990000000000001,,,,24.38728580140027,,,,
5362,P35557,E,256,I,NONSYN,0.377366298627538,-0.20370225483274365,0.10660218040569609,-2.3962999999999997,100.0,2.0,6.0,-0.433888455454709,0.16618468486540197,0.9938256108209637,-0.4339,0.16618468486540197,-0.433888455454709,0.16618468486540197,,0.16618468486540197,0.11751031759767513,0.0786,0.5124778948467988,0.28226056694984436,-0.3582,0.1085,0.9990000000000001,,,,24.38728580140027,,,,
5363,P35557,E,256,L,NONSYN,0.4309220950052253,-0.296524021098709,0.10634961636428857,-2.375633333333333,100.0,2.0,6.0,-0.15542315665681303,0.169072353976997,0.9762198009035012,-0.1554,0.169072353976997,-0.15542315665681303,0.169072353976997,,0.169072353976997,0.11955220800830692,0.1222,0.277647666372847,0.2888924181461334,-0.1148,0.1105,0.583,,,,24.38728580140027,,,,
5364,P35557,E,256,K,NONSYN,0.4890082107053284,0.6275275657768535,0.1430070588675435,-0.6217666666666667,100.0,2.0,6.0,-0.217370888626719,0.27290188654208103,0.9824752599224301,-0.2174,0.27290188654208103,-0.217370888626719,0.27290188654208103,,0.27290188654208103,0.1929707745725073,0.6363,0.8536593526960854,0.5318039655685425,-0.118,0.1814,1.0,,,,24.38728580140027,,,,
5365,P35557,E,256,G,NONSYN,0.4522640708552875,-0.15165029598995333,0.13295586778678134,-1.9225,100.0,2.0,6.0,0.265284400434193,0.173609928804353,0.8149179535159621,0.2653,0.173609928804353,0.265284400434193,0.173609928804353,,0.173609928804353,0.12276075793887171,0.0914,0.17387641593903003,0.3033336102962494,0.2408,0.1138,1.0,,,,24.38728580140027,,,,
5366,P35557,E,256,Y,NONSYN,0.4671477233180428,-0.10800907055910969,0.06925926241409015,-2.2137666666666664,100.0,2.0,6.0,-0.353515657654277,0.41125514635978794,0.9909500464599291,-0.3535,0.41125514635978794,-0.353515657654277,0.41125514635978794,,0.41125514635978794,0.2908013027888721,0.0851,0.4385829894452011,0.2668485939502716,-0.1154,0.1966,1.0,,,,24.38728580140027,,,,
5367,P35557,E,256,N,NONSYN,0.4945297857128286,0.5794582269031417,0.07722956262481581,-0.6558999999999999,100.0,2.0,6.0,-0.0351824337668026,0.5668048636073411,0.9567866597434324,-0.0352,0.5668048636073411,-0.0351824337668026,0.5668048636073411,,0.5668048636073411,0.400791562666267,0.5914,0.6265496784872616,0.457854300737381,0.2366,0.3016,0.9990000000000001,,,,24.38728580140027,,,,
5368,P35557,E,256,C,NONSYN,0.4263241553322161,-0.18415125271978802,0.07965492388094776,-2.5622,100.0,2.0,6.0,-0.143067240639093,0.12547212957814802,0.9747204011692838,-0.1431,0.12547212957814802,-0.143067240639093,0.12547212957814802,,0.12547212957814802,0.08872219367462564,0.0778,0.22091487042463073,0.271497905254364,-0.1218,0.0843,1.0,,,,24.38728580140027,,,,
5369,P35557,E,256,P,NONSYN,0.2784783599621833,-0.0026662130388048926,0.08005788635426218,-1.2109666666666667,100.0,2.0,6.0,-0.373655987183605,0.49420942499862497,0.9917816730049328,-0.3737,0.49420942499862497,-0.373655987183605,0.49420942499862497,,0.49420942499862497,0.34945883574283215,0.1347,0.508394790093456,0.30905863642692566,-0.0884,0.2315,0.997,,,,24.38728580140027,,,,
5370,P35557,E,256,E,SYN,,,,,100.0,2.0,6.0,1.62539507880476,0.05,0.0008071395871266294,1.6254,0.05,1.62539507880476,0.05,,0.05,0.035355339059327376,,,,1.6254,0.0354,,,,,24.38728580140027,,,,
5371,P35557,E,256,M,NONSYN,0.4318399535430367,-0.047706605465561575,0.10627421562592071,-1.9440333333333335,100.0,2.0,6.0,-0.0465466711389823,0.380835104836749,0.9591637404301119,-0.0465,0.380835104836749,-0.0465466711389823,0.380835104836749,,0.380835104836749,0.26929108514395494,0.1079,0.1544517907964988,0.2879050374031067,0.0255,0.1967,0.996,,,,24.38728580140027,,,,
5372,P35557,E,256,W,NONSYN,0.3886512979012191,-0.294724754475644,0.08659916676937633,-2.4843333333333333,100.0,2.0,6.0,-0.10216795018714098,0.08268126343822299,0.9690344442892251,-0.1022,0.08268126343822299,-0.10216795018714098,0.08268126343822299,,0.08268126343822299,0.058464482054238834,0.0778,0.1800155799726787,0.2815128266811371,-0.0947,0.0572,1.0,,,,24.38728580140027,,,,
5373,P35557,E,256,H,NONSYN,0.3874690850586482,-0.07408383182625917,0.15138894804495825,-0.6659666666666667,100.0,2.0,6.0,1.9254437424214,0.126854266637112,9.103224315917779e-05,1.9254,0.126854266637112,1.9254437424214,0.126854266637112,,0.126854266637112,0.0896995121615483,0.2405,1.6849323846371287,0.41302406787872314,1.8496,0.0877,1.0,,,,24.38728580140027,,,,
5374,P35557,E,256,Q,NONSYN,0.4979236622050323,0.566798080823548,0.08209954195849402,-0.4386666666666667,100.0,2.0,6.0,-0.162311104387982,0.27588728696667,0.9770159214433881,-0.1623,0.27588728696667,-0.162311104387982,0.27588728696667,,0.27588728696667,0.19508177145729133,0.5914,0.753678349108441,0.44319507479667664,-0.04,0.1785,0.9990000000000001,,,,24.38728580140027,,,,
5375,P35557,E,256,*,STOP,,,,,100.0,2.0,6.0,0.27597147544789696,0.05,0.8057985525013482,0.276,0.05,0.27597147544789696,0.05,,0.05,0.035355339059327376,,,,0.276,0.0354,,,,,24.38728580140027,,,,
5376,P35557,W,257,S,NONSYN,0.23327544968867106,0.35639018563171887,0.06942490449738782,-2.2239,100.0,2.0,6.0,-0.244722009130408,0.152742710230698,0.9846723934341759,-0.2447,0.152742710230698,-0.244722009130408,0.152742710230698,,0.152742710230698,0.10800540618093839,0.3866,0.6313328747233645,0.38622307777404785,-0.1989,0.104,0.998,,,,0.13169092327861173,,,,
5377,P35557,W,257,A,NONSYN,0.2536108292191249,0.2925719265863433,0.07466106026954554,-2.1794666666666664,100.0,2.0,6.0,0.10721006257878699,0.104452921191941,0.9125269582146579,0.1072,0.104452921191941,0.10721006257878699,0.104452921191941,,0.104452921191941,0.07385936888956551,0.3398,0.232625998422037,0.3551052510738373,0.1169,0.0723,0.9990000000000001,,,,0.13169092327861173,,,,
5378,P35557,W,257,V,NONSYN,0.2698857177948161,0.6686183267303982,0.07018237666556448,-1.702,100.0,2.0,6.0,-0.15697321514845497,0.10820806713890899,0.9764013822586498,-0.157,0.10820806713890899,-0.15697321514845497,0.10820806713890899,,0.10820806713890899,0.07651465805301176,0.6715,0.828496845767504,0.4256103038787842,-0.131,0.0753,1.0,,,,0.13169092327861173,,,,
5379,P35557,W,257,R,NONSYN,0.21610500589256476,0.12183158946670199,0.04848223930256463,-2.1348333333333334,100.0,2.0,6.0,0.619431073937711,0.26256017941721105,0.36492426815397166,0.6194,0.26256017941721105,0.619431073937711,0.26256017941721105,,0.26256017941721105,0.1856580833354665,0.2156,0.4038524582722752,0.33371180295944214,0.524,0.1622,1.0,,,,0.13169092327861173,,,,
5380,P35557,W,257,D,NONSYN,0.0,0.09352361530900694,0.09948030902063075,-2.7739333333333334,100.0,2.0,6.0,-0.249582679532471,0.0952269420505594,0.9850321103193469,-0.2496,0.0952269420505594,-0.249582679532471,0.0952269420505594,,0.0952269420505594,0.06733561647560894,0.1674,0.4170194580778507,0.3497256636619568,-0.2347,0.0661,1.0,,,,0.13169092327861173,,,,
5381,P35557,W,257,F,NONSYN,0.4406152869195287,1.0765251851682163,0.03914568419157007,-0.7523666666666666,100.0,2.0,6.0,0.152222836312518,0.0569933506892399,0.8911137048032807,0.1522,0.0569933506892399,0.152222836312518,0.0569933506892399,,0.0569933506892399,0.04030038475490452,0.8131,0.6608296987445499,0.4195943772792816,0.1583,0.0401,1.0,,,,0.13169092327861173,,,,
5382,P35557,W,257,T,NONSYN,0.08704244438925117,0.044062410637298995,0.051726365580346455,-2.3272333333333335,100.0,2.0,6.0,-0.0532672319942814,0.0987426833684184,0.9605074150298157,-0.0533,0.0987426833684184,-0.0532672319942814,0.0987426833684184,,0.0987426833684184,0.06982162100236478,0.1268,0.18011312823833048,0.2678126096725464,-0.0418,0.0676,0.9990000000000001,,,,0.13169092327861173,,,,
5383,P35557,W,257,I,NONSYN,0.08737184453483697,0.16063970912869666,0.07571092541508233,-2.1708,100.0,2.0,6.0,0.503006714951727,0.0898262056756923,0.5327583275636495,0.503,0.0898262056756923,0.503006714951727,0.0898262056756923,,0.0898262056756923,0.06351671916153956,0.2403,0.262659955394003,0.34118181467056274,0.4942,0.0624,1.0,,,,0.13169092327861173,,,,
5384,P35557,W,257,L,NONSYN,0.282864066326912,0.33169932183053896,0.06461712116680994,-1.7075666666666667,100.0,2.0,6.0,0.8537837995511229,0.158784355122525,0.12126615805419295,0.8538,0.158784355122525,0.8537837995511229,0.158784355122525,,0.158784355122525,0.11227749425347033,0.3866,0.4671729339581664,0.40815553069114685,0.8209,0.1083,0.9990000000000001,,,,0.13169092327861173,,,,
5385,P35557,W,257,K,NONSYN,0.0,-0.11143532195814439,0.09921770312896268,-2.72,100.0,2.0,6.0,0.425237677541842,0.119181090689909,0.6411433365660508,0.4252,0.119181090689909,0.425237677541842,0.119181090689909,,0.119181090689909,0.08427375741604355,0.0851,0.3401703457509179,0.29179662466049194,0.399,0.081,1.0,,,,0.13169092327861173,,,,
5386,P35557,W,257,G,NONSYN,0.2578161940803697,0.11962537463337586,0.04566790355651081,-2.3241333333333336,100.0,2.0,6.0,-0.27995612398251196,0.14272767137133402,0.9870909821363422,-0.28,0.14272767137133402,-0.27995612398251196,0.14272767137133402,,0.14272767137133402,0.10092370428963535,0.209,0.4889857389078965,0.33371180295944214,-0.239,0.0966,0.998,,,,0.13169092327861173,,,,
5387,P35557,W,257,Y,NONSYN,0.19858444875175196,0.698374736333449,0.03681803198181709,-1.0095333333333334,100.0,2.0,6.0,1.28667418281682,0.0801932044215922,0.008320759707793998,1.2867,0.0801932044215922,1.28667418281682,0.0801932044215922,,0.0801932044215922,0.056705158651586866,0.6876,0.5990471057141589,0.42218467593193054,1.2761,0.0562,0.997,,,,0.13169092327861173,,,,
5388,P35557,W,257,N,NONSYN,0.0,0.06124165639820703,0.04561921876907102,-2.7140999999999997,100.0,2.0,6.0,-0.0927932575272123,0.39235040875930705,0.9675576879493655,-0.0928,0.39235040875930705,-0.0927932575272123,0.39235040875930705,,0.39235040875930705,0.2774336346350198,0.1224,0.21519541888699928,0.2700211703777313,0.0177,0.1935,1.0,,,,0.13169092327861173,,,,
5389,P35557,W,257,C,NONSYN,0.3417489841899213,-0.1926484550357338,0.05449344569278147,-2.3234666666666666,100.0,2.0,6.0,0.656865365024817,0.06678009004955901,0.3148182281093117,0.6569,0.06678009004955901,0.656865365024817,0.06678009004955901,,0.06678009004955901,0.04722065452229146,0.0778,0.5790177352392792,0.2646900415420532,0.639,0.0465,1.0,,,,0.13169092327861173,,,,
5390,P35557,W,257,P,NONSYN,0.0,0.04760176191833923,0.10039031636952232,-2.691966666666667,100.0,2.0,6.0,-0.0518735740876089,0.0999549811639807,0.9602324663666969,-0.0519,0.0999549811639807,-0.0518735740876089,0.0999549811639807,,0.0999549811639807,0.07067884499442438,0.213,0.2648935709690939,0.3776668906211853,-0.0429,0.0695,0.33,,,,0.13169092327861173,,,,
5391,P35557,W,257,E,NONSYN,0.0,0.3297699283464822,0.09792359721817674,-2.6246,100.0,2.0,6.0,-0.189639134259612,0.115173371671921,0.9799151530204079,-0.1896,0.115173371671921,-0.189639134259612,0.115173371671921,,0.115173371671921,0.08143987212133395,0.3434,0.5330595205740041,0.39349865913391113,-0.1677,0.0797,1.0,,,,0.13169092327861173,,,,
5392,P35557,W,257,M,NONSYN,0.11121177265777428,0.6686183267303982,0.07018237666556447,-1.702,100.0,2.0,6.0,1.50651767101127,0.122948529521812,0.00186094064723529,1.5065,0.122948529521812,1.50651767101127,0.122948529521812,,0.122948529521812,0.08693773896178769,0.6715,0.8349940403922209,0.4256103038787842,1.4731,0.0852,1.0,,,,0.13169092327861173,,,,
5393,P35557,W,257,W,SYN,,,,,,,,,,,,,,,,,,,,,,,,,,,0.13169092327861173,,,,
5394,P35557,W,257,H,NONSYN,0.19612267101694444,0.3777314286930757,0.048851867309645684,-1.7359333333333333,100.0,2.0,6.0,0.7156874789635129,0.239608190135733,0.24373050434241159,0.7157,0.239608190135733,0.7156874789635129,0.239608190135733,,0.239608190135733,0.16942857607281242,0.3654,0.35030889052547887,0.3858368992805481,0.6591,0.1551,1.0,,,,0.13169092327861173,,,,
5395,P35557,W,257,Q,NONSYN,0.0,0.470832687788727,0.07239304064378026,-1.7596999999999998,100.0,2.0,6.0,0.43638370167655893,0.07768932801801899,0.6263026955037421,0.4364,0.07768932801801899,0.43638370167655893,0.07768932801801899,,0.07768932801801899,0.05493465066736727,0.4042,0.032198764199447116,0.4141841232776642,0.4358,0.0545,1.0,,,,0.13169092327861173,,,,
5396,P35557,W,257,*,STOP,,,,,100.0,2.0,6.0,-0.606162977182171,0.05,0.997218567116121,-0.6062,0.05,-0.606162977182171,0.05,,0.05,0.035355339059327376,,,,-0.6062,0.0354,,,,,0.13169092327861173,,,,
5397,P35557,G,258,S,NONSYN,0.36837526824294986,-0.00923835138409231,0.36930359756999387,-1.1015,100.0,2.0,6.0,1.08544671258746,0.77551882367108,0.03069935872232389,1.0854,0.77551882367108,1.08544671258746,0.77551882367108,,0.77551882367108,0.5483746191556351,0.2661,0.8193153115254483,0.4606398940086365,0.6051,0.3527,1.0,,,,1.3911443783463753,,,,
5398,P35557,G,258,A,NONSYN,0.4089269105168704,0.39909944586104773,0.381643783373714,-1.1695,100.0,2.0,6.0,-0.13956667914795998,0.659262089077063,0.9742783215888834,-0.1396,0.659262089077063,-0.13956667914795998,0.659262089077063,,0.659262089077063,0.46616869376560094,0.4037,0.5432907535116684,0.5438435077667236,0.0905,0.3539,1.0,,,,1.3911443783463753,,,,
5399,P35557,G,258,V,NONSYN,0.3988573139738447,0.41478323083134744,0.2704567047089777,-2.601266666666667,100.0,2.0,6.0,-0.217692657469947,0.3546395088820879,0.9825029104443901,-0.2177,0.3546395088820879,-0.217692657469947,0.3546395088820879,,0.3546395088820879,0.2507680016071912,0.3821,0.5997744045250007,0.8280608057975769,-0.1673,0.24,1.0,,,,1.3911443783463753,,,,
5400,P35557,G,258,R,NONSYN,0.3362652746103357,1.0480711489558536,0.3334011521656158,-1.8256,100.0,2.0,6.0,-0.30439075254318,0.48850428415609704,0.9885335409186782,-0.3044,0.48850428415609704,-0.30439075254318,0.48850428415609704,,0.48850428415609704,0.34542469196545633,0.7637,1.0681384446513342,0.553507924079895,-0.005,0.293,1.0,,,,1.3911443783463753,,,,
5401,P35557,G,258,D,NONSYN,0.3623286966209139,0.170156030769912,0.340498265064765,-1.6541,100.0,2.0,6.0,-0.575278087746374,0.843944853570243,0.9967984956960056,-0.5753,0.843944853570243,-0.575278087746374,0.843944853570243,,0.843944853570243,0.5967591289070067,0.2858,0.8610423647277278,0.42035552859306335,0.0002,0.3437,1.0,,,,1.3911443783463753,,,,
5402,P35557,G,258,F,NONSYN,0.3709207412708021,-0.27668690547421154,0.23216132099094886,-2.5972000000000004,100.0,2.0,6.0,1.85671775144673,0.687191591988807,0.00015145136438301073,1.8567,0.687191591988807,1.85671775144673,0.687191591988807,,0.687191591988807,0.48591783466966454,0.1349,1.7218165556821883,0.8064382076263428,1.3981,0.4162,1.0,,,,1.3911443783463753,,,,
5403,P35557,G,258,T,NONSYN,0.21962954488217865,-0.06417970918249899,0.3542552895199172,-1.5709,100.0,2.0,6.0,0.127729132110859,0.734985419130639,0.9033078376604531,0.1277,0.734985419130639,0.127729132110859,0.734985419130639,,0.734985419130639,0.5197131739405116,0.184,0.056295142238353635,0.4002285599708557,0.1631,0.3171,1.0,,,,1.3911443783463753,,,,
5404,P35557,G,258,I,NONSYN,0.29686370150880703,0.34928988898090063,0.2453079433089853,-2.6893,100.0,2.0,6.0,1.17281886936635,0.895701651449078,0.017577714117450332,1.1728,0.895701651449078,1.17281886936635,0.895701651449078,,0.895701651449078,0.6333567116596324,0.3769,0.795930862440767,0.8528653383255005,0.8899,0.5085,1.0,,,,1.3911443783463753,,,,
5405,P35557,G,258,L,NONSYN,0.33670580158540125,0.34928988898090063,0.2453079433089853,-2.6893,,,,,,,,,,,,,,0.3769,,0.8528653383255005,0.3769,0.8529,1.0,,,,1.3911443783463753,,,,
5406,P35557,G,258,K,NONSYN,0.4007452768135149,-0.2506465693928983,0.2878158089474355,-1.5810000000000002,100.0,2.0,6.0,0.687129712742057,1.14370591991323,0.2769459168964631,0.6871,1.14370591991323,0.687129712742057,1.14370591991323,,1.14370591991323,0.8087222116538433,0.1552,0.5319384402448799,0.38406527042388916,0.2531,0.3469,1.0,,,,1.3911443783463753,,,,
5407,P35557,G,258,G,SYN,,,,,100.0,2.0,6.0,0.882212389953774,0.05,0.10360406669749643,0.8822,0.05,0.882212389953774,0.05,,0.05,0.035355339059327376,,,,0.8822,0.0354,,,,,1.3911443783463753,,,,
5408,P35557,G,258,Y,NONSYN,0.28089736795090275,0.9372813211143777,0.27891485297377094,-2.788133333333333,100.0,2.0,6.0,-0.5911554270340811,0.6965388011794311,0.9970222011319747,-0.5912,0.6965388011794311,-0.5911554270340811,0.6965388011794311,,0.6965388011794311,0.4925273096735241,0.7553,1.3465041094376455,0.9792239665985107,-0.3193,0.44,1.0,,,,1.3911443783463753,,,,
5409,P35557,G,258,N,NONSYN,0.382875509440285,0.1235339818977087,0.3116531961286926,-0.8179,,,,,,,,,,,,,,0.2744,,0.413390576839447,0.2744,0.4134,1.0,,,,1.3911443783463753,,,,
5410,P35557,G,258,C,NONSYN,0.3672992043124827,0.5392708206860588,0.23060859142571646,-2.554233333333333,,,,,,,,,,,,,,0.5839,,0.9166537523269653,0.5839,0.9167,1.0,,,,1.3911443783463753,,,,
5411,P35557,G,258,P,NONSYN,0.2021261040610908,-0.16007238654586822,0.25592701491595354,-2.0479333333333334,100.0,2.0,6.0,3.17109808993252,0.9378249576976422,3.506615421833883e-09,3.1711,0.9378249576976422,3.17109808993252,0.9378249576976422,,0.9378249576976422,0.6631423871539898,0.1422,3.0288810796728916,0.7321658134460449,1.8061,0.4915,1.0,,,,1.3911443783463753,,,,
5412,P35557,G,258,E,NONSYN,0.4108810729254607,0.9981454898333997,0.30353067328562855,-1.8220999999999998,100.0,2.0,6.0,-0.154613775175818,0.762295671745063,0.9761244195589478,-0.1546,0.762295671745063,-0.154613775175818,0.762295671745063,,0.762295671745063,0.5390244387600884,0.7637,0.9183614672839723,0.5702759027481079,0.2787,0.3917,1.0,,,,1.3911443783463753,,,,
5413,P35557,G,258,M,NONSYN,0.2878381921366005,0.9773976001813222,0.2753310301647846,-2.3474999999999997,,,,,,,,,,,,,,0.7515,,0.5478737950325012,0.7515,0.5479,1.0,,,,1.3911443783463753,,,,
5414,P35557,G,258,W,NONSYN,0.355895468841822,1.6033743946364343,0.28650355016617773,-2.4396,100.0,2.0,6.0,-0.0212126319186066,0.599369951322316,0.9536743873597274,-0.0212,0.599369951322316,-0.0212126319186066,0.599369951322316,,0.599369951322316,0.4238185570194605,1.1906,1.211769873358426,0.7829573154449463,0.2534,0.3727,1.0,,,,1.3911443783463753,,,,
5415,P35557,G,258,H,NONSYN,0.3218287257213429,0.9040311874045073,0.3072500590435439,-1.9332999999999998,,,,,,,,,,,,,,0.7074,,0.5701841115951538,0.7074,0.5702,1.0,,,,1.3911443783463753,,,,
5416,P35557,G,258,Q,NONSYN,0.29754150588632416,-0.11042513186937968,0.2748671086113715,-1.7754,,,,,,,,,,,,,,0.144,,0.375079870223999,0.144,0.3751,1.0,,,,1.3911443783463753,,,,
5417,P35557,G,258,*,STOP,,,,,100.0,2.0,6.0,-0.14257800991419198,0.05,0.9746590857188758,-0.1426,0.05,-0.14257800991419198,0.05,,0.05,0.035355339059327376,,,,-0.1426,0.0354,,,,,1.3911443783463753,,,,
5418,P35557,A,259,S,NONSYN,0.46929375853615796,0.29637487046325933,0.11020709391799138,-0.41050000000000003,100.0,2.0,6.0,0.457046667515165,0.26267139547446,0.5980802800665141,0.457,0.26267139547446,0.457046667515165,0.26267139547446,,0.26267139547446,0.18573672496372406,0.5916,0.13450600725519024,0.48779845237731934,0.4741,0.1736,0.9420000000000001,,,,13.380195314197982,,,,
5419,P35557,A,259,A,SYN,,,,,100.0,2.0,6.0,0.571216536965875,0.05,0.4333045656892816,0.5712,0.05,0.571216536965875,0.05,,0.05,0.035355339059327376,,,,0.5712,0.0354,,,,,13.380195314197982,,,,
5420,P35557,A,259,V,NONSYN,0.41129671784225785,0.3922481599912531,0.04740777984773074,-0.6206999999999999,100.0,2.0,6.0,-0.17829518077647197,0.192384380686892,0.9787600614437305,-0.1783,0.192384380686892,-0.17829518077647197,0.192384380686892,,0.192384380686892,0.1360363001780756,0.582,0.7602873301294993,0.4379012882709503,-0.1114,0.1299,0.976,,,,13.380195314197982,,,,
5421,P35557,A,259,R,NONSYN,0.3190441200491768,0.11847606566206575,0.1285385849332221,-1.2165666666666668,100.0,2.0,6.0,1.07080878386638,0.152128682874982,0.03364992656677356,1.0708,0.152128682874982,1.07080878386638,0.152128682874982,,0.152128682874982,0.10757122327387757,0.3534,0.7174425281061871,0.4304214119911194,1.0286,0.1044,0.861,,,,13.380195314197982,,,,
5422,P35557,A,259,D,NONSYN,0.4810824638550644,0.23241525009564304,0.07263117341459917,-1.3432333333333333,100.0,2.0,6.0,-0.0811601704043948,0.135216014067181,0.9656257295213407,-0.0812,0.135216014067181,-0.0811601704043948,0.135216014067181,,0.135216014067181,0.09561216047191928,0.2821,0.36325929817386504,0.36200082302093506,-0.0575,0.0924,0.998,,,,13.380195314197982,,,,
5423,P35557,A,259,F,NONSYN,0.3975861635372093,-0.027319923215863563,0.0852791708666779,-1.7862,100.0,2.0,6.0,0.44244135827454606,0.09752100331183901,0.6181200905100237,0.4424,0.09752100331183901,0.44244135827454606,0.09752100331183901,,0.09752100331183901,0.06895776274991712,0.1053,0.3371542236271767,0.306523859500885,0.4262,0.0673,0.998,,,,13.380195314197982,,,,
5424,P35557,A,259,T,NONSYN,0.4593194656393701,0.350130938128899,0.06207454249572381,-0.5557333333333333,100.0,2.0,6.0,0.5076003414553111,0.417351869825288,0.5260955293300431,0.5076,0.417351869825288,0.5076003414553111,0.417351869825288,,0.417351869825288,0.2951123372943464,0.4038,0.10377559484657695,0.4133208096027374,0.4726,0.2402,0.998,,,,13.380195314197982,,,,
5425,P35557,A,259,I,NONSYN,0.2533067127168299,0.46799029124055974,0.11413812661332678,-1.3021,100.0,2.0,6.0,-0.18862917226688397,0.264177319223645,0.9798149778936136,-0.1886,0.264177319223645,-0.18862917226688397,0.264177319223645,,0.264177319223645,0.18680157385872265,0.445,0.6336214463128282,0.4712185859680176,-0.1026,0.1737,0.998,,,,13.380195314197982,,,,
5426,P35557,A,259,L,NONSYN,0.33775241979079834,0.39919214730239,0.12567261476825853,-1.2974666666666668,100.0,2.0,6.0,0.0177652595476252,0.141421219009554,0.943763650876387,0.0178,0.141421219009554,0.0177652595476252,0.141421219009554,,0.141421219009554,0.09999990296532352,0.5767,0.5589121820493597,0.5049798488616943,0.0389,0.0981,0.965,,,,13.380195314197982,,,,
5427,P35557,A,259,K,NONSYN,0.13783323133742972,0.30680779987119405,0.058425197949592,-0.7036666666666666,100.0,2.0,6.0,0.797530129165429,0.741327970618236,0.16350713370477576,0.7975,0.741327970618236,0.797530129165429,0.741327970618236,,0.741327970618236,0.5241980351074162,0.3891,0.408405258865136,0.4222765266895294,0.5499,0.3288,0.998,,,,13.380195314197982,,,,
5428,P35557,A,259,G,NONSYN,0.5077306515769983,0.332724568377023,0.11453154136095421,-0.48503333333333326,100.0,2.0,6.0,0.559819450710939,0.0861773213690143,0.44985869663962547,0.5598,0.0861773213690143,0.559819450710939,0.0861773213690143,,0.0861773213690143,0.06093656832452238,0.7356,0.1757394763482346,0.4814879596233368,0.5626,0.0605,0.001,,,,13.380195314197982,,,,
5429,P35557,A,259,Y,NONSYN,0.2413102682766479,0.097336878600196,0.04468991572379496,-1.7924666666666667,100.0,2.0,6.0,0.0684709528263674,0.323212960106018,0.927702440789606,0.0685,0.323212960106018,0.0684709528263674,0.323212960106018,,0.323212960106018,0.22854607585834238,0.1898,0.12129461972154519,0.33486148715019226,0.107,0.1888,1.0,,,,13.380195314197982,,,,
5430,P35557,A,259,N,NONSYN,0.2596281291448914,0.3027136765615704,0.07860324355287611,-1.1920666666666666,100.0,2.0,6.0,0.518095951167866,0.45752562628351207,0.5108184813948903,0.5181,0.45752562628351207,0.518095951167866,0.45752562628351207,,0.45752562628351207,0.3235194729116935,0.5237,0.005635459335521453,0.43489882349967957,0.5201,0.2596,0.9890000000000001,,,,13.380195314197982,,,,
5431,P35557,A,259,C,NONSYN,0.4521425054357098,0.589965681322807,0.1830151784740636,-0.7297666666666668,100.0,2.0,6.0,-0.0519435151894097,0.0900456977592694,0.9602463103896804,-0.0519,0.0900456977592694,-0.0519435151894097,0.0900456977592694,,0.0900456977592694,0.0636719235022537,0.6619,0.7138613804657463,0.549789547920227,-0.0425,0.0632,0.998,,,,13.380195314197982,,,,
5432,P35557,A,259,P,NONSYN,0.3737321559264451,0.4714850528094165,0.1799067020436874,-0.7215666666666666,100.0,2.0,6.0,0.303498370350762,0.168566431102946,0.7806512965995187,0.3035,0.168566431102946,0.303498370350762,0.168566431102946,,0.168566431102946,0.11919446651330808,0.4132,0.1096868982897562,0.5035220384597778,0.3093,0.116,1.0,,,,13.380195314197982,,,,
5433,P35557,A,259,E,NONSYN,0.3924454343376217,0.3496949947755938,0.1804454410311527,-0.73,100.0,2.0,6.0,-0.0518885782274385,0.23751266678576302,0.9602354366679908,-0.0519,0.23751266678576302,-0.0518885782274385,0.23751266678576302,,0.23751266678576302,0.1679468173019139,0.3994,0.45124351291982134,0.5035220384597778,-0.0067,0.1593,0.997,,,,13.380195314197982,,,,
5434,P35557,A,259,M,NONSYN,0.19919007049311416,0.466758520922454,0.1295853410030086,-1.2075333333333333,100.0,2.0,6.0,0.0259614180852152,0.135202315073083,0.9414273030807333,0.026,0.135202315073083,0.0259614180852152,0.135202315073083,,0.135202315073083,0.09560247382029716,0.4042,0.37822351939189663,0.4746207296848297,0.0407,0.0937,1.0,,,,13.380195314197982,,,,
5435,P35557,A,259,W,NONSYN,0.17944660888741126,0.14325071356550623,0.08571928803032287,-1.6895,100.0,2.0,6.0,-0.0692705520695633,0.0903087906354322,0.9635310931720849,-0.0693,0.0903087906354322,-0.0692705520695633,0.0903087906354322,,0.0903087906354322,0.06385795825907029,0.242,0.31123605457009734,0.3733447790145874,-0.0604,0.0629,1.0,,,,13.380195314197982,,,,
5436,P35557,A,259,H,NONSYN,0.3663343704598138,-0.08400802770788451,0.07748583656907025,-1.3876666666666668,100.0,2.0,6.0,0.868109663006188,0.071871796625161,0.11207388357064337,0.8681,0.071871796625161,0.868109663006188,0.071871796625161,,0.071871796625161,0.050821034769711754,0.1075,0.7606410579646841,0.28384995460510254,0.8445,0.05,1.0,,,,13.380195314197982,,,,
5437,P35557,A,259,Q,NONSYN,0.3707092191809771,0.3496949947755938,0.1804454410311527,-0.73,100.0,2.0,6.0,0.66886854445223,0.15786132591089,0.2994882668344442,0.6689,0.15786132591089,0.66886854445223,0.15786132591089,,0.15786132591089,0.11162481403868996,0.3793,0.2895549265075126,0.44106540083885193,0.6514,0.1082,1.0,,,,13.380195314197982,,,,
5438,P35557,A,259,*,STOP,,,,,100.0,2.0,6.0,0.10402589063347001,0.05,0.9138808930005894,0.104,0.05,0.10402589063347001,0.05,,0.05,0.035355339059327376,,,,0.104,0.0354,,,,,13.380195314197982,,,,
5439,P35557,F,260,S,NONSYN,0.3509668135339838,0.1670187868583297,0.051923919872440716,-1.8094999999999999,100.0,2.0,6.0,-0.217849776337867,0.0926601861055925,0.9825163958063334,-0.2178,0.0926601861055925,-0.217849776337867,0.0926601861055925,,0.0926601861055925,0.06552064594127197,0.2403,0.458196535895591,0.37916040420532227,-0.2046,0.0646,1.0,,,,0.14875132572231425,,,,
5440,P35557,F,260,A,NONSYN,0.21205940102164186,-0.05730781521382266,0.05309731721773032,-1.7977999999999998,100.0,2.0,6.0,0.45513002987859,0.0797981237543313,0.6007337658506131,0.4551,0.0797981237543313,0.45513002987859,0.0797981237543313,,0.0797981237543313,0.05642579443265098,0.1067,0.3484735381221508,0.2788439095020294,0.4414,0.0553,1.0,,,,0.14875132572231425,,,,
5441,P35557,F,260,V,NONSYN,0.3686871445054262,0.0726225182644517,0.1662667493666984,-1.0737666666666665,100.0,2.0,6.0,-0.157775468908958,0.0645031915209938,0.9764948053075267,-0.1578,0.0645031915209938,-0.157775468908958,0.0645031915209938,,0.0645031915209938,0.04561064413266933,0.1748,0.3325654042593761,0.3751388490200043,-0.1529,0.0453,1.0,,,,0.14875132572231425,,,,
5442,P35557,F,260,R,NONSYN,0.12156869505678705,0.29341817800100706,0.06507022602975308,-2.1628666666666665,100.0,2.0,6.0,-0.22181172394001603,0.0963732913608209,0.9828529340533849,-0.2218,0.0963732913608209,-0.22181172394001603,0.0963732913608209,,0.0963732913608209,0.06814620784650337,0.3053,0.5270969095155013,0.3551052510738373,-0.2031,0.0669,1.0,,,,0.14875132572231425,,,,
5443,P35557,F,260,D,NONSYN,0.1992068019592559,-0.01157833346310172,0.03184824690195456,-2.6122333333333336,100.0,2.0,6.0,0.127964576747921,0.0665714944579762,0.9031969370355267,0.128,0.0665714944579762,0.127964576747921,0.0665714944579762,,0.0665714944579762,0.04707315516495763,0.1067,0.02130808499148179,0.26338931918144226,0.1273,0.0463,1.0,,,,0.14875132572231425,,,,
5444,P35557,F,260,F,SYN,,,,,,,,,,,,,,,,,,,,,,,,,,,0.14875132572231425,,,,
5445,P35557,F,260,T,NONSYN,0.18720675519309532,0.31167135562849135,0.029743494346222154,-1.6453666666666666,100.0,2.0,6.0,-0.162723107119895,0.107867302933759,0.9770626690910184,-0.1627,0.107867302933759,-0.162723107119895,0.107867302933759,,0.107867302933759,0.07627370137276455,0.3403,0.5030650029386053,0.3679577708244324,-0.142,0.0747,1.0,,,,0.14875132572231425,,,,
5446,P35557,F,260,I,NONSYN,0.40023011164303374,0.6472957699421705,0.055098771598960254,-0.511,100.0,2.0,6.0,-0.677116810414056,0.701696938310605,0.9979786615726992,-0.6771,0.701696938310605,-0.677116810414056,0.701696938310605,,0.701696938310605,0.49617466341726724,0.6675,1.3446356645552915,0.4497894048690796,0.061,0.3332,1.0,,,,0.14875132572231425,,,,
5447,P35557,F,260,L,NONSYN,0.4640274525972558,0.1476903933990893,0.16638719196962795,-0.3554666666666666,100.0,2.0,6.0,0.9194270203716999,0.21855526606231399,0.08383745380236313,0.9194,0.21855526606231399,0.9194270203716999,0.21855526606231399,,0.21855526606231399,0.15454191069669232,0.3283,0.5911548565037494,0.4386451840400696,0.8542,0.1458,0.9990000000000001,,,,0.14875132572231425,,,,
5448,P35557,F,260,K,NONSYN,0.1539819943883161,0.14732258125162268,0.050652486192172434,-1.9918333333333333,100.0,2.0,6.0,0.7739736069693192,0.19158252076779,0.18427402116048125,0.774,0.19158252076779,0.7739736069693192,0.19158252076779,,0.19158252076779,0.13546929959171689,0.2403,0.5336268474115952,0.37178927659988403,0.7114,0.1273,1.0,,,,0.14875132572231425,,,,
5449,P35557,F,260,G,NONSYN,0.22544940105055214,0.1044482921330323,0.029773590884661968,-2.584433333333333,100.0,2.0,6.0,-0.22011530004048102,0.082054603603087,0.9827096590183657,-0.2201,0.082054603603087,-0.22011530004048102,0.082054603603087,,0.082054603603087,0.05802136663531693,0.1914,0.41149964533352607,0.32508695125579834,-0.2074,0.0571,1.0,,,,0.14875132572231425,,,,
5450,P35557,F,260,Y,NONSYN,0.41795167961904656,0.6798716703276746,0.054626188681077804,-0.19666666666666666,100.0,2.0,6.0,0.286767721710826,0.10609595900978301,0.7962222356231237,0.2868,0.10609595900978301,0.286767721710826,0.10609595900978301,,0.10609595900978301,0.07502117207230755,0.6699,0.38313716596541303,0.43013525009155273,0.2981,0.0739,1.0,,,,0.14875132572231425,,,,
5451,P35557,F,260,N,NONSYN,0.06350654443895225,-0.06148668249748371,0.03591169505264497,-2.4017,100.0,2.0,6.0,-0.102368510782592,0.0947838004342379,0.9690652830518142,-0.1024,0.0947838004342379,-0.102368510782592,0.0947838004342379,,0.0947838004342379,0.06702226803368204,0.1067,0.20902500253903122,0.25900998711586,-0.0893,0.0649,1.0,,,,0.14875132572231425,,,,
5452,P35557,F,260,C,NONSYN,0.42192151878195305,-0.06110744386503399,0.036874817772423386,-1.5309000000000001,100.0,2.0,6.0,0.697733813344751,0.0311529703686964,0.26431315917010084,0.6977,0.0311529703686964,0.697733813344751,0.0311529703686964,,0.0311529703686964,0.022028476601808802,0.1269,0.5707872448556763,0.28461822867393494,0.6943,0.022,1.0,,,,0.14875132572231425,,,,
5453,P35557,F,260,P,NONSYN,0.14474630447280185,-0.06483974469171734,0.033457012777248565,-2.5313999999999997,100.0,2.0,6.0,-0.0906129003003561,0.0974377852061968,0.9672041316774935,-0.0906,0.0974377852061968,-0.0906129003003561,0.0974377852061968,,0.0974377852061968,0.06889891866310001,0.1048,0.1953984022572958,0.26338931918144226,-0.0781,0.0667,1.0,,,,0.14875132572231425,,,,
5454,P35557,F,260,E,NONSYN,0.14341137314980398,-0.060921207864305375,0.03387792122108524,-2.5673,100.0,2.0,6.0,0.275993199951532,0.0450612360544268,0.8057796513218517,0.276,0.0450612360544268,0.275993199951532,0.0450612360544268,,0.0450612360544268,0.031863105582732934,0.1067,0.16933670819509278,0.26338931918144226,0.2736,0.0316,1.0,,,,0.14875132572231425,,,,
5455,P35557,F,260,M,NONSYN,0.21680558431241104,0.06075414740173262,0.17374506942969847,-0.25303333333333333,100.0,2.0,6.0,1.18023575836377,0.05214093718851,0.016753251478526784,1.1802,0.05214093718851,1.18023575836377,0.05214093718851,,0.05214093718851,0.03686921026341725,0.2739,0.9063064008350834,0.4256759285926819,1.1735,0.0367,0.992,,,,0.14875132572231425,,,,
5456,P35557,F,260,W,NONSYN,0.32132997916102696,0.47418198944047124,0.17366373556210768,-0.3639333333333333,100.0,2.0,6.0,-0.060047767752446,0.0568092172301981,0.9618181391309373,-0.06,0.0568092172301981,-0.060047767752446,0.0568092172301981,,0.0568092172301981,0.04017018273737273,0.3887,0.44875716387633213,0.5170528888702393,-0.0574,0.04,1.0,,,,0.14875132572231425,,,,
5457,P35557,F,260,H,NONSYN,0.3132585296390889,0.12574507910529933,0.030520051988988606,-1.3437666666666666,100.0,2.0,6.0,0.19725055186266002,0.0652247975248939,0.8649525438087112,0.1973,0.0652247975248939,0.19725055186266002,0.0652247975248939,,0.0652247975248939,0.04612089663137201,0.2247,0.027442269640025524,0.3486141264438629,0.1977,0.0457,1.0,,,,0.14875132572231425,,,,
5458,P35557,F,260,Q,NONSYN,0.15363519183063878,0.3357639709692977,0.053933814432428784,-2.0034333333333336,100.0,2.0,6.0,0.208649437816294,0.174718592575715,0.8574937134376156,0.2086,0.174718592575715,0.208649437816294,0.174718592575715,,0.174718592575715,0.12354470160965765,0.3434,0.1347709484980981,0.35890746116638184,0.2229,0.1168,1.0,,,,0.14875132572231425,,,,
5459,P35557,F,260,*,STOP,,,,,100.0,2.0,6.0,0.30314197978638296,0.05,0.7809922981923499,0.3031,0.05,0.30314197978638296,0.05,,0.05,0.035355339059327376,,,,0.3031,0.0354,,,,,0.14875132572231425,,,,
5460,P35557,G,261,S,NONSYN,0.36837526824294986,0.23631771926098666,0.16591645185836734,-0.8648000000000001,100.0,2.0,6.0,-0.11704891484658901,0.122193306553241,0.9712400750734836,-0.117,0.122193306553241,-0.11704891484658901,0.122193306553241,,0.122193306553241,0.0864037156794033,0.344,0.46105747979562467,0.44620051980018616,-0.1004,0.0848,0.9990000000000001,,,,0.8345966037491761,,,,
5461,P35557,G,261,A,NONSYN,0.4089269105168704,0.12320143652933167,0.166257189746253,-0.9328,100.0,2.0,6.0,0.222299933348376,0.113551263997741,0.8480878112635417,0.2223,0.113551263997741,0.222299933348376,0.113551263997741,,0.113551263997741,0.08029286878510654,0.3121,0.08983659752778367,0.4369007647037506,0.2252,0.079,0.997,,,,0.8345966037491761,,,,
5462,P35557,G,261,V,NONSYN,0.3988573139738447,-0.0312307435993093,0.0553817438800231,-2.7219333333333338,100.0,2.0,6.0,-0.32097302725191196,0.0922372524290477,0.9894164759741377,-0.321,0.0922372524290477,-0.32097302725191196,0.0922372524290477,,0.0922372524290477,0.06522158667059498,0.1067,0.42762951900835117,0.2690693736076355,-0.2972,0.0634,1.0,,,,0.8345966037491761,,,,
5463,P35557,G,261,R,NONSYN,0.3362652746103357,0.07634131208126081,0.04775312107115395,-1.9470333333333334,100.0,2.0,6.0,-0.0095214405174839,0.0918215145798933,0.9508989219863505,-0.0095,0.0918215145798933,-0.0095214405174839,0.0918215145798933,,0.0918215145798933,0.06492761561826199,0.137,0.1465080835934269,0.2882080674171448,-0.0024,0.0633,1.0,,,,0.8345966037491761,,,,
5464,P35557,G,261,D,NONSYN,0.3623286966209139,-0.006781649499875382,0.07014196644186164,-1.5976,100.0,2.0,6.0,0.306354208879063,0.6657533287585021,0.777904089573154,0.3064,0.6657533287585021,0.306354208879063,0.6657533287585021,,0.6657533287585021,0.47075869336265375,0.1269,0.1794076403899883,0.29245683550834656,0.1769,0.2484,1.0,,,,0.8345966037491761,,,,
5465,P35557,G,261,F,NONSYN,0.3709207412708021,-0.15729512461188802,0.049731286987085066,-2.717866666666667,100.0,2.0,6.0,0.0572201157858242,0.138558906000559,0.9316124928949235,0.0572,0.138558906000559,0.0572201157858242,0.138558906000559,,0.138558906000559,0.09797594202678468,0.0833,0.026048228616489033,0.26338931918144226,0.0604,0.0918,1.0,,,,0.8345966037491761,,,,
5466,P35557,G,261,T,NONSYN,0.21962954488217865,-0.08452621471200537,0.16554602572034868,-1.5144,100.0,2.0,6.0,0.5395879045154529,0.19618066570013,0.4794054031188244,0.5396,0.19618066570013,0.5395879045154529,0.19618066570013,,0.19618066570013,0.13872067905425306,0.1202,0.41937445551414065,0.3173377513885498,0.4723,0.1271,0.9990000000000001,,,,0.8345966037491761,,,,
5467,P35557,G,261,I,NONSYN,0.29686370150880703,-0.03123074359930929,0.0553817438800231,-2.721933333333333,100.0,2.0,6.0,0.7752800974509871,0.0706360367370369,0.18307316149389408,0.7753,0.0706360367370369,0.7752800974509871,0.0706360367370369,,0.0706360367370369,0.04994722057290088,0.1067,0.6686236056945479,0.2690693736076355,0.753,0.0491,1.0,,,,0.8345966037491761,,,,
5468,P35557,G,261,L,NONSYN,0.33670580158540125,-0.11672870069259132,0.05089611765804795,-2.6893,100.0,2.0,6.0,-0.0644791559720659,0.130723832797279,0.9626510555863347,-0.0645,0.130723832797279,-0.0644791559720659,0.130723832797279,,0.130723832797279,0.09243570863365239,0.0851,0.14954648776298995,0.26338931918144226,-0.0481,0.0872,1.0,,,,0.8345966037491761,,,,
5469,P35557,G,261,K,NONSYN,0.4007452768135149,0.19025383670732432,0.16983437256238856,-1.5245,100.0,2.0,6.0,-0.28475224974253605,0.112244194064125,0.9873882731679019,-0.2848,0.112244194064125,-0.28475224974253605,0.112244194064125,,0.112244194064125,0.07936863077156162,0.2674,0.5521936416874214,0.4153486490249634,-0.2653,0.078,1.0,,,,0.8345966037491761,,,,
5470,P35557,G,261,G,SYN,,,,,100.0,2.0,6.0,1.0622055083498199,0.05,0.03550600958023729,1.0622,0.05,1.0622055083498199,0.05,,0.05,0.035355339059327376,,,,1.0622,0.0354,,,,,0.8345966037491761,,,,
5471,P35557,G,261,Y,NONSYN,0.28089736795090275,-0.10941068914605122,0.04988598201507033,-2.6748999999999996,100.0,2.0,6.0,-0.0864331906116862,0.13755429873392497,0.966515443102101,-0.0864,0.13755429873392497,-0.0864331906116862,0.13755429873392497,,0.13755429873392497,0.09726557741611846,0.1033,0.18972950032123514,0.26338931918144226,-0.0637,0.0912,0.955,,,,0.8345966037491761,,,,
5472,P35557,G,261,N,NONSYN,0.382875509440285,0.13720174246028333,0.1617701710718232,-0.8179,100.0,2.0,6.0,0.18029901555552102,0.19846273615555104,0.8754030825355712,0.1803,0.19846273615555104,0.18029901555552102,0.19846273615555104,,0.19846273615555104,0.14033434654842675,0.263,0.08273663946614646,0.41302406787872314,0.1889,0.1329,1.0,,,,0.8345966037491761,,,,
5473,P35557,G,261,C,NONSYN,0.3672992043124827,-0.018771932519378882,0.051172338781882314,-2.438433333333333,,,,,,,,,,,,,,0.1067,,0.25900998711586,0.1067,0.259,1.0,,,,0.8345966037491761,,,,
5474,P35557,G,261,P,NONSYN,0.2021261040610908,0.06426641416169805,0.0377872052986102,-1.8968333333333334,100.0,2.0,6.0,0.0267032532412044,0.154194581355413,0.9412111939569929,0.0267,0.154194581355413,0.0267032532412044,0.154194581355413,,0.154194581355413,0.10903203409863331,0.1318,0.10508258655486188,0.276750385761261,0.0408,0.1014,1.0,,,,0.8345966037491761,,,,
5475,P35557,G,261,E,NONSYN,0.4108810729254607,-0.04149698018007216,0.04968681942555387,-1.9435333333333331,100.0,2.0,6.0,0.343993436266515,0.0709904246578508,0.7392580508865956,0.344,0.0709904246578508,0.343993436266515,0.0709904246578508,,0.0709904246578508,0.05019781067487899,0.1067,0.2373369445100758,0.2669934630393982,0.3359,0.0493,1.0,,,,0.8345966037491761,,,,
5476,P35557,G,261,M,NONSYN,0.2878381921366005,-0.04282140505203818,0.044211491566888576,-2.3474999999999997,100.0,2.0,6.0,0.0988516708391823,0.18901616273871202,0.9160386574413806,0.0989,0.18901616273871202,0.0988516708391823,0.18901616273871202,,0.18901616273871202,0.13365461042640328,0.1067,0.007804820917256913,0.25900998711586,0.1005,0.1188,1.0,,,,0.8345966037491761,,,,
5477,P35557,G,261,W,NONSYN,0.355895468841822,-0.05496708020896849,0.05936393917756566,-2.530533333333333,100.0,2.0,6.0,0.16580555885459303,0.0538528374666752,0.8837541269927713,0.1658,0.0538528374666752,0.16580555885459303,0.0538528374666752,,0.0538528374666752,0.03807970655882301,0.1067,0.05914906709815382,0.2690693736076355,0.1646,0.0377,1.0,,,,0.8345966037491761,,,,
5478,P35557,G,261,H,NONSYN,0.3218287257213429,0.12039174966341186,0.0454891927654975,-1.9332999999999998,100.0,2.0,6.0,-0.14167275326393697,0.110593313469577,0.9745452294697265,-0.1417,0.110593313469577,-0.14167275326393697,0.110593313469577,,0.110593313469577,0.07820128190822744,0.1947,0.3363772262825832,0.3286910951137543,-0.1237,0.0761,1.0,,,,0.8345966037491761,,,,
5479,P35557,G,261,Q,NONSYN,0.29754150588632416,0.29135330008816135,0.05372651141940682,-1.7754,100.0,2.0,6.0,-0.275180603272543,0.193578163846833,0.9867877579166783,-0.2752,0.193578163846833,-0.275180603272543,0.193578163846833,,0.193578163846833,0.13688043234573616,0.3069,0.5820845317908383,0.3736461400985718,-0.2063,0.1285,1.0,,,,0.8345966037491761,,,,
5480,P35557,G,261,*,STOP,,,,,100.0,2.0,6.0,0.260869377146971,0.05,0.8185818503392733,0.2609,0.05,0.260869377146971,0.05,,0.05,0.035355339059327376,,,,0.2609,0.0354,,,,,0.8345966037491761,,,,
5481,P35557,D,262,S,NONSYN,0.3690767940714815,0.6304828593749945,0.03212839693008483,-0.9239999999999999,100.0,2.0,6.0,1.22248446120219,0.11990706390509,0.0127185531513824,1.2225,0.11990706390509,1.22248446120219,0.11990706390509,,0.11990706390509,0.08478709799945784,0.8574,0.36510919703440425,0.4033077657222748,1.207,0.083,0.039,,,,53.35289992530079,,,,
5482,P35557,D,262,A,NONSYN,0.4216252277516441,1.049005204497945,0.062395202157290254,-1.4927333333333335,100.0,2.0,6.0,1.30923418884333,0.0718831869197692,0.007157191941464906,1.3092,0.0718831869197692,1.30923418884333,0.0718831869197692,,0.0718831869197692,0.050829088924268934,0.9167,0.39255885963495607,0.3960433304309845,1.3029,0.0504,0.0,,,,53.35289992530079,,,,
5483,P35557,D,262,V,NONSYN,0.4506084315132353,1.1644859643020633,0.09603190483298508,-2.6115333333333335,100.0,2.0,6.0,0.52127348201434,0.0404581555592918,0.5061818620916413,0.5213,0.0404581555592918,0.52127348201434,0.0404581555592918,,0.0404581555592918,0.028608236150275447,0.9894,0.468101095984775,0.4957086145877838,0.5228,0.0286,0.044000000000000004,,,,53.35289992530079,,,,
5484,P35557,D,262,R,NONSYN,0.35823216117602164,1.1831365407251122,0.06364510929995291,-1.472133333333333,100.0,2.0,6.0,0.906840180161828,0.0482855694982824,0.09012097465892172,0.9068,0.0482855694982824,0.906840180161828,0.0482855694982824,,0.0482855694982824,0.034143053625689805,1.0324,0.12553312897360902,0.5114825367927551,0.9074,0.0341,0.711,,,,53.35289992530079,,,,
5485,P35557,D,262,D,SYN,,,,,100.0,2.0,6.0,1.01728412846896,0.05,0.046846721332880044,1.0173,0.05,1.01728412846896,0.05,,0.05,0.035355339059327376,,,,1.0173,0.0354,,,,,53.35289992530079,,,,
5486,P35557,D,262,F,NONSYN,0.29646296686588297,1.0018245748715433,0.09637310297014302,-2.6194333333333333,100.0,2.0,6.0,1.0092576503058999,0.0213352808019641,0.04919586132922351,1.0093,0.0213352808019641,1.0092576503058999,0.0213352808019641,,0.0213352808019641,0.015086321733587977,0.9145,0.09477350704875875,0.43112847208976746,1.0091,0.0151,0.552,,,,53.35289992530079,,,,
5487,P35557,D,262,T,NONSYN,0.33041122774515563,0.76807793419069,0.059995279278131974,-1.1000666666666665,100.0,2.0,6.0,0.9263325826699541,0.14494960727216502,0.08055587886994821,0.9263,0.14494960727216502,0.9263325826699541,0.14494960727216502,,0.14494960727216502,0.10249485023247479,0.8827,0.04359232349942188,0.40548861026763916,0.9237,0.0994,0.042,,,,53.35289992530079,,,,
5488,P35557,D,262,I,NONSYN,0.3169485018080975,0.9000134389875499,0.09388502270918085,-2.7128666666666668,100.0,2.0,6.0,0.350620988083373,0.0472436979753939,0.7319872040147419,0.3506,0.0472436979753939,0.350620988083373,0.0472436979753939,,0.0472436979753939,0.03340633920673019,0.89,0.5394157140726938,0.43369027972221375,0.3538,0.0333,0.711,,,,53.35289992530079,,,,
5489,P35557,D,262,L,NONSYN,0.37713817620354506,0.6247352713075544,0.09387196573846239,-2.7055000000000002,100.0,2.0,6.0,1.17645549112336,0.0477084339859995,0.01716873629570991,1.1765,0.0477084339859995,1.17645549112336,0.0477084339859995,,0.0477084339859995,0.03373495719129099,0.8377,0.33877717786804995,0.4479250907897949,1.1745,0.0336,0.26,,,,53.35289992530079,,,,
5490,P35557,D,262,K,NONSYN,0.3517044245741117,0.790895817468448,0.03643495811796201,-0.8664,100.0,2.0,6.0,0.7412455869218292,0.0951987545435823,0.21624886224709913,0.7412,0.0951987545435823,0.7412455869218292,0.0951987545435823,,0.0951987545435823,0.06731568489828069,0.8718,0.1305103706816254,0.4148423671722412,0.7446,0.0664,0.26,,,,53.35289992530079,,,,
5491,P35557,D,262,G,NONSYN,0.41616550742326497,0.9545198274193828,0.04128707459097381,-1.2674333333333332,100.0,2.0,6.0,0.9349955049053771,0.22632140083583702,0.0765996247416144,0.935,0.22632140083583702,0.9349955049053771,0.22632140083583702,,0.22632140083583702,0.16003339725865912,0.912,0.02297464280286854,0.39261773228645325,0.9317,0.1482,0.022000000000000002,,,,53.35289992530079,,,,
5492,P35557,D,262,Y,NONSYN,0.4224113195979475,1.0041400103651932,0.02675915834644486,-2.560966666666667,100.0,2.0,6.0,1.1481424581487,0.10101239669841802,0.020608629491608917,1.1481,0.10101239669841802,1.1481424581487,0.10101239669841802,,0.10101239669841802,0.07142655068935701,0.9145,0.23365831489155897,0.3669925928115845,1.1396,0.0701,0.48200000000000004,,,,53.35289992530079,,,,
5493,P35557,D,262,N,NONSYN,0.4295009636980524,0.7838342648514276,0.03426361251313454,-0.2961,100.0,2.0,6.0,0.577565008221085,0.059151634312394,0.4241294847042449,0.5776,0.059151634312394,0.577565008221085,0.059151634312394,,0.059151634312394,0.04182652174056066,0.8859,0.30837387460667376,0.415147989988327,0.5807,0.0416,0.0,,,,53.35289992530079,,,,
5494,P35557,D,262,C,NONSYN,0.3461355508488411,0.6827833204070243,0.018476597845572956,-2.7265333333333337,100.0,2.0,6.0,1.00231134382495,0.39337793250156394,0.05131573228027919,1.0023,0.39337793250156394,1.00231134382495,0.39337793250156394,,0.39337793250156394,0.2781602036409998,0.8334,0.16894793001422004,0.40358489751815796,0.9479,0.229,0.602,,,,53.35289992530079,,,,
5495,P35557,D,262,P,NONSYN,0.2905290433283012,1.050356624636845,0.05711589838011224,-1.4699,100.0,2.0,6.0,1.3051799284266299,0.128545827790773,0.00735399657843392,1.3052,0.128545827790773,1.3051799284266299,0.128545827790773,,0.128545827790773,0.09089562652409373,0.9167,0.38850459921825586,0.3960433304309845,1.2857,0.0886,0.046,,,,53.35289992530079,,,,
5496,P35557,D,262,E,NONSYN,0.4869275421620544,0.7740865832938549,0.0356591913178003,-0.3505,100.0,2.0,6.0,0.606808052893803,0.0417423735312285,0.38248701622472664,0.6068,0.0417423735312285,0.606808052893803,0.0417423735312285,,0.0417423735312285,0.02951631538675352,0.8859,0.27913082993395577,0.4064828157424927,0.6083,0.0294,0.003,,,,53.35289992530079,,,,
5497,P35557,D,262,M,NONSYN,0.2886817698329022,0.8928911968229801,0.026135927640061004,-2.5042666666666666,100.0,2.0,6.0,1.48188889877534,0.10390808168387801,0.0022077965907952423,1.4819,0.10390808168387801,1.48188889877534,0.10390808168387801,,0.10390808168387801,0.07347410917875583,0.89,0.5918521966192731,0.3927290141582489,1.4619,0.0722,0.8759999999999999,,,,53.35289992530079,,,,
5498,P35557,D,262,W,NONSYN,0.2933207242208761,0.8431292743438944,0.0940609316261987,-2.7770999999999995,100.0,2.0,6.0,1.2368837456034598,0.0267223164259679,0.01157045384117059,1.2369,0.0267223164259679,1.2368837456034598,0.0267223164259679,,0.0267223164259679,0.018895531153814565,0.8994,0.3374569277094779,0.43577301502227783,1.2363,0.0189,0.005,,,,53.35289992530079,,,,
5499,P35557,D,262,H,NONSYN,0.4359397753198172,0.8675245581657202,0.06720390530620628,-1.1262,100.0,2.0,6.0,0.6279927107448641,0.0671239472837682,0.35318675981331127,0.628,0.0671239472837682,0.6279927107448641,0.0671239472837682,,0.0671239472837682,0.04746379830436083,0.8891,0.2611219671611723,0.40548861026763916,0.6315,0.0471,0.41,,,,53.35289992530079,,,,
5500,P35557,D,262,Q,NONSYN,0.3596090029508326,0.8639075862896277,0.039402574041652726,-0.9040333333333331,100.0,2.0,6.0,0.52221028045829,0.0707939463636842,0.5048141056622756,0.5222,0.0707939463636842,0.52221028045829,0.0707939463636842,,0.0707939463636842,0.050058879540717825,0.8891,0.3669043974477464,0.4124695658683777,0.5275,0.0497,0.48,,,,53.35289992530079,,,,
5501,P35557,D,262,*,STOP,,,,,100.0,2.0,6.0,-0.0665051953532486,0.05,0.9630257569243225,-0.0665,0.05,-0.0665051953532486,0.05,,0.05,0.035355339059327376,,,,-0.0665,0.0354,,,,,53.35289992530079,,,,
5502,P35557,S,263,S,SYN,,,,,100.0,2.0,6.0,1.1383742654828202,0.05,0.02194085904492262,1.1384,0.05,1.1383742654828202,0.05,,0.05,0.035355339059327376,,,,1.1384,0.0354,,,,,76.15593690952457,,,,
5503,P35557,S,263,A,NONSYN,0.4563330621977513,1.8865795194280224,0.18640704210007508,-0.01466666666666668,100.0,2.0,6.0,0.881630223382583,0.125044042084417,0.1039426299594671,0.8816,0.125044042084417,0.881630223382583,0.125044042084417,,0.125044042084417,0.08841949010486728,1.2246,0.3429779595245215,0.5797969102859497,0.8894,0.0874,0.0,,,,76.15593690952457,,,,
5504,P35557,S,263,V,NONSYN,0.3566796973350173,1.2060566737350151,0.0357933967599941,-1.3498999999999999,100.0,2.0,6.0,0.9386540703346551,0.0606660485339756,0.07498113015356399,0.9387,0.0606660485339756,0.9386540703346551,0.0606660485339756,,0.0606660485339756,0.04289737430616635,1.0793,0.14066326097943183,0.48474380373954773,0.9397,0.0427,0.08,,,,76.15593690952457,,,,
5505,P35557,S,263,R,NONSYN,0.5078165034060199,0.8152206562805017,0.04979386538677552,-0.9542999999999999,100.0,2.0,6.0,0.387434301088559,0.191926313145285,0.6891484053484245,0.3874,0.191926313145285,0.387434301088559,0.191926313145285,,0.191926313145285,0.13571239751316383,0.8814,0.49400824575592345,0.40353599190711975,0.4376,0.1286,0.531,,,,76.15593690952457,,,,
5506,P35557,S,263,D,NONSYN,0.26426002389568154,0.9845590816303039,0.0825397286481767,-0.6365333333333334,100.0,2.0,6.0,1.65263145029989,0.0599953751539102,0.0006649638023329854,1.6526,0.0599953751539102,1.65263145029989,0.0599953751539102,,0.0599953751539102,0.04242313661116081,0.9167,0.735956121091516,0.40906304121017456,1.6448,0.0422,0.059000000000000004,,,,76.15593690952457,,,,
5507,P35557,S,263,F,NONSYN,0.4400921079880442,1.1210236661897204,0.04911121083958985,-1.7383,100.0,2.0,6.0,0.8142090841865091,0.0962361562413491,0.1499232036658908,0.8142,0.0962361562413491,0.8142090841865091,0.0962361562413491,,0.0962361562413491,0.06804923867358603,0.9369,0.12269188913349827,0.3963669240474701,0.8177,0.0671,0.8590000000000001,,,,76.15593690952457,,,,
5508,P35557,S,263,T,NONSYN,0.5032644910640633,1.28531993461067,0.16585494680956847,-0.06083333333333333,100.0,2.0,6.0,2.68540897783464,0.382035348888173,2.279249890749097e-07,2.6854,0.382035348888173,2.68540897783464,0.382035348888173,,0.382035348888173,0.27013978585179566,1.0916,1.5938585084361416,0.6016308069229126,2.418,0.2464,0.0,,,,76.15593690952457,,,,
5509,P35557,S,263,I,NONSYN,0.40690641070991895,1.1740509437271167,0.04518201626526024,-1.7275666666666665,100.0,2.0,6.0,0.65512725157432,0.126215425452536,0.3170700276973476,0.6551,0.126215425452536,0.65512725157432,0.126215425452536,,0.126215425452536,0.08924778322783337,0.9989,0.3437376375705775,0.5139299631118774,0.6652,0.0879,0.531,,,,76.15593690952457,,,,
5510,P35557,S,263,L,NONSYN,0.393745075519064,1.1475545807604497,0.0451935759990252,-1.7093,100.0,2.0,6.0,0.7346163404743209,0.12614090812273,0.2231676568387754,0.7346,0.12614090812273,0.7346163404743209,0.12614090812273,,0.12614090812273,0.08919509151861163,0.964,0.22943150870399331,0.4097437858581543,0.745,0.0872,0.19,,,,76.15593690952457,,,,
5511,P35557,S,263,K,NONSYN,0.33912790346884786,1.3846620274579606,0.09360592825979869,-0.6167666666666666,100.0,2.0,6.0,0.844698224997561,0.0946802443141761,0.12741374878633605,0.8447,0.0946802443141761,0.844698224997561,0.0946802443141761,,0.0946802443141761,0.06694904279895297,1.0881,0.2434029236077857,0.49486643075942993,0.8491,0.0663,0.318,,,,76.15593690952457,,,,
5512,P35557,S,263,G,NONSYN,0.4188135801978989,1.1096233746622306,0.08297399240457194,-0.6509999999999999,100.0,2.0,6.0,1.27743857120411,0.0480173516090867,0.008848084412691118,1.2774,0.0480173516090867,1.27743857120411,0.0480173516090867,,0.0480173516090867,0.03395339493740398,0.9372,0.34027021144764036,0.4166065454483032,1.2752,0.0338,0.001,,,,76.15593690952457,,,,
5513,P35557,S,263,Y,NONSYN,0.3987520148682556,0.6286764811216313,0.04413580181970534,-1.6658,100.0,2.0,6.0,1.9733274065205202,0.107575723182138,6.364569837521426e-05,1.9733,0.107575723182138,1.9733274065205202,0.107575723182138,,0.107575723182138,0.07606752335313666,0.835,1.1383452497669801,0.41924378275871277,1.937,0.0748,0.6,,,,76.15593690952457,,,,
5514,P35557,S,263,N,NONSYN,0.3577198430860929,1.2527259115174514,0.09748150904489905,-0.23683333333333337,100.0,2.0,6.0,0.929322517968897,0.659889722405444,0.07917048470086498,0.9293,0.659889722405444,0.929322517968897,0.659889722405444,,0.659889722405444,0.46661249754819784,1.0847,0.15539415969681347,0.5046318173408508,1.0009,0.3426,0.0,,,,76.15593690952457,,,,
5515,P35557,S,263,C,NONSYN,0.4413057931247456,0.5349822542832013,0.06660358205246122,-0.9221333333333334,100.0,2.0,6.0,1.22814950708046,0.0402089997440245,0.012254363865161183,1.2281,0.0402089997440245,1.22814950708046,0.0402089997440245,,0.0402089997440245,0.028432056383727873,0.7916,0.4365157819141392,0.4209258556365967,1.2262,0.0284,0.619,,,,76.15593690952457,,,,
5516,P35557,S,263,P,NONSYN,0.3754690196139504,0.6643433960506681,0.051406472482800274,-0.9290666666666666,100.0,2.0,6.0,0.8400660817780601,0.184114569722517,0.13064514126949897,0.8401,0.184114569722517,0.8400660817780601,0.184114569722517,,0.184114569722517,0.13018866076603516,0.8377,0.0023877685227500223,0.4177708029747009,0.8399,0.1243,0.18600000000000005,,,,76.15593690952457,,,,
5517,P35557,S,263,E,NONSYN,0.32956968841657797,1.3890479528940671,0.055438202523914286,-0.6321,100.0,2.0,6.0,0.8315404486892409,0.33370721864640696,0.13676702872770286,0.8315,0.33370721864640696,0.8315404486892409,0.33370721864640696,,0.33370721864640696,0.23596663723577624,1.0881,0.25656069991610575,0.4864310026168823,0.8804,0.2123,0.149,,,,76.15593690952457,,,,
5518,P35557,S,263,M,NONSYN,0.4679817126368144,1.2420635203472281,0.03690400718304782,-1.5591333333333335,100.0,2.0,6.0,0.416693107604065,0.0993564826800721,0.6523198562912197,0.4167,0.0993564826800721,0.416693107604065,0.0993564826800721,,0.0993564826800721,0.07025564265792274,1.0779,0.6611813144692993,0.4927402436733246,0.4299,0.0696,0.89,,,,76.15593690952457,,,,
5519,P35557,S,263,W,NONSYN,0.3832492129242465,0.7346508920783833,0.047786132398137005,-1.7880333333333336,100.0,2.0,6.0,0.596126068235037,0.11230079348612199,0.3975607542979593,0.5961,0.11230079348612199,0.596126068235037,0.11230079348612199,,0.11230079348612199,0.07940865260666692,0.7791,0.18300033748090538,0.4171938896179199,0.6025,0.078,0.9890000000000001,,,,76.15593690952457,,,,
5520,P35557,S,263,H,NONSYN,0.2629764798769622,0.818549963315693,0.06339937264063271,-0.9429,100.0,2.0,6.0,0.37744637998298497,0.09547137842458998,0.7011723469507243,0.3774,0.09547137842458998,0.37744637998298497,0.09547137842458998,,0.09547137842458998,0.06750845909325462,0.8946,0.5171716543798079,0.40548861026763916,0.3914,0.0666,0.004,,,,76.15593690952457,,,,
5521,P35557,S,263,Q,NONSYN,0.3963611118941722,0.9845590816303039,0.0825397286481767,-0.6365333333333333,100.0,2.0,6.0,2.04500706248053,0.20988349783759302,3.706527756603606e-05,2.045,0.20988349783759302,2.04500706248053,0.20988349783759302,,0.20988349783759302,0.14841004458011411,0.9145,1.130522919223389,0.40906304121017456,1.9135,0.1395,0.531,,,,76.15593690952457,,,,
5522,P35557,S,263,*,STOP,,,,,100.0,2.0,6.0,-0.170686905832889,0.05,0.9779474190666382,-0.1707,0.05,-0.170686905832889,0.05,,0.05,0.035355339059327376,,,,-0.1707,0.0354,,,,,76.15593690952457,,,,
5523,P35557,G,264,S,NONSYN,0.36837526824294986,0.5325086552016937,0.12064963207110269,-0.8648000000000001,100.0,2.0,6.0,1.07663072995838,0.122920192426619,0.032445882526292255,1.0766,0.122920192426619,1.07663072995838,0.122920192426619,,0.122920192426619,0.08691770160961759,0.7555,0.32112183026965924,0.48036468029022217,1.0665,0.0855,0.838,,,,29.93289799164781,,,,
5524,P35557,G,264,A,NONSYN,0.4089269105168704,0.5916611424700383,0.11888136832640707,-0.9328,100.0,2.0,6.0,0.8991732681533459,0.150775811765023,0.09414590958281982,0.8992,0.150775811765023,0.8991732681533459,0.150775811765023,,0.150775811765023,0.10661459893795419,0.7652,0.1339817131301525,0.4797435402870178,0.8929,0.1041,0.937,,,,29.93289799164781,,,,
5525,P35557,G,264,V,NONSYN,0.3988573139738447,1.2211588459377387,0.17042394460492574,-2.7219333333333338,100.0,2.0,6.0,0.304135135314654,0.21159862156263798,0.7800410151485531,0.3041,0.21159862156263798,0.304135135314654,0.21159862156263798,,0.21159862156263798,0.1496228201966673,1.0029,0.698792167999555,0.6996380090713501,0.3347,0.1463,0.998,,,,29.93289799164781,,,,
5526,P35557,G,264,R,NONSYN,0.3362652746103357,0.02760932998315328,0.12679920290078936,-1.9470333333333334,100.0,2.0,6.0,1.0668057889926401,0.259812669368201,0.0345019437427539,1.0668,0.259812669368201,1.0668057889926401,0.259812669368201,,0.259812669368201,0.18371530034843334,0.1271,0.9397183151233164,0.2957438826560974,0.8052,0.1561,0.9990000000000001,,,,29.93289799164781,,,,
5527,P35557,G,264,D,NONSYN,0.3623286966209139,1.8084397192461734,0.22509298705468872,-1.5976,100.0,2.0,6.0,0.558734366916632,0.0796113274726236,0.45143924827862075,0.5587,0.0796113274726236,0.558734366916632,0.0796113274726236,,0.0796113274726236,0.056293709515155034,1.2514,0.6926770710716492,0.8161202669143677,0.562,0.0562,0.996,,,,29.93289799164781,,,,
5528,P35557,G,264,F,NONSYN,0.3709207412708021,0.7510810395779867,0.08406611994206066,-2.717866666666667,100.0,2.0,6.0,1.7143685543939098,0.663599071242438,0.0004272191652364559,1.7144,0.663599071242438,1.7143685543939098,0.663599071242438,,0.663599071242438,0.46923540326462276,0.731,0.9833399379655345,0.4438152015209198,1.1953,0.3224,1.0,,,,29.93289799164781,,,,
5529,P35557,G,264,T,NONSYN,0.21962954488217865,1.1925185853821805,0.18828091705179104,-1.5144,100.0,2.0,6.0,2.40649776850861,0.529383270587627,2.217556290964522e-06,2.4065,0.529383270587627,2.40649776850861,0.529383270587627,,0.529383270587627,0.37433050047922406,1.0056,1.4009005347363321,0.6461103558540344,2.0544,0.3239,0.997,,,,29.93289799164781,,,,
5530,P35557,G,264,I,NONSYN,0.29686370150880703,1.2211588459377387,0.17042394460492574,-2.721933333333333,100.0,2.0,6.0,0.0132056168552744,0.553616726555426,0.9450234509583367,0.0132,0.553616726555426,0.0132056168552744,0.553616726555426,,0.553616726555426,0.39146614152564035,0.9953,0.9820871659282339,0.6996380090713501,0.2474,0.3416,0.9990000000000001,,,,29.93289799164781,,,,
5531,P35557,G,264,L,NONSYN,0.33670580158540125,0.9619151142768166,0.16597302676646902,-2.6893,100.0,2.0,6.0,1.08186633029742,0.26781510730249,0.03139773427985445,1.0819,0.26781510730249,1.08186633029742,0.26781510730249,,0.26781510730249,0.18937387847779352,0.8183,0.2635449830607868,0.54598069190979,1.0536,0.1789,0.9990000000000001,,,,29.93289799164781,,,,
5532,P35557,G,264,K,NONSYN,0.4007452768135149,1.4086592616093838,0.22463025437201298,-1.5245,100.0,2.0,6.0,1.758075739827,0.100418091086017,0.00031149474920435063,1.7581,0.100418091086017,1.758075739827,0.100418091086017,,0.100418091086017,0.07100631316073101,1.0286,0.7294830341003764,0.6760863065719604,1.7501,0.0706,0.9990000000000001,,,,29.93289799164781,,,,
5533,P35557,G,264,G,SYN,,,,,100.0,2.0,6.0,1.24020044006324,0.05,0.01132049447977374,1.2402,0.05,1.24020044006324,0.05,,0.05,0.035355339059327376,,,,1.2402,0.0354,,,,,29.93289799164781,,,,
5534,P35557,G,264,Y,NONSYN,0.28089736795090275,1.033456673335328,0.17588863833252863,-2.6748999999999996,100.0,2.0,6.0,0.867241653121886,0.103484863875738,0.11261373390498301,0.8672,0.103484863875738,0.867241653121886,0.103484863875738,,0.103484863875738,0.07317484899670113,0.8121,0.05515310398477047,0.5436516404151917,0.8663,0.0725,1.0,,,,29.93289799164781,,,,
5535,P35557,G,264,N,NONSYN,0.382875509440285,0.8448461216761193,0.0495427327227897,-0.8179,100.0,2.0,6.0,0.139618330535103,0.482641376246079,0.8975568039773706,0.1396,0.482641376246079,0.139618330535103,0.482641376246079,,0.482641376246079,0.3412789900248103,0.7898,0.6501933402450789,0.4195943772792816,0.3985,0.2648,0.9990000000000001,,,,29.93289799164781,,,,
5536,P35557,G,264,C,NONSYN,0.3672992043124827,0.7139068945775854,0.0846691894018059,-2.438433333333333,100.0,2.0,6.0,0.720286269589461,0.28536143998624897,0.238625816940406,0.7203,0.28536143998624897,0.720286269589461,0.28536143998624897,,0.28536143998624897,0.20178100930343465,0.7002,0.020090718670881857,0.42663508653640747,0.7166,0.1824,1.0,,,,29.93289799164781,,,,
5537,P35557,G,264,P,NONSYN,0.2021261040610908,0.5012166801798703,0.09914968455530089,-1.8968333333333334,100.0,2.0,6.0,-0.35401626159751104,0.42421153393526206,0.990971744854416,-0.354,0.42421153393526206,-0.35401626159751104,0.42421153393526206,,0.42421153393526206,0.299962852303171,0.4758,0.8298163287838667,0.4478324353694916,-0.097,0.2492,0.998,,,,29.93289799164781,,,,
5538,P35557,G,264,E,NONSYN,0.4108810729254607,0.11499173828945565,0.13765121067524808,-1.9435333333333331,100.0,2.0,6.0,0.8046585640737329,0.125880499564796,0.15758918877462053,0.8047,0.125880499564796,0.8046585640737329,0.125880499564796,,0.125880499564796,0.08901095486141748,0.2017,0.6029588005372797,0.394925594329834,0.7755,0.0868,0.9990000000000001,,,,29.93289799164781,,,,
5539,P35557,G,264,M,NONSYN,0.2878381921366005,0.3113086122323773,0.13017769818445155,-2.275,100.0,2.0,6.0,1.2699297197129198,0.201544272644861,0.009300458670828508,1.2699,0.201544272644861,1.2699297197129198,0.201544272644861,,0.201544272644861,0.1425133218964916,0.3403,0.9295878238942095,0.41166990995407104,1.1704,0.1347,1.0,,,,29.93289799164781,,,,
5540,P35557,G,264,W,NONSYN,0.355895468841822,0.7647837082056782,0.09627080494169099,-2.4539666666666666,100.0,2.0,6.0,0.567655828705182,0.208915339140297,0.43846619252962277,0.5677,0.208915339140297,0.567655828705182,0.208915339140297,,0.208915339140297,0.14772545299999135,0.731,0.1633727877231932,0.4420551657676697,0.5841,0.1401,1.0,,,,29.93289799164781,,,,
5541,P35557,G,264,H,NONSYN,0.3218287257213429,0.5058160304896206,0.12094625731626531,-1.9332999999999998,100.0,2.0,6.0,-0.36781431252676206,0.30594665502104995,0.9915489881040707,-0.3678,0.30594665502104995,-0.36781431252676206,0.30594665502104995,,0.30594665502104995,0.21633695444672568,0.4851,0.8528810542317029,0.4733358919620514,-0.2204,0.1968,1.0,,,,29.93289799164781,,,,
5542,P35557,G,264,Q,NONSYN,0.29754150588632416,1.4259873738583277,0.14212576013926803,-1.7754,100.0,2.0,6.0,1.26074564940291,0.788462371065499,0.009884146334309321,1.2607,0.788462371065499,1.26074564940291,0.788462371065499,,0.788462371065499,0.5575270892908382,1.0064,0.2543040562327439,0.6176876425743103,1.1466,0.4139,0.9990000000000001,,,,29.93289799164781,,,,
5543,P35557,G,264,*,STOP,,,,,100.0,2.0,6.0,1.09449545303167,0.05,0.028998912152970503,1.0945,0.05,1.09449545303167,0.05,,0.05,0.035355339059327376,,,,1.0945,0.0354,,,,,29.93289799164781,,,,
5544,P35557,E,265,S,NONSYN,0.4382670271083193,0.45267986233384533,0.19582422788522377,-0.6747666666666666,100.0,2.0,6.0,1.07086408651586,0.248820709732082,0.03363829488791943,1.0709,0.248820709732082,1.07086408651586,0.248820709732082,,0.248820709732082,0.17594281115120475,0.6946,0.37626129902120065,0.5136905908584595,1.0314,0.1665,0.927,,,,17.886774462179922,,,,
5545,P35557,E,265,A,NONSYN,0.4725389201357859,0.6104482138659475,0.19456039131921457,-0.8022,100.0,2.0,6.0,0.861579556750469,0.25931353628306403,0.11618900768345591,0.8616,0.25931353628306403,0.861579556750469,0.25931353628306403,,0.25931353628306403,0.1833623599592184,0.8089,0.0526434376708792,0.5104791522026062,0.8556,0.1726,0.905,,,,17.886774462179922,,,,
5546,P35557,E,265,V,NONSYN,0.5148579282991502,0.2696331763655157,0.15168180822352764,-1.6669666666666665,100.0,2.0,6.0,1.12968563901057,0.18731706908088602,0.0231942641583468,1.1297,0.18731706908088602,1.12968563901057,0.18731706908088602,,0.18731706908088602,0.13245316977908347,0.4595,0.670156477557323,0.5171641707420349,1.0884,0.1283,0.977,,,,17.886774462179922,,,,
5547,P35557,E,265,R,NONSYN,0.4513055748960305,0.32190697173855837,0.20075935160979663,-0.7211333333333333,100.0,2.0,6.0,1.25389822853633,0.178924865585177,0.010342152148890867,1.2539,0.178924865585177,1.25389822853633,0.178924865585177,,0.178924865585177,0.12651898577817017,0.4667,0.7872047675950153,0.5472234487533569,1.214,0.1233,0.9940000000000001,,,,17.886774462179922,,,,
5548,P35557,E,265,D,NONSYN,0.4800060668498122,0.41816788444802167,0.15228535951016542,-0.020166666666666666,100.0,2.0,6.0,0.9209372069207449,0.7486559741320591,0.08310993835330793,0.9209,0.7486559741320591,0.9209372069207449,0.7486559741320591,,0.7486559741320591,0.5293797160845994,0.7067,0.21427204864895533,0.4949358105659485,0.8066,0.3615,0.507,,,,17.886774462179922,,,,
5549,P35557,E,265,F,NONSYN,0.4134101209643438,0.4622507458154474,0.11099858829303662,-2.4431333333333334,100.0,2.0,6.0,-0.39043421946108403,0.309801696115726,0.9924135977832987,-0.3904,0.309801696115726,-0.39043421946108403,0.309801696115726,,0.309801696115726,0.21906288014652395,0.445,0.8354264935070282,0.45678189396858215,-0.2342,0.1975,0.998,,,,17.886774462179922,,,,
5550,P35557,E,265,T,NONSYN,0.4070866311137473,0.6696984121574764,0.15965254058605774,-0.9768666666666667,100.0,2.0,6.0,0.9516491635120121,0.31278453369256104,0.06947535912080274,0.9516,0.31278453369256104,0.9516491635120121,0.31278453369256104,,0.31278453369256104,0.22117206482428203,0.7249,0.22670302226903116,0.5160873532295227,0.9165,0.2033,0.973,,,,17.886774462179922,,,,
5551,P35557,E,265,I,NONSYN,0.377366298627538,0.21209615119917044,0.1407834071372885,-2.3962999999999997,100.0,2.0,6.0,0.8014300051474521,0.187912194926263,0.16024861548752584,0.8014,0.187912194926263,0.8014300051474521,0.187912194926263,,0.187912194926263,0.1328739873000089,0.3983,0.40316270621060823,0.4811728596687317,0.7729,0.1281,0.987,,,,17.886774462179922,,,,
5552,P35557,E,265,L,NONSYN,0.4309220950052253,0.3367712385477685,0.13972072155788792,-2.375633333333333,100.0,2.0,6.0,0.42740474310165794,0.20168433619764897,0.638280582485258,0.4274,0.20168433619764897,0.42740474310165794,0.20168433619764897,,0.20168433619764897,0.14261236178446504,0.5482,0.1208381238912925,0.5060808062553406,0.4363,0.1373,0.975,,,,17.886774462179922,,,,
5553,P35557,E,265,K,NONSYN,0.4890082107053284,0.39166848166035545,0.20002026927151606,-0.6217666666666667,100.0,2.0,6.0,0.6024818819217359,0.386813346845349,0.3885701558671967,0.6025,0.386813346845349,0.6024818819217359,0.386813346845349,,0.386813346845349,0.2735183406078103,0.5233,0.07913843805119147,0.5523085594177246,0.5869,0.2451,0.99,,,,17.886774462179922,,,,
5554,P35557,E,265,G,NONSYN,0.4522640708552875,0.3685622976943332,0.11364508255122825,-1.9225,100.0,2.0,6.0,0.990247045137109,0.165835880180469,0.05519732153579636,0.9902,0.165835880180469,0.990247045137109,0.165835880180469,,0.165835880180469,0.1172636754396494,0.5476,0.4426169138924496,0.4748895466327667,0.9648,0.1138,0.985,,,,17.886774462179922,,,,
5555,P35557,E,265,Y,NONSYN,0.4671477233180428,0.7396939311287397,0.07582476274818105,-2.2137666666666664,100.0,2.0,6.0,0.0509662212986213,0.41267184687165503,0.9336964533184429,0.051,0.41267184687165503,0.0509662212986213,0.41267184687165503,,0.41267184687165503,0.2918030613277238,0.7439,0.6929816422801751,0.4132818877696991,0.2815,0.2384,0.9990000000000001,,,,17.886774462179922,,,,
5556,P35557,E,265,N,NONSYN,0.4945297857128286,0.9343688079892987,0.10557801224465098,-0.6558999999999999,100.0,2.0,6.0,-0.3742027504505,0.7426433556042901,0.9918031074551565,-0.3742,0.7426433556042901,-0.3742027504505,0.7426433556042901,,0.7426433556042901,0.5251281527509261,0.8406,1.2148081286014398,0.48059165477752686,0.2869,0.3545,0.973,,,,17.886774462179922,,,,
5557,P35557,E,265,C,NONSYN,0.4263241553322161,0.0649626709459353,0.12526382309372788,-2.5622,100.0,2.0,6.0,0.670659950820492,0.050626933158502994,0.29723434071395005,0.6707,0.050626933158502994,0.670659950820492,0.050626933158502994,,0.050626933158502994,0.03579864774705554,0.1483,0.5223847542682154,0.3492630124092102,0.6652,0.0356,0.9990000000000001,,,,17.886774462179922,,,,
5558,P35557,E,265,P,NONSYN,0.2784783599621833,0.9809714530910171,0.10545282225451295,-1.2109666666666667,100.0,2.0,6.0,-0.10638254881437,0.599619203541872,0.9696759911899329,-0.1064,0.599619203541872,-0.10638254881437,0.599619203541872,,0.599619203541872,0.4239948049541344,0.9178,1.0242184400611656,0.4526312053203583,0.3723,0.3094,0.005,,,,17.886774462179922,,,,
5559,P35557,E,265,E,SYN,,,,,,,,,,,,,,,,,,,,,,,,,,,17.886774462179922,,,,
5560,P35557,E,265,M,NONSYN,0.4318399535430367,0.7236329684821002,0.1137461297814731,-1.9440333333333335,100.0,2.0,6.0,-0.0749649672261918,0.164584168788625,0.9645498858453915,-0.075,0.164584168788625,-0.0749649672261918,0.164584168788625,,0.164584168788625,0.11637858182638805,0.7378,0.8127784399739946,0.4737320840358734,-0.0287,0.113,0.9940000000000001,,,,17.886774462179922,,,,
5561,P35557,E,265,W,NONSYN,0.3886512979012191,0.27946684292934204,0.0977424777968653,-2.4843333333333333,100.0,2.0,6.0,0.157917489197232,0.38181775022300196,0.8880818164632264,0.1579,0.38181775022300196,0.157917489197232,0.38181775022300196,,0.38181775022300196,0.26998592036007607,0.3005,0.14262146792175603,0.38130077719688416,0.2055,0.2203,1.0,,,,17.886774462179922,,,,
5562,P35557,E,265,H,NONSYN,0.3874690850586482,0.6501865215338967,0.1893622346983935,-0.6659666666666667,100.0,2.0,6.0,0.478344108915706,0.32667269083184697,0.5681715172482096,0.4783,0.32667269083184697,0.478344108915706,0.32667269083184697,,0.32667269083184697,0.2309924749156555,0.6785,0.20018801464996783,0.525881826877594,0.5107,0.2115,0.997,,,,17.886774462179922,,,,
5563,P35557,E,265,Q,NONSYN,0.4979236622050323,0.8647610584527804,0.20709928892158888,-0.02876666666666668,100.0,2.0,6.0,-0.41884231509353104,0.45376055590062997,0.9933706309574307,-0.4188,0.45376055590062997,-0.41884231509353104,0.45376055590062997,,0.45376055590062997,0.3208571661123129,0.8324,1.2511953109660285,0.5390249490737915,-0.0915,0.2757,0.985,,,,17.886774462179922,,,,
5564,P35557,E,265,*,STOP,,,,,100.0,2.0,6.0,0.0346280442514675,0.05,0.9388532272314527,0.0346,0.05,0.0346280442514675,0.05,,0.05,0.035355339059327376,,,,0.0346,0.0354,,,,,17.886774462179922,,,,
5565,P35557,L,266,S,NONSYN,0.3696688568840947,0.7394620181093045,0.17395477082630564,-1.9396333333333333,100.0,2.0,6.0,1.31099071836468,0.411333551133889,0.007073516180701498,1.311,0.411333551133889,1.31099071836468,0.411333551133889,,0.411333551133889,0.2908567433363164,0.7302,0.580752340316737,0.5246509313583374,1.1745,0.2544,1.0,,,,0.4155509166323138,,,,
5566,P35557,L,266,A,NONSYN,0.2800117097075371,1.1198578021485532,0.26135097840297644,-1.4467666666666668,100.0,2.0,6.0,0.0042927148797081,0.507667272228583,0.9474061965786786,0.0043,0.507667272228583,0.0042927148797081,0.507667272228583,,0.507667272228583,0.35897497077930807,0.8803,0.8760448810599282,0.5568265914916992,0.2615,0.3017,0.998,,,,0.4155509166323138,,,,
5567,P35557,L,266,V,NONSYN,0.45006845647116095,0.7775199389822621,0.2794894451200814,-0.2792333333333333,100.0,2.0,6.0,0.660035525486077,0.37575594670863793,0.3107316286051381,0.66,0.37575594670863793,0.660035525486077,0.37575594670863793,,0.37575594670863793,0.26569957798884886,0.8406,0.18056514389792566,0.5637223124504089,0.6929,0.2403,0.882,,,,0.4155509166323138,,,,
5568,P35557,L,266,R,NONSYN,0.2792328090176149,1.1797835605120768,0.17278267884123047,-1.9246333333333334,100.0,2.0,6.0,-0.0099739088436366,0.42013169081928203,0.9510093476899504,-0.01,0.42013169081928203,-0.0099739088436366,0.42013169081928203,,0.42013169081928203,0.2970779675696843,0.9244,0.9343795432468653,0.5153491497039795,0.2231,0.2574,1.0,,,,0.4155509166323138,,,,
5569,P35557,L,266,D,NONSYN,0.15709418040401155,0.9197357547816573,0.35391778191364587,-2.512333333333333,100.0,2.0,6.0,-0.0277996588471208,0.6345700111500661,0.9551687910514486,-0.0278,0.6345700111500661,-0.0277996588471208,0.6345700111500661,,0.6345700111500661,0.44870875802183474,0.7827,0.8105108071091447,0.5573253631591797,0.291,0.3495,1.0,,,,0.4155509166323138,,,,
5570,P35557,L,266,F,NONSYN,0.463424518412456,0.9373736576835391,0.2743068530269275,-0.2331333333333333,100.0,2.0,6.0,0.18047436938224598,0.43915183840536,0.8752988028256529,0.1805,0.43915183840536,0.18047436938224598,0.43915183840536,,0.43915183840536,0.3105272429069689,0.7868,0.6063167168146535,0.5593107342720032,0.3233,0.2715,0.9990000000000001,,,,0.4155509166323138,,,,
5571,P35557,L,266,T,NONSYN,0.3205067496312658,1.0507710921762328,0.2522591546185587,-1.4664666666666666,100.0,2.0,6.0,0.21155284479667,0.584619371994999,0.8555368641102813,0.2116,0.584619371994999,0.21155284479667,0.584619371994999,,0.584619371994999,0.41338832235068457,0.8263,0.6147874729294652,0.7086644172668457,0.3676,0.3571,1.0,,,,0.4155509166323138,,,,
5572,P35557,L,266,I,NONSYN,0.3599458773266949,0.35068757988833094,0.19376771299298023,-0.44539999999999996,100.0,2.0,6.0,1.9405326027678702,0.933501018487352,8.134700051051103e-05,1.9405,0.933501018487352,1.9405326027678702,0.933501018487352,,0.933501018487352,0.6600849004169552,0.7381,1.2024523992346976,0.5396822690963745,1.2198,0.4178,0.102,,,,0.4155509166323138,,,,
5573,P35557,L,266,L,SYN,,,,,100.0,2.0,6.0,1.9424567525483603,0.05,8.018691283919115e-05,1.9425,0.05,1.9424567525483603,0.05,,0.05,0.035355339059327376,,,,1.9425,0.0354,,,,,0.4155509166323138,,,,
5574,P35557,L,266,K,NONSYN,0.16637828819819184,0.9015176838810378,0.18531086277747963,-1.9222000000000001,100.0,2.0,6.0,0.82482372104948,0.309447775927686,0.14175140622634674,0.8248,0.309447775927686,0.82482372104948,0.309447775927686,,0.309447775927686,0.21881262078156205,0.7791,0.0457351046783252,0.5144839882850647,0.8178,0.2014,1.0,,,,0.4155509166323138,,,,
5575,P35557,L,266,G,NONSYN,0.3375782897720982,0.8939308668761464,0.37135223664476374,-2.5354666666666663,100.0,2.0,6.0,0.0496150048694117,0.41841932022303796,0.9341385363068555,0.0496,0.41841932022303796,0.0496150048694117,0.41841932022303796,,0.41841932022303796,0.29586713870917564,0.7759,0.7262734381237523,0.787024736404419,0.1395,0.2769,1.0,,,,0.4155509166323138,,,,
5576,P35557,L,266,Y,NONSYN,0.3932294491632085,0.6081726947428261,0.194638010502604,-1.3710666666666667,,,,,,,,,,,,,,0.6543,,0.5261064767837524,0.6543,0.5261,1.0,,,,0.4155509166323138,,,,
5577,P35557,L,266,N,NONSYN,0.1790631080953343,0.760231594823073,0.312645389045021,-2.4369,100.0,2.0,6.0,1.3389363489602,1.10246926177518,0.005863011922519498,1.3389,1.10246926177518,1.3389363489602,1.10246926177518,,1.10246926177518,0.7795634910509567,0.7365,0.6024602256272227,0.5599348545074463,0.9415,0.4548,1.0,,,,0.4155509166323138,,,,
5578,P35557,L,266,C,NONSYN,0.3444819501115762,0.585064532257756,0.27936423324835175,-1.3841999999999999,100.0,2.0,6.0,1.6086725245521,0.287063273477425,0.0009087124507224536,1.6087,0.287063273477425,1.6086725245521,0.287063273477425,,0.287063273477425,0.2029843873054956,0.6628,0.9458591590926579,0.5802352428436279,1.5055,0.1916,1.0,,,,0.4155509166323138,,,,
5579,P35557,L,266,P,NONSYN,0.3101239067988947,1.3710428338658769,0.36147704433562633,-2.2839666666666667,100.0,2.0,6.0,0.860423869084447,0.8486734625372622,0.11693029747935631,0.8604,0.8486734625372622,0.860423869084447,0.8486734625372622,,0.8486734625372622,0.6001027603731655,1.026,0.16555171589937867,0.6968326568603516,0.9309,0.4547,1.0,,,,0.4155509166323138,,,,
5580,P35557,L,266,E,NONSYN,0.22335052551716408,0.7496584076380195,0.34243895211896325,-2.4328000000000003,100.0,2.0,6.0,1.3706559105153602,0.9295843876104691,0.004731742142791281,1.3707,0.9295843876104691,1.3706559105153602,0.9295843876104691,,0.9295843876104691,0.6573154241645067,0.7365,0.6341797871823829,0.5431669354438782,0.9938,0.4187,1.0,,,,0.4155509166323138,,,,
5581,P35557,L,266,M,NONSYN,0.4855550162170784,0.927014165878731,0.25878680845851937,0.15566666666666665,,,,,,,,,,,,,,0.8272,,0.5387574434280396,0.8272,0.5388,0.993,,,,0.4155509166323138,,,,
5582,P35557,L,266,W,NONSYN,0.28885364138641745,0.7086135101901746,0.1566070549612905,-1.8677333333333335,,,,,,,,,,,,,,0.7018,,0.5117582678794861,0.7018,0.5118,1.0,,,,0.4155509166323138,,,,
5583,P35557,L,266,H,NONSYN,0.29725486605293433,0.5584245604300968,0.2348185126234308,-1.9786333333333335,100.0,2.0,6.0,1.4035362421220703,0.521935012832944,0.003783451654523906,1.4035,0.521935012832944,1.4035362421220703,0.521935012832944,,0.521935012832944,0.36906378691286235,0.6464,0.7571629105752868,0.5934954881668091,1.1924,0.3134,1.0,,,,0.4155509166323138,,,,
5584,P35557,L,266,Q,NONSYN,0.3225298006389851,0.9746519859321627,0.1682139300216643,-1.5598,100.0,2.0,6.0,1.53934803709689,0.897381121557654,0.0014800746684675316,1.5393,0.897381121557654,1.53934803709689,0.897381121557654,,0.897381121557654,0.6345442763622067,0.8087,0.7306264947384915,0.527241587638855,1.1071,0.4055,1.0,,,,0.4155509166323138,,,,
5585,P35557,L,266,*,STOP,,,,,,,,,,,,,,,,,,,,,,,,,,,0.4155509166323138,,,,
5586,P35557,D,267,S,NONSYN,0.3690767940714815,0.686643506902601,0.13984570983455755,-0.9239999999999999,100.0,2.0,6.0,0.9018426028447071,0.13211321243032198,0.09272726181923799,0.9018,0.13211321243032198,0.9018426028447071,0.13211321243032198,,0.13211321243032198,0.09341814839381955,0.8377,0.06416428958939702,0.5116735100746155,0.8998,0.0919,0.423,,,,77.04679520628288,,,,
5587,P35557,D,267,A,NONSYN,0.4216252277516441,1.2509301088089624,0.11707319821347267,-1.4927333333333335,100.0,2.0,6.0,2.34145075624908,0.37939208987258205,3.721798776502602e-06,2.3415,0.37939208987258205,2.34145075624908,0.37939208987258205,,0.37939208987258205,0.26827071947743886,1.0847,1.2567340785833694,0.5255898833274841,2.0817,0.2389,0.217,,,,77.04679520628288,,,,
5588,P35557,D,267,V,NONSYN,0.4506084315132353,1.68588304700312,0.03444984822323974,-2.6115333333333335,100.0,2.0,6.0,0.803251691657713,0.0800288287625674,0.1587438157603906,0.8033,0.0800288287625674,0.803251691657713,0.0800288287625674,,0.0800288287625674,0.05658892750842842,1.0921,0.2888778964694232,0.5119455456733704,0.8067,0.0562,0.857,,,,77.04679520628288,,,,
5589,P35557,D,267,R,NONSYN,0.35823216117602164,1.7361961859539565,0.13645177663921984,-1.472133333333333,100.0,2.0,6.0,0.885652524814097,0.23559540087330397,0.10162255922961234,0.8857,0.23559540087330397,0.885652524814097,0.23559540087330397,,0.23559540087330397,0.1665911055738763,1.2043,0.31861473859837863,0.647911548614502,0.9054,0.1613,0.9570000000000001,,,,77.04679520628288,,,,
5590,P35557,D,267,D,SYN,,,,,100.0,2.0,6.0,1.8135136563838101,0.05,0.00020799002472305286,1.8135,0.05,1.8135136563838101,0.05,,0.05,0.035355339059327376,,,,1.8135,0.0354,,,,,77.04679520628288,,,,
5591,P35557,D,267,F,NONSYN,0.29646296686588297,1.3484348512288042,0.037605143856393,-2.6194333333333333,100.0,2.0,6.0,1.81559627898066,0.0480856215484908,0.00020484383535477777,1.8156,0.0480856215484908,1.81559627898066,0.0480856215484908,,0.0480856215484908,0.03400166907450782,1.0452,0.7703902090343708,0.5184014439582825,1.8123,0.0339,0.993,,,,77.04679520628288,,,,
5592,P35557,D,267,T,NONSYN,0.33041122774515563,0.7115404614059077,0.1673386467188379,-1.1000666666666665,100.0,2.0,6.0,0.507930705945157,0.103724945636758,0.5256157351397296,0.5079,0.103724945636758,0.507930705945157,0.103724945636758,,0.103724945636758,0.07334461243795758,0.8555,0.3475860257938872,0.5185627937316895,0.5147,0.0726,0.442,,,,77.04679520628288,,,,
5593,P35557,D,267,I,NONSYN,0.3169485018080975,0.9841396326082746,0.06209226849415159,-2.7128666666666668,100.0,2.0,6.0,1.07077092922441,0.22736551440789202,0.03365789061874388,1.0708,0.22736551440789202,1.07077092922441,0.22736551440789202,,0.22736551440789202,0.16077169704578811,0.8628,0.20801420009843352,0.3917813003063202,1.0408,0.1487,0.978,,,,77.04679520628288,,,,
5594,P35557,D,267,L,NONSYN,0.37713817620354506,1.052735962442591,0.05906690049840274,-2.7055000000000002,100.0,2.0,6.0,0.864981939721461,0.241439426032026,0.11402939052149015,0.865,0.241439426032026,0.864981939721461,0.241439426032026,,0.241439426032026,0.17072345539303344,0.8628,0.002225210595484417,0.3917813003063202,0.8646,0.1565,0.9570000000000001,,,,77.04679520628288,,,,
5595,P35557,D,267,K,NONSYN,0.3517044245741117,0.9181472783995216,0.13062864730250354,-0.8664,100.0,2.0,6.0,0.20733128835394501,0.249654809754486,0.8583744185456137,0.2073,0.249654809754486,0.20733128835394501,0.249654809754486,,0.249654809754486,0.17653260893323447,0.89,0.6827054138021219,0.49149176478385925,0.2853,0.1661,0.7609999999999999,,,,77.04679520628288,,,,
5596,P35557,D,267,G,NONSYN,0.41616550742326497,1.1056151391250684,0.15632065887143923,-1.2674333333333332,100.0,2.0,6.0,1.45982614068281,0.395675416843309,0.002571420153181444,1.4598,0.395675416843309,1.45982614068281,0.395675416843309,,0.395675416843309,0.27978477039871763,0.9168,0.5430407813001805,0.4984143376350403,1.3297,0.244,0.001,,,,77.04679520628288,,,,
5597,P35557,D,267,Y,NONSYN,0.4224113195979475,1.525571855407141,0.0357975663001697,-2.560966666666667,,,,,,,,,,,,,,1.0452,,0.5163904428482056,1.0452,0.5164,0.99,,,,77.04679520628288,,,,
5598,P35557,D,267,N,NONSYN,0.4295009636980524,1.1173064753143658,0.049969816936415584,-0.2961,100.0,2.0,6.0,0.8954922722289731,0.0940629374458399,0.09613294508164294,0.8955,0.0940629374458399,0.8954922722289731,0.0940629374458399,,0.0940629374458399,0.06651254092627942,0.935,0.03948490157626372,0.40337690711021423,0.8965,0.0656,0.374,,,,77.04679520628288,,,,
5599,P35557,D,267,C,NONSYN,0.3461355508488411,0.9130015202011948,0.08041306106519562,-2.7265333333333337,100.0,2.0,6.0,1.28418526644565,0.0685600951407894,0.00845980253343002,1.2842,0.0685600951407894,1.28418526644565,0.0685600951407894,,0.0685600951407894,0.04847930819284704,0.8406,0.44357988829470996,0.4140371084213257,1.2782,0.0482,0.977,,,,77.04679520628288,,,,
5600,P35557,D,267,P,NONSYN,0.2905290433283012,1.5623098072486623,0.14063399823352826,-1.4699,100.0,2.0,6.0,1.40731166092998,0.186134840671971,0.003687187161329554,1.4073,0.186134840671971,1.40731166092998,0.186134840671971,,0.186134840671971,0.13161720805422827,1.0885,0.3187844583237789,0.5741819739341736,1.3914,0.1283,0.473,,,,77.04679520628288,,,,
5601,P35557,D,267,E,NONSYN,0.4869275421620544,1.0608233840821901,0.041394826780670954,-0.3505,100.0,2.0,6.0,1.0649415459255,0.15149241819037804,0.03490559280736742,1.0649,0.15149241819037804,1.0649415459255,0.15149241819037804,,0.15149241819037804,0.1071213162007646,0.9167,0.14826621671712603,0.39556455612182617,1.0548,0.1034,0.001,,,,77.04679520628288,,,,
5602,P35557,D,267,M,NONSYN,0.2886817698329022,1.3010110790280076,0.02730214387036617,-2.633366666666667,100.0,2.0,6.0,1.95786759558305,0.11978957851774,7.14620149669919e-05,1.9579,0.11978957851774,1.95786759558305,0.11978957851774,,0.11978957851774,0.08470402328537233,1.0452,0.912661525636761,0.5184014439582825,1.9341,0.0836,0.995,,,,77.04679520628288,,,,
5603,P35557,D,267,W,NONSYN,0.2933207242208761,1.0733127117971737,0.07982221920909045,-2.7770999999999995,100.0,2.0,6.0,0.8675874304624079,0.125748838118539,0.11239841979549398,0.8676,0.125748838118539,0.8675874304624079,0.125748838118539,,0.125748838118539,0.08891785615994835,0.836,0.03154764889197337,0.41789186000823975,0.8662,0.087,0.998,,,,77.04679520628288,,,,
5604,P35557,D,267,H,NONSYN,0.4359397753198172,0.725029378327304,0.11295166711548776,-1.1262,100.0,2.0,6.0,0.46746395518096795,0.533997611244453,0.5835432715104956,0.4675,0.533997611244453,0.46746395518096795,0.533997611244453,,0.533997611244453,0.3775933320483705,0.8209,0.3533938081094373,0.47653210163116455,0.6038,0.2959,0.9279999999999999,,,,77.04679520628288,,,,
5605,P35557,D,267,Q,NONSYN,0.3596090029508326,0.5255459487932067,0.14238735776960873,-0.9040333333333331,100.0,2.0,6.0,1.38513527717289,0.0673931243973166,0.004288687986247976,1.3851,0.0673931243973166,1.38513527717289,0.0673931243973166,,0.0673931243973166,0.04765413526669112,0.7839,0.601213796994057,0.520607054233551,1.3801,0.0475,0.544,,,,77.04679520628288,,,,
5606,P35557,D,267,*,STOP,,,,,100.0,2.0,6.0,-0.172991624483268,0.05,0.9781968933350481,-0.173,0.05,-0.172991624483268,0.05,,0.05,0.035355339059327376,,,,-0.173,0.0354,,,,,77.04679520628288,,,,
5607,P35557,E,268,S,NONSYN,0.4382670271083193,0.8583623508053465,0.0858512737874814,-0.6747666666666666,100.0,2.0,6.0,1.11421097492973,0.08506471113873199,0.025596520712627528,1.1142,0.08506471113873199,1.11421097492973,0.08506471113873199,,0.08506471113873199,0.060149834085872225,0.8994,0.21478415703574805,0.4256107807159424,1.11,0.0596,0.001,,,,108.24449783505388,,,,
5608,P35557,E,268,A,NONSYN,0.4725389201357859,0.9783690483180599,0.09372956152561358,-0.8022,100.0,2.0,6.0,1.7061656202167201,0.143091490144171,0.0004532028808393475,1.7062,0.143091490144171,1.7061656202167201,0.143091490144171,,0.143091490144171,0.10118096301103134,0.9134,0.7927798713534999,0.42936205863952637,1.6645,0.0985,0.025,,,,108.24449783505388,,,,
5609,P35557,E,268,V,NONSYN,0.5148579282991502,0.9821195054741235,0.11457350858552999,-1.6669666666666665,100.0,2.0,6.0,1.36127600722349,0.24137493275877497,0.005042136245478287,1.3613,0.24137493275877497,1.36127600722349,0.24137493275877497,,0.24137493275877497,0.1706778517621767,0.9149,0.4463393455032141,0.46354350447654724,1.308,0.1602,0.07,,,,108.24449783505388,,,,
5610,P35557,E,268,R,NONSYN,0.4513055748960305,1.44970458999496,0.040422508420551756,-0.7211333333333333,100.0,2.0,6.0,-0.0678610973521206,0.351754873430778,0.9632744065209184,-0.0679,0.351754873430778,-0.0678610973521206,0.351754873430778,,0.351754873430778,0.24872825631831882,1.0881,1.1559622459574672,0.4865879714488983,0.1716,0.2215,0.231,,,,108.24449783505388,,,,
5611,P35557,E,268,D,NONSYN,0.4800060668498122,1.1519641035487933,0.047430737472826064,-0.020166666666666666,100.0,2.0,6.0,0.792859631884465,0.982658428183173,0.16747624677392242,0.7929,0.982658428183173,0.792859631884465,0.982658428183173,,0.982658428183173,0.6948444381584356,0.9894,0.19651494611465004,0.41660571098327637,0.9374,0.3573,0.0,,,,108.24449783505388,,,,
5612,P35557,E,268,F,NONSYN,0.4134101209643438,0.858187073457377,0.04590754910517,-2.4431333333333334,100.0,2.0,6.0,0.8482247064232721,0.06439659762957001,0.12499784206973769,0.8482,0.06439659762957001,0.8482247064232721,0.06439659762957001,,0.06439659762957001,0.0455352708692105,0.8818,0.03355961345435243,0.3830765187740326,0.8487,0.0452,0.867,,,,108.24449783505388,,,,
5613,P35557,E,268,T,NONSYN,0.4070866311137473,0.8829481878004799,0.13457927900957592,-0.9768666666666667,100.0,2.0,6.0,1.537490552604,0.176857604883524,0.0014994276757525247,1.5375,0.176857604883524,1.537490552604,0.176857604883524,,0.176857604883524,0.12505721171755088,0.8996,0.6379322468636435,0.4984143376350403,1.4997,0.1213,0.10099999999999999,,,,108.24449783505388,,,,
5614,P35557,E,268,I,NONSYN,0.377366298627538,0.7155222475836552,0.0431127885112475,-2.3962999999999997,100.0,2.0,6.0,0.85970860143172,0.11295663705565899,0.11739106341546583,0.8597,0.11295663705565899,0.85970860143172,0.11295663705565899,,0.11295663705565899,0.07987240404208412,0.8533,0.006430679755084268,0.3854493498802185,0.8594,0.0782,0.5,,,,108.24449783505388,,,,
5615,P35557,E,268,L,NONSYN,0.4309220950052253,0.7764324480204117,0.03734131385684598,-2.375633333333333,100.0,2.0,6.0,0.676978000121451,0.14531792897920498,0.28935784099384626,0.677,0.14531792897920498,0.676978000121451,0.14531792897920498,,0.14531792897920498,0.10275529300918095,0.8718,0.19477795748200355,0.3854493498802185,0.6899,0.0993,0.12300000000000001,,,,108.24449783505388,,,,
5616,P35557,E,268,K,NONSYN,0.4890082107053284,1.2523863748992967,0.029974485349681543,-0.6217666666666667,100.0,2.0,6.0,1.31073553805731,0.132343902113203,0.007085613168798829,1.3107,0.132343902113203,1.31073553805731,0.132343902113203,,0.132343902113203,0.09358127063293448,1.0847,0.22601886039159957,0.47886228561401367,1.3024,0.0918,0.345,,,,108.24449783505388,,,,
5617,P35557,E,268,G,NONSYN,0.4522640708552875,0.8327852894897253,0.07163799095671056,-1.9225,100.0,2.0,6.0,1.2304527384504,0.169270736011158,0.012070333713618112,1.2305,0.169270736011158,1.2304527384504,0.169270736011158,,0.169270736011158,0.11969248528992774,0.8913,0.339146814988486,0.3957933783531189,1.202,0.1146,0.078,,,,108.24449783505388,,,,
5618,P35557,E,268,Y,NONSYN,0.4671477233180428,0.9223797800011905,0.05893927402537494,-2.2137666666666664,100.0,2.0,6.0,0.43171412381055496,0.0909998477230548,0.6325549553294316,0.4317,0.0909998477230548,0.43171412381055496,0.0909998477230548,,0.0909998477230548,0.06434660941191525,0.8489,0.41715800133821823,0.3992639482021332,0.4423,0.0635,0.946,,,,108.24449783505388,,,,
5619,P35557,E,268,N,NONSYN,0.4945297857128286,0.7412734458811565,0.08717157334731786,-0.6558999999999999,100.0,2.0,6.0,1.4654776897023,0.0558931952984331,0.002473074090163109,1.4655,0.0558931952984331,1.4654776897023,0.0558931952984331,,0.0558931952984331,0.039522457417706096,0.8859,0.5795388068745413,0.44242149591445923,1.4609,0.0394,0.032,,,,108.24449783505388,,,,
5620,P35557,E,268,C,NONSYN,0.4263241553322161,0.854359108454561,0.0403614055878781,-2.5622,100.0,2.0,6.0,1.21543714464902,0.0729579086922919,0.013319616160042543,1.2154,0.0729579086922919,1.21543714464902,0.0729579086922919,,0.0729579086922919,0.05158903197750856,0.8648,0.35061219395398213,0.3898286819458008,1.2094,0.0511,0.93,,,,108.24449783505388,,,,
5621,P35557,E,268,P,NONSYN,0.2784783599621833,1.5349773933480702,0.0781791550511172,-1.2109666666666667,100.0,2.0,6.0,1.0105400405368399,0.42638224231701893,0.04881340913948287,1.0105,0.42638224231701893,1.0105400405368399,0.42638224231701893,,0.42638224231701893,0.30149777491988977,1.0881,0.0775611080685068,0.4810757040977478,1.0324,0.2555,0.040999999999999995,,,,108.24449783505388,,,,
5622,P35557,E,268,E,SYN,,,,,100.0,2.0,6.0,0.7451803933520329,0.05,0.21221229560027738,0.7452,0.05,0.7451803933520329,0.05,,0.05,0.035355339059327376,,,,0.7452,0.0354,,,,,108.24449783505388,,,,
5623,P35557,E,268,M,NONSYN,0.4318399535430367,1.0078142898281484,0.07272299518633148,-1.9440333333333335,100.0,2.0,6.0,0.705365737435131,0.160727101074228,0.2554378584119261,0.7054,0.160727101074228,0.705365737435131,0.160727101074228,,0.160727101074228,0.11365122309004223,0.9124,0.20704237604448328,0.38719627261161804,0.7218,0.1091,0.6729999999999999,,,,108.24449783505388,,,,
5624,P35557,E,268,W,NONSYN,0.3886512979012191,0.7949704359921478,0.04596098836331735,-2.4843333333333333,100.0,2.0,6.0,1.0378746188189598,0.0637067722416978,0.04128560303880883,1.0379,0.0637067722416978,1.0378746188189598,0.0637067722416978,,0.0637067722416978,0.04504749065961142,0.7841,0.25378886823912583,0.4007655382156372,1.0347,0.0448,0.985,,,,108.24449783505388,,,,
5625,P35557,E,268,H,NONSYN,0.3874690850586482,0.8372758557599699,0.08631066154823365,-0.6659666666666667,100.0,2.0,6.0,1.17747046006586,0.0762391076405294,0.017056225106333842,1.1775,0.0762391076405294,1.17747046006586,0.0762391076405294,,0.0762391076405294,0.05390919000422946,0.887,0.29043181193735057,0.4304937422275543,1.173,0.0535,0.604,,,,108.24449783505388,,,,
5626,P35557,E,268,Q,NONSYN,0.4979236622050323,1.0726020482905014,0.2345644308532411,-0.02876666666666668,100.0,2.0,6.0,1.03094579765934,0.125472044385296,0.04308480898937855,1.0309,0.125472044385296,1.03094579765934,0.125472044385296,,0.125472044385296,0.08872213343418227,0.9432,0.08770598957675935,0.5396504998207092,1.0286,0.0875,0.292,,,,108.24449783505388,,,,
5627,P35557,E,268,*,STOP,,,,,100.0,2.0,6.0,-0.0734131594690628,0.05,0.9642751266529921,-0.0734,0.05,-0.0734131594690628,0.05,,0.05,0.035355339059327376,,,,-0.0734,0.0354,,,,,108.24449783505388,,,,
5628,P35557,F,269,S,NONSYN,0.3509668135339838,0.48018683434996784,0.08154365084430727,-1.8094999999999999,100.0,2.0,6.0,0.251903556379038,0.268506079508331,0.8258382100501238,0.2519,0.268506079508331,0.251903556379038,0.268506079508331,,0.268506079508331,0.18986246961015513,0.5943,0.3423684014952601,0.4396713376045227,0.3057,0.1743,0.9740000000000001,,,,20.543421707359922,,,,
5629,P35557,F,269,A,NONSYN,0.21205940102164186,0.16567394560802715,0.08102686519636644,-1.7977999999999998,100.0,2.0,6.0,1.19544222260486,0.27130751685746,0.015177051432933736,1.1954,0.27130751685746,1.19544222260486,0.27130751685746,,0.27130751685746,0.1918433849567935,0.4303,0.7651243736840379,0.42169636487960815,1.0642,0.1746,0.23399999999999999,,,,20.543421707359922,,,,
5630,P35557,F,269,V,NONSYN,0.3686871445054262,0.8994151818676127,0.1097127117524424,-1.0737666666666665,100.0,2.0,6.0,0.683085217808545,0.0943715422319434,0.2818542552120661,0.6831,0.0943715422319434,0.683085217808545,0.0943715422319434,,0.0943715422319434,0.06673075746323982,0.89,0.20695148434752186,0.4558413624763489,0.6874,0.066,0.917,,,,20.543421707359922,,,,
5631,P35557,F,269,R,NONSYN,0.12156869505678705,0.7885361716807605,0.22385203036987997,-2.1628666666666665,100.0,2.0,6.0,0.48270403840884296,0.106261106543315,0.5619635474387569,0.4827,0.106261106543315,0.48270403840884296,0.106261106543315,,0.106261106543315,0.07513794901316424,0.7773,0.2945642521108714,0.5669133067131042,0.4878,0.0745,0.997,,,,20.543421707359922,,,,
5632,P35557,F,269,D,NONSYN,0.1992068019592559,0.451393996224726,0.18007671099627867,-2.6122333333333336,100.0,2.0,6.0,0.9395465197808429,0.0514024696478284,0.07459095860110997,0.9395,0.0514024696478284,0.9395465197808429,0.0514024696478284,,0.0514024696478284,0.03634703485771514,0.4523,0.48728662159511293,0.542393147945404,0.9374,0.0363,0.9990000000000001,,,,20.543421707359922,,,,
5633,P35557,F,269,F,SYN,,,,,100.0,2.0,6.0,0.321121863049384,0.05,0.7632811924117388,0.3211,0.05,0.321121863049384,0.05,,0.05,0.035355339059327376,,,,0.3211,0.0354,,,,,20.543421707359922,,,,
5634,P35557,F,269,T,NONSYN,0.18720675519309532,0.6825826408031636,0.1294729829717879,-1.6453666666666666,100.0,2.0,6.0,0.0328795404181214,0.0880269944501125,0.9393813200869424,0.0329,0.0880269944501125,0.0328795404181214,0.0880269944501125,,0.0880269944501125,0.06224448470314513,0.7109,0.6780387072816162,0.4968213140964508,0.0434,0.0618,0.99,,,,20.543421707359922,,,,
5635,P35557,F,269,I,NONSYN,0.40023011164303374,0.7657663271327033,0.033972884917647946,-0.511,100.0,2.0,6.0,0.441556724064195,0.226307311020849,0.6193199718617561,0.4416,0.226307311020849,0.441556724064195,0.226307311020849,,0.226307311020849,0.16002343425493543,0.7841,0.342529026515639,0.42071762681007385,0.4848,0.1496,0.968,,,,20.543421707359922,,,,
5636,P35557,F,269,L,NONSYN,0.4640274525972558,1.06064732191012,0.056861132367578976,-0.3554666666666666,100.0,2.0,6.0,0.877989243880271,0.09653497323120899,0.10608149068620196,0.878,0.09653497323120899,0.877989243880271,0.09653497323120899,,0.09653497323120899,0.06826053419344971,0.9103,0.032351899727822264,0.3975171744823456,0.8789,0.0673,0.9259999999999999,,,,20.543421707359922,,,,
5637,P35557,F,269,K,NONSYN,0.1539819943883161,0.6301283336802083,0.08274165848733263,-1.9918333333333333,100.0,2.0,6.0,0.9957420166956801,0.23566396094497896,0.053397251972327454,0.9957,0.23566396094497896,0.9957420166956801,0.23566396094497896,,0.23566396094497896,0.1666395848654763,0.7057,0.29001950588101333,0.4177307188510895,0.9559,0.1548,0.993,,,,20.543421707359922,,,,
5638,P35557,F,269,G,NONSYN,0.22544940105055214,0.6807453440641303,0.17943462258970252,-2.584433333333333,100.0,2.0,6.0,0.25149247626263,0.0824457333875162,0.8261650387994741,0.2515,0.0824457333875162,0.25149247626263,0.0824457333875162,,0.0824457333875162,0.058297937158210855,0.7249,0.47345366498035096,0.5468630790710449,0.2568,0.058,0.98,,,,20.543421707359922,,,,
5639,P35557,F,269,Y,NONSYN,0.41795167961904656,1.2061248285154786,0.030093735754105802,-0.19666666666666666,100.0,2.0,6.0,0.310961418231747,0.0878075384332912,0.7734170596157226,0.311,0.0878075384332912,0.310961418231747,0.0878075384332912,,0.0878075384332912,0.062089305865478596,1.0288,0.7178781699335361,0.5004917979240417,0.3218,0.0616,0.988,,,,20.543421707359922,,,,
5640,P35557,F,269,N,NONSYN,0.06350654443895225,0.5584936758490013,0.04485886645184504,-2.4017,100.0,2.0,6.0,1.15762775831968,0.898946927858143,0.019388917408385963,1.1576,0.898946927858143,1.15762775831968,0.898946927858143,,0.898946927858143,0.635651468615307,0.6199,0.537754949863259,0.41328927874565125,0.7797,0.3465,0.9990000000000001,,,,20.543421707359922,,,,
5641,P35557,F,269,C,NONSYN,0.42192151878195305,0.6470232583034031,0.07041851686246688,-1.5309000000000001,100.0,2.0,6.0,0.600402143425593,0.39501300778168896,0.3915052444770778,0.6004,0.39501300778168896,0.600402143425593,0.39501300778168896,,0.39501300778168896,0.2793163764593267,0.6568,0.056426081233373115,0.44951802492141724,0.6161,0.2372,1.0,,,,20.543421707359922,,,,
5642,P35557,F,269,P,NONSYN,0.14474630447280185,0.782888918121051,0.21311774157666596,-2.5313999999999997,100.0,2.0,6.0,0.25323046935731797,0.149291947333052,0.8247797503123184,0.2532,0.149291947333052,0.25323046935731797,0.149291947333052,,0.149291947333052,0.10556534833574598,0.7455,0.4923131297714052,0.6004588007926941,0.268,0.104,0.9990000000000001,,,,20.543421707359922,,,,
5643,P35557,F,269,E,NONSYN,0.14341137314980398,0.48142315513359696,0.041983858259386164,-2.5673,100.0,2.0,6.0,0.8494590430542299,0.744722638762896,0.12416118471510054,0.8495,0.744722638762896,0.8494590430542299,0.744722638762896,,0.744722638762896,0.5265984279723833,0.535,0.3144857197090456,0.40726202726364136,0.6527,0.3222,0.99,,,,20.543421707359922,,,,
5644,P35557,F,269,M,NONSYN,0.21680558431241104,1.1079022299671122,0.06007705998579218,-0.25303333333333333,100.0,2.0,6.0,0.7362245197092941,0.0504958942223407,0.22147565401550673,0.7362,0.0504958942223407,0.7362245197092941,0.0504958942223407,,0.0504958942223407,0.03570598922669571,0.88,0.14373267938738554,0.41710060834884644,0.7373,0.0356,0.988,,,,20.543421707359922,,,,
5645,P35557,F,269,W,NONSYN,0.32132997916102696,0.6852568292179201,0.059200147996976864,-0.3639333333333333,100.0,2.0,6.0,2.0041607219568705,0.066577446477159,5.04756306774426e-05,2.0042,0.066577446477159,2.0041607219568705,0.066577446477159,,0.066577446477159,0.04707736387808355,0.6715,1.3326370913378214,0.42588168382644653,1.9881,0.0468,1.0,,,,20.543421707359922,,,,
5646,P35557,F,269,H,NONSYN,0.3132585296390889,0.43878896721741983,0.09794840366570902,-1.3437666666666666,100.0,2.0,6.0,1.65628667811305,0.0970234447085718,0.000647851910483322,1.6563,0.0970234447085718,1.65628667811305,0.0970234447085718,,0.0970234447085718,0.06860593568750917,0.3999,1.2563818011656471,0.43760547041893005,1.6261,0.0678,1.0,,,,20.543421707359922,,,,
5647,P35557,F,269,Q,NONSYN,0.15363519183063878,0.8912960925697945,0.08832914894348524,-2.0034333333333336,100.0,2.0,6.0,0.212238740026922,0.19578581516302002,0.8550711583825071,0.2122,0.19578581516302002,0.212238740026922,0.19578581516302002,,0.19578581516302002,0.13844147756190742,0.8368,0.6245897898078253,0.43145227432250977,0.2705,0.1318,0.995,,,,20.543421707359922,,,,
5648,P35557,F,269,*,STOP,,,,,100.0,2.0,6.0,0.15513736124855898,0.05,0.8895715511312272,0.1551,0.05,0.15513736124855898,0.05,,0.05,0.035355339059327376,,,,0.1551,0.0354,,,,,20.543421707359922,,,,
5649,P35557,L,270,S,NONSYN,0.3696688568840947,0.856029021316045,0.05547775522774261,-1.8501333333333332,100.0,2.0,6.0,1.40695295134038,0.33374965349450203,0.003696230114611783,1.407,0.33374965349450203,1.40695295134038,0.33374965349450203,,0.33374965349450203,0.23599664320462288,0.8324,0.5745999554678825,0.41371193528175354,1.2659,0.205,0.961,,,,25.03431387015423,,,,
5650,P35557,L,270,A,NONSYN,0.2800117097075371,0.736761387029536,0.06312218905744257,-1.3620666666666665,100.0,2.0,6.0,2.07088394182897,0.0835518316867067,3.0449031976163477e-05,2.0709,0.0835518316867067,2.07088394182897,0.0835518316867067,,0.0835518316867067,0.05908006676622736,0.8549,1.2159469844696562,0.4078614413738251,2.0459,0.0585,0.836,,,,25.03431387015423,,,,
5651,P35557,L,270,V,NONSYN,0.45006845647116095,0.9431518998104323,0.09016762666439214,0.4434,100.0,2.0,6.0,1.2384904365524498,0.163207680812704,0.011448711074132747,1.2385,0.163207680812704,1.2384904365524498,0.163207680812704,,0.163207680812704,0.11540525784439258,0.9144,0.32410869407503284,0.3960062861442566,1.2131,0.1108,0.001,,,,25.03431387015423,,,,
5652,P35557,L,270,R,NONSYN,0.2792328090176149,0.8902181411469016,0.08431585400451481,-1.8351333333333333,100.0,2.0,6.0,1.30438559184781,0.19703795777077102,0.0073931643336812534,1.3044,0.19703795777077102,1.30438559184781,0.19703795777077102,,0.19703795777077102,0.13932687609086075,0.9077,0.3967063916753857,0.41120290756225586,1.2635,0.132,0.01,,,,25.03431387015423,,,,
5653,P35557,L,270,D,NONSYN,0.15709418040401155,0.9733479680736713,0.08534651255247644,-2.512333333333333,100.0,2.0,6.0,-0.158068772820025,0.31681234456013796,0.9765288663710915,-0.1581,0.31681234456013796,-0.158068772820025,0.31681234456013796,,0.31681234456013796,0.22402015720208257,0.8204,0.9784803357396417,0.4590323269367218,0.0301,0.2013,0.9940000000000001,,,,25.03431387015423,,,,
5654,P35557,L,270,F,NONSYN,0.463424518412456,1.2826659662549333,0.0642109280312572,0.48950000000000005,100.0,2.0,6.0,0.219948237218947,0.31426992256662395,0.8497457599979638,0.2199,0.31426992256662395,0.219948237218947,0.31426992256662395,,0.31426992256662395,0.222222393369831,1.0398,0.8198190281008773,0.4696632921695709,0.3699,0.2009,0.986,,,,25.03431387015423,,,,
5655,P35557,L,270,T,NONSYN,0.3205067496312658,0.9701254399949226,0.059794624518645256,-1.3817666666666666,100.0,2.0,6.0,1.3707917829328102,0.119762907110688,0.00472738510045848,1.3708,0.119762907110688,1.3707917829328102,0.119762907110688,,0.119762907110688,0.08468516375258207,0.899,0.4717503090673012,0.40464043617248535,1.351,0.0829,0.8809999999999999,,,,25.03431387015423,,,,
5656,P35557,L,270,I,NONSYN,0.3599458773266949,0.9481345954649291,0.08780677073744779,0.27723333333333333,100.0,2.0,6.0,1.22354234958896,0.184931991481653,0.012630606669848665,1.2235,0.184931991481653,1.22354234958896,0.184931991481653,,0.184931991481653,0.13076666523500968,0.9091,0.31442071701297114,0.3960062861442566,1.1926,0.1242,0.13,,,,25.03431387015423,,,,
5657,P35557,L,270,L,SYN,,,,,100.0,2.0,6.0,0.5551366947763989,0.05,0.4566841277701878,0.5551,0.05,0.5551366947763989,0.05,,0.05,0.035355339059327376,,,,0.5551,0.0354,,,,,25.03431387015423,,,,
5658,P35557,L,270,K,NONSYN,0.16637828819819184,1.085772186287076,0.09380985654574205,-1.8327,100.0,2.0,6.0,0.717723456427287,0.091562490831559,0.2414620113609534,0.7177,0.091562490831559,0.717723456427287,0.091562490831559,,0.091562490831559,0.06474445816932645,0.9262,0.20847246308641543,0.43007057905197144,0.7223,0.064,0.266,,,,25.03431387015423,,,,
5659,P35557,L,270,G,NONSYN,0.3375782897720982,0.9013423863545142,0.10602968637917161,-2.5354666666666663,100.0,2.0,6.0,0.0579479723374459,0.170649501222163,0.9313658600297914,0.0579,0.170649501222163,0.0579479723374459,0.170649501222163,,0.170649501222163,0.12066741952029347,0.8078,0.7498134584029106,0.4661416709423065,0.105,0.1168,0.961,,,,25.03431387015423,,,,
5660,P35557,L,270,Y,NONSYN,0.3932294491632085,1.2101224709731027,0.06225972392950294,-1.3710666666666667,100.0,2.0,6.0,0.65080068999827,0.0944848351613347,0.32270917761758344,0.6508,0.0944848351613347,0.65080068999827,0.0944848351613347,,0.0944848351613347,0.0668108676618729,1.0288,0.3780388981670132,0.5114825367927551,0.6571,0.0662,0.961,,,,25.03431387015423,,,,
5661,P35557,L,270,N,NONSYN,0.1790631080953343,1.1185555681305577,0.09522297756649001,-2.4369,100.0,2.0,6.0,0.110789653080528,0.29037037171388,0.9109808102758462,0.1108,0.29037037171388,0.110789653080528,0.29037037171388,,0.29037037171388,0.20532285889454302,0.8592,0.748378339988167,0.4235275387763977,0.2532,0.1848,0.9890000000000001,,,,25.03431387015423,,,,
5662,P35557,L,270,C,NONSYN,0.3444819501115762,1.2815029304462968,0.039209759447495274,-1.3948999999999998,100.0,2.0,6.0,0.18869168815752801,0.220111007289948,0.8703231818773183,0.1887,0.220111007289948,0.18869168815752801,0.220111007289948,,0.220111007289948,0.15564198586852382,0.9856,0.796958135984928,0.4553488790988922,0.2721,0.1473,1.0,,,,25.03431387015423,,,,
5663,P35557,L,270,P,NONSYN,0.3101239067988947,1.1631414219591996,0.15365405579525673,-2.2839666666666667,100.0,2.0,6.0,0.546412453251187,0.341197803775032,0.4694251587786543,0.5464,0.341197803775032,0.546412453251187,0.341197803775032,,0.341197803775032,0.2412632807752821,0.8847,0.3382816461750825,0.4921332597732544,0.612,0.2166,0.998,,,,25.03431387015423,,,,
5664,P35557,L,270,E,NONSYN,0.22335052551716408,0.23838335955638698,0.11300249415574248,-2.4328000000000003,100.0,2.0,6.0,2.75130627880304,0.13295218934275,1.314301421413936e-07,2.7513,0.13295218934275,2.75130627880304,0.13295218934275,,0.13295218934275,0.09401139465785635,0.4557,2.295584006406952,0.46491068601608276,2.6611,0.0921,0.948,,,,25.03431387015423,,,,
5665,P35557,L,270,M,NONSYN,0.4855550162170784,0.8939936744534522,0.09416362023970813,0.15566666666666665,100.0,2.0,6.0,1.38596511262339,0.115664127826235,0.0042645551160826155,1.386,0.115664127826235,1.38596511262339,0.115664127826235,,0.115664127826235,0.08178688912595841,0.8731,0.5128878392545546,0.41801509261131287,1.3671,0.0803,0.94,,,,25.03431387015423,,,,
5666,P35557,L,270,W,NONSYN,0.28885364138641745,1.1430206665384923,0.09386647660298454,-1.8677333333333335,100.0,2.0,6.0,0.5459780156730379,0.0905119733638172,0.47006023391916724,0.546,0.0905119733638172,0.5459780156730379,0.0905119733638172,,0.0905119733638172,0.0640016301441313,0.8492,0.30323200820696694,0.443814754486084,0.5522,0.0633,1.0,,,,25.03431387015423,,,,
5667,P35557,L,270,H,NONSYN,0.29725486605293433,0.8561738338420947,0.09534253680244507,-1.9786333333333335,100.0,2.0,6.0,0.627328333994031,0.568314175524143,0.35409216989384673,0.6273,0.568314175524143,0.627328333994031,0.568314175524143,,0.568314175524143,0.4018588073575633,0.8324,0.20502466187846657,0.44135409593582153,0.7203,0.2971,0.986,,,,25.03431387015423,,,,
5668,P35557,L,270,Q,NONSYN,0.3225298006389851,0.9351845485531788,0.059452213037312414,-1.5422,100.0,2.0,6.0,1.12282415951165,0.108466592059858,0.024231796562724166,1.1228,0.108466592059858,1.12282415951165,0.108466592059858,,0.108466592059858,0.07669746277772052,0.8274,0.29540225590142044,0.4211964011192322,1.1133,0.0755,0.9640000000000001,,,,25.03431387015423,,,,
5669,P35557,L,270,*,STOP,,,,,,,,,,,,,,,,,,,,,,,,,,,25.03431387015423,,,,
5670,P35557,L,271,S,NONSYN,0.3696688568840947,1.185473077884698,0.13481640942870673,-1.8501333333333332,100.0,2.0,6.0,1.8821545286786399,0.167253827563211,0.00012552298903246214,1.8822,0.167253827563211,1.8821545286786399,0.167253827563211,,0.167253827563211,0.11826631564935199,0.9298,0.9523206992757163,0.5024564862251282,1.8322,0.1151,0.9990000000000001,,,,22.550052933542442,,,,
5671,P35557,L,271,A,NONSYN,0.2800117097075371,1.073402029120295,0.06463137380333352,-1.3620666666666665,100.0,2.0,6.0,0.8048083670887691,0.318679577902003,0.15746663005085904,0.8048,0.318679577902003,0.8048083670887691,0.318679577902003,,0.318679577902003,0.22534049056017297,0.8672,0.06236148993637736,0.4078614413738251,0.8194,0.1972,0.993,,,,22.550052933542442,,,,
5672,P35557,L,271,V,NONSYN,0.45006845647116095,0.44055816891345484,0.3248521150055779,0.4434,100.0,2.0,6.0,0.938344738677463,0.190686798949183,0.0751167897644594,0.9383,0.190686798949183,0.938344738677463,0.190686798949183,,0.190686798949183,0.13483592861972313,0.6924,0.24591567297311734,0.4828903377056122,0.9206,0.1299,0.8909999999999999,,,,22.550052933542442,,,,
5673,P35557,L,271,R,NONSYN,0.2792328090176149,1.4111597394085882,0.12750597560791777,-1.8351333333333333,100.0,2.0,6.0,1.20509454410697,0.24998454086990302,0.014251349769406263,1.2051,0.24998454086990302,1.20509454410697,0.24998454086990302,,0.24998454086990302,0.17676576404091404,1.0029,0.20219501655722638,0.5478411912918091,1.186,0.1682,0.9990000000000001,,,,22.550052933542442,,,,
5674,P35557,L,271,D,NONSYN,0.15709418040401155,0.578765564267799,0.03538269035676744,-2.512333333333333,100.0,2.0,6.0,0.14843962209898598,0.132301894495758,0.8930858998793727,0.1484,0.132301894495758,0.14843962209898598,0.132301894495758,,0.132301894495758,0.09355156676177764,0.6093,0.46086456758302086,0.4176686108112335,0.1705,0.0913,1.0,,,,22.550052933542442,,,,
5675,P35557,L,271,F,NONSYN,0.463424518412456,0.757611916021081,0.2693111123688055,0.48950000000000005,100.0,2.0,6.0,-0.0128165026454153,0.793957832697943,0.9516974704031118,-0.0128,0.793957832697943,-0.0128165026454153,0.793957832697943,,0.793957832697943,0.5614129674768898,0.7365,0.7492926259783926,0.5114484429359436,0.3966,0.3781,1.0,,,,22.550052933542442,,,,
5676,P35557,L,271,T,NONSYN,0.3205067496312658,1.1327194112958396,0.08754477340468131,-1.3817666666666666,100.0,2.0,6.0,0.626856220562135,0.196959289443085,0.35473613075610483,0.6269,0.196959289443085,0.626856220562135,0.196959289443085,,0.196959289443085,0.13927124918288938,0.9033,0.2764711252859485,0.4252602159976959,0.6536,0.1324,0.997,,,,22.550052933542442,,,,
5677,P35557,L,271,I,NONSYN,0.3599458773266949,0.48028990649773057,0.3211216222044197,0.27723333333333333,100.0,2.0,6.0,0.819149525924636,0.282378933471799,0.14607448670522002,0.8191,0.282378933471799,0.819149525924636,0.282378933471799,,0.282378933471799,0.199672058722134,0.7005,0.11864981250376805,0.4828903377056122,0.8018,0.1845,0.892,,,,22.550052933542442,,,,
5678,P35557,L,271,L,SYN,,,,,100.0,2.0,6.0,0.0393681881770951,0.05,0.9373988422922171,0.0394,0.05,0.0393681881770951,0.05,,0.05,0.035355339059327376,,,,0.0394,0.0354,,,,,22.550052933542442,,,,
5679,P35557,L,271,K,NONSYN,0.16637828819819184,0.9925079230000047,0.1344383318152926,-1.8327,100.0,2.0,6.0,2.46104999333272,0.172644803727201,1.431057741447715e-06,2.461,0.172644803727201,2.46104999333272,0.172644803727201,,0.172644803727201,0.12207831145212436,0.8422,1.6188330247963432,0.5098941922187805,2.3733,0.1187,0.9940000000000001,,,,22.550052933542442,,,,
5680,P35557,L,271,G,NONSYN,0.3375782897720982,0.40052233417007765,0.045729582904452164,-2.5354666666666663,100.0,2.0,6.0,0.6831693123921501,0.0489603076377758,0.28175170138452543,0.6832,0.0489603076377758,0.6831693123921501,0.0489603076377758,,0.0489603076377758,0.034620165539650784,0.4111,0.27204740754214396,0.39354369044303894,0.6811,0.0345,0.9990000000000001,,,,22.550052933542442,,,,
5681,P35557,L,271,Y,NONSYN,0.3932294491632085,0.9449472599965979,0.09096529826530825,-1.3710666666666667,100.0,2.0,6.0,1.1901726744598602,0.166739902883425,0.015706459349124364,1.1902,0.166739902883425,1.1901726744598602,0.166739902883425,,0.166739902883425,0.11790291602325617,0.8435,0.3466416023201202,0.44437798857688904,1.1674,0.114,0.996,,,,22.550052933542442,,,,
5682,P35557,L,271,N,NONSYN,0.1790631080953343,0.30384743654211005,0.10912649961495723,-2.4369,100.0,2.0,6.0,1.15183651771853,0.10711843701890598,0.02012516875906828,1.1518,0.10711843701890598,1.15183651771853,0.10711843701890598,,0.10711843701890598,0.07574417320617252,0.3241,0.8277063104183437,0.3951731324195862,1.1225,0.0744,1.0,,,,22.550052933542442,,,,
5683,P35557,L,271,C,NONSYN,0.3444819501115762,0.6728522454031345,0.09671663833549876,-1.3948999999999998,100.0,2.0,6.0,1.4031771923388898,0.0927076249464581,0.003792732749633864,1.4032,0.0927076249464581,1.4031771923388898,0.0927076249464581,,0.0927076249464581,0.06555419026733965,0.8312,0.5719864870395124,0.4512992203235626,1.3914,0.0649,0.67,,,,22.550052933542442,,,,
5684,P35557,L,271,P,NONSYN,0.3101239067988947,0.6944171654037258,0.04728997587051833,-2.2839666666666667,100.0,2.0,6.0,0.327082134541463,0.45088158766279207,0.7571814670900823,0.3271,0.45088158766279207,0.327082134541463,0.45088158766279207,,0.45088158766279207,0.31882142814851705,0.6699,0.342822753134776,0.40172523260116577,0.4596,0.2497,1.0,,,,22.550052933542442,,,,
5685,P35557,L,271,E,NONSYN,0.22335052551716408,0.7206959882173809,0.1098397007174746,-2.4328000000000003,100.0,2.0,6.0,-0.09870913730728301,0.0930771438675088,0.9684976815393845,-0.0987,0.0930771438675088,-0.09870913730728301,0.0930771438675088,,0.0930771438675088,0.06581547960219135,0.7002,0.7989046882258621,0.46005332469940186,-0.0827,0.0652,1.0,,,,22.550052933542442,,,,
5686,P35557,L,271,M,NONSYN,0.4855550162170784,0.5815592539855613,0.20364298245603094,0.15566666666666665,100.0,2.0,6.0,0.515341483461144,1.09060223594749,0.5148339592208989,0.5153,1.09060223594749,0.515341483461144,1.09060223594749,,1.09060223594749,0.7711722366156812,0.6367,0.12130991329025986,0.5341343283653259,0.5973,0.4391,0.998,,,,22.550052933542442,,,,
5687,P35557,L,271,W,NONSYN,0.28885364138641745,1.8494330220394435,0.0817422581323911,-1.8677333333333335,100.0,2.0,6.0,-0.10972530378559599,0.484623418330704,0.9701752336824503,-0.1097,0.484623418330704,-0.10972530378559599,0.484623418330704,,0.484623418330704,0.34268050542344575,1.2002,1.3099435044691898,0.5975590944290161,0.2145,0.2973,1.0,,,,22.550052933542442,,,,
5688,P35557,L,271,H,NONSYN,0.29725486605293433,1.3310755573270512,0.1281476373002076,-1.9786333333333335,100.0,2.0,6.0,1.0301241157999301,0.141832430921526,0.04330292724029483,1.0301,0.141832430921526,1.0301241157999301,0.141832430921526,,0.141832430921526,0.1002906736967836,0.9875,0.04257743344214204,0.5055220127105713,1.0285,0.0984,1.0,,,,22.550052933542442,,,,
5689,P35557,L,271,Q,NONSYN,0.3225298006389851,0.699420085214021,0.13844598519309262,-1.5422,100.0,2.0,6.0,0.0235756946607743,0.19752234752346698,0.9421170312283319,0.0236,0.19752234752346698,0.0235756946607743,0.19752234752346698,,0.19752234752346698,0.13966939136972936,0.6746,0.6509875940278854,0.5175603628158569,0.0678,0.1348,0.9990000000000001,,,,22.550052933542442,,,,
5690,P35557,L,271,*,STOP,,,,,100.0,2.0,6.0,0.0297304392052325,0.05,0.9403211860236943,0.0297,0.05,0.0297304392052325,0.05,,0.05,0.035355339059327376,,,,0.0297,0.0354,,,,,22.550052933542442,,,,
5691,P35557,E,272,S,NONSYN,0.4382670271083193,0.714895409071003,0.10774129439944231,-0.6747666666666666,100.0,2.0,6.0,0.93694397261189,0.18238729531322603,0.07573383657293103,0.9369,0.18238729531322603,0.93694397261189,0.18238729531322603,,0.18238729531322603,0.12896729331825554,0.824,0.11293789198444859,0.46866393089294434,0.929,0.1243,0.82,,,,81.1295173778997,,,,
5692,P35557,E,272,A,NONSYN,0.4725389201357859,1.3176857086603189,0.11536361660505966,-0.8022,100.0,2.0,6.0,1.03336761950722,0.14192576355452802,0.04244783312616581,1.0334,0.14192576355452802,1.03336761950722,0.14192576355452802,,0.14192576355452802,0.10035666983448532,1.0838,0.05046631336936702,0.5273722410202026,1.0351,0.0986,0.873,,,,81.1295173778997,,,,
5693,P35557,E,272,V,NONSYN,0.5148579282991502,0.7354438420674879,0.10123800888516617,-1.6669666666666665,100.0,2.0,6.0,0.26372382670276,0.06433200625384598,0.8162199036455238,0.2637,0.06433200625384598,0.26372382670276,0.06433200625384598,,0.06433200625384598,0.045489597869429875,0.7755,0.5117800471223133,0.46238699555397034,0.2686,0.0453,0.968,,,,81.1295173778997,,,,
5694,P35557,E,272,R,NONSYN,0.4513055748960305,0.598987623761473,0.06734481000745603,-0.7211333333333333,100.0,2.0,6.0,1.38109097543581,0.38399799201456897,0.004408213182585247,1.3811,0.38399799201456897,1.38109097543581,0.38399799201456897,,0.38399799201456897,0.2715275841155194,0.7043,0.6767588025651741,0.4247584342956543,1.1848,0.2288,0.983,,,,81.1295173778997,,,,
5695,P35557,E,272,D,NONSYN,0.4800060668498122,0.7608360842835483,0.17625402815387414,-0.020166666666666666,100.0,2.0,6.0,0.6234325478816539,0.967538316137975,0.3594198910968978,0.6234,0.967538316137975,0.6234325478816539,0.967538316137975,,0.967538316137975,0.6841529043989757,0.8718,0.24832340972180067,0.4948942959308624,0.7865,0.401,0.155,,,,81.1295173778997,,,,
5696,P35557,E,272,F,NONSYN,0.4134101209643438,1.0250203150464976,0.051268608359442136,-2.4431333333333334,100.0,2.0,6.0,0.25673127428276005,0.0458588960332009,0.8219614894592008,0.2567,0.0458588960332009,0.25673127428276005,0.0458588960332009,,0.0458588960332009,0.03242713636280522,0.8628,0.6060254548432165,0.3854493498802185,0.261,0.0323,0.997,,,,81.1295173778997,,,,
5697,P35557,E,272,T,NONSYN,0.4070866311137473,0.8892866905848852,0.10356862296211361,-0.9768666666666667,100.0,2.0,6.0,1.93376392476525,0.29202324600421103,8.555999829713879e-05,1.9338,0.29202324600421103,1.93376392476525,0.29202324600421103,,0.29202324600421103,0.20649161751368497,0.89,1.0437272226091832,0.4515201449394226,1.7532,0.1878,0.9259999999999999,,,,81.1295173778997,,,,
5698,P35557,E,272,I,NONSYN,0.377366298627538,0.9615305860549053,0.06474304557870889,-2.3962999999999997,100.0,2.0,6.0,0.778742180440923,0.0530380815664703,0.17991898201127884,0.7787,0.0530380815664703,0.778742180440923,0.0530380815664703,,0.0530380815664703,0.03750358713677637,0.8553,0.07652272167394514,0.3874019682407379,0.7795,0.0373,0.982,,,,81.1295173778997,,,,
5699,P35557,E,272,L,NONSYN,0.4309220950052253,0.9888034635673996,0.043935598859618896,-2.375633333333333,100.0,2.0,6.0,0.69692354790344,0.208607022801279,0.2652661835779815,0.6969,0.208607022801279,0.69692354790344,0.208607022801279,,0.208607022801279,0.1475074404259211,0.8628,0.16583318122253654,0.3854493498802185,0.7181,0.1378,0.982,,,,81.1295173778997,,,,
5700,P35557,E,272,K,NONSYN,0.4890082107053284,0.5668464081296963,0.07255573526609442,-0.6217666666666667,100.0,2.0,6.0,1.43816326084817,0.416588646088264,0.002984880269781461,1.4382,0.416588646088264,1.43816326084817,0.416588646088264,,0.416588646088264,0.2945726566143342,0.7702,0.667975763709193,0.42828986048698425,1.2237,0.2427,0.927,,,,81.1295173778997,,,,
5701,P35557,E,272,G,NONSYN,0.4522640708552875,0.38851855167499805,0.07421307233659251,-1.9225,100.0,2.0,6.0,1.6393712145347499,0.30815285325213804,0.000730827533810153,1.6394,0.30815285325213804,1.6393712145347499,0.30815285325213804,,0.30815285325213804,0.21789697217656984,0.6649,0.9744381290931605,0.4414573013782501,1.4485,0.1954,0.92,,,,81.1295173778997,,,,
5702,P35557,E,272,Y,NONSYN,0.4671477233180428,1.038345647626371,0.08859649761879183,-2.2137666666666664,100.0,2.0,6.0,0.588272993466146,0.17592751221660602,0.40874949168050645,0.5883,0.17592751221660602,0.588272993466146,0.17592751221660602,,0.17592751221660602,0.12439953688564129,0.824,0.23571913967441793,0.4296707212924957,0.6065,0.1195,0.9990000000000001,,,,81.1295173778997,,,,
5703,P35557,E,272,N,NONSYN,0.4945297857128286,0.8144759913483339,0.11435489696014012,-0.6558999999999999,100.0,2.0,6.0,0.6382022257798969,0.0826179070996634,0.3393944837960186,0.6382,0.0826179070996634,0.6382022257798969,0.0826179070996634,,0.0826179070996634,0.0584196823576122,0.8946,0.25641580858289603,0.48070478439331055,0.6419,0.058,0.011000000000000001,,,,81.1295173778997,,,,
5704,P35557,E,272,C,NONSYN,0.4263241553322161,0.8510166796604434,0.05088247018876052,-2.5622,100.0,2.0,6.0,1.04736948736926,0.0703901048672897,0.038933184375441104,1.0474,0.0703901048672897,1.04736948736926,0.0703901048672897,,0.0703901048672897,0.049773320480092746,0.7898,0.25755781658907817,0.4028931260108948,1.0435,0.0494,0.9990000000000001,,,,81.1295173778997,,,,
5705,P35557,E,272,P,NONSYN,0.2784783599621833,1.0769517903250767,0.07801677369358771,-1.2109666666666667,100.0,2.0,6.0,0.253401476811626,0.159621094123162,0.824642950999077,0.2534,0.159621094123162,0.253401476811626,0.159621094123162,,0.159621094123162,0.11286915807490401,0.8672,0.6137683802135205,0.417465478181839,0.2952,0.109,0.9620000000000001,,,,81.1295173778997,,,,
5706,P35557,E,272,E,SYN,,,,,,,,,,,,,,,,,,,,,,,,,,,81.1295173778997,,,,
5707,P35557,E,272,M,NONSYN,0.4318399535430367,0.8304560115678853,0.08499911030606361,-1.9440333333333335,100.0,2.0,6.0,0.313558834856088,0.253075769915029,0.7708574082812675,0.3136,0.253075769915029,0.313558834856088,0.253075769915029,,0.253075769915029,0.17895159306092345,0.8248,0.511223298246329,0.4318488836288452,0.3885,0.1653,0.991,,,,81.1295173778997,,,,
5708,P35557,E,272,W,NONSYN,0.3886512979012191,0.5774656675423744,0.05187215395333287,-2.4843333333333333,100.0,2.0,6.0,1.5993952167951297,0.0313454238731048,0.0009703379580699395,1.5994,0.0313454238731048,1.5993952167951297,0.0313454238731048,,0.0313454238731048,0.0221645617798391,0.6141,0.9852989924871158,0.41554105281829834,1.5966,0.0221,1.0,,,,81.1295173778997,,,,
5709,P35557,E,272,H,NONSYN,0.3874690850586482,0.9854123912758657,0.10207440149671422,-0.6659666666666667,100.0,2.0,6.0,0.12539302599730198,0.23381013856302696,0.9044017735454623,0.1254,0.23381013856302696,0.12539302599730198,0.23381013856302696,,0.23381013856302696,0.16532873448808266,0.8628,0.7373637031286746,0.449351966381073,0.2133,0.1552,0.988,,,,81.1295173778997,,,,
5710,P35557,E,272,Q,NONSYN,0.4979236622050323,0.999513260447238,0.25198562775775246,-0.02876666666666668,100.0,2.0,6.0,-0.0925989806094153,0.593605473683551,0.9675263419470368,-0.0926,0.593605473683551,-0.0925989806094153,0.593605473683551,,0.593605473683551,0.41974245579109154,0.8932,0.9857736288943274,0.6420460939407349,0.2026,0.3513,0.9490000000000001,,,,81.1295173778997,,,,
5711,P35557,E,272,*,STOP,,,,,100.0,2.0,6.0,0.28039761196106205,0.05,0.8019170093128623,0.2804,0.05,0.28039761196106205,0.05,,0.05,0.035355339059327376,,,,0.2804,0.0354,,,,,81.1295173778997,,,,
5712,P35557,Y,273,S,NONSYN,0.38834274260646795,1.238200867376629,0.1627138292390263,-1.5604666666666667,100.0,2.0,6.0,2.75981553368118,0.37497278178423604,1.223667102506408e-07,2.7598,0.37497278178423604,2.75981553368118,0.37497278178423604,,0.37497278178423604,0.2651457967600168,1.0372,1.722635229153897,0.6325370073318481,2.5024,0.2445,0.983,,,,2.66660699172697,,,,
5713,P35557,Y,273,A,NONSYN,0.20972259918765807,0.257510759547849,0.15364822970082317,-1.7107666666666665,100.0,2.0,6.0,0.9923103339590921,0.27559992797550603,0.05451502499378439,0.9923,0.27559992797550603,0.9923103339590921,0.27559992797550603,,0.27559992797550603,0.19487857796600438,0.4574,0.5348654873289956,0.5171641707420349,0.9258,0.1824,0.987,,,,2.66660699172697,,,,
5714,P35557,Y,273,V,NONSYN,0.299959060462427,1.7112900578516221,0.18317188393334685,-1.5651000000000002,100.0,2.0,6.0,1.3405479622562,0.11503872388829599,0.005799695224956469,1.3405,0.11503872388829599,1.3405479622562,0.11503872388829599,,0.11503872388829599,0.08134466176046096,1.2077,0.1328314972598621,0.7102129459381104,1.3388,0.0808,0.995,,,,2.66660699172697,,,,
5715,P35557,Y,273,R,NONSYN,0.1371352939524294,0.5349747039125674,0.1400375183826867,-1.7367666666666663,100.0,2.0,6.0,0.159918500864937,0.384585770846485,0.8869981791096261,0.1599,0.384585770846485,0.159918500864937,0.384585770846485,,0.384585770846485,0.27194320651340514,0.5759,0.41601036599831376,0.5302591323852539,0.2466,0.242,1.0,,,,2.66660699172697,,,,
5716,P35557,Y,273,D,NONSYN,0.2808273038865437,1.1160852835758472,0.05333964083038777,-2.4846,100.0,2.0,6.0,0.342147807777489,0.257400014421911,0.7412582256678403,0.3421,0.257400014421911,0.342147807777489,0.257400014421911,,0.257400014421911,0.1820092956752484,0.8291,0.4869845107192151,0.4015157222747803,0.4252,0.1658,1.0,,,,2.66660699172697,,,,
5717,P35557,Y,273,F,NONSYN,0.4872780854634644,1.092034031639993,0.1725584592855504,-0.06290000000000003,100.0,2.0,6.0,2.52543289302774,0.0357663116714734,8.496855839686187e-07,2.5254,0.0357663116714734,2.52543289302774,0.0357663116714734,,0.0357663116714734,0.0252906015209304,0.8799,1.6455435240168148,0.511506974697113,2.5214,0.0253,0.987,,,,2.66660699172697,,,,
5718,P35557,Y,273,T,NONSYN,0.3050153834687861,1.4395094919161455,0.17770146380808693,-1.5653333333333332,100.0,2.0,6.0,2.15588966006263,0.220835293439775,1.587483055771977e-05,2.1559,0.220835293439775,2.15588966006263,0.220835293439775,,0.220835293439775,0.156154133516586,1.0837,1.0721484720133136,0.6249206066131592,2.0929,0.1515,0.6779999999999999,,,,2.66660699172697,,,,
5719,P35557,Y,273,I,NONSYN,0.28896106325248155,0.38642374378351035,0.23373144649553787,-1.4040666666666668,100.0,2.0,6.0,0.752648241587919,0.40304940733085404,0.20469553069227397,0.7526,0.40304940733085404,0.752648241587919,0.40304940733085404,,0.40304940733085404,0.28499896907686584,0.5974,0.15523201949242948,0.5931877493858337,0.7235,0.2569,0.982,,,,2.66660699172697,,,,
5720,P35557,Y,273,L,NONSYN,0.28126980143421565,0.4543293065032679,0.24453693061439674,-1.3954666666666666,100.0,2.0,6.0,0.5489315534286461,0.263488596315484,0.4657436117774656,0.5489,0.263488596315484,0.5489315534286461,0.263488596315484,,0.263488596315484,0.18631457322000347,0.6949,0.14599256270599748,0.590972363948822,0.5621,0.1777,0.887,,,,2.66660699172697,,,,
5721,P35557,Y,273,K,NONSYN,0.19614719212003395,0.45352364995991273,0.1564433581150537,-1.7127333333333334,100.0,2.0,6.0,0.40427166272290105,0.24567029888446,0.6682370526625001,0.4043,0.24567029888446,0.40427166272290105,0.24567029888446,,0.24567029888446,0.17371513427732757,0.4132,0.00891360591761714,0.49380987882614136,0.4053,0.1639,1.0,,,,2.66660699172697,,,,
5722,P35557,Y,273,G,NONSYN,0.19871662093811185,0.9419727817420913,0.07808107889251918,-2.3432,100.0,2.0,6.0,0.864485313278757,0.0879038717947588,0.11434250693976966,0.8645,0.0879038717947588,0.864485313278757,0.0879038717947588,,0.0879038717947588,0.06215742383862683,0.8256,0.03892963109644498,0.41007041931152344,0.8636,0.0615,0.9940000000000001,,,,2.66660699172697,,,,
5723,P35557,Y,273,Y,SYN,,,,,100.0,2.0,6.0,1.2674430238168302,0.05,0.009455130614749398,1.2674,0.05,1.2674430238168302,0.05,,0.05,0.035355339059327376,,,,1.2674,0.0354,,,,,2.66660699172697,,,,
5724,P35557,Y,273,N,NONSYN,0.3952363274633001,0.51883349918231,0.12565725676344738,-1.7366333333333335,100.0,2.0,6.0,0.208342115055709,0.465488884864053,0.8576994763483489,0.2083,0.465488884864053,0.208342115055709,0.465488884864053,,0.465488884864053,0.32915034705433593,0.5344,0.3260597189553689,0.4960462749004364,0.308,0.2743,1.0,,,,2.66660699172697,,,,
5725,P35557,Y,273,C,NONSYN,0.4586734907533599,0.5349747039125674,0.1400375183826867,-1.7367666666666668,100.0,2.0,6.0,2.0670662705872602,0.239804426939139,3.134676843134959e-05,2.0671,0.239804426939139,2.0670662705872602,0.239804426939139,,0.239804426939139,0.16956733644721916,0.5759,1.4911374037240095,0.5302591323852539,1.9287,0.1615,1.0,,,,2.66660699172697,,,,
5726,P35557,Y,273,P,NONSYN,0.23460250402828794,0.5559181697668003,0.07607494020538959,-2.446166666666667,100.0,2.0,6.0,2.02264914920463,0.11529848673899,4.3901560627590276e-05,2.0226,0.11529848673899,2.02264914920463,0.11529848673899,,0.11529848673899,0.08152834183368705,0.6085,1.4141540329708042,0.42709770798683167,1.9729,0.0801,0.9990000000000001,,,,2.66660699172697,,,,
5727,P35557,Y,273,E,NONSYN,0.2834825200829025,1.4772877425231263,0.08725908792158044,-2.2428666666666666,100.0,2.0,6.0,0.46112138824415505,0.17375637942146302,0.5924167129253143,0.4611,0.17375637942146302,0.46112138824415505,0.17375637942146302,,0.17375637942146302,0.12286431416333918,0.9911,0.5299672405247658,0.5081675052642822,0.4904,0.1194,1.0,,,,2.66660699172697,,,,
5728,P35557,Y,273,M,NONSYN,0.28510862464089565,2.0854177186666703,0.10609396304468544,-1.5896,100.0,2.0,6.0,0.218164979811057,0.643864961959266,0.8509924713679047,0.2182,0.643864961959266,0.218164979811057,0.643864961959266,,0.643864961959266,0.45528128076981544,1.2632,1.045013845567361,0.7233851552009583,0.5147,0.3853,1.0,,,,2.66660699172697,,,,
5729,P35557,Y,273,W,NONSYN,0.3374643971404331,1.4505350096960832,0.17244833238454357,0.17450000000000002,100.0,2.0,6.0,1.4499299588594698,0.0443072293068963,0.00275287517298785,1.4499,0.0443072293068963,1.4499299588594698,0.0443072293068963,,0.0443072293068963,0.0313299422984937,0.9945,0.4553920092973971,0.6022784113883972,1.4487,0.0313,1.0,,,,2.66660699172697,,,,
5730,P35557,Y,273,H,NONSYN,0.37993420185509386,1.5760036978250431,0.09594303413113531,0.2750666666666666,100.0,2.0,6.0,1.07352389447259,0.60956020076728,0.03308329107628491,1.0735,0.60956020076728,1.07352389447259,0.60956020076728,,0.60956020076728,0.431024151503977,1.0132,0.06028236500786832,0.48138779401779175,1.0467,0.3211,0.9990000000000001,,,,2.66660699172697,,,,
5731,P35557,Y,273,Q,NONSYN,0.2421324616458889,0.5065815916092073,0.18950771816250414,-1.3627666666666667,100.0,2.0,6.0,0.39217469811082795,0.7066531495925179,0.6833410697794591,0.3922,0.7066531495925179,0.39217469811082795,0.7066531495925179,,0.7066531495925179,0.4996792340237012,0.5012,0.10907044291852996,0.5263375043869019,0.4439,0.3624,1.0,,,,2.66660699172697,,,,
5732,P35557,Y,273,*,STOP,,,,,100.0,2.0,6.0,-0.0072942776976141,0.05,0.950351769180939,-0.0073,0.05,-0.0072942776976141,0.05,,0.05,0.035355339059327376,,,,-0.0073,0.0354,,,,,2.66660699172697,,,,
5733,P35557,D,274,S,NONSYN,0.3690767940714815,-0.30110501082524227,0.32974150670541197,-0.9501333333333332,100.0,2.0,6.0,0.0829465465583402,0.20932546455220996,0.9223533234017567,0.0829,0.20932546455220996,0.0829465465583402,0.20932546455220996,,0.20932546455220996,0.14801545545989192,0.2071,0.12415923904995142,0.3790319561958313,0.0994,0.1379,0.991,,,,9.77295832041979,,,,
5734,P35557,D,274,A,NONSYN,0.4216252277516441,-0.030771758097489114,0.08262322688057669,-1.4927333333333335,100.0,2.0,6.0,-0.283020649407703,0.261783125772992,0.9872817646972342,-0.283,0.261783125772992,-0.283020649407703,0.261783125772992,,0.261783125772992,0.1851086234342935,0.1531,0.4361597339852634,0.33474206924438477,-0.1809,0.162,0.9890000000000001,,,,9.77295832041979,,,,
5735,P35557,D,274,V,NONSYN,0.4506084315132353,0.11778563240885342,0.1862505140232975,-2.6115333333333335,100.0,2.0,6.0,0.206119839310494,0.0710463478702249,0.8591796086886372,0.2061,0.0710463478702249,0.206119839310494,0.0710463478702249,,0.0710463478702249,0.050237354357574454,0.2148,0.008632119536551908,0.4245038330554962,0.2062,0.0499,0.997,,,,9.77295832041979,,,,
5736,P35557,D,274,R,NONSYN,0.35823216117602164,-0.009962142889762793,0.09325577120251827,-1.472133333333333,100.0,2.0,6.0,-0.34544949503088196,0.18673420301586102,0.9905928462597093,-0.3454,0.18673420301586102,-0.34544949503088196,0.18673420301586102,,0.18673420301586102,0.13204102123198078,0.1347,0.48018829794073303,0.3002849817276001,-0.2676,0.1209,0.9990000000000001,,,,9.77295832041979,,,,
5737,P35557,D,274,D,SYN,,,,,,,,,,,,,,,,,,,,,,,,,,,9.77295832041979,,,,
5738,P35557,D,274,F,NONSYN,0.29646296686588297,0.08105263757247243,0.18642179930396294,-2.6194333333333333,100.0,2.0,6.0,0.31631882381963694,0.0624386456737815,0.7681138487962985,0.3163,0.0624386456737815,0.31631882381963694,0.0624386456737815,,0.0624386456737815,0.044150789764034984,0.1539,0.1624318499617573,0.3978182077407837,0.3143,0.0439,1.0,,,,9.77295832041979,,,,
5739,P35557,D,274,T,NONSYN,0.33041122774515563,-0.13006157158296244,0.1961248925706661,-1.2396666666666667,100.0,2.0,6.0,-0.24324886253797895,0.7267354412830749,0.984561620148872,-0.2432,0.7267354412830749,-0.24324886253797895,0.7267354412830749,,0.7267354412830749,0.5138795586598602,0.1184,0.36166332415068037,0.3598572611808777,-0.0006,0.2948,0.997,,,,9.77295832041979,,,,
5740,P35557,D,274,I,NONSYN,0.3169485018080975,0.04770986657050813,0.13089383749069625,-2.7128666666666668,100.0,2.0,6.0,-0.281449582861579,0.151045256999846,0.987184324925675,-0.2814,0.151045256999846,-0.281449582861579,0.151045256999846,,0.151045256999846,0.10680512549065593,0.1227,0.404143777178443,0.32375314831733704,-0.2418,0.1014,1.0,,,,9.77295832041979,,,,
5741,P35557,D,274,L,NONSYN,0.37713817620354506,-0.040710127349021206,0.13186300906207146,-2.7055000000000002,100.0,2.0,6.0,-0.016189601102991003,0.135021677061918,0.9525015699580787,-0.0162,0.135021677061918,-0.016189601102991003,0.135021677061918,,0.135021677061918,0.09547474345766233,0.1134,0.12961637584321012,0.32117190957069397,-0.0057,0.0915,0.9990000000000001,,,,9.77295832041979,,,,
5742,P35557,D,274,K,NONSYN,0.3517044245741117,-0.21398154934636993,0.2781838257832198,-0.8925333333333333,100.0,2.0,6.0,-0.17842383787827695,0.7797404156611321,0.9787735365294358,-0.1784,0.7797404156611321,-0.17842383787827695,0.7797404156611321,,0.7797404156611321,0.5513597354792037,0.1579,0.33631895587640015,0.3787178695201874,0.0501,0.3122,0.9990000000000001,,,,9.77295832041979,,,,
5743,P35557,D,274,G,NONSYN,0.41616550742326497,-0.2905730023255213,0.18731204937399581,-1.4276333333333333,100.0,2.0,6.0,0.0712597725370926,0.12587295972734802,0.9267003018517338,0.0713,0.12587295972734802,0.0712597725370926,0.12587295972734802,,0.12587295972734802,0.08900562339122899,0.125,0.05377676511015471,0.34106454253196716,0.0747,0.0861,0.9840000000000001,,,,9.77295832041979,,,,
5744,P35557,D,274,Y,NONSYN,0.4224113195979475,0.20209245834434428,0.13831024936397282,-2.560966666666667,100.0,2.0,6.0,-0.267899844478478,0.774671237954497,0.9863112115547613,-0.2679,0.774671237954497,-0.267899844478478,0.774671237954497,,0.774671237954497,0.5477752855478023,0.2817,0.549614760707726,0.4235438406467438,0.0761,0.3351,0.9990000000000001,,,,9.77295832041979,,,,
5745,P35557,D,274,N,NONSYN,0.4295009636980524,-0.014368206526117255,0.2265159646976673,-0.2961,100.0,2.0,6.0,1.47448383279223,0.0972482829361982,0.0023238733844353097,1.4745,0.0972482829361982,1.47448383279223,0.0972482829361982,,0.0972482829361982,0.06876492032293376,0.2827,1.1917703003444151,0.5103849172592163,1.4532,0.0681,0.975,,,,9.77295832041979,,,,
5746,P35557,D,274,C,NONSYN,0.3461355508488411,-0.03050644821802534,0.05060363759677284,-2.7265333333333337,100.0,2.0,6.0,-0.0468006384959786,0.533965451740489,0.9592153407710298,-0.0468,0.533965451740489,-0.0468006384959786,0.533965451740489,,0.533965451740489,0.37757059184503794,0.1067,0.1534571302524178,0.26338931918144226,0.0564,0.216,1.0,,,,9.77295832041979,,,,
5747,P35557,D,274,P,NONSYN,0.2905290433283012,-0.18573679063383078,0.0813920790255994,-1.4699,100.0,2.0,6.0,0.181874448201322,0.26863561304558103,0.8744633762962828,0.1819,0.26863561304558103,0.181874448201322,0.26863561304558103,,0.26863561304558103,0.1899540636527357,0.1033,0.07857792987551634,0.28224021196365356,0.1574,0.1576,0.9940000000000001,,,,9.77295832041979,,,,
5748,P35557,D,274,E,NONSYN,0.4869275421620544,0.35859601576369976,0.22038667579331908,-0.3505,100.0,2.0,6.0,0.355591165922779,0.242410283726526,0.7264444729820206,0.3556,0.242410283726526,0.355591165922779,0.242410283726526,,0.242410283726526,0.17140995545238152,0.6853,0.32968695173392876,0.5951703190803528,0.3808,0.1647,0.8029999999999999,,,,9.77295832041979,,,,
5749,P35557,D,274,M,NONSYN,0.2886817698329022,0.08484627288388434,0.18394771221633513,-2.5042666666666666,100.0,2.0,6.0,0.0838387119029019,0.5791276917960021,0.9220114881048541,0.0838,0.5791276917960021,0.0838387119029019,0.5791276917960021,,0.5791276917960021,0.40950511804186596,0.1523,0.06842948920984529,0.3978182077407837,0.119,0.2853,1.0,,,,9.77295832041979,,,,
5750,P35557,D,274,W,NONSYN,0.2933207242208761,-0.1148132741535162,0.1346115040880374,-2.7770999999999995,100.0,2.0,6.0,-0.22829799148560698,0.133919068355343,0.9833895701434218,-0.2283,0.133919068355343,-0.22829799148560698,0.133919068355343,,0.133919068355343,0.09469508136424783,0.0932,0.3215049633693808,0.31890106201171875,-0.2022,0.0908,1.0,,,,9.77295832041979,,,,
5751,P35557,D,274,H,NONSYN,0.4359397753198172,-0.11680430929305445,0.2529804032180735,-1.1262,,,,,,,,,,,,,,0.184,,0.6108183860778809,0.184,0.6108,0.46,,,,9.77295832041979,,,,
5752,P35557,D,274,Q,NONSYN,0.3596090029508326,-0.11290871795263857,0.256033490381228,-0.9301666666666666,100.0,2.0,6.0,-0.481642332059471,0.9060854181400859,0.9950654518635985,-0.4816,0.9060854181400859,-0.481642332059471,0.9060854181400859,,0.9060854181400859,0.6406991435011031,0.1765,0.6581612193408888,0.7036747932434082,-0.1833,0.4737,0.998,,,,9.77295832041979,,,,
5753,P35557,D,274,*,STOP,,,,,100.0,2.0,6.0,-0.183293071029596,0.05,0.979277136459377,-0.1833,0.05,-0.183293071029596,0.05,,0.05,0.035355339059327376,,,,-0.1833,0.0354,,,,,9.77295832041979,H,276.0,,
5754,P35557,R,275,S,NONSYN,0.4030125793742561,0.9501607248879572,0.11219873853275093,-0.8416666666666667,100.0,2.0,6.0,1.21760094596076,0.12259153311474301,0.013132222818653266,1.2176,0.12259153311474301,1.21760094596076,0.12259153311474301,,0.12259153311474301,0.08668530438148997,0.8996,0.31800091696906074,0.4609867334365845,1.2067,0.0852,0.795,,,,115.50080634800258,,,,
5755,P35557,R,275,A,NONSYN,0.3189859929557896,1.4622670915378233,0.17064953615342252,-1.0746,100.0,2.0,6.0,1.5764038835714098,0.327581162023168,0.0011411739834089596,1.5764,0.327581162023168,1.5764038835714098,0.327581162023168,,0.327581162023168,0.23163486105555123,1.0873,0.4891207491109606,0.6185312271118164,1.5162,0.2169,0.6679999999999999,,,,115.50080634800258,,,,
5756,P35557,R,275,V,NONSYN,0.398009908378716,0.9903308546803729,0.08171795880468417,-1.9711666666666667,100.0,2.0,6.0,1.5022015186536002,0.261297381741866,0.0019176271746680132,1.5022,0.261297381741866,1.5022015186536002,0.261297381741866,,0.261297381741866,0.1847651505359634,0.9103,0.5918603750455069,0.39387330412864685,1.3955,0.1673,0.812,,,,115.50080634800258,,,,
5757,P35557,R,275,R,SYN,,,,,100.0,2.0,6.0,1.0283767079755999,0.05,0.04377018495006207,1.0284,0.05,1.0283767079755999,0.05,,0.05,0.035355339059327376,,,,1.0284,0.0354,,,,,115.50080634800258,,,,
5758,P35557,R,275,D,NONSYN,0.1122725979085614,0.5709267244285513,0.10277587499627815,-1.7069333333333334,100.0,2.0,6.0,2.51622863409905,0.0782665278693498,9.156947595764497e-07,2.5162,0.0782665278693498,2.51622863409905,0.0782665278693498,,0.0782665278693498,0.05534279259634315,0.761,1.7552666246691184,0.47164180874824524,2.4924,0.055,0.8759999999999999,,,,115.50080634800258,,,,
5759,P35557,R,275,F,NONSYN,0.3436253892885596,1.4724327930463101,0.11376881962139697,-2.1555666666666666,100.0,2.0,6.0,1.50365715850807,0.0553325899809881,0.0018983238893973099,1.5037,0.0553325899809881,1.50365715850807,0.0553325899809881,,0.0553325899809881,0.0391260495961715,1.0838,0.4198232256314831,0.5052299499511719,1.5012,0.039,0.738,,,,115.50080634800258,,,,
5760,P35557,R,275,T,NONSYN,0.292232657128476,1.3392339748968063,0.18380075908549007,-1.0614333333333332,100.0,2.0,6.0,1.94550323349446,0.152981143916547,7.838321879531087e-05,1.9455,0.152981143916547,1.94550323349446,0.152981143916547,,0.152981143916547,0.10817400425706553,1.0873,0.8582200990340108,0.614811897277832,1.9197,0.1065,0.804,,,,115.50080634800258,,,,
5761,P35557,R,275,I,NONSYN,0.35928103966798514,1.4645746214379667,0.06715593726640366,-2.1296999999999997,100.0,2.0,6.0,1.5272316733331002,0.39352679051940903,0.0016108415974072955,1.5272,0.39352679051940903,1.5272316733331002,0.39352679051940903,,0.39352679051940903,0.2782654621548521,1.0838,0.44339774045651326,0.4638839066028595,1.4099,0.2386,0.856,,,,115.50080634800258,,,,
5762,P35557,R,275,L,NONSYN,0.3775202648814329,1.2546238456629937,0.08631052359780245,-1.8647666666666665,100.0,2.0,6.0,0.786492679878477,0.25860020886616203,0.1730047790285758,0.7865,0.25860020886616203,0.786492679878477,0.25860020886616203,,0.25860020886616203,0.1828579613055207,1.0804,0.2939566628491841,0.4954030513763428,0.8217,0.1715,0.616,,,,115.50080634800258,,,,
5763,P35557,R,275,K,NONSYN,0.4996982892545154,1.4261501972925108,0.04376593425993297,-0.31583333333333335,100.0,2.0,6.0,0.983373346780196,0.7990179226417309,0.05752686764735357,0.9834,0.7990179226417309,0.983373346780196,0.7990179226417309,,0.7990179226417309,0.5649909913895561,1.0846,0.10118585541401792,0.49233150482177734,1.0409,0.3712,0.09,,,,115.50080634800258,,,,
5764,P35557,R,275,G,NONSYN,0.4710347881166008,1.2898404970709625,0.09149987918348396,-1.865,100.0,2.0,6.0,0.680842725654571,0.22419875713760398,0.28459672565260546,0.6808,0.22419875713760398,0.680842725654571,0.22419875713760398,,0.22419875713760398,0.15853246150559563,1.0838,0.40299120722201587,0.4867672920227051,0.7195,0.1507,0.795,,,,115.50080634800258,,,,
5765,P35557,R,275,Y,NONSYN,0.3907391645635834,0.8827271715679647,0.1001964142592362,-1.6721666666666666,100.0,2.0,6.0,1.58082729268081,0.124698485555687,0.0011061730383083806,1.5808,0.124698485555687,1.58082729268081,0.124698485555687,,0.124698485555687,0.08817514474011902,0.8661,0.7147576181889277,0.43943724036216736,1.5532,0.0865,0.585,,,,115.50080634800258,,,,
5766,P35557,R,275,N,NONSYN,0.4070897773431755,0.8367237302972953,0.0850475786864781,-0.6592999999999999,100.0,2.0,6.0,0.7182773084455291,0.12654795572216498,0.24084725366480483,0.7183,0.12654795572216498,0.7182773084455291,0.12654795572216498,,0.12654795572216498,0.08948291763643781,0.8891,0.17083736946050732,0.4242466688156128,0.7256,0.0876,0.502,,,,115.50080634800258,,,,
5767,P35557,R,275,C,NONSYN,0.3945781846907973,1.4729180063311336,0.09654175018948395,-2.1973999999999996,100.0,2.0,6.0,0.563454766141282,0.11177817140339401,0.4445685592309228,0.5635,0.11177817140339401,0.563454766141282,0.11177817140339401,,0.11177817140339401,0.07903910298797212,1.0064,0.44298682702888403,0.5081675052642822,0.5739,0.0781,0.9990000000000001,,,,115.50080634800258,,,,
5768,P35557,R,275,P,NONSYN,0.180066694070857,1.5926328841448105,0.06321939065519372,-1.7161666666666668,100.0,2.0,6.0,-0.548889845049727,0.352586235778685,0.9963867468310487,-0.5489,0.352586235778685,-0.548889845049727,0.352586235778685,,0.352586235778685,0.24931611827214703,1.0938,1.642682045138228,0.5667484998703003,-0.2825,0.2282,0.965,,,,115.50080634800258,,,,
5769,P35557,R,275,E,NONSYN,0.2774716424939038,1.170760712659233,0.08767125678773302,-0.8858,100.0,2.0,6.0,0.555800982646933,0.32135684511182105,0.4557152113712317,0.5558,0.32135684511182105,0.555800982646933,0.32135684511182105,,0.32135684511182105,0.2272336043592837,0.9894,0.433573595352182,0.47319746017456055,0.637,0.2048,0.233,,,,115.50080634800258,,,,
5770,P35557,R,275,M,NONSYN,0.37044865400284027,1.5798360210088767,0.0899818908008987,-1.0532666666666668,100.0,2.0,6.0,1.22369709515825,0.6969582778211121,0.012617791147933976,1.2237,0.6969582778211121,1.22369709515825,0.6969582778211121,,0.6969582778211121,0.49282392445140605,1.0938,0.129904895069749,0.5737109184265137,1.1685,0.3738,0.986,,,,115.50080634800258,,,,
5771,P35557,R,275,W,NONSYN,0.38841440406711497,1.5110301168315903,0.11210147983849907,-2.1376333333333335,100.0,2.0,6.0,1.3878651871522298,0.099199501829223,0.004209793683611304,1.3879,0.099199501829223,1.3878651871522298,0.099199501829223,,0.099199501829223,0.0701446404337709,1.0452,0.3426591172059408,0.5306553244590759,1.382,0.0695,0.996,,,,115.50080634800258,,,,
5772,P35557,R,275,H,NONSYN,0.3580838527509595,1.365827437413424,0.08361675878464353,-0.45376666666666665,100.0,2.0,6.0,0.736769262284193,0.10907211209169,0.2209044875947095,0.7368,0.10907211209169,0.736769262284193,0.10907211209169,,0.10907211209169,0.07712563009837323,1.0846,0.34778993991002083,0.4917752146720886,0.7451,0.0762,0.011000000000000001,,,,115.50080634800258,,,,
5773,P35557,R,275,Q,NONSYN,0.3675437003413988,0.6702825177922183,0.08536891596471301,-0.5823,100.0,2.0,6.0,2.82340402114781,0.0810377399487716,7.15531048899607e-08,2.8234,0.0810377399487716,2.82340402114781,0.0810377399487716,,0.0810377399487716,0.057302335449808374,0.835,1.9884218643942702,0.4650859832763672,2.7937,0.0569,0.598,,,,115.50080634800258,,,,
5774,P35557,R,275,*,STOP,,,,,100.0,2.0,6.0,-0.436574466337476,0.05,0.9939033399755199,-0.4366,0.05,-0.436574466337476,0.05,,0.05,0.035355339059327376,,,,-0.4366,0.0354,,,,,115.50080634800258,,,,
5775,P35557,L,276,S,NONSYN,0.3696688568840947,0.9598041282204254,0.1212609723230413,-1.8501333333333332,100.0,2.0,6.0,0.896636554884866,0.10158324293408001,0.0955114128056679,0.8966,0.10158324293408001,0.896636554884866,0.10158324293408001,,0.10158324293408001,0.07183019993360841,0.9153,0.01863365442757292,0.45838019251823425,0.8971,0.071,0.042,,,,89.27361004288423,,,,
5776,P35557,L,276,A,NONSYN,0.2800117097075371,1.330819405710914,0.0437941505168297,-1.3620666666666665,100.0,2.0,6.0,1.4383652766027901,0.49236901757480706,0.0029807411176915747,1.4384,0.49236901757480706,1.4383652766027901,0.49236901757480706,,0.49236901757480706,0.3481574711733044,1.0881,0.35026412799744344,0.4791230857372284,1.3173,0.2817,0.0,,,,89.27361004288423,,,,
5777,P35557,L,276,V,NONSYN,0.45006845647116095,0.45334719966342246,0.20704851535725532,0.4434,100.0,2.0,6.0,0.9657941066213229,0.142231982339685,0.06389610580237556,0.9658,0.142231982339685,0.9657941066213229,0.142231982339685,,0.142231982339685,0.10057319921399653,0.7534,0.21236230959373503,0.5358420014381409,0.9586,0.0988,0.0,,,,89.27361004288423,,,,
5778,P35557,L,276,R,NONSYN,0.2792328090176149,0.9208200548665406,0.11652460526352969,-1.8351333333333333,100.0,2.0,6.0,1.01358877494652,0.17490417727815402,0.04791512302856741,1.0136,0.17490417727815402,1.01358877494652,0.17490417727815402,,0.17490417727815402,0.12367592981123676,0.8996,0.11403046920616355,0.45838019251823425,1.0059,0.1194,0.18100000000000002,,,,89.27361004288423,,,,
5779,P35557,L,276,D,NONSYN,0.15709418040401155,1.5094203611973709,0.11117714085464143,-2.512333333333333,100.0,2.0,6.0,1.6518195281626102,0.0613958440586613,0.0006688243088189321,1.6518,0.0613958440586613,1.6518195281626102,0.0613958440586613,,0.0613958440586613,0.04341341767055121,1.0838,0.5679855952860233,0.5257769823074341,1.648,0.0433,0.599,,,,89.27361004288423,,,,
5780,P35557,L,276,F,NONSYN,0.463424518412456,0.46198692802083213,0.20211791858647662,0.48950000000000005,100.0,2.0,6.0,0.9398749215490941,0.237789321380773,0.07444783864735732,0.9399,0.237789321380773,0.9398749215490941,0.237789321380773,,0.237789321380773,0.16814244164209186,0.7306,0.20927825998140615,0.5161758661270142,0.9198,0.1599,0.077,,,,89.27361004288423,,,,
5781,P35557,L,276,T,NONSYN,0.3205067496312658,1.2278113398018173,0.11728193690001332,-1.3817666666666666,100.0,2.0,6.0,1.7473894743300802,0.171344674863496,0.00033657725727267497,1.7474,0.171344674863496,1.7473894743300802,0.171344674863496,,0.171344674863496,0.1211589815161822,1.0821,0.6652478365279562,0.5388467311859131,1.7154,0.1182,0.013000000000000001,,,,89.27361004288423,,,,
5782,P35557,L,276,I,NONSYN,0.3599458773266949,0.7964014099465904,0.20676494352034092,0.27723333333333333,100.0,2.0,6.0,-0.0633685242281806,0.14947294727945099,0.9624440340925574,-0.0634,0.14947294727945099,-0.0633685242281806,0.14947294727945099,,0.14947294727945099,0.1056933346252391,0.8859,0.9493074070559394,0.5266271829605103,-0.0266,0.1036,0.0,,,,89.27361004288423,,,,
5783,P35557,L,276,L,SYN,,,,,100.0,2.0,6.0,1.20011189462952,0.05,0.01472223406229372,1.2001,0.05,1.20011189462952,0.05,,0.05,0.035355339059327376,,,,1.2001,0.0354,,,,,89.27361004288423,,,,
5784,P35557,L,276,K,NONSYN,0.16637828819819184,1.135478836912152,0.09068042633595286,-1.8327,100.0,2.0,6.0,0.369612428809686,0.356345705226919,0.7103973997886253,0.3696,0.356345705226919,0.369612428809686,0.356345705226919,,0.356345705226919,0.25197446461265693,0.9572,0.5876336363300845,0.42653506994247437,0.5216,0.2169,0.006,,,,89.27361004288423,,,,
5785,P35557,L,276,G,NONSYN,0.3375782897720982,1.211864235804371,0.03645215712235917,-2.5354666666666663,100.0,2.0,6.0,2.5444879043416098,0.449820179274995,7.275406344343632e-07,2.5445,0.449820179274995,2.5444879043416098,0.449820179274995,,0.449820179274995,0.31807089907989744,1.0793,1.4651705730275228,0.4905259609222412,2.1108,0.2669,0.095,,,,89.27361004288423,,,,
5786,P35557,L,276,Y,NONSYN,0.3932294491632085,1.222675394149584,0.12375669774663606,-1.3710666666666667,100.0,2.0,6.0,1.7627973112867799,0.0355946955271933,0.0003010035961727739,1.7628,0.0355946955271933,1.7627973112867799,0.0355946955271933,,0.0355946955271933,0.02516925058154885,1.0811,0.6817116293714967,0.5429397225379944,1.7613,0.0251,0.065,,,,89.27361004288423,,,,
5787,P35557,L,276,N,NONSYN,0.1790631080953343,1.3350005552608872,0.13164206916327084,-2.4369,100.0,2.0,6.0,0.9724495082768929,0.0713895556946943,0.061413318898177756,0.9724,0.0713895556946943,0.9724495082768929,0.0713895556946943,,0.0713895556946943,0.05048003893761304,1.0803,0.10784247818856119,0.5319944620132446,0.9734,0.0503,0.599,,,,89.27361004288423,,,,
5788,P35557,L,276,C,NONSYN,0.3444819501115762,1.1647264077812913,0.12544608825545528,-1.3948999999999998,100.0,2.0,6.0,0.48227143151588203,0.0624236909921424,0.5625806630907458,0.4823,0.0624236909921424,0.48227143151588203,0.0624236909921424,,0.0624236909921424,0.04414021520723749,0.9851,0.5028358711498284,0.5242708921432495,0.4858,0.044,0.599,,,,89.27361004288423,,,,
5789,P35557,L,276,P,NONSYN,0.3101239067988947,1.3731528038515444,0.03609677124017658,-2.2839666666666667,100.0,2.0,6.0,0.44919009046744207,0.307479215089132,0.6089128365021097,0.4492,0.307479215089132,0.44919009046744207,0.307479215089132,,0.307479215089132,0.21742063806344222,1.0881,0.6389110581379046,0.45842286944389343,0.5665,0.1964,0.243,,,,89.27361004288423,,,,
5790,P35557,L,276,E,NONSYN,0.22335052551716408,1.3220425010286483,0.1295243713783247,-2.4328000000000003,100.0,2.0,6.0,1.01132367097361,0.122685603596166,0.04858105134974589,1.0113,0.122685603596166,1.01132367097361,0.122685603596166,,0.122685603596166,0.08675182225681365,1.0846,0.07323553122060389,0.5233587026596069,1.0133,0.0856,0.134,,,,89.27361004288423,,,,
5791,P35557,L,276,M,NONSYN,0.4855550162170784,0.6141001679807455,0.07420536822876934,0.15566666666666665,100.0,2.0,6.0,0.483535201669354,0.832320644630692,0.5607772047114418,0.4835,0.832320644630692,0.483535201669354,0.832320644630692,,0.832320644630692,0.5885395719399209,0.8554,0.37186607587276027,0.3910197913646698,0.7415,0.3257,0.0,,,,89.27361004288423,,,,
5792,P35557,L,276,W,NONSYN,0.28885364138641745,0.759945919547024,0.09657837580259836,-1.8677333333333335,100.0,2.0,6.0,1.49621118090507,0.327264859852247,0.00199909804801903,1.4962,0.327264859852247,1.49621118090507,0.327264859852247,,0.327264859852247,0.23141120164558895,0.7841,0.712125430325236,0.4450171887874603,1.3446,0.2053,0.9620000000000001,,,,89.27361004288423,,,,
5793,P35557,L,276,H,NONSYN,0.29725486605293433,0.6107970980745493,0.1183491070648488,-1.9786333333333335,100.0,2.0,6.0,2.1356852323041298,0.0574922438189715,1.854671032665546e-05,2.1357,0.0574922438189715,2.1356852323041298,0.0574922438189715,,0.0574922438189715,0.04065315547002512,0.7961,1.3395540386662819,0.4680599868297577,2.1257,0.0405,0.877,,,,89.27361004288423,,,,
5794,P35557,L,276,Q,NONSYN,0.3225298006389851,1.1389492963412475,0.14012420188270555,-1.5422,100.0,2.0,6.0,0.29301663545430395,0.198913919164709,0.7905108373335507,0.293,0.198913919164709,0.29301663545430395,0.198913919164709,,0.198913919164709,0.14065338111375847,0.9572,0.6642294296854665,0.5093231201171875,0.3401,0.1356,0.187,,,,89.27361004288423,,,,
5795,P35557,L,276,*,STOP,,,,,,,,,,,,,,,,,,,,,,,,,,,89.27361004288423,,,,
5796,P35557,V,277,S,NONSYN,0.33699392667600697,0.18235702660244468,0.26502022949567616,-1.4466,100.0,2.0,6.0,0.45746007687229606,0.152877748769156,0.5975070437438753,0.4575,0.152877748769156,0.45746007687229606,0.152877748769156,,0.152877748769156,0.10810089284720356,0.4505,0.00699207312244865,0.478977769613266,0.4571,0.1054,0.787,,,,7.778017489641405,,,,
5797,P35557,V,277,A,NONSYN,0.4716545268994549,0.007902288719552916,0.22839347175713362,-0.7901333333333334,100.0,2.0,6.0,0.422148214114298,0.182276145121863,0.6452051111991097,0.4221,0.182276145121863,0.422148214114298,0.182276145121863,,0.182276145121863,0.12888869826421254,0.3915,0.030603484643091317,0.5542534589767456,0.4206,0.1255,0.006999999999999999,,,,7.778017489641405,,,,
5798,P35557,V,277,V,SYN,,,,,100.0,2.0,6.0,1.0162647849489,0.05,0.04713922098813651,1.0163,0.05,1.0162647849489,0.05,,0.05,0.035355339059327376,,,,1.0163,0.0354,,,,,7.778017489641405,,,,
5799,P35557,V,277,R,NONSYN,0.17643841508486408,1.142068785038319,0.16210519802107073,-1.9857333333333334,100.0,2.0,6.0,0.063895377819267,0.11623440696989,0.9293180331094781,0.0639,0.11623440696989,0.063895377819267,0.11623440696989,,0.11623440696989,0.08219013737560611,0.8827,0.8187995818212359,0.49650752544403076,0.0857,0.0811,0.99,,,,7.778017489641405,,,,
5800,P35557,V,277,D,NONSYN,0.27348180848279724,1.1656439246814532,0.12306242774601106,-2.3809,,,,,,,,,,,,,,0.9158,,0.4540479779243469,0.9158,0.454,0.992,,,,7.778017489641405,,,,
5801,P35557,V,277,F,NONSYN,0.4053248813429461,0.42346924971845307,0.057772913096580815,-0.9184666666666667,100.0,2.0,6.0,-0.33224434780350603,0.9104748821935309,0.9899761003724222,-0.3322,0.9104748821935309,-0.33224434780350603,0.9104748821935309,,0.9104748821935309,0.6438029632990686,0.5815,0.9137138240264979,0.443432480096817,0.2875,0.3652,0.98,,,,7.778017489641405,,,,
5802,P35557,V,277,T,NONSYN,0.3185872156759129,0.36059043575906097,0.06345227485851605,-0.1374,100.0,2.0,6.0,-0.0348482442066002,0.326339271631373,0.9567147008433885,-0.0348,0.326339271631373,-0.0348482442066002,0.326339271631373,,0.326339271631373,0.23075671193802255,0.6702,0.705063135640316,0.4210088551044464,0.128,0.2024,0.7490000000000001,,,,7.778017489641405,,,,
5803,P35557,V,277,I,NONSYN,0.4306262074024321,0.20825828298542828,0.08998276639118201,-0.1123,100.0,2.0,6.0,0.590234333717203,0.41624868872013004,0.4059472911155024,0.5902,0.41624868872013004,0.590234333717203,0.41624868872013004,,0.41624868872013004,0.29433227045401233,0.577,0.013211721622323869,0.4506247043609619,0.5863,0.2464,0.004,,,,7.778017489641405,,,,
5804,P35557,V,277,L,NONSYN,0.4667115524229356,0.0478047378161216,0.0942211134708662,-0.29109999999999997,100.0,2.0,6.0,0.903508849622218,0.138461668007611,0.0918511281550112,0.9035,0.138461668007611,0.903508849622218,0.138461668007611,,0.138461668007611,0.09790718438258218,0.3699,0.5335818009390515,0.41748273372650146,0.8757,0.0953,0.057999999999999996,,,,7.778017489641405,,,,
5805,P35557,V,277,K,NONSYN,0.1909141340536438,0.23690448069188438,0.15725643439972614,-1.7571333333333332,100.0,2.0,6.0,0.7686046489073771,0.522635979417619,0.18926974735748459,0.7686,0.522635979417619,0.7686046489073771,0.522635979417619,,0.522635979417619,0.3695594451382712,0.409,0.3596248753859538,0.49494457244873047,0.6399,0.2961,0.9570000000000001,,,,7.778017489641405,,,,
5806,P35557,V,277,G,NONSYN,0.3807983932718594,1.0040731594958379,0.11763796504405831,-2.1775333333333333,100.0,2.0,6.0,0.5486076733761129,0.192386337400227,0.4662168480626958,0.5486,0.192386337400227,0.5486076733761129,0.192386337400227,,0.192386337400227,0.1360376837833436,0.8926,0.34398594883152867,0.4525167942047119,0.5771,0.1303,0.055,,,,7.778017489641405,,,,
5807,P35557,V,277,Y,NONSYN,0.33250944557826595,0.23690448069188438,0.15725643439972614,-1.7571333333333332,100.0,2.0,6.0,0.139227200449108,0.13506221859703998,0.8977509655452445,0.1392,0.13506221859703998,0.139227200449108,0.13506221859703998,,0.13506221859703998,0.0955034106520668,0.3415,0.20230219870746244,0.4304873049259186,0.1487,0.0932,0.99,,,,7.778017489641405,,,,
5808,P35557,V,277,N,NONSYN,0.2445312890805706,0.12191946017828448,0.15485427206381805,-2.1033666666666666,100.0,2.0,6.0,2.6520314020801203,0.0930498830078635,3.006583739004561e-07,2.652,0.0930498830078635,2.6520314020801203,0.0930498830078635,,0.0930498830078635,0.06579620326347518,0.3833,2.268739442317547,0.4915260672569275,2.6121,0.0652,0.77,,,,7.778017489641405,,,,
5809,P35557,V,277,C,NONSYN,0.4349501020449153,0.182454647727696,0.2218058097443867,-0.9503666666666666,100.0,2.0,6.0,0.390799458168765,0.0590133173848057,0.6850324106100582,0.3908,0.0590133173848057,0.390799458168765,0.0590133173848057,,0.0590133173848057,0.04172871690311008,0.3178,0.07304667963864414,0.5097252726554871,0.3903,0.0416,0.995,,,,7.778017489641405,,,,
5810,P35557,V,277,P,NONSYN,0.17175025849116904,0.22880838131677672,0.12772729249770115,-1.883333333333333,100.0,2.0,6.0,0.0055703041274604,0.43726315457458703,0.947071016908373,0.0056,0.43726315457458703,0.0055703041274604,0.43726315457458703,,0.43726315457458703,0.309191741762712,0.4581,0.4524952056686822,0.4784451723098755,0.1389,0.2597,0.871,,,,7.778017489641405,,,,
5811,P35557,V,277,E,NONSYN,0.32079411141973807,0.4542059977642651,0.1968054521421676,-1.7854,100.0,2.0,6.0,0.11670009769023501,0.145251402719547,0.9083711968160301,0.1167,0.145251402719547,0.11670009769023501,0.145251402719547,,0.145251402719547,0.10270825183984982,0.6901,0.5734319242137567,0.5103596448898315,0.139,0.1007,0.8859999999999999,,,,7.778017489641405,,,,
5812,P35557,V,277,M,NONSYN,0.4348220015603004,0.430269606509972,0.09395434671419217,-0.2969,100.0,2.0,6.0,-0.243885756459333,0.14168703094156399,0.98460961238701,-0.2439,0.14168703094156399,-0.243885756459333,0.14168703094156399,,0.14168703094156399,0.10018786038496806,0.5883,0.8321433076525703,0.488805890083313,-0.2103,0.0981,0.963,,,,7.778017489641405,,,,
5813,P35557,V,277,W,NONSYN,0.20407639127029992,0.5417976579197814,0.198785621508178,-1.7649666666666668,100.0,2.0,6.0,-0.146074882776314,0.0836534406514382,0.9750940406638178,-0.1461,0.0836534406514382,-0.146074882776314,0.0836534406514382,,0.0836534406514382,0.05915191515421835,0.5881,0.734139851362282,0.6070049405097961,-0.1392,0.0589,1.0,,,,7.778017489641405,,,,
5814,P35557,V,277,H,NONSYN,0.2484595230317529,1.0881781510918334,0.05733973845505453,-2.2815999999999996,100.0,2.0,6.0,0.296292698588126,0.47636930701222596,0.7874669228568479,0.2963,0.47636930701222596,0.296292698588126,0.47636930701222596,,0.47636930701222596,0.33684396733748134,0.8094,0.5131381986477443,0.4004663825035095,0.5089,0.2578,0.9990000000000001,,,,7.778017489641405,,,,
5815,P35557,V,277,Q,NONSYN,0.31633139311143543,0.24640995460709939,0.12936688463149068,-1.7866,100.0,2.0,6.0,0.7400882271617321,0.645783773996573,0.21744610722075963,0.7401,0.645783773996573,0.7400882271617321,0.645783773996573,,0.645783773996573,0.45663808577321763,0.4036,0.3364692059844402,0.4751470685005188,0.5785,0.3292,0.97,,,,7.778017489641405,,,,
5816,P35557,V,277,*,STOP,,,,,100.0,2.0,6.0,0.20636484771633104,0.05,0.8590170895181843,0.2064,0.05,0.20636484771633104,0.05,,0.05,0.035355339059327376,,,,0.2064,0.0354,,,,,7.778017489641405,C,287.0,,
5817,P35557,D,278,S,NONSYN,0.3690767940714815,0.2876231018403214,0.1833641034184834,-0.9239999999999999,100.0,2.0,6.0,1.0595024284616898,0.356433390734429,0.03610866294891217,1.0595,0.356433390734429,1.0595024284616898,0.356433390734429,,0.356433390734429,0.25203646762962906,0.5322,0.5272540506617021,0.526418149471283,0.9612,0.2273,0.988,,,,20.477256380377927,,,,
5818,P35557,D,278,A,NONSYN,0.4216252277516441,0.407219415252493,0.06001333359143932,-1.4927333333333335,100.0,2.0,6.0,0.986133494620682,0.544935488704517,0.05658088908730977,0.9861,0.544935488704517,0.986133494620682,0.544935488704517,,0.544935488704517,0.3853275793721692,0.5815,0.40466401839769006,0.43717435002326965,0.8092,0.2891,0.968,,,,20.477256380377927,,,,
5819,P35557,D,278,V,NONSYN,0.4506084315132353,1.0043355109338599,0.055718161171142006,-2.6115333333333335,100.0,2.0,6.0,0.23086298239546998,0.162524429937525,0.8419166288143957,0.2309,0.162524429937525,0.23086298239546998,0.162524429937525,,0.162524429937525,0.11492212651730185,0.8863,0.6553963946072461,0.3894084692001343,0.2834,0.1102,0.904,,,,20.477256380377927,,,,
5820,P35557,D,278,R,NONSYN,0.35823216117602164,0.6042840390689733,0.13626560274398603,-1.472133333333333,100.0,2.0,6.0,0.39493962317124104,0.16599346302186402,0.679924516689356,0.3949,0.16599346302186402,0.39493962317124104,0.16599346302186402,,0.16599346302186402,0.11737510333539845,0.6538,0.2588681361137321,0.5291244387626648,0.4071,0.1146,1.0,,,,20.477256380377927,,,,
5821,P35557,D,278,D,SYN,,,,,100.0,2.0,6.0,1.17528910603714,0.05,0.01729890818098681,1.1753,0.05,1.17528910603714,0.05,,0.05,0.035355339059327376,,,,1.1753,0.0354,,,,,20.477256380377927,,,,
5822,P35557,D,278,F,NONSYN,0.29646296686588297,1.0333894796934608,0.062450245295772006,-2.6194333333333333,100.0,2.0,6.0,0.143701076116667,0.10997652735361399,0.8955095360399833,0.1437,0.10997652735361399,0.143701076116667,0.10997652735361399,,0.10997652735361399,0.07776514826308828,0.8075,0.6638437513445756,0.4048457145690918,0.1673,0.0764,0.998,,,,20.477256380377927,,,,
5823,P35557,D,278,T,NONSYN,0.33041122774515563,0.4657705208956277,0.16710352146129884,-1.1000666666666665,100.0,2.0,6.0,1.26362015702955,0.33583663847827,0.00969776207247106,1.2636,0.33583663847827,1.26362015702955,0.33583663847827,,0.33583663847827,0.2374723644388797,0.6017,0.6619435737394499,0.5405440926551819,1.1565,0.2174,0.9840000000000001,,,,20.477256380377927,,,,
5824,P35557,D,278,I,NONSYN,0.3169485018080975,0.306928507377019,0.0713475662171678,-2.7128666666666668,100.0,2.0,6.0,0.41139348996949604,0.677861337276419,0.6591600056197627,0.4114,0.677861337276419,0.41139348996949604,0.677861337276419,,0.677861337276419,0.4793203482923372,0.6522,0.2407830093972642,0.41962122917175293,0.5477,0.3157,0.509,,,,20.477256380377927,,,,
5825,P35557,D,278,L,NONSYN,0.37713817620354506,0.2697735266824997,0.16910862661926485,-2.7055000000000002,100.0,2.0,6.0,0.5228584320530539,0.19069727192396,0.5038675927487057,0.5229,0.19069727192396,0.5228584320530539,0.19069727192396,,0.19069727192396,0.1348433341312071,0.462,0.06086050581785496,0.5487959384918213,0.5194,0.1309,0.986,,,,20.477256380377927,,,,
5826,P35557,D,278,K,NONSYN,0.3517044245741117,0.6913438796461211,0.12083059141633477,-0.8664,100.0,2.0,6.0,-0.15165990495570902,0.6851622354146619,0.9757729946082121,-0.1517,0.6851622354146619,-0.15165990495570902,0.6851622354146619,,0.6851622354146619,0.4844828628746411,0.6769,0.8286091675747276,0.4874746799468994,0.2601,0.3436,0.9990000000000001,,,,20.477256380377927,,,,
5827,P35557,D,278,G,NONSYN,0.41616550742326497,1.0446270725003604,0.1540561805228913,-1.2674333333333332,100.0,2.0,6.0,0.6648439017917429,0.125374192120907,0.3045846517676125,0.6648,0.125374192120907,0.6648439017917429,0.125374192120907,,0.125374192120907,0.08865294143447836,0.8628,0.19791282733423365,0.5056701302528381,0.6707,0.0873,0.993,,,,20.477256380377927,,,,
5828,P35557,D,278,Y,NONSYN,0.4224113195979475,1.0256018025048388,0.054490834702075004,-2.560966666666667,100.0,2.0,6.0,0.0093181034956099,0.752075769745556,0.946075549264137,0.0093,0.752075769745556,0.0093181034956099,0.752075769745556,,0.752075769745556,0.5317978767531751,0.7846,0.7752394178476213,0.4048457145690918,0.5001,0.3221,1.0,,,,20.477256380377927,,,,
5829,P35557,D,278,N,NONSYN,0.4295009636980524,0.49862225487979267,0.18951157367677765,-0.2961,100.0,2.0,6.0,1.3477012120236103,0.27709578960176,0.00552656901171645,1.3477,0.27709578960176,1.3477012120236103,0.27709578960176,,0.27709578960176,0.1959363118656453,0.4943,0.8534490965355579,0.535274088382721,1.2469,0.184,0.997,,,,20.477256380377927,,,,
5830,P35557,D,278,C,NONSYN,0.3461355508488411,0.38837163480600667,0.1703388179840946,-2.7265333333333337,100.0,2.0,6.0,0.16706410768253302,0.16984968014770702,0.8830496642662337,0.1671,0.16984968014770702,0.16706410768253302,0.16984968014770702,,0.16984968014770702,0.12010186061480974,0.4225,0.2554615366198352,0.5183317065238953,0.1801,0.117,0.9990000000000001,,,,20.477256380377927,,,,
5831,P35557,D,278,P,NONSYN,0.2905290433283012,0.681972339861222,0.13748276753946528,-1.4699,100.0,2.0,6.0,0.161874720794495,0.14682059100028103,0.8859295117293083,0.1619,0.14682059100028103,0.161874720794495,0.14682059100028103,,0.14682059100028103,0.1038178355141153,0.7249,0.5630714204484859,0.5175603628158569,0.1837,0.1018,0.9840000000000001,,,,20.477256380377927,,,,
5832,P35557,D,278,E,NONSYN,0.4869275421620544,0.8458684283703747,0.13377511443837167,-0.3505,100.0,2.0,6.0,0.305962691551864,0.633341513146825,0.7782822589749154,0.306,0.633341513146825,0.305962691551864,0.633341513146825,,0.633341513146825,0.44784007875306886,0.8324,0.5263903043206335,0.5063056945800781,0.537,0.3354,0.981,,,,20.477256380377927,,,,
5833,P35557,D,278,M,NONSYN,0.2886817698329022,0.12796072066924896,0.18320101138937953,-2.5042666666666666,100.0,2.0,6.0,2.7022413490023798,0.122219034124157,1.9811794757549702e-07,2.7022,0.122219034124157,2.7022413490023798,0.122219034124157,,0.122219034124157,0.08642190781926146,0.2666,2.435646879455108,0.4799131751060486,2.6257,0.0851,0.9990000000000001,,,,20.477256380377927,,,,
5834,P35557,D,278,W,NONSYN,0.2933207242208761,0.3671053432350277,0.1707353956565041,-2.7770999999999995,100.0,2.0,6.0,0.114429720322407,0.0911452104486597,0.9093820560093191,0.1144,0.0911452104486597,0.114429720322407,0.0911452104486597,,0.0911452104486597,0.06444939638092223,0.3591,0.2446781316597097,0.45467638969421387,0.1192,0.0638,1.0,,,,20.477256380377927,,,,
5835,P35557,D,278,H,NONSYN,0.4359397753198172,0.592268051288528,0.18226236044546865,-1.1262,100.0,2.0,6.0,0.8841275658508492,0.132130946554602,0.10249690407652483,0.8841,0.132130946554602,0.8841275658508492,0.132130946554602,,0.132130946554602,0.09343068831335635,0.6442,0.2399563875099373,0.5368247628211975,0.8771,0.092,1.0,,,,20.477256380377927,,,,
5836,P35557,D,278,Q,NONSYN,0.3596090029508326,0.5973233631189433,0.18468451145824538,-0.9040333333333331,100.0,2.0,6.0,0.130401644625824,0.343943634522468,0.9020419983908154,0.1304,0.343943634522468,0.130401644625824,0.343943634522468,,0.343943634522468,0.24320487631678464,0.6635,0.5331047440384216,0.5568995475769043,0.2158,0.2229,0.9990000000000001,,,,20.477256380377927,,,,
5837,P35557,D,278,*,STOP,,,,,100.0,2.0,6.0,0.145738835264725,0.05,0.8944735791491247,0.1457,0.05,0.145738835264725,0.05,,0.05,0.035355339059327376,,,,0.1457,0.0354,,,,,20.477256380377927,,,,
5838,P35557,E,279,S,NONSYN,0.4382670271083193,2.2076872212513963,0.1867814655264893,-0.6747666666666666,100.0,2.0,6.0,1.30316361693708,0.227585370250384,0.0074538126048826195,1.3032,0.227585370250384,1.30316361693708,0.227585370250384,,0.227585370250384,0.16092715860289766,1.2825,0.020672886651435407,0.6483684778213501,1.302,0.1562,0.7559999999999999,,,,121.52856791077127,,,,
5839,P35557,E,279,A,NONSYN,0.4725389201357859,2.3473674325459397,0.07261704245581345,-0.8022,100.0,2.0,6.0,1.47917505785702,0.230158573743448,0.002249665971609654,1.4792,0.230158573743448,1.47917505785702,0.230158573743448,,0.230158573743448,0.16274668824221614,1.5889,0.10973063424350493,0.7225815653800964,1.4845,0.1588,0.7,,,,121.52856791077127,,,,
5840,P35557,E,279,V,NONSYN,0.5148579282991502,1.1757906824226738,0.11952790015405486,-1.6669666666666665,100.0,2.0,6.0,1.50972002476693,0.11398579735535999,0.0018199409163734573,1.5097,0.11398579735535999,1.50972002476693,0.11398579735535999,,0.11398579735535999,0.08060013026893068,0.9996,0.5101345750713429,0.5600364208221436,1.4994,0.0798,0.9109999999999999,,,,121.52856791077127,,,,
5841,P35557,E,279,R,NONSYN,0.4513055748960305,1.89948724621552,0.19064591088311808,-0.7211333333333333,100.0,2.0,6.0,2.40377498296465,0.163459825545807,2.266365472079737e-06,2.4038,0.163459825545807,2.40377498296465,0.163459825545807,,0.163459825545807,0.11558355109501019,1.2364,1.167325026070729,0.7194839715957642,2.3744,0.1141,0.976,,,,121.52856791077127,,,,
5842,P35557,E,279,D,NONSYN,0.4800060668498122,1.5152782319276066,0.10821643424050921,-0.020166666666666666,100.0,2.0,6.0,0.508435865916434,0.715270640139904,0.5248819309896032,0.5084,0.715270640139904,0.508435865916434,0.715270640139904,,0.715270640139904,0.5057727200265689,1.0881,0.5796652826889127,0.47209373116493225,0.8182,0.3451,0.201,,,,121.52856791077127,,,,
5843,P35557,E,279,F,NONSYN,0.4134101209643438,1.5212204310526032,0.0844793346740776,-2.4431333333333334,100.0,2.0,6.0,1.19358307329102,0.0392583812577629,0.015361850150007976,1.1936,0.0392583812577629,1.19358307329102,0.0392583812577629,,0.0392583812577629,0.02775986760577101,1.0452,0.14837700334473092,0.5026624798774719,1.1931,0.0277,0.992,,,,121.52856791077127,,,,
5844,P35557,E,279,T,NONSYN,0.4070866311137473,1.1902243180499068,0.12183873216808883,-0.9768666666666667,100.0,2.0,6.0,2.13755187126129,0.249859807436812,1.8282429149484163e-05,2.1376,0.249859807436812,2.13755187126129,0.249859807436812,,0.249859807436812,0.1766775641845347,1.0127,1.1248100671383652,0.5585634708404541,2.0352,0.1685,0.897,,,,121.52856791077127,,,,
5845,P35557,E,279,I,NONSYN,0.377366298627538,2.1973879504191065,0.08295803885917712,-2.3962999999999997,100.0,2.0,6.0,1.33723734908383,0.0768330938842485,0.0059304870349682435,1.3372,0.0768330938842485,1.33723734908383,0.0768330938842485,,0.0768330938842485,0.05432920170509476,1.279,0.05819582038204785,0.7070656418800354,1.3369,0.0542,0.95,,,,121.52856791077127,,,,
5846,P35557,E,279,L,NONSYN,0.4309220950052253,2.0030746037475433,0.02865237753836143,-2.375633333333333,100.0,2.0,6.0,1.9201773890985199,0.339120507822079,9.467156141302305e-05,1.9202,0.339120507822079,1.9201773890985199,0.339120507822079,,0.339120507822079,0.23979441072041766,1.2664,0.6537515410913177,0.7340676784515381,1.8571,0.2279,0.904,,,,121.52856791077127,,,,
5847,P35557,E,279,K,NONSYN,0.4890082107053284,1.8408167659088732,0.19047421402333856,-0.6217666666666667,100.0,2.0,6.0,2.0355676504875,0.34776351001862,3.981386649059043e-05,2.0356,0.34776351001862,2.0355676504875,0.34776351001862,,0.34776351001862,0.24590593618340204,1.2364,0.7991176935935793,0.7173743844032288,1.9515,0.2326,0.961,,,,121.52856791077127,,,,
5848,P35557,E,279,G,NONSYN,0.4522640708552875,2.4065463739457997,0.050328144831505994,-1.9225,100.0,2.0,6.0,1.4954699440528403,0.195885016603421,0.0020094106668855807,1.4955,0.195885016603421,1.4954699440528403,0.195885016603421,,0.195885016603421,0.13851162357311844,1.6872,0.191737277932023,0.7893224954605103,1.5012,0.1364,0.94,,,,121.52856791077127,,,,
5849,P35557,E,279,Y,NONSYN,0.4671477233180428,1.5842948940783967,0.09406764199560896,-2.2137666666666664,100.0,2.0,6.0,3.3657399071833396,0.0363088467838421,6.101748037443122e-10,3.3657,0.0363088467838421,3.3657399071833396,0.0363088467838421,,0.0363088467838421,0.025674231777918114,1.0938,2.2719477070948386,0.5590334534645081,3.361,0.0256,0.997,,,,121.52856791077127,,,,
5850,P35557,E,279,N,NONSYN,0.4945297857128286,1.8084832790931298,0.19350532534407838,-0.6558999999999999,100.0,2.0,6.0,2.5007754434118796,0.0759551805389404,1.0380259916645698e-06,2.5008,0.0759551805389404,2.5007754434118796,0.0759551805389404,,0.0759551805389404,0.05370842322533324,1.2364,1.2643254865179587,0.738447904586792,2.4941,0.0536,0.899,,,,121.52856791077127,,,,
5851,P35557,E,279,C,NONSYN,0.4263241553322161,1.473335672455,0.08303263747490457,-2.5622,100.0,2.0,6.0,1.6530328845843998,0.050275468952033,0.0006630631231030716,1.653,0.050275468952033,1.6530328845843998,0.050275468952033,,0.050275468952033,0.03555012502331626,1.0452,0.6078268146381107,0.5164992809295654,1.6502,0.0355,0.996,,,,121.52856791077127,,,,
5852,P35557,E,279,P,NONSYN,0.2784783599621833,1.7088156512950803,0.08445763383651006,-1.2109666666666667,100.0,2.0,6.0,-0.312277086671949,0.4330266691311371,0.9889626111604587,-0.3123,0.4330266691311371,-0.312277086671949,0.4330266691311371,,0.4330266691311371,0.3061960941772504,1.2085,1.5208115658131844,0.7823359966278076,-0.1103,0.2851,0.001,,,,121.52856791077127,,,,
5853,P35557,E,279,E,SYN,,,,,,,,,,,,,,,,,,,,,,,,,,,121.52856791077127,,,,
5854,P35557,E,279,M,NONSYN,0.4318399535430367,2.1236432920010366,0.05409971969696959,-1.9440333333333335,100.0,2.0,6.0,2.34417918988713,0.17686578121770496,3.6421892067671887e-06,2.3442,0.17686578121770496,2.34417918988713,0.17686578121770496,,0.17686578121770496,0.12506299325889547,1.279,1.0651376611853478,0.7714325785636902,2.3169,0.1235,0.975,,,,121.52856791077127,,,,
5855,P35557,E,279,W,NONSYN,0.3886512979012191,1.48366593715779,0.08247803197091343,-2.4843333333333333,100.0,2.0,6.0,1.30624655497546,0.0869229579812843,0.00730171810252962,1.3062,0.0869229579812843,1.30624655497546,0.0869229579812843,,0.0869229579812843,0.06146381302935946,1.0064,0.29980496180529403,0.4921063482761383,1.3016,0.061,0.9990000000000001,,,,121.52856791077127,,,,
5856,P35557,E,279,H,NONSYN,0.3874690850586482,2.06923801443787,0.06842814754266496,-0.6659666666666667,100.0,2.0,6.0,1.7185112373776599,0.7716756971279108,0.00041465601445169533,1.7185,0.7716756971279108,1.7185112373776599,0.7716756971279108,,0.7716756971279108,0.5456571183160022,1.279,0.43946970867587765,0.6455321907997131,1.5354,0.4167,0.9890000000000001,,,,121.52856791077127,,,,
5857,P35557,E,279,Q,NONSYN,0.4979236622050323,1.2823890444470047,0.19498527697960275,-0.02876666666666668,100.0,2.0,6.0,1.20710342835824,0.19508915875228197,0.014065615588144566,1.2071,0.19508915875228197,1.20710342835824,0.19508915875228197,,0.19508915875228197,0.13794886708971746,1.0878,0.11934381436745634,0.5621836185455322,1.2003,0.134,0.941,,,,121.52856791077127,,,,
5858,P35557,E,279,*,STOP,,,,,100.0,2.0,6.0,0.21752144467359397,0.05,0.8514401669066062,0.2175,0.05,0.21752144467359397,0.05,,0.05,0.035355339059327376,,,,0.2175,0.0354,,,,,121.52856791077127,,,,
5859,P35557,S,280,S,SYN,,,,,100.0,2.0,6.0,1.46769294983552,0.05,0.0024355324426539064,1.4677,0.05,1.46769294983552,0.05,,0.05,0.035355339059327376,,,,1.4677,0.0354,,,,,57.267515865203215,,,,
5860,P35557,S,280,A,NONSYN,0.4563330621977513,1.0865708170108137,0.03018199179412712,-0.01466666666666668,100.0,2.0,6.0,0.805523732494863,0.12422718897078801,0.15688238798968332,0.8055,0.12422718897078801,0.805523732494863,0.12422718897078801,,0.12422718897078801,0.08784188772898688,0.9262,0.12067218701883942,0.36560410261154175,0.8121,0.0854,0.0,,,,57.267515865203215,,,,
5861,P35557,S,280,V,NONSYN,0.3566796973350173,0.5523395481503298,0.047628362195958236,-1.3498999999999999,100.0,2.0,6.0,0.942255234816775,0.16264798382963597,0.07341775636574352,0.9423,0.16264798382963597,0.942255234816775,0.16264798382963597,,0.16264798382963597,0.11500949231225552,0.8069,0.1353348256141993,0.41897323727607727,0.9328,0.1109,0.046,,,,57.267515865203215,,,,
5862,P35557,S,280,R,NONSYN,0.5078165034060199,0.7552389532844618,0.05657919562273828,-0.9542999999999999,100.0,2.0,6.0,1.8009320551761698,0.261255162411356,0.00022802726749442473,1.8009,0.261255162411356,1.8009320551761698,0.261255162411356,,0.261255162411356,0.1847352969610626,0.8718,0.9291760975727152,0.4078614413738251,1.6428,0.1683,0.321,,,,57.267515865203215,,,,
5863,P35557,S,280,D,NONSYN,0.26426002389568154,0.8871419173865007,0.05921883392616825,-0.6365333333333334,100.0,2.0,6.0,0.699663320247404,0.133355918068511,0.2620519622760321,0.6997,0.133355918068511,0.699663320247404,0.133355918068511,,0.133355918068511,0.09429687397760175,0.9077,0.20801587992502035,0.3999253511428833,0.7106,0.0918,0.033,,,,57.267515865203215,,,,
5864,P35557,S,280,F,NONSYN,0.4400921079880442,1.0647056940795376,0.050073498334031,-1.7383,100.0,2.0,6.0,0.538495591026547,0.224714648609552,0.48100330663898,0.5385,0.224714648609552,0.538495591026547,0.224714648609552,,0.224714648609552,0.1588972518637664,0.9148,0.37625879969000575,0.3952254354953766,0.5909,0.1474,0.816,,,,57.267515865203215,,,,
5865,P35557,S,280,T,NONSYN,0.5032644910640633,1.1133129988518866,0.03801212769952221,-0.06083333333333333,100.0,2.0,6.0,0.725297186971644,0.0762951404420451,0.23314287045971765,0.7253,0.0762951404420451,0.725297186971644,0.0762951404420451,,0.0762951404420451,0.0539488111781501,0.9372,0.2118711727848257,0.3859674334526062,0.7294,0.0534,0.0,,,,57.267515865203215,,,,
5866,P35557,S,280,I,NONSYN,0.40690641070991895,0.7437687296399066,0.07187766357734814,-1.7275666666666665,100.0,2.0,6.0,1.50130648434544,0.0513214784760749,0.001929591070104128,1.5013,0.0513214784760749,1.50130648434544,0.0513214784760749,,0.0513214784760749,0.036289765450952,0.8718,0.6295505267419854,0.4093344211578369,1.4964,0.0361,0.191,,,,57.267515865203215,,,,
5867,P35557,S,280,L,NONSYN,0.393745075519064,0.9117474289663092,0.058622074553080876,-1.7093,100.0,2.0,6.0,0.997370386366232,0.18376944873600898,0.05287421768914244,0.9974,0.18376944873600898,0.997370386366232,0.18376944873600898,,0.18376944873600898,0.12994462337614554,0.8996,0.09781208062587554,0.3960433304309845,0.9879,0.1235,0.114,,,,57.267515865203215,,,,
5868,P35557,S,280,K,NONSYN,0.33912790346884786,0.6381272807218464,0.04417598484598517,-0.6167666666666666,100.0,2.0,6.0,1.6609436132876298,0.19391211302453898,0.0006266726655075779,1.6609,0.19391211302453898,1.6609436132876298,0.19391211302453898,,0.19391211302453898,0.13711657007386374,0.8393,0.8216465570895097,0.4231258034706116,1.5829,0.1304,0.114,,,,57.267515865203215,,,,
5869,P35557,S,280,G,NONSYN,0.4188135801978989,0.9204868983327857,0.05899233978289354,-0.6509999999999999,100.0,2.0,6.0,0.599628377408549,0.135150787556568,0.3925989603548753,0.5996,0.135150787556568,0.599628377408549,0.135150787556568,,0.135150787556568,0.0955660383639517,0.9077,0.3080508227638753,0.40832167863845825,0.6156,0.0931,0.0,,,,57.267515865203215,,,,
5870,P35557,S,280,Y,NONSYN,0.3987520148682556,0.6466144440698318,0.06480506804843408,-1.6658,100.0,2.0,6.0,0.695440211526941,0.0934199646523207,0.2670161637097511,0.6954,0.0934199646523207,0.695440211526941,0.0934199646523207,,0.0934199646523207,0.06605789050386354,0.8082,0.11279388404648427,0.4223988354206085,0.6981,0.0653,0.816,,,,57.267515865203215,,,,
5871,P35557,S,280,N,NONSYN,0.3577198430860929,0.7067590657506176,0.042356933428537545,-0.23683333333333337,100.0,2.0,6.0,1.62051556076713,0.0311550808617726,0.0008355729723429424,1.6205,0.0311550808617726,1.62051556076713,0.0311550808617726,,0.0311550808617726,0.02202996894577463,0.8671,0.7533811685056249,0.41752082109451294,1.6184,0.022,0.0,,,,57.267515865203215,,,,
5872,P35557,S,280,C,NONSYN,0.4413057931247456,1.0017039129810048,0.08035854593580365,-0.9221333333333334,100.0,2.0,6.0,1.06153717608654,0.0981887487942157,0.03565413372655842,1.0615,0.0981887487942157,1.06153717608654,0.0981887487942157,,0.0981887487942157,0.06942993010861236,0.9145,0.14705303282939886,0.4037080407142639,1.0573,0.0684,0.473,,,,57.267515865203215,,,,
5873,P35557,S,280,P,NONSYN,0.3754690196139504,1.0536077953636216,0.07154047980355219,-0.9290666666666666,100.0,2.0,6.0,0.90582552893869,0.18371508421702698,0.09064491988025603,0.9058,0.18371508421702698,0.90582552893869,0.18371508421702698,,0.18371508421702698,0.12990618185611744,0.9167,0.010849800269684073,0.39457035064697266,0.9069,0.1234,0.253,,,,57.267515865203215,,,,
5874,P35557,S,280,E,NONSYN,0.32956968841657797,1.0581572313299485,0.06031086264426666,-0.6321,100.0,2.0,6.0,0.400853761463323,0.0851822886141807,0.6725452583987261,0.4009,0.0851822886141807,0.400853761463323,0.0851822886141807,,0.0851822886141807,0.06023297391607681,0.9167,0.5158215677450511,0.3999253511428833,0.4123,0.0596,0.08800000000000001,,,,57.267515865203215,,,,
5875,P35557,S,280,M,NONSYN,0.4679817126368144,0.7253970124567544,0.06899208076100748,-1.5591333333333335,100.0,2.0,6.0,-0.0999587431624916,0.149879871073585,0.9686926827533322,-0.1,0.149879871073585,-0.0999587431624916,0.149879871073585,,0.149879871073585,0.10598107319949741,0.8256,0.9255836263373879,0.4223988354206085,-0.0451,0.1028,0.816,,,,57.267515865203215,,,,
5876,P35557,S,280,W,NONSYN,0.3832492129242465,1.0123908205794063,0.06948292265866535,-1.7880333333333336,100.0,2.0,6.0,1.2610539689404199,0.0994452143346506,0.00986399058434568,1.2611,0.0994452143346506,1.2610539689404199,0.0994452143346506,,0.0994452143346506,0.07031838541258109,0.8628,0.3982972398144433,0.4060820937156677,1.2495,0.0693,0.981,,,,57.267515865203215,,,,
5877,P35557,S,280,H,NONSYN,0.2629764798769622,1.2560982534004665,0.07875648913131147,-0.9429,100.0,2.0,6.0,0.298354154828155,0.11928719224228,0.7855339966826519,0.2984,0.11928719224228,0.298354154828155,0.11928719224228,,0.11928719224228,0.08434878254321951,1.0804,0.7820951878995062,0.49321985244750977,0.3206,0.0831,0.687,,,,57.267515865203215,,,,
5878,P35557,S,280,Q,NONSYN,0.3963611118941722,0.8871419173865006,0.05921883392616825,-0.6365333333333333,100.0,2.0,6.0,0.913899703293667,0.098007957826488,0.08654798672028641,0.9139,0.098007957826488,0.913899703293667,0.098007957826488,,0.098007957826488,0.06930209158935483,0.8974,0.016532643109188228,0.4108436107635498,0.9134,0.0683,0.385,,,,57.267515865203215,,,,
5879,P35557,S,280,*,STOP,,,,,100.0,2.0,6.0,-0.21960517070121502,0.05,0.9826663344566887,-0.2196,0.05,-0.21960517070121502,0.05,,0.05,0.035355339059327376,,,,-0.2196,0.0354,,,,,57.267515865203215,,,,
5880,P35557,S,281,S,SYN,,,,,100.0,2.0,6.0,0.9052636196984771,0.05,0.09093621501800911,0.9053,0.05,0.9052636196984771,0.05,,0.05,0.035355339059327376,,,,0.9053,0.0354,,,,,21.12333667637297,,,,
5881,P35557,S,281,A,NONSYN,0.4563330621977513,1.148088940813973,0.06890630986413294,-0.01466666666666668,100.0,2.0,6.0,1.24913517933022,0.16031608014772,0.010672729153570794,1.2491,0.16031608014772,1.24913517933022,0.16031608014772,,0.16031608014772,0.11336058740569886,0.9619,0.28727857570778337,0.378587931394577,1.2255,0.1086,0.47200000000000003,,,,21.12333667637297,,,,
5882,P35557,S,281,V,NONSYN,0.3566796973350173,0.7565844185320426,0.03148494008289599,-1.3498999999999999,100.0,2.0,6.0,0.36745573667174297,0.196549431849358,0.71290472780878,0.3675,0.196549431849358,0.36745573667174297,0.196549431849358,,0.196549431849358,0.1389814360990442,0.7757,0.4082168182980446,0.41958361864089966,0.4078,0.1319,0.997,,,,21.12333667637297,,,,
5883,P35557,S,281,R,NONSYN,0.5078165034060199,0.6974224256453184,0.04732018682231658,-0.9542999999999999,100.0,2.0,6.0,0.12549745266426598,0.101666407894848,0.9043531220910013,0.1255,0.101666407894848,0.12549745266426598,0.101666407894848,,0.101666407894848,0.07188900644132457,0.6769,0.5514518099547525,0.42218467593193054,0.141,0.0709,0.9990000000000001,,,,21.12333667637297,,,,
5884,P35557,S,281,D,NONSYN,0.26426002389568154,0.6843630380724006,0.09977378961984705,-0.6365333333333334,100.0,2.0,6.0,0.839797787083943,0.079151327549482,0.1308343357734952,0.8398,0.079151327549482,0.839797787083943,0.079151327549482,,0.079151327549482,0.05596844045015631,0.7249,0.11485164584096208,0.4583926498889923,0.8381,0.0556,0.987,,,,21.12333667637297,,,,
5885,P35557,S,281,F,NONSYN,0.4400921079880442,0.24028919441472285,0.07225296442705283,-1.7383,100.0,2.0,6.0,0.752876209131712,0.0780386577490514,0.20446904708123328,0.7529,0.0780386577490514,0.752876209131712,0.0780386577490514,,0.0780386577490514,0.055181664089050356,0.2623,0.49056361805581483,0.35972273349761963,0.7416,0.0545,1.0,,,,21.12333667637297,,,,
5886,P35557,S,281,T,NONSYN,0.5032644910640633,1.2490268166975331,0.04753123676388665,-0.06083333333333333,100.0,2.0,6.0,0.9463215516795391,0.265519763535788,0.0716873734275696,0.9463,0.265519763535788,0.9463215516795391,0.265519763535788,,0.265519763535788,0.18775082533520426,1.0779,0.13155287039382513,0.47026804089546204,0.9644,0.1744,0.8740000000000001,,,,21.12333667637297,,,,
5887,P35557,S,281,I,NONSYN,0.40690641070991895,0.5712130630624342,0.03558173084778667,-1.7275666666666665,100.0,2.0,6.0,-0.239895396811422,0.27797445111733,0.9843063662612849,-0.2399,0.27797445111733,-0.239895396811422,0.27797445111733,,0.27797445111733,0.1965576193816725,0.6199,0.8597682052678429,0.43522173166275024,-0.0942,0.1791,0.9990000000000001,,,,21.12333667637297,,,,
5888,P35557,S,281,L,NONSYN,0.393745075519064,0.48093148611097264,0.06890210903520948,-1.7093,100.0,2.0,6.0,0.0309493340429626,0.12084641660066199,0.9399591062417767,0.0309,0.12084641660066199,0.0309493340429626,0.12084641660066199,,0.12084641660066199,0.08545132066042266,0.5116,0.48063023911148683,0.42521408200263977,0.0496,0.0838,0.993,,,,21.12333667637297,,,,
5889,P35557,S,281,K,NONSYN,0.33912790346884786,1.0004212092143145,0.029879710784870384,-0.6167666666666666,100.0,2.0,6.0,0.153549930939218,0.41093277474131396,0.8904139787669079,0.1535,0.41093277474131396,0.153549930939218,0.41093277474131396,,0.41093277474131396,0.2905733516313871,0.8628,0.7092067981867586,0.4086627662181854,0.3917,0.2368,0.993,,,,21.12333667637297,,,,
5890,P35557,S,281,G,NONSYN,0.4188135801978989,0.6487155116773083,0.09939378162063779,-0.6509999999999999,100.0,2.0,6.0,0.94674036626922,0.0873342287847423,0.07151123258217541,0.9467,0.0873342287847423,0.94674036626922,0.0873342287847423,,0.0873342287847423,0.06175462540338865,0.7249,0.22179422502623902,0.46678897738456726,0.9429,0.0612,0.9840000000000001,,,,21.12333667637297,,,,
5891,P35557,S,281,Y,NONSYN,0.3987520148682556,0.3751798696938788,0.07037323043630142,-1.6658,100.0,2.0,6.0,0.929813646012628,0.0457731772301604,0.07894494091823477,0.9298,0.0457731772301604,0.929813646012628,0.0457731772301604,,0.0457731772301604,0.03236652401590009,0.3654,0.5644350575745939,0.3877894878387451,0.9259,0.0323,1.0,,,,21.12333667637297,,,,
5892,P35557,S,281,N,NONSYN,0.3577198430860929,1.101219480234648,0.04355349592747309,-0.23683333333333337,100.0,2.0,6.0,1.3962208263974198,0.0959956099635918,0.0039769764552532545,1.3962,0.0959956099635918,1.3962208263974198,0.0959956099635918,,0.0959956099635918,0.06787914676939466,0.9275,0.46867921281862346,0.40337690711021423,1.3833,0.0669,0.902,,,,21.12333667637297,,,,
5893,P35557,S,281,C,NONSYN,0.4413057931247456,0.4967946389260223,0.04753749286804047,-0.9221333333333334,100.0,2.0,6.0,0.727380812822154,0.099824956014018,0.23088743572633694,0.7274,0.099824956014018,0.727380812822154,0.099824956014018,,0.099824956014018,0.07058690332916095,0.424,0.3033520585878401,0.40962380170822144,0.7186,0.0696,1.0,,,,21.12333667637297,,,,
5894,P35557,S,281,P,NONSYN,0.3754690196139504,0.6714917104399767,0.03740378185586777,-0.9290666666666666,100.0,2.0,6.0,0.203289598280291,0.159558415015437,0.861045033328742,0.2033,0.159558415015437,0.203289598280291,0.159558415015437,,0.159558415015437,0.11282483725279294,0.8377,0.634388714975019,0.4177708029747009,0.2464,0.1089,0.084,,,,21.12333667637297,,,,
5895,P35557,S,281,E,NONSYN,0.32956968841657797,0.7340049138577993,0.10062100029795322,-0.6321,100.0,2.0,6.0,0.952798817008764,0.0518994300342288,0.06900610766403574,0.9528,0.0518994300342288,0.952798817008764,0.0518994300342288,,0.0518994300342288,0.03669843891691995,0.7791,0.17367241129282163,0.4583308696746826,0.9517,0.0366,0.982,,,,21.12333667637297,,,,
5896,P35557,S,281,M,NONSYN,0.4679817126368144,0.6833818639386943,0.05099939815403199,-1.5591333333333335,100.0,2.0,6.0,0.6125587967613461,0.0760474887125118,0.3744499257633979,0.6126,0.0760474887125118,0.6125587967613461,0.0760474887125118,,0.0760474887125118,0.05377369496082452,0.6699,0.057346090914892955,0.42365768551826477,0.6135,0.0533,1.0,,,,21.12333667637297,,,,
5897,P35557,S,281,W,NONSYN,0.3832492129242465,0.1813100487877509,0.07377280588343708,-1.7880333333333336,100.0,2.0,6.0,-0.0165067351840215,0.0942078459646463,0.9525764825968016,-0.0165,0.0942078459646463,-0.0165067351840215,0.0942078459646463,,0.0942078459646463,0.06661500672257913,0.2464,0.26295113930923514,0.35533571243286133,-0.0076,0.0655,1.0,,,,21.12333667637297,,,,
5898,P35557,S,281,H,NONSYN,0.2629764798769622,0.35205595458890365,0.050420436850591464,-0.9429,100.0,2.0,6.0,1.16159686583351,0.0698691048371305,0.018899221493817068,1.1616,0.0698691048371305,1.16159686583351,0.0698691048371305,,0.0698691048371305,0.049404917825768786,0.3453,0.8163278414614092,0.380118191242218,1.148,0.049,1.0,,,,21.12333667637297,,,,
5899,P35557,S,281,Q,NONSYN,0.3963611118941722,0.6843630380724006,0.09977378961984705,-0.6365333333333333,100.0,2.0,6.0,1.1017244443649599,0.0758256535960718,0.02770461480857375,1.1017,0.0758256535960718,1.1017244443649599,0.0758256535960718,,0.0758256535960718,0.05361683384568448,0.6769,0.4247751817459413,0.4583926498889923,1.096,0.0533,0.9990000000000001,,,,21.12333667637297,,,,
5900,P35557,S,281,*,STOP,,,,,100.0,2.0,6.0,0.150135331843633,0.05,0.8922060365486477,0.1501,0.05,0.150135331843633,0.05,,0.05,0.035355339059327376,,,,0.1501,0.0354,,,,,21.12333667637297,,,,
5901,P35557,A,282,S,NONSYN,0.46929375853615796,1.5689558382841235,0.08611679422508435,-0.41050000000000003,100.0,2.0,6.0,1.5193834828821298,0.178654666191913,0.001701484548830937,1.5194,0.178654666191913,1.5193834828821298,0.178654666191913,,0.178654666191913,0.1263279259549207,1.0949,0.4244821595636483,0.5570639967918396,1.4986,0.1232,0.002,,,,69.103241557779,,,,
5902,P35557,A,282,A,SYN,,,,,100.0,2.0,6.0,1.2039503676901,0.05,0.0143581852247999,1.204,0.05,1.2039503676901,0.05,,0.05,0.035355339059327376,,,,1.204,0.0354,,,,,69.103241557779,,,,
5903,P35557,A,282,V,NONSYN,0.41129671784225785,1.4324725587181237,0.1027958903052864,-0.6206999999999999,100.0,2.0,6.0,1.4024137346523602,0.221564777339284,0.003812540995305775,1.4024,0.221564777339284,1.4024137346523602,0.221564777339284,,0.221564777339284,0.1566699565286952,1.0881,0.3143125860470135,0.5072709321975708,1.375,0.1497,0.0,,,,69.103241557779,,,,
5904,P35557,A,282,R,NONSYN,0.3190441200491768,2.1275888034110104,0.2735739163806782,-1.2165666666666668,100.0,2.0,6.0,2.75025560510633,0.467478472673089,1.3259406831475383e-07,2.7503,0.467478472673089,2.75025560510633,0.467478472673089,,0.467478472673089,0.33055719808587136,1.3546,1.3956582750129463,1.1066157817840576,2.6359,0.3167,0.23800000000000002,,,,69.103241557779,,,,
5905,P35557,A,282,D,NONSYN,0.4810824638550644,0.9933064386025124,0.21835665631586432,-1.3432333333333333,100.0,2.0,6.0,2.60633858492702,0.143782329866195,4.3836591297354957e-07,2.6063,0.143782329866195,2.60633858492702,0.143782329866195,,0.143782329866195,0.10166946046318753,0.9388,1.667512023952899,0.5685276985168457,2.5547,0.1001,0.145,,,,69.103241557779,,,,
5906,P35557,A,282,F,NONSYN,0.3975861635372093,1.3860564845440948,0.10134023810553654,-1.7862,100.0,2.0,6.0,1.15753716715017,0.11668756609024601,0.019400234223960477,1.1575,0.11668756609024601,1.15753716715017,0.11668756609024601,,0.11668756609024601,0.08251056926256638,1.0846,0.0729779649559561,0.4966955780982971,1.1556,0.0814,0.135,,,,69.103241557779,,,,
5907,P35557,A,282,T,NONSYN,0.4593194656393701,1.6852055664361936,0.09282421297324252,-0.5557333333333333,100.0,2.0,6.0,1.71326858025453,0.21549828256464604,0.00043061699568945974,1.7133,0.21549828256464604,1.71326858025453,0.21549828256464604,,0.21549828256464604,0.15238029693551594,1.2085,0.5047341011132946,0.6511067152023315,1.6871,0.1484,0.008,,,,69.103241557779,,,,
5908,P35557,A,282,I,NONSYN,0.2533067127168299,2.033875625037091,0.175564893110201,-1.3021,100.0,2.0,6.0,0.993339454883163,0.6382329728090029,0.054177595713766506,0.9933,0.6382329728090029,0.993339454883163,0.6382329728090029,,0.6382329728090029,0.45129886305009537,1.2215,0.22815724635737655,0.8373532295227051,1.0447,0.3973,0.0,,,,69.103241557779,,,,
5909,P35557,A,282,L,NONSYN,0.33775241979079834,1.779174936341492,0.2080700052692498,-1.2974666666666668,100.0,2.0,6.0,1.75744152096996,0.427644256808775,0.0003129309241568111,1.7574,0.427644256808775,1.75744152096996,0.427644256808775,,0.427644256808775,0.30239015392496615,1.1961,0.5613288882184952,0.6714937686920166,1.6628,0.2757,0.0,,,,69.103241557779,,,,
5910,P35557,A,282,K,NONSYN,0.13783323133742972,1.1754005795578273,0.11838387799907953,-0.7036666666666666,100.0,2.0,6.0,3.63878047824498,0.527472848346611,4.8797832214210295e-11,3.6388,0.527472848346611,3.63878047824498,0.527472848346611,,0.527472848346611,0.37297962795767203,1.0256,2.6132291591226657,0.5559870004653931,2.8277,0.3097,0.23800000000000002,,,,69.103241557779,,,,
5911,P35557,A,282,G,NONSYN,0.5077306515769983,1.7259000265392102,0.09532813241377415,-0.48503333333333326,100.0,2.0,6.0,1.59118519994548,0.19483167122206,0.0010282626928876345,1.5912,0.19483167122206,1.59118519994548,0.19483167122206,,0.19483167122206,0.13776679591102653,1.2085,0.38265072080424467,0.6511067152023315,1.5748,0.1348,0.0,,,,69.103241557779,,,,
5912,P35557,A,282,Y,NONSYN,0.2413102682766479,1.3107359903097817,0.05565176869759566,-1.7924666666666667,100.0,2.0,6.0,1.38349864985311,0.37778966248715207,0.004336672870493323,1.3835,0.37778966248715207,1.38349864985311,0.37778966248715207,,0.37778966248715207,0.2671376322068423,1.0824,0.3011307528194187,0.4914405345916748,1.3148,0.2347,0.38799999999999996,,,,69.103241557779,,,,
5913,P35557,A,282,N,NONSYN,0.2596281291448914,1.6726583337174876,0.284973871299861,-1.1920666666666666,100.0,2.0,6.0,4.115047014186899,0.322370236865859,4.854258255756623e-13,4.115,0.322370236865859,4.115047014186899,0.322370236865859,,0.322370236865859,0.22795018054056243,1.2906,2.824433005283396,1.4710545539855957,4.0488,0.2253,0.01,,,,69.103241557779,,,,
5914,P35557,A,282,C,NONSYN,0.4521425054357098,2.173589168473437,0.1574607766953964,-0.7297666666666668,100.0,2.0,6.0,0.644214711498151,0.29017725694717894,0.3313836387050591,0.6442,0.29017725694717894,0.644214711498151,0.29017725694717894,,0.29017725694717894,0.20518630613346142,1.2688,0.624570049930682,0.7200537919998169,0.6911,0.1973,0.373,,,,69.103241557779,,,,
5915,P35557,A,282,P,NONSYN,0.3737321559264451,2.1150043181512905,0.1546454972541182,-0.7215666666666666,100.0,2.0,6.0,0.819969262464591,0.316257545723705,0.14544353838064908,0.82,0.316257545723705,0.819969262464591,0.316257545723705,,0.316257545723705,0.2236278551826464,1.2653,0.44536617817109014,0.7059482336044312,0.8606,0.2132,0.113,,,,69.103241557779,,,,
5916,P35557,A,282,E,NONSYN,0.3924454343376217,1.7009881507359073,0.16028607782813017,-0.73,100.0,2.0,6.0,3.12133196748553,0.493297714662627,5.445504526321027e-09,3.1213,0.493297714662627,3.12133196748553,0.493297714662627,,0.493297714662627,0.3488141591817701,1.2068,1.9144878760701247,0.7630085945129395,2.7904,0.3172,0.152,,,,69.103241557779,,,,
5917,P35557,A,282,M,NONSYN,0.19919007049311416,2.6195473580587976,0.2013565135124943,-1.2075333333333333,100.0,2.0,6.0,1.27437994116297,0.914278120613172,0.009029729060008583,1.2744,0.914278120613172,1.27437994116297,0.914278120613172,,0.914278120613172,0.6464922589760661,2.0091,0.734756497206781,0.924279510974884,1.5158,0.5298,0.004,,,,69.103241557779,,,,
5918,P35557,A,282,W,NONSYN,0.17944660888741126,1.7157914673101,0.0991671920277325,-1.6895,100.0,2.0,6.0,0.168332218852155,0.146488231620344,0.8823359156953486,0.1683,0.146488231620344,0.168332218852155,0.146488231620344,,0.146488231620344,0.10358282194277087,1.2043,1.0359350445603206,0.6239503622055054,0.1961,0.1022,0.9620000000000001,,,,69.103241557779,,,,
5919,P35557,A,282,H,NONSYN,0.3663343704598138,1.7857065202600477,0.18422424384186098,-1.3876666666666668,100.0,2.0,6.0,0.22913833995441396,0.517699131225709,0.8431765899493836,0.2291,0.517699131225709,0.22913833995441396,0.517699131225709,,0.517699131225709,0.36606856630408313,1.2161,0.986966167491875,0.7936992049217224,0.4023,0.3324,0.871,,,,69.103241557779,,,,
5920,P35557,A,282,Q,NONSYN,0.3707092191809771,1.7009881507359073,0.16028607782813017,-0.73,100.0,2.0,6.0,2.06201776471074,0.260851855629295,3.257387579986541e-05,2.062,0.260851855629295,2.06201776471074,0.260851855629295,,0.260851855629295,0.1844501160005688,1.2068,0.8551736732953348,0.7630085945129395,2.0148,0.1793,0.23800000000000002,,,,69.103241557779,,,,
5921,P35557,A,282,*,STOP,,,,,100.0,2.0,6.0,0.0638928758649582,0.05,0.9293189069027438,0.0639,0.05,0.0638928758649582,0.05,,0.05,0.035355339059327376,,,,0.0639,0.0354,,,,,69.103241557779,,,,
5922,P35557,N,283,S,NONSYN,0.4614809963725863,0.9228685853576847,0.04664039848903886,-0.21126666666666663,100.0,2.0,6.0,0.6547278724639339,0.289663895206754,0.3175885521239744,0.6547,0.289663895206754,0.6547278724639339,0.289663895206754,,0.289663895206754,0.2048233045656052,0.8731,0.2183494009049015,0.4131092131137848,0.6978,0.1835,0.941,,,,21.817477073043733,,,,
5923,P35557,N,283,A,NONSYN,0.4106254114956999,1.1994447146443605,0.12709486106202686,-1.0525333333333333,100.0,2.0,6.0,1.1901408476406898,0.22304852595227695,0.015709709936669508,1.1901,0.22304852595227695,1.1901408476406898,0.22304852595227695,,0.22304852595227695,0.15771912523451864,1.073,0.11715782113617323,0.5426737070083618,1.181,0.1515,0.871,,,,21.817477073043733,,,,
5924,P35557,N,283,V,NONSYN,0.4102202219640225,0.6060750463722506,0.04891991404989332,-2.3712,100.0,2.0,6.0,0.9364324807721321,0.0935687941740261,0.07596027042972067,0.9364,0.0935687941740261,0.9364324807721321,0.0935687941740261,,0.0935687941740261,0.06616312886790217,0.7178,0.21862673755466389,0.40172523260116577,0.9307,0.0653,0.983,,,,21.817477073043733,,,,
5925,P35557,N,283,R,NONSYN,0.3307848248630052,0.8440508605956385,0.10971379275967018,-0.6087666666666667,100.0,2.0,6.0,1.76004951089051,0.195283333264662,0.0003070663095012572,1.76,0.195283333264662,1.76004951089051,0.195283333264662,,0.195283333264662,0.13808616920415498,0.7898,0.9702378401103282,0.4754311442375183,1.6846,0.1326,0.9990000000000001,,,,21.817477073043733,,,,
5926,P35557,N,283,D,NONSYN,0.4678114494578813,1.01464605309783,0.07306565494518634,-0.12283333333333335,100.0,2.0,6.0,0.21415956938040498,1.0082429333641,0.8537599686698826,0.2142,1.0082429333641,0.21415956938040498,1.0082429333641,,1.0082429333641,0.7129354152651715,0.8934,0.6792221454404568,0.4090428948402405,0.7252,0.3548,0.94,,,,21.817477073043733,,,,
5927,P35557,N,283,F,NONSYN,0.4766309376333202,0.8709543221478521,0.046214377019518915,-2.3051,100.0,2.0,6.0,0.14179465344532802,0.11570707625474799,0.8964701807982598,0.1418,0.11570707625474799,0.14179465344532802,0.11570707625474799,,0.11570707625474799,0.08181725825100125,0.7898,0.6480170173348538,0.3985137939453125,0.168,0.0801,0.9990000000000001,,,,21.817477073043733,,,,
5928,P35557,N,283,T,NONSYN,0.41339841489256257,1.0351120029590666,0.0750263957181047,-0.23133333333333336,100.0,2.0,6.0,0.379395469243498,0.164214601305733,0.6988488256249096,0.3794,0.164214601305733,0.379395469243498,0.164214601305733,,0.164214601305733,0.11611725815312908,0.8628,0.4833612598824786,0.4181693196296692,0.414,0.1119,0.98,,,,21.817477073043733,,,,
5929,P35557,N,283,I,NONSYN,0.408580276197032,0.4348020848310514,0.04565031631019192,-2.3165333333333336,100.0,2.0,6.0,1.4502513653957299,0.11966970480824302,0.002746790810259138,1.4503,0.11966970480824302,1.4502513653957299,0.11966970480824302,,0.11966970480824302,0.08461925977250102,0.4433,1.0069918281757286,0.397273987531662,1.4065,0.0828,0.998,,,,21.817477073043733,,,,
5930,P35557,N,283,L,NONSYN,0.3056093223191409,0.84282616653773,0.04500869359696299,-2.2992666666666666,100.0,2.0,6.0,0.22617912027569398,0.12396724602638799,0.8453183899565615,0.2262,0.12396724602638799,0.22617912027569398,0.12396724602638799,,0.12396724602638799,0.08765808031028004,0.8286,0.6023970868852557,0.39731132984161377,0.2541,0.0856,0.997,,,,21.817477073043733,,,,
5931,P35557,N,283,K,NONSYN,0.42687331501914416,0.46354522300963646,0.06076301641779944,-0.41683333333333333,100.0,2.0,6.0,1.47915800154507,0.11520534108084401,0.0022499315477166174,1.4792,0.11520534108084401,1.47915800154507,0.11520534108084401,,0.11520534108084401,0.08146247790717394,0.484,0.9951751703053697,0.4254854917526245,1.444,0.08,0.995,,,,21.817477073043733,,,,
5932,P35557,N,283,G,NONSYN,0.3767377141694753,0.9966601411494717,0.08274275620314142,-0.8320333333333334,100.0,2.0,6.0,1.01320451532463,0.40993597266406795,0.0480274984218076,1.0132,0.40993597266406795,1.01320451532463,0.40993597266406795,,0.40993597266406795,0.2898685061230656,0.8628,0.1504477861986535,0.4154343008995056,0.9639,0.2377,0.9940000000000001,,,,21.817477073043733,,,,
5933,P35557,N,283,Y,NONSYN,0.484545468725929,0.379397739980897,0.18147593814507001,-1.7925666666666666,100.0,2.0,6.0,0.825080117717942,0.29081400381648403,0.14155850118716642,0.8251,0.29081400381648403,0.825080117717942,0.29081400381648403,,0.29081400381648403,0.20563655416264637,0.4177,0.4073465080415809,0.5011215806007385,0.7664,0.1902,0.9990000000000001,,,,21.817477073043733,,,,
5934,P35557,N,283,N,SYN,,,,,,,,,,,,,,,,,,,,,,,,,,,21.817477073043733,,,,
5935,P35557,N,283,C,NONSYN,0.3246931060135203,0.49594267349732,0.1915602408813224,-1.7648,100.0,2.0,6.0,0.475445317168673,0.12984686796372197,0.5722843737779877,0.4754,0.12984686796372197,0.475445317168673,0.12984686796372197,,0.12984686796372197,0.09181560085298207,0.433,0.042416201968630274,0.5193434357643127,0.4742,0.0904,1.0,,,,21.817477073043733,,,,
5936,P35557,N,283,P,NONSYN,0.19454249209923347,0.6427683763361852,0.08060142261114804,-1.746833333333333,100.0,2.0,6.0,0.034968208652077004,0.7486237153552091,0.9387499669615881,0.035,0.7486237153552091,0.034968208652077004,0.7486237153552091,,0.7486237153552091,0.529356905684736,0.6786,0.6435997969097516,0.43249431252479553,0.4209,0.3349,0.998,,,,21.817477073043733,,,,
5937,P35557,N,283,E,NONSYN,0.4910285186421727,1.41747067592007,0.11041722705481595,-0.6100333333333333,100.0,2.0,6.0,0.0397900649172154,0.188011492981744,0.9372677744018868,0.0398,0.188011492981744,0.0397900649172154,0.188011492981744,,0.188011492981744,0.13294420162839815,1.0452,1.0054160050290737,0.5397932529449463,0.0973,0.1291,0.986,,,,21.817477073043733,,,,
5938,P35557,N,283,M,NONSYN,0.37063326035798777,0.4451645478462307,0.19175656748538691,-1.7604999999999997,100.0,2.0,6.0,0.627779694121941,0.124521540101196,0.3534769562483285,0.6278,0.124521540101196,0.627779694121941,0.124521540101196,,0.124521540101196,0.0880500254093483,0.4089,0.21887448601113169,0.5055086016654968,0.6213,0.0867,1.0,,,,21.817477073043733,,,,
5939,P35557,N,283,W,NONSYN,0.5592228368220948,0.6060750463722506,0.04891991404989332,-2.3712,100.0,2.0,6.0,1.3776710181751202,0.12897189960287,0.004511804923100399,1.3777,0.12897189960287,1.3776710181751202,0.12897189960287,,0.12897189960287,0.09119690479169996,0.6568,0.7208789735355328,0.41328927874565125,1.3442,0.0891,1.0,,,,21.817477073043733,,,,
5940,P35557,N,283,H,NONSYN,0.4549298465836239,0.6685244921918759,0.0799358929422477,-0.22196666666666665,100.0,2.0,6.0,1.41776015196136,0.0896973155657554,0.0034330188948075826,1.4178,0.0896973155657554,1.41776015196136,0.0896973155657554,,0.0896973155657554,0.0634255800907753,0.8377,0.58008183870605,0.4365278482437134,1.4058,0.0628,0.34600000000000003,,,,21.817477073043733,,,,
5941,P35557,N,283,Q,NONSYN,0.3943650294167221,0.837760447750834,0.08304746905030473,-0.25233333333333335,100.0,2.0,6.0,0.971450134868196,0.0643726508712399,0.06178048382702896,0.9715,0.0643726508712399,0.971450134868196,0.0643726508712399,,0.0643726508712399,0.04551833795400785,0.8286,0.14287392770724627,0.43708470463752747,0.9699,0.0453,0.997,,,,21.817477073043733,,,,
5942,P35557,N,283,*,STOP,,,,,100.0,2.0,6.0,0.16913457392784398,0.05,0.8818822685251088,0.1691,0.05,0.16913457392784398,0.05,,0.05,0.035355339059327376,,,,0.1691,0.0354,,,,,21.817477073043733,,,,
5943,P35557,P,284,S,NONSYN,0.4256921542014803,1.136817745581632,0.1137083390788085,-1.0001,100.0,2.0,6.0,1.78779017487535,0.390921995611998,0.000250971821924506,1.7878,0.390921995611998,1.78779017487535,0.390921995611998,,0.390921995611998,0.27642359401222155,0.8492,0.9385801509953451,0.4753296673297882,1.5506,0.239,1.0,,,,81.33908200360669,,,,
5944,P35557,P,284,A,NONSYN,0.4817034186214992,1.1828098200425652,0.11715285709434763,-1.0804,100.0,2.0,6.0,1.64981395149255,0.37216435450716495,0.0006784544474342963,1.6498,0.37216435450716495,1.64981395149255,0.37216435450716495,,0.37216435450716495,0.2631599387879306,0.9495,0.7003485574724695,0.46812060475349426,1.4816,0.2294,0.9990000000000001,,,,81.33908200360669,,,,
5945,P35557,P,284,V,NONSYN,0.4383577870550538,1.205924284187511,0.057936055779987804,-1.8745,100.0,2.0,6.0,0.727472016171772,0.138641529896539,0.23078904154949406,0.7275,0.138641529896539,0.727472016171772,0.138641529896539,,0.138641529896539,0.09803436594392018,0.9747,0.247250130816143,0.4565873146057129,0.7384,0.0958,1.0,,,,81.33908200360669,,,,
5946,P35557,P,284,R,NONSYN,0.33291698217037546,1.0946982235530307,0.13735782785249687,-1.6794333333333331,100.0,2.0,6.0,1.22021516748008,0.0972199505797207,0.012909197668759097,1.2202,0.0972199505797207,1.22021516748008,0.0972199505797207,,0.0972199505797207,0.06874488632154152,0.8258,0.39437540956076855,0.5131465196609497,1.2133,0.0681,1.0,,,,81.33908200360669,,,,
5947,P35557,P,284,D,NONSYN,0.13167158673135695,1.4011983219409936,0.04757173565498804,-1.6679666666666666,100.0,2.0,6.0,0.30071487231619204,0.555270717663942,0.7833037957134242,0.3007,0.555270717663942,0.30071487231619204,0.555270717663942,,0.555270717663942,0.3926356898544942,1.0064,0.7057267208539739,0.5139299631118774,0.5608,0.312,0.9990000000000001,,,,81.33908200360669,,,,
5948,P35557,P,284,F,NONSYN,0.305723171027891,1.1131775574565825,0.09375326903203456,-2.4105666666666665,100.0,2.0,6.0,0.644023991695255,0.080349207642646,0.33163642450546144,0.644,0.080349207642646,0.644023991695255,0.080349207642646,,0.080349207642646,0.056815469587080954,0.8291,0.18510832680144906,0.432219535112381,0.6472,0.0563,1.0,,,,81.33908200360669,,,,
5949,P35557,P,284,T,NONSYN,0.3905683468454612,1.1367539433050753,0.08174434392013961,-1.1884333333333332,100.0,2.0,6.0,0.943525339510506,0.367422026469411,0.07287332240497776,0.9435,0.367422026469411,0.943525339510506,0.367422026469411,,0.367422026469411,0.2598066064738237,0.8492,0.0943153156305011,0.4254727065563202,0.9179,0.2217,1.0,,,,81.33908200360669,,,,
5950,P35557,P,284,I,NONSYN,0.29395116310669084,0.8895657569894097,0.10944199037305158,-2.2228666666666665,100.0,2.0,6.0,0.853341320381052,0.116783777397849,0.12155976878547499,0.8533,0.116783777397849,0.853341320381052,0.116783777397849,,0.116783777397849,0.08257860093059928,0.7827,0.07063017211902811,0.4568418860435486,0.8511,0.0813,1.0,,,,81.33908200360669,,,,
5951,P35557,P,284,L,NONSYN,0.3804758514067072,0.7214951994243256,0.057011404462723396,-2.067833333333333,100.0,2.0,6.0,1.1315214719548998,0.25465595088284804,0.022923895537396648,1.1315,0.25465595088284804,1.1315214719548998,0.25465595088284804,,0.25465595088284804,0.18006894973877022,0.7018,0.42970717809351067,0.4036778211593628,1.0602,0.1644,1.0,,,,81.33908200360669,,,,
5952,P35557,P,284,K,NONSYN,0.2878654235137882,1.3180787934318887,0.11853721851333975,-1.1502000000000001,100.0,2.0,6.0,1.24381562449491,0.14205346625216,0.011053960984919934,1.2438,0.14205346625216,1.24381562449491,0.14205346625216,,0.14205346625216,0.10044696927795671,0.9911,0.252726995725989,0.5585634708404541,1.2359,0.0989,1.0,,,,81.33908200360669,,,,
5953,P35557,P,284,G,NONSYN,0.4312798460663611,0.9041116028359081,0.07367706479986035,-2.113766666666667,100.0,2.0,6.0,0.583672261720153,0.160142061380691,0.41534145838147996,0.5837,0.160142061380691,0.583672261720153,0.160142061380691,,0.160142061380691,0.11323753755547893,0.7827,0.19903888654187096,0.4035738706588745,0.5982,0.109,1.0,,,,81.33908200360669,,,,
5954,P35557,P,284,Y,NONSYN,0.20942896620986876,1.0100177089239424,0.04688603195510266,-2.4152666666666667,100.0,2.0,6.0,0.9535035372931759,0.35369584882970795,0.06871986815602647,0.9535,0.35369584882970795,0.9535035372931759,0.35369584882970795,,0.35369584882970795,0.25010073318501846,0.8086,0.14486424934456754,0.3985137939453125,0.9126,0.2118,1.0,,,,81.33908200360669,,,,
5955,P35557,P,284,N,NONSYN,0.21903311575636186,1.2369506048382242,0.052970125552802914,-1.8017666666666665,100.0,2.0,6.0,1.76508081445703,0.0820332118453176,0.00029605450359818016,1.7651,0.0820332118453176,1.76508081445703,0.0820332118453176,,0.0820332118453176,0.05800624037833669,0.9796,0.7854672719002673,0.45404914021492004,1.7525,0.0575,1.0,,,,81.33908200360669,,,,
5956,P35557,P,284,C,NONSYN,0.4219649037795377,0.876872171476417,0.08720143326561919,-2.593,100.0,2.0,6.0,1.53268781469552,0.139552692674835,0.0015506180680742738,1.5327,0.139552692674835,1.53268781469552,0.139552692674835,,0.139552692674835,0.09867865532321805,0.7769,0.7557645158597657,0.4432816505432129,1.497,0.0963,1.0,,,,81.33908200360669,,,,
5957,P35557,P,284,P,SYN,,,,,100.0,2.0,6.0,0.9967614182506039,0.05,0.05306926816821963,0.9968,0.05,0.9967614182506039,0.05,,0.05,0.035355339059327376,,,,0.9968,0.0354,,,,,81.33908200360669,,,,
5958,P35557,P,284,E,NONSYN,0.187686271514566,0.9013882082542839,0.11284827413101013,-1.1939,100.0,2.0,6.0,1.64962254466288,0.16140703742230303,0.0006793805705590037,1.6496,0.16140703742230303,1.64962254466288,0.16140703742230303,,0.16140703742230303,0.11413201069254131,0.7827,0.8669113964008561,0.47653210163116455,1.6026,0.111,1.0,,,,81.33908200360669,,,,
5959,P35557,P,284,M,NONSYN,0.2411349625055221,1.2600519029102573,0.13297763578654703,-1.6978,100.0,2.0,6.0,1.2690197763853501,0.16746232531300198,0.009356771609215208,1.269,0.16746232531300198,1.2690197763853501,0.16746232531300198,,0.16746232531300198,0.11841374582209133,0.9822,0.2868312535696458,0.5279831886291504,1.2553,0.1155,1.0,,,,81.33908200360669,,,,
5960,P35557,P,284,W,NONSYN,0.30546275679376184,1.043405114561317,0.09160049207805888,-2.4996333333333336,100.0,2.0,6.0,1.03308898544082,0.0729168752501069,0.04252067137651249,1.0331,0.0729168752501069,1.03308898544082,0.0729168752501069,,0.0729168752501069,0.05156001695228412,0.8086,0.22444969749221166,0.43593457341194153,1.03,0.0512,1.0,,,,81.33908200360669,,,,
5961,P35557,P,284,H,NONSYN,0.3015928613207122,0.9299832720605408,0.1386083449237435,-1.6375666666666666,100.0,2.0,6.0,1.71436002195755,0.0569202196775808,0.00042724542087887925,1.7144,0.0569202196775808,1.71436002195755,0.0569202196775808,,0.0569202196775808,0.04024867332064534,0.7827,0.9316488736955262,0.5143489241600037,1.7087,0.0401,1.0,,,,81.33908200360669,,,,
5962,P35557,P,284,Q,NONSYN,0.32572451857320683,1.2789878362227654,0.10034118588833325,-1.2209666666666668,100.0,2.0,6.0,0.516823660757436,0.27211589576707,0.5126737076968865,0.5168,0.27211589576707,0.516823660757436,0.27211589576707,,0.27211589576707,0.19241499516554694,0.9822,0.4653648620582683,0.4711850881576538,0.5833,0.1781,1.0,,,,81.33908200360669,,,,
5963,P35557,P,284,*,STOP,,,,,100.0,2.0,6.0,0.24180479846692202,0.05,0.8337197489942637,0.2418,0.05,0.24180479846692202,0.05,,0.05,0.035355339059327376,,,,0.2418,0.0354,,,,,81.33908200360669,,,,
5964,P35557,G,285,S,NONSYN,0.36837526824294986,1.1299269275185517,0.07030162372646333,-0.8648000000000001,100.0,2.0,6.0,1.21734103040902,0.35494494468009,0.01315459796585876,1.2173,0.35494494468009,1.21734103040902,0.35494494468009,,0.35494494468009,0.2509839773311756,0.8646,0.3527782805463491,0.40968501567840576,1.1211,0.214,0.9990000000000001,,,,36.87413683128276,,,,
5965,P35557,G,285,A,NONSYN,0.4089269105168704,1.2467730248287798,0.09844016693599363,-0.9328,100.0,2.0,6.0,0.866802738478335,0.20129393118867003,0.1128875430997156,0.8668,0.20129393118867003,0.866802738478335,0.20129393118867003,,0.20129393118867003,0.14233630375520684,1.0337,0.16692824525579586,0.5184449553489685,0.8785,0.1373,0.98,,,,36.87413683128276,,,,
5966,P35557,G,285,V,NONSYN,0.3988573139738447,1.1847887108440542,0.11400399432048637,-2.7219333333333338,100.0,2.0,6.0,0.362821909377517,0.137961971901248,0.71824416229303,0.3628,0.137961971901248,0.362821909377517,0.137961971901248,,0.137961971901248,0.09755384587724039,0.9495,0.5866434846425636,0.4807532727718353,0.386,0.0956,0.9990000000000001,,,,36.87413683128276,,,,
5967,P35557,G,285,R,NONSYN,0.3362652746103357,0.5474320154664684,0.1721998815566318,-1.9470333333333334,100.0,2.0,6.0,2.09785006118906,0.284733468806958,2.4787378574053367e-05,2.0979,0.284733468806958,2.09785006118906,0.284733468806958,,0.284733468806958,0.20133696662416828,0.7629,1.3349365956891819,0.5246509313583374,1.9265,0.188,0.835,,,,36.87413683128276,,,,
5968,P35557,G,285,D,NONSYN,0.3623286966209139,0.6827519603913302,0.19738220563304296,-1.5976,100.0,2.0,6.0,1.0297989621449202,0.0648936589996698,0.04338952234526741,1.0298,0.0648936589996698,1.0297989621449202,0.0648936589996698,,0.0648936589996698,0.04588674633467394,0.6823,0.3475055470753401,0.5145424008369446,1.0271,0.0457,0.9990000000000001,,,,36.87413683128276,,,,
5969,P35557,G,285,F,NONSYN,0.3709207412708021,0.9145031201977766,0.11458200359910697,-2.717866666666667,100.0,2.0,6.0,1.17367868131635,0.129055254798849,0.017480186954043048,1.1737,0.129055254798849,1.17367868131635,0.129055254798849,,0.129055254798849,0.09125584581602385,0.7827,0.3909675330543261,0.47927552461624146,1.16,0.0896,1.0,,,,36.87413683128276,,,,
5970,P35557,G,285,T,NONSYN,0.21962954488217865,0.8731425248787943,0.17113339891285284,-1.5144,100.0,2.0,6.0,0.458627268682528,0.42228769194253296,0.5958869190963566,0.4586,0.42228769194253296,0.458627268682528,0.42228769194253296,,0.42228769194253296,0.2986024905841808,0.7898,0.3311844020976539,0.527241587638855,0.5391,0.2598,0.9990000000000001,,,,36.87413683128276,,,,
5971,P35557,G,285,I,NONSYN,0.29686370150880703,1.1847887108440542,0.11400399432048637,-2.721933333333333,100.0,2.0,6.0,-0.439478371480657,0.591540179792871,0.993986225361829,-0.4395,0.591540179792871,-0.439478371480657,0.591540179792871,,0.591540179792871,0.4182820724758486,0.9341,1.373590920308782,0.4807532727718353,0.1523,0.3156,1.0,,,,36.87413683128276,,,,
5972,P35557,G,285,L,NONSYN,0.33670580158540125,0.7224355964181334,0.056478495256413935,-2.6893,100.0,2.0,6.0,1.7498812526552798,0.442222942635976,0.0003305576957077256,1.7499,0.442222942635976,1.7498812526552798,0.442222942635976,,0.442222942635976,0.3126988415341682,0.7072,1.0426413267939212,0.40805715322494507,1.3641,0.2482,0.9990000000000001,,,,36.87413683128276,,,,
5973,P35557,G,285,K,NONSYN,0.4007452768135149,0.867364304279216,0.12286446662436333,-1.5245,100.0,2.0,6.0,0.47596193048126295,0.6586077967413729,0.5715522804108234,0.476,0.6586077967413729,0.47596193048126295,0.6586077967413729,,0.6586077967413729,0.4657060392181561,0.7974,0.32148420122497484,0.4820981025695801,0.6311,0.3349,0.998,,,,36.87413683128276,,,,
5974,P35557,G,285,G,SYN,,,,,100.0,2.0,6.0,0.9839558317929259,0.05,0.057326044885955565,0.984,0.05,0.9839558317929259,0.05,,0.05,0.035355339059327376,,,,0.984,0.0354,,,,,36.87413683128276,,,,
5975,P35557,G,285,Y,NONSYN,0.28089736795090275,1.0954606144497157,0.1133455619568608,-2.6748999999999996,100.0,2.0,6.0,0.6308061985605329,0.147404217014444,0.3493630046534794,0.6308,0.147404217014444,0.6308061985605329,0.147404217014444,,0.147404217014444,0.10423052142640682,0.8258,0.19503355935877864,0.47342854738235474,0.6398,0.1018,1.0,,,,36.87413683128276,,,,
5976,P35557,G,285,N,NONSYN,0.382875509440285,1.0379809103440916,0.09738707062989721,-0.8179,100.0,2.0,6.0,1.4931790819323998,0.210312376389588,0.002041611487659941,1.4932,0.210312376389588,1.4931790819323998,0.210312376389588,,0.210312376389588,0.14871330751253523,0.824,0.6691869487918358,0.4516497850418091,1.4277,0.1413,0.9990000000000001,,,,36.87413683128276,,,,
5977,P35557,G,285,C,NONSYN,0.3672992043124827,0.929887475085827,0.04636505055344417,-2.438433333333333,100.0,2.0,6.0,0.25848132029030496,0.300570263222781,0.8205386130687935,0.2585,0.300570263222781,0.25848132029030496,0.300570263222781,,0.300570263222781,0.212535271347854,0.7827,0.524229827971719,0.3985137939453125,0.3746,0.1875,1.0,,,,36.87413683128276,,,,
5978,P35557,G,285,P,NONSYN,0.2021261040610908,1.2096079919248537,0.09351978368572528,-1.8968333333333334,100.0,2.0,6.0,0.111322131813904,0.676310901193911,0.9107486165412704,0.1113,0.676310901193911,0.111322131813904,0.676310901193911,,0.676310901193911,0.47822402442459955,0.9747,0.863400015174011,0.47439202666282654,0.5465,0.3368,1.0,,,,36.87413683128276,,,,
5979,P35557,G,285,E,NONSYN,0.4108810729254607,1.0134429032076604,0.17660064976838807,-1.9435333333333331,100.0,2.0,6.0,0.6998173979654839,0.231178119703971,0.2618719013269996,0.6998,0.231178119703971,0.6998173979654839,0.231178119703971,,0.231178119703971,0.1634676161046333,0.8069,0.10708423577398751,0.5177201628684998,0.7095,0.1559,0.9990000000000001,,,,36.87413683128276,,,,
5980,P35557,G,285,M,NONSYN,0.2878381921366005,0.4465268867672943,0.1752560440444326,-2.275,100.0,2.0,6.0,1.45706330768229,0.120565656028569,0.0026208731889646097,1.4571,0.120565656028569,1.45706330768229,0.120565656028569,,0.120565656028569,0.0852527929560059,0.4089,1.0481580995714808,0.49312713742256165,1.4266,0.084,1.0,,,,36.87413683128276,,,,
5981,P35557,G,285,W,NONSYN,0.355895468841822,0.6927888457833706,0.08296989622691535,-2.4539666666666666,100.0,2.0,6.0,0.969777208197674,0.0715914752351273,0.06239955173998327,0.9698,0.0715914752351273,0.969777208197674,0.0715914752351273,,0.0715914752351273,0.05062281761390729,0.6699,0.299872320521435,0.41167891025543213,0.9653,0.0502,1.0,,,,36.87413683128276,,,,
5982,P35557,G,285,H,NONSYN,0.3218287257213429,0.9696631969894827,0.18133959951832954,-1.9332999999999998,100.0,2.0,6.0,0.8311565166200171,0.15136257015042,0.13704808288670683,0.8312,0.15136257015042,0.8311565166200171,0.15136257015042,,0.15136257015042,0.10702949977118649,0.7824,0.04872777516493898,0.5177201628684998,0.8292,0.1048,1.0,,,,36.87413683128276,,,,
5983,P35557,G,285,Q,NONSYN,0.29754150588632416,1.0854315759456907,0.13183393722045803,-1.7754,100.0,2.0,6.0,1.1136666820102,0.298637082619507,0.02568516129895797,1.1137,0.298637082619507,1.1136666820102,0.298637082619507,,0.298637082619507,0.21116830623402064,0.8335,0.28015401816895236,0.4935421347618103,1.0703,0.1941,0.9990000000000001,,,,36.87413683128276,,,,
5984,P35557,G,285,*,STOP,,,,,100.0,2.0,6.0,-0.6790702932395061,0.05,0.9979961914369943,-0.6791,0.05,-0.6790702932395061,0.05,,0.05,0.035355339059327376,,,,-0.6791,0.0354,,,,,36.87413683128276,,,,
5985,P35557,Q,286,S,NONSYN,0.4409447200841817,1.607955472605047,0.05979855159825037,-0.6639,100.0,2.0,6.0,1.3027146521298998,0.110166675666115,0.007476215972107754,1.3027,0.110166675666115,1.3027146521298998,0.110166675666115,,0.110166675666115,0.07789960342428892,1.1774,0.12529427439857654,0.5721050500869751,1.3004,0.0772,0.066,,,,80.40541120108986,,,,
5986,P35557,Q,286,A,NONSYN,0.4409062194732345,1.7525107384057266,0.03962462906520964,-0.7354333333333333,100.0,2.0,6.0,1.44999895202957,0.230209843230841,0.002751567998347286,1.45,0.230209843230841,1.44999895202957,0.230209843230841,,0.230209843230841,0.1627829412444197,1.2084,0.24161205398879848,0.67649245262146,1.4368,0.1583,0.721,,,,80.40541120108986,,,,
5987,P35557,Q,286,V,NONSYN,0.3518917047261823,0.5082720170688096,0.09079455135468374,-1.6304999999999998,100.0,2.0,6.0,1.5745923798338002,0.228339465657352,0.001155817647947971,1.5746,0.228339465657352,1.5745923798338002,0.228339465657352,,0.228339465657352,0.16146038457882636,0.7543,0.8203097861066884,0.44879186153411865,1.4806,0.1519,0.599,,,,80.40541120108986,,,,
5988,P35557,Q,286,R,NONSYN,0.4495753804079927,1.7666409260495202,0.11571025972268523,0.14876666666666669,100.0,2.0,6.0,1.09437360113892,0.11205446605863001,0.029021209595470825,1.0944,0.11205446605863001,1.09437360113892,0.11205446605863001,,0.11205446605863001,0.0792344728122951,1.2127,0.11828170472350674,0.5499268770217896,1.0968,0.0784,0.711,,,,80.40541120108986,,,,
5989,P35557,Q,286,D,NONSYN,0.3761251669021567,1.610638263209743,0.0629748953558215,-0.7075333333333332,100.0,2.0,6.0,1.87561637761752,0.0993654870817156,0.00013173930965828067,1.8756,0.0993654870817156,1.87561637761752,0.0993654870817156,,0.0993654870817156,0.07026200973138538,1.1732,0.7024632156149566,0.5828969478607178,1.8656,0.0698,0.79,,,,80.40541120108986,,,,
5990,P35557,Q,286,F,NONSYN,0.46856681542106005,1.1703851206278744,0.0610177389583072,-2.0619666666666667,100.0,2.0,6.0,0.5052397822811611,0.10486054777430698,0.5295214510333803,0.5052,0.10486054777430698,0.5052397822811611,0.10486054777430698,,0.10486054777430698,0.0741476044101484,0.9355,0.4302161360309117,0.3805575370788574,0.521,0.0728,0.98,,,,80.40541120108986,,,,
5991,P35557,Q,286,T,NONSYN,0.4922881604041325,1.5427766605923299,0.06455263501407116,-0.6848333333333333,100.0,2.0,6.0,2.07920118546976,0.0790683606993888,2.8579576071050697e-05,2.0792,0.0790683606993888,2.07920118546976,0.0790683606993888,,0.0790683606993888,0.055909774027841724,1.0907,0.9884826777030362,0.47774869203567505,2.0658,0.0555,0.195,,,,80.40541120108986,,,,
5992,P35557,Q,286,I,NONSYN,0.4593577312581562,1.171015359820257,0.06129034616001385,-2.0460000000000003,100.0,2.0,6.0,0.503349064704013,0.101958703956965,0.5322623489278863,0.5033,0.101958703956965,0.503349064704013,0.101958703956965,,0.101958703956965,0.07209569096896162,0.9355,0.4321068536080598,0.3805575370788574,0.5183,0.0708,0.973,,,,80.40541120108986,,,,
5993,P35557,Q,286,L,NONSYN,0.47697605168164703,0.6767187525820847,0.06759243529382475,-1.5785,100.0,2.0,6.0,0.968937577635155,0.282368070276912,0.06271236487657124,0.9689,0.282368070276912,0.968937577635155,0.282368070276912,,0.282368070276912,0.1996643772833641,0.8259,0.14300120058666255,0.4211964011192322,0.9427,0.1804,0.79,,,,80.40541120108986,,,,
5994,P35557,Q,286,K,NONSYN,0.3813325671505154,1.0540495468250697,0.15136453934516964,0.2974666666666667,100.0,2.0,6.0,2.03458622364866,0.20945765027826801,4.011085251621146e-05,2.0346,0.20945765027826801,2.03458622364866,0.20945765027826801,,0.20945765027826801,0.14810892488316366,0.9124,1.1221781101690458,0.4706333577632904,1.9335,0.1413,0.608,,,,80.40541120108986,,,,
5995,P35557,Q,286,G,NONSYN,0.4132083883745238,0.9689842130338994,0.08675251594800333,-1.6385666666666667,100.0,2.0,6.0,0.192455791938531,0.255062030023483,0.8679851548213265,0.1925,0.255062030023483,0.192455791938531,0.255062030023483,,0.255062030023483,0.18035609105281158,0.9028,0.7103935842630986,0.4252602159976959,0.3008,0.166,0.721,,,,80.40541120108986,,,,
5996,P35557,Q,286,Y,NONSYN,0.4840075968099441,0.6075834114625885,0.08505375381811113,-1.4618333333333335,100.0,2.0,6.0,1.47427778417498,0.116547366638786,0.002327186799208656,1.4743,0.116547366638786,1.47427778417498,0.116547366638786,,0.116547366638786,0.08241143327972038,0.82,0.6542407768431318,0.43933331966400146,1.452,0.081,0.777,,,,80.40541120108986,,,,
5997,P35557,Q,286,N,NONSYN,0.4518295354764143,1.2984464471456232,0.03814331874371803,-0.35083333333333333,100.0,2.0,6.0,1.35098864941248,0.20310790772944398,0.005405269649784125,1.351,0.20310790772944398,1.35098864941248,0.20310790772944398,,0.20310790772944398,0.14361897886810143,1.0838,0.2671547165358932,0.48557865619659424,1.3295,0.1377,0.79,,,,80.40541120108986,,,,
5998,P35557,Q,286,C,NONSYN,0.4511413301447636,0.861060408939658,0.06391410180373028,-1.9530666666666667,100.0,2.0,6.0,1.4332139173458098,0.0669512623274955,0.0030880532028314056,1.4332,0.0669512623274955,1.4332139173458098,0.0669512623274955,,0.0669512623274955,0.0473416916007715,0.8286,0.6046377101848601,0.4100281894207001,1.4253,0.047,0.997,,,,80.40541120108986,,,,
5999,P35557,Q,286,P,NONSYN,0.4853050517411639,1.5074721824266317,0.07437398792813975,-1.2671333333333334,100.0,2.0,6.0,0.490389975119868,0.21653052406315398,0.5509604531366704,0.4904,0.21653052406315398,0.490389975119868,0.21653052406315398,,0.21653052406315398,0.15311020189893307,1.0838,0.593443957756719,0.48458412289619446,0.5443,0.146,0.852,,,,80.40541120108986,,,,
6000,P35557,Q,286,E,NONSYN,0.4564313440073604,1.681102576625,0.1086029815615614,0.2536666666666667,100.0,2.0,6.0,0.153427134248869,0.49393481175976595,0.8904788981892003,0.1534,0.49393481175976595,0.153427134248869,0.49393481175976595,,0.49393481175976595,0.3492646548594313,1.2043,1.0508401291636065,0.6400397419929504,0.3945,0.3066,0.618,,,,80.40541120108986,,,,
6001,P35557,Q,286,M,NONSYN,0.4050622568485636,1.36790075119065,0.07687872503348074,-0.5147333333333333,100.0,2.0,6.0,1.49825108816805,0.0386720826323077,0.001970982902407737,1.4983,0.0386720826323077,1.49825108816805,0.0386720826323077,,0.0386720826323077,0.027345291871911287,1.0452,0.4530450182217609,0.5073153376579285,1.4969,0.0273,0.991,,,,80.40541120108986,,,,
6002,P35557,Q,286,W,NONSYN,0.4710687255935087,0.9119952498024954,0.10459638772397988,-1.6665666666666665,100.0,2.0,6.0,0.36342268163274294,0.0599778603399804,0.7175556027743589,0.3634,0.0599778603399804,0.36342268163274294,0.0599778603399804,,0.0599778603399804,0.04241075176745982,0.7981,0.43464131182123655,0.46951577067375183,0.3669,0.0422,0.9990000000000001,,,,80.40541120108986,,,,
6003,P35557,Q,286,H,NONSYN,0.4843682171858765,1.094128986345483,0.12918554891918774,0.3949666666666667,100.0,2.0,6.0,1.9143479050874201,0.394809101021389,9.886625791810754e-05,1.9143,0.394809101021389,1.9143479050874201,0.394809101021389,,0.394809101021389,0.2791721926063888,0.9294,0.9849221886872737,0.4499340057373047,1.6406,0.2372,0.005,,,,80.40541120108986,,,,
6004,P35557,Q,286,Q,SYN,,,,,100.0,2.0,6.0,1.24500399692223,0.05,0.010967673933377178,1.245,0.05,1.24500399692223,0.05,,0.05,0.035355339059327376,,,,1.245,0.0354,,,,,80.40541120108986,,,,
6005,P35557,Q,286,*,STOP,,,,,100.0,2.0,6.0,0.179677540707742,0.05,0.8757720293244253,0.1797,0.05,0.179677540707742,0.05,,0.05,0.035355339059327376,,,,0.1797,0.0354,,,,,80.40541120108986,,,,
6006,P35557,Q,287,S,NONSYN,0.4409447200841817,0.04306665811438965,0.14359271708398097,-0.6639,100.0,2.0,6.0,1.2723410331796399,0.336089632313816,0.00915280859602193,1.2723,0.336089632313816,1.2723410331796399,0.336089632313816,,0.336089632313816,0.23765125809559268,0.2572,1.0151311957429638,0.41302406787872314,1.0198,0.206,0.998,,,,19.904619912844442,,,,
6007,P35557,Q,287,A,NONSYN,0.4409062194732345,0.535463210342952,0.16807673041521953,-0.7354333333333333,100.0,2.0,6.0,-0.266711808821317,0.36381980461528296,0.9862317805773088,-0.2667,0.36381980461528296,-0.266711808821317,0.36381980461528296,,0.36381980461528296,0.25725945097343134,0.619,0.8856750503984654,0.5411652326583862,-0.1035,0.2323,0.9940000000000001,,,,19.904619912844442,,,,
6008,P35557,Q,287,V,NONSYN,0.3518917047261823,0.1682603691788022,0.11985653925652635,-1.6304999999999998,100.0,2.0,6.0,2.06097143865623,0.493991053261919,3.283402794544207e-05,2.061,0.493991053261919,2.06097143865623,0.493991053261919,,0.493991053261919,0.3493044236069879,0.2656,1.7953887579540204,0.39568179845809937,1.2746,0.2619,0.998,,,,19.904619912844442,,,,
6009,P35557,Q,287,R,NONSYN,0.4495753804079927,0.6051566761089143,0.15034962919385533,0.14876666666666669,100.0,2.0,6.0,1.1150460600600902,0.318197473524032,0.025461085741384865,1.115,0.318197473524032,1.1150460600600902,0.318197473524032,,0.318197473524032,0.22499959128526992,0.7178,0.39724031684262195,0.4949358105659485,1.047,0.2048,0.9690000000000001,,,,19.904619912844442,,,,
6010,P35557,Q,287,D,NONSYN,0.3761251669021567,0.3885090001190073,0.16528282919345877,-0.7075333333333332,100.0,2.0,6.0,0.17415082185051697,0.38617298777371295,0.8790098847169048,0.1742,0.38617298777371295,0.17415082185051697,0.38617298777371295,,0.38617298777371295,0.2730655383658621,0.6672,0.4930564192078326,0.5535089373588562,0.2707,0.2449,0.907,,,,19.904619912844442,,,,
6011,P35557,Q,287,F,NONSYN,0.46856681542106005,1.582613008168965,0.14134651349790747,-2.0619666666666667,100.0,2.0,6.0,-0.11179392042088301,0.268816870632287,0.9704799992379539,-0.1118,0.268816870632287,-0.11179392042088301,0.268816870632287,,0.268816870632287,0.190082232121437,1.0524,1.1642023772232513,0.6022591590881348,-0.0063,0.1813,1.0,,,,19.904619912844442,,,,
6012,P35557,Q,287,T,NONSYN,0.4922881604041325,0.39326001540294664,0.1480335299227875,-0.6848333333333333,100.0,2.0,6.0,0.159897775998699,0.49639737518681,0.8870094516812336,0.1599,0.49639737518681,0.159897775998699,0.49639737518681,,0.49639737518681,0.3510059501577962,0.6459,0.48599347318114106,0.5282725691795349,0.3087,0.2924,0.94,,,,19.904619912844442,,,,
6013,P35557,Q,287,I,NONSYN,0.4593577312581562,1.323738464835069,0.1389448305387573,-2.0460000000000003,100.0,2.0,6.0,0.6648297095808051,0.290481646474951,0.30460270242531595,0.6648,0.290481646474951,0.6648297095808051,0.290481646474951,,0.290481646474951,0.20540154203267122,0.9875,0.32271697277698297,0.5417579412460327,0.7054,0.1921,1.0,,,,19.904619912844442,,,,
6014,P35557,Q,287,L,NONSYN,0.47697605168164703,0.5990658139817047,0.11579544768424742,-1.5785,100.0,2.0,6.0,0.0023789098467426,0.182387336627057,0.9479043681002081,0.0024,0.182387336627057,0.0023789098467426,0.182387336627057,,0.182387336627057,0.12896732253154558,0.6545,0.652127177456419,0.4927805960178375,0.0442,0.1248,0.998,,,,19.904619912844442,,,,
6015,P35557,Q,287,K,NONSYN,0.3813325671505154,0.810476175738939,0.20016422228407824,0.2974666666666667,100.0,2.0,6.0,0.271447101161359,0.27606684549021604,0.8097027280552922,0.2714,0.27606684549021604,0.271447101161359,0.27606684549021604,,0.27606684549021604,0.19520873850691062,0.7859,0.5144632071996944,0.5129644274711609,0.3365,0.1824,0.997,,,,19.904619912844442,,,,
6016,P35557,Q,287,G,NONSYN,0.4132083883745238,0.7461460287792492,0.13231860011929378,-1.6385666666666667,100.0,2.0,6.0,0.327314459854889,0.432966471996632,0.7569414056118919,0.3273,0.432966471996632,0.327314459854889,0.432966471996632,,0.432966471996632,0.3061535283752339,0.7093,0.38193956655807487,0.49860110878944397,0.4319,0.2609,0.998,,,,19.904619912844442,,,,
6017,P35557,Q,287,Y,NONSYN,0.4840075968099441,0.24764465685792256,0.1312248886009388,-1.4618333333333335,100.0,2.0,6.0,1.29479524425545,0.12664542311155197,0.007882265115380937,1.2948,0.12664542311155197,1.29479524425545,0.12664542311155197,,0.12664542311155197,0.0895518374884179,0.2643,1.0304796986965206,0.41209614276885986,1.2483,0.0875,1.0,,,,19.904619912844442,,,,
6018,P35557,Q,287,N,NONSYN,0.4518295354764143,0.8697160181845663,0.1299254225361649,-0.35083333333333333,100.0,2.0,6.0,0.32394866169912395,0.463357724719012,0.7604024238397638,0.3239,0.463357724719012,0.32394866169912395,0.463357724719012,,0.463357724719012,0.3276433892639829,0.8324,0.5084043341733736,0.4938812851905823,0.4793,0.273,0.9790000000000001,,,,19.904619912844442,,,,
6019,P35557,Q,287,C,NONSYN,0.4511413301447636,0.871335742605384,0.14919585516624229,-1.9530666666666667,100.0,2.0,6.0,2.02203787626986,0.176670077156931,4.410484753702679e-05,2.022,0.176670077156931,2.02203787626986,0.176670077156931,,0.176670077156931,0.12492460959041647,0.746,1.2760190493083425,0.5117582678794861,1.9503,0.1214,1.0,,,,19.904619912844442,,,,
6020,P35557,Q,287,P,NONSYN,0.4853050517411639,0.4856906433669639,0.12817404786924388,-1.2671333333333334,100.0,2.0,6.0,0.56546732289225,0.488711398288608,0.4416435844234149,0.5655,0.488711398288608,0.56546732289225,0.488711398288608,,0.488711398288608,0.3455711437730344,0.4648,0.10063120228678124,0.4942266047000885,0.5324,0.2832,0.998,,,,19.904619912844442,,,,
6021,P35557,Q,287,E,NONSYN,0.4564313440073604,0.8688558088959031,0.1276800360879217,0.2536666666666667,100.0,2.0,6.0,0.096308201690467,0.709898823768643,0.917080386790424,0.0963,0.709898823768643,0.096308201690467,0.709898823768643,,0.709898823768643,0.5019742722431613,0.8913,0.794997721771447,0.4642564058303833,0.5248,0.3408,0.061,,,,19.904619912844442,,,,
6022,P35557,Q,287,M,NONSYN,0.4050622568485636,0.44319262868581566,0.15986478179246053,-0.5147333333333333,100.0,2.0,6.0,0.221760961313969,0.299408090197484,0.8484691806686048,0.2218,0.299408090197484,0.221760961313969,0.299408090197484,,0.299408090197484,0.2117134909207544,0.4105,0.18878799388813366,0.4940812587738037,0.251,0.1946,1.0,,,,19.904619912844442,,,,
6023,P35557,Q,287,W,NONSYN,0.4710687255935087,0.7968882694526206,0.16068469247738668,-1.6665666666666665,100.0,2.0,6.0,0.175087737834775,0.194564934175716,0.8784664206551744,0.1751,0.194564934175716,0.175087737834775,0.194564934175716,,0.194564934175716,0.13757818433676303,0.6955,0.5203781845208768,0.5175603628158569,0.2094,0.133,1.0,,,,19.904619912844442,,,,
6024,P35557,Q,287,H,NONSYN,0.4843682171858765,0.4942671209706388,0.19456773675168282,0.3949666666666667,100.0,2.0,6.0,1.22007426546626,0.34055383383752696,0.012921124999894196,1.2201,0.34055383383752696,1.22007426546626,0.34055383383752696,,0.34055383383752696,0.24080792526559203,0.4816,0.7384596161704531,0.49553370475769043,1.079,0.2166,0.9990000000000001,,,,19.904619912844442,,,,
6025,P35557,Q,287,Q,SYN,,,,,,,,,,,,,,,,,,,,,,,,,,,19.904619912844442,,,,
6026,P35557,Q,287,*,STOP,,,,,100.0,2.0,6.0,-0.0964868146785363,0.05,0.9681478447818369,-0.0965,0.05,-0.0964868146785363,0.05,,0.05,0.035355339059327376,,,,-0.0965,0.0354,,,,,19.904619912844442,,,,
6027,P35557,L,288,S,NONSYN,0.3696688568840947,1.0932094043378966,0.07518536228833742,-1.8501333333333332,100.0,2.0,6.0,1.82395996711897,0.0838333133079326,0.0001926713040012593,1.824,0.0838333133079326,1.82395996711897,0.0838333133079326,,0.0838333133079326,0.059279104329375575,0.8412,0.9827673640077028,0.41681942343711853,1.8045,0.0587,0.9990000000000001,,,,21.229543417915107,,,,
6028,P35557,L,288,A,NONSYN,0.2800117097075371,1.7954886666326566,0.13277361286203626,-1.3620666666666665,100.0,2.0,6.0,0.665234223688845,0.21053744778985797,0.3040884294079804,0.6652,0.21053744778985797,0.665234223688845,0.21053744778985797,,0.21053744778985797,0.14887245702591725,1.2191,0.5538486086475808,0.7788313627243042,0.6848,0.1462,0.993,,,,21.229543417915107,,,,
6029,P35557,L,288,V,NONSYN,0.45006845647116095,1.3575668755232453,0.052900526249155276,0.4434,100.0,2.0,6.0,1.36154233813968,0.11474174712580301,0.005033056581581281,1.3615,0.11474174712580301,1.36154233813968,0.11474174712580301,,0.11474174712580301,0.08113466747784735,1.0838,0.27770840526309315,0.4525749385356903,1.3529,0.0799,0.8909999999999999,,,,21.229543417915107,,,,
6030,P35557,L,288,R,NONSYN,0.2792328090176149,1.3051774565692764,0.04051183893456545,-1.8351333333333333,100.0,2.0,6.0,1.18805581042483,0.28149130958950896,0.015924071110860586,1.1881,0.28149130958950896,1.18805581042483,0.28149130958950896,,0.28149130958950896,0.1990444138558236,1.0064,0.18161421725466398,0.5062047243118286,1.1637,0.1852,0.9990000000000001,,,,21.229543417915107,,,,
6031,P35557,L,288,D,NONSYN,0.15709418040401155,1.3874214612009466,0.053491854710395,-2.512333333333333,100.0,2.0,6.0,0.35275015035226504,0.11575771254329,0.7296221854108071,0.3528,0.11575771254329,0.35275015035226504,0.11575771254329,,0.11575771254329,0.08185306351400343,0.9911,0.6383384784166559,0.5061001777648926,0.369,0.0808,1.0,,,,21.229543417915107,,,,
6032,P35557,L,288,F,NONSYN,0.463424518412456,1.5807174473201069,0.058520770292792366,0.48950000000000005,100.0,2.0,6.0,0.692090622749096,0.0435178207800674,0.2709929380269986,0.6921,0.0435178207800674,0.692090622749096,0.0435178207800674,,0.0435178207800674,0.030771746176046506,1.0524,0.3603178340532721,0.4723590314388275,0.6936,0.0307,1.0,,,,21.229543417915107,,,,
6033,P35557,L,288,T,NONSYN,0.3205067496312658,1.2636206059640784,0.05152718946171254,-1.3817666666666666,100.0,2.0,6.0,2.2608384056945803,0.560226806978148,7.023032209703746e-06,2.2608,0.560226806978148,2.2608384056945803,0.560226806978148,,0.560226806978148,0.3961401742167355,1.0363,1.2245325013061525,0.5095299482345581,1.7995,0.3127,0.997,,,,21.229543417915107,,,,
6034,P35557,L,288,I,NONSYN,0.3599458773266949,1.362179080829252,0.0537897753795279,0.27723333333333333,100.0,2.0,6.0,1.34770572222166,0.107041729668932,0.005526400801066224,1.3477,0.107041729668932,1.34770572222166,0.107041729668932,,0.107041729668932,0.07568993291883906,1.0838,0.26387178934507305,0.4525749385356903,1.3405,0.0747,0.892,,,,21.229543417915107,,,,
6035,P35557,L,288,L,SYN,,,,,100.0,2.0,6.0,0.9898356871658119,0.05,0.05533427859156914,0.9898,0.05,0.9898356871658119,0.05,,0.05,0.035355339059327376,,,,0.9898,0.0354,,,,,21.229543417915107,,,,
6036,P35557,L,288,K,NONSYN,0.16637828819819184,1.3549143932095766,0.06963633134216744,-1.8327,100.0,2.0,6.0,1.03884500050393,0.14660554387051503,0.04103926266747826,1.0388,0.14660554387051503,1.03884500050393,0.14660554387051503,,0.14660554387051503,0.10366577423038305,1.0452,0.006361069442359035,0.5082302093505859,1.0391,0.1016,0.9940000000000001,,,,21.229543417915107,,,,
6037,P35557,L,288,G,NONSYN,0.3375782897720982,0.9660598539094883,0.05799700832540048,-2.5354666666666663,100.0,2.0,6.0,1.61683497222664,0.0660220253791172,0.0008576648884542906,1.6168,0.0660220253791172,1.61683497222664,0.0660220253791172,,0.0660220253791172,0.0466846218532441,0.8149,0.8019629457831585,0.4048457145690918,1.6063,0.0464,0.9990000000000001,,,,21.229543417915107,,,,
6038,P35557,L,288,Y,NONSYN,0.3932294491632085,1.437730589494092,0.1414195361935346,-1.3710666666666667,100.0,2.0,6.0,1.73850845510454,0.0406726433398313,0.00035891625371693546,1.7385,0.0406726433398313,1.73850845510454,0.0406726433398313,,0.0406726433398313,0.028759901914376582,1.0452,0.6933023851582509,0.6121529340744019,1.737,0.0287,0.996,,,,21.229543417915107,,,,
6039,P35557,L,288,N,NONSYN,0.1790631080953343,1.48542571511324,0.052437659011258346,-2.4369,100.0,2.0,6.0,1.06134230462657,0.195832012664637,0.03569743220223747,1.0613,0.195832012664637,1.06134230462657,0.195832012664637,,0.195832012664637,0.13847414412857467,0.9911,0.07025367585764908,0.49370935559272766,1.0562,0.1333,1.0,,,,21.229543417915107,,,,
6040,P35557,L,288,C,NONSYN,0.3444819501115762,1.2235415381667316,0.07759060800457158,-1.3948999999999998,100.0,2.0,6.0,1.3871191390988502,0.0425516360519977,0.004231213376239599,1.3871,0.0425516360519977,1.3871191390988502,0.0425516360519977,,0.0425516360519977,0.030088550402949544,1.0768,0.31030067291232677,0.494692862033844,1.386,0.03,0.67,,,,21.229543417915107,,,,
6041,P35557,L,288,P,NONSYN,0.3101239067988947,1.1104223228315833,0.05783864854781943,-2.2839666666666667,100.0,2.0,6.0,1.35535506636345,0.19063081939785198,0.005248143282963264,1.3554,0.19063081939785198,1.35535506636345,0.19063081939785198,,0.19063081939785198,0.13479634509936916,0.8291,0.5262227478667458,0.3992639482021332,1.3015,0.1277,1.0,,,,21.229543417915107,,,,
6042,P35557,L,288,E,NONSYN,0.22335052551716408,1.3445107810722199,0.06626931346312886,-2.4328000000000003,100.0,2.0,6.0,1.48408710674963,0.0937855444458303,0.0021744396927480055,1.4841,0.0937855444458303,1.48408710674963,0.0937855444458303,,0.0937855444458303,0.06631639445491895,0.9911,0.49299847798070906,0.49370935559272766,1.4753,0.0657,1.0,,,,21.229543417915107,,,,
6043,P35557,L,288,M,NONSYN,0.4855550162170784,1.133779561036812,0.03838214367055228,0.15566666666666665,100.0,2.0,6.0,2.03290428159898,0.192407509151575,4.062487522681122e-05,2.0329,0.192407509151575,2.03290428159898,0.192407509151575,,0.192407509151575,0.13605265447229137,0.8722,1.1607070112056084,0.388655424118042,1.9062,0.1284,0.998,,,,21.229543417915107,,,,
6044,P35557,L,288,W,NONSYN,0.28885364138641745,1.3502869260159098,0.07737303840205013,-1.8677333333333335,100.0,2.0,6.0,1.05272740208493,0.0319461073642412,0.0376613907660167,1.0527,0.0319461073642412,1.05272740208493,0.0319461073642412,,0.0319461073642412,0.022589309149768456,0.9911,0.06163877331600909,0.5081573128700256,1.0526,0.0226,1.0,,,,21.229543417915107,,,,
6045,P35557,L,288,H,NONSYN,0.29725486605293433,1.1940852924307366,0.08726417496197098,-1.9786333333333335,100.0,2.0,6.0,0.7858375571185501,0.114322619169628,0.17358136791680642,0.7858,0.114322619169628,0.7858375571185501,0.114322619169628,,0.114322619169628,0.08083829925785115,0.9341,0.14827499170957492,0.4187777638435364,0.7912,0.0794,1.0,,,,21.229543417915107,,,,
6046,P35557,L,288,Q,NONSYN,0.3225298006389851,1.0350269216242083,0.051184422775932124,-1.5422,100.0,2.0,6.0,1.26688193570681,0.24977022094562698,0.009490371746154747,1.2669,0.24977022094562698,1.26688193570681,0.24977022094562698,,0.24977022094562698,0.17661421696911508,0.824,0.442889802566246,0.4204462170600891,1.2005,0.1628,0.9990000000000001,,,,21.229543417915107,,,,
6047,P35557,L,288,*,STOP,,,,,100.0,2.0,6.0,0.170578745440703,0.05,0.8810617302362935,0.1706,0.05,0.170578745440703,0.05,,0.05,0.035355339059327376,,,,0.1706,0.0354,,,,,21.229543417915107,H,293.0,,
6048,P35557,Y,289,S,NONSYN,0.38834274260646795,0.6313994955988194,0.3393057908339773,-1.5604666666666667,100.0,2.0,6.0,0.11809460025788499,0.156109319342407,0.907745050091261,0.1181,0.156109319342407,0.11809460025788499,0.156109319342407,,0.156109319342407,0.11038595831343224,0.8476,0.729535662116993,0.5608317255973816,0.1453,0.1083,0.185,,,,0.03611580085002574,,,,
6049,P35557,Y,289,A,NONSYN,0.20972259918765807,-0.08928555056751901,0.21244616190896015,-1.7107666666666665,100.0,2.0,6.0,-0.109529064144866,0.32984477391333,0.9701461568026257,-0.1095,0.32984477391333,-0.109529064144866,0.32984477391333,,0.32984477391333,0.23323547637305928,0.1229,0.2324536900184317,0.3833395540714264,-0.0467,0.1993,0.9520000000000001,,,,0.03611580085002574,,,,
6050,P35557,Y,289,V,NONSYN,0.299959060462427,0.5492941135295231,0.34011657642573795,-1.5651000000000002,100.0,2.0,6.0,0.364410746465774,0.120227010259158,0.7164207593127827,0.3644,0.120227010259158,0.364410746465774,0.120227010259158,,0.120227010259158,0.08501333423603523,0.6752,0.3107395883692785,0.5516206622123718,0.3716,0.084,0.9790000000000001,,,,0.03611580085002574,,,,
6051,P35557,Y,289,R,NONSYN,0.1371352939524294,-0.07258523728964068,0.2090453195839086,-1.7367666666666663,100.0,2.0,6.0,-0.159630003978501,0.366877696427991,0.9767093236664692,-0.1596,0.366877696427991,-0.159630003978501,0.366877696427991,,0.366877696427991,0.259421707010332,0.124,0.28367370705772466,0.3844742774963379,-0.0709,0.215,0.997,,,,0.03611580085002574,,,,
6052,P35557,Y,289,D,NONSYN,0.2808273038865437,0.37126614246242,0.12383355533969644,-2.4846,100.0,2.0,6.0,0.25382466479360605,0.225726638743751,0.8243040347193707,0.2538,0.225726638743751,0.25382466479360605,0.225726638743751,,0.225726638743751,0.1596128369501524,0.5524,0.29859750107706046,0.4815295338630676,0.2834,0.1515,0.9590000000000001,,,,0.03611580085002574,,,,
6053,P35557,Y,289,F,NONSYN,0.4872780854634644,0.9291759062810376,0.2807090265459147,-0.06290000000000003,100.0,2.0,6.0,0.459767078086819,0.0611275354441716,0.5943024197127927,0.4598,0.0611275354441716,0.459767078086819,0.0611275354441716,,0.0611275354441716,0.043223694829794775,0.8489,0.3891050470619542,0.5344316363334656,0.4623,0.0431,0.946,,,,0.03611580085002574,,,,
6054,P35557,Y,289,T,NONSYN,0.3050153834687861,0.13430446266676435,0.15221433977314655,-1.5653333333333332,100.0,2.0,6.0,1.60937969905405,1.29600770826476,0.0009041749472882207,1.6094,1.29600770826476,1.60937969905405,1.29600770826476,,1.29600770826476,0.9164158389840485,0.4304,1.178962608399677,0.5090354084968567,0.7084,0.445,0.9179999999999999,,,,0.03611580085002574,,,,
6055,P35557,Y,289,I,NONSYN,0.28896106325248155,0.13165855996385903,0.2582943390935703,-1.4040666666666668,100.0,2.0,6.0,0.509558561665241,1.02435354845541,0.5232504425588373,0.5096,1.02435354845541,0.509558561665241,1.02435354845541,,1.02435354845541,0.7243273404453231,0.4394,0.07020789704960995,0.5382412672042847,0.4643,0.432,0.787,,,,0.03611580085002574,,,,
6056,P35557,Y,289,L,NONSYN,0.28126980143421565,0.35104515807963704,0.35014397155544597,-1.3954666666666666,100.0,2.0,6.0,-0.14860123268209302,0.20826223487259898,0.9754035340687899,-0.1486,0.20826223487259898,-0.14860123268209302,0.20826223487259898,,0.20826223487259898,0.1472636385434802,0.6762,0.8248487698181709,0.5652455687522888,-0.0962,0.1425,0.649,,,,0.03611580085002574,,,,
6057,P35557,Y,289,K,NONSYN,0.19614719212003395,0.011470443741708978,0.1996447887361682,-1.7127333333333334,100.0,2.0,6.0,-0.41179704707255,0.451390646340878,0.9931456832553223,-0.4118,0.451390646340878,-0.41179704707255,0.451390646340878,,0.451390646340878,0.3191813869918135,0.1637,0.5754565004645789,0.4211317300796509,-0.2018,0.2544,0.97,,,,0.03611580085002574,,,,
6058,P35557,Y,289,G,NONSYN,0.19871662093811185,0.41378237427322034,0.13076778107686407,-2.3432,100.0,2.0,6.0,0.126275969361205,0.13847085947594198,0.9039896856735972,0.1263,0.13847085947594198,0.126275969361205,0.13847085947594198,,0.13847085947594198,0.09791368373216808,0.5815,0.45519350686178695,0.4957483410835266,0.1434,0.0961,0.9790000000000001,,,,0.03611580085002574,,,,
6059,P35557,Y,289,Y,SYN,,,,,100.0,2.0,6.0,0.8376485565424789,0.05,0.13235798840894575,0.8376,0.05,0.8376485565424789,0.05,,0.05,0.035355339059327376,,,,0.8376,0.0354,,,,,0.03611580085002574,,,,
6060,P35557,Y,289,N,NONSYN,0.3952363274633001,-0.2269853717319723,0.1576124527331871,-1.7366333333333335,100.0,2.0,6.0,0.30357039934849395,0.6885113877322011,0.7805823284389473,0.3036,0.6885113877322011,0.30357039934849395,0.6885113877322011,,0.6885113877322011,0.4868510711895997,0.115,0.18855805165028228,0.31318628787994385,0.1702,0.2634,0.9590000000000001,,,,0.03611580085002574,,,,
6061,P35557,Y,289,C,NONSYN,0.4586734907533599,-0.07258523728964068,0.2090453195839086,-1.7367666666666668,100.0,2.0,6.0,1.05431522519978,0.186102715675138,0.0372919971920283,1.0543,0.186102715675138,1.05431522519978,0.186102715675138,,0.186102715675138,0.13159449225112207,0.2057,0.8485930124083372,0.4373920261859894,0.9839,0.126,0.342,,,,0.03611580085002574,,,,
6062,P35557,Y,289,P,NONSYN,0.23460250402828794,0.30471822130738774,0.11412882363042488,-2.446166666666667,100.0,2.0,6.0,0.453468428258703,0.30417267175905605,0.603028582728789,0.4535,0.30417267175905605,0.453468428258703,0.30417267175905605,,0.30417267175905605,0.21508255885245836,0.5254,0.07188172518749453,0.4687160849571228,0.466,0.1955,0.9840000000000001,,,,0.03611580085002574,,,,
6063,P35557,Y,289,E,NONSYN,0.2834825200829025,0.5872027727506963,0.0994729864126313,-2.2428666666666666,100.0,2.0,6.0,0.5340540297673521,0.405376734083501,0.4875008425982805,0.5341,0.405376734083501,0.5340540297673521,0.405376734083501,,0.405376734083501,0.28664463760569936,0.6669,0.1328309885813418,0.46371111273765564,0.5708,0.2438,0.996,,,,0.03611580085002574,,,,
6064,P35557,Y,289,M,NONSYN,0.28510862464089565,0.6972950152592364,0.30898225708346644,-1.5896,100.0,2.0,6.0,-0.0795919587233659,0.6149967809712039,0.9653565505170594,-0.0796,0.6149967809712039,-0.0795919587233659,0.6149967809712039,,0.6149967809712039,0.4348683942326362,0.6863,0.7658681561568376,0.5683885812759399,0.2032,0.3454,0.998,,,,0.03611580085002574,,,,
6065,P35557,Y,289,W,NONSYN,0.3374643971404331,0.9049045233576933,0.270536618658854,0.17450000000000002,100.0,2.0,6.0,0.532581226856852,0.323529744337793,0.48965519375506045,0.5326,0.323529744337793,0.532581226856852,0.323529744337793,,0.323529744337793,0.22877007613680345,0.7981,0.26548276659712744,0.506745457649231,0.5775,0.2085,0.9990000000000001,,,,0.03611580085002574,,,,
6066,P35557,Y,289,H,NONSYN,0.37993420185509386,0.5006356222029708,0.25360821307393133,0.2750666666666666,100.0,2.0,6.0,1.7453879303210198,0.514183186047466,0.0003414900378708672,1.7454,0.514183186047466,1.7453879303210198,0.514183186047466,,0.514183186047466,0.3635824176262674,0.6399,1.1055079883807122,0.6435619592666626,1.4779,0.3166,0.977,,,,0.03611580085002574,,,,
6067,P35557,Y,289,Q,NONSYN,0.2421324616458889,0.09378845675326071,0.28586072670603685,-1.3627666666666667,100.0,2.0,6.0,0.623168871297036,0.8827758389653879,0.359781613065393,0.6232,0.8827758389653879,0.623168871297036,0.8827758389653879,,0.8827758389653879,0.6242167820000695,0.3201,0.30305273879924854,0.43681198358535767,0.4197,0.3579,0.9490000000000001,,,,0.03611580085002574,,,,
6068,P35557,Y,289,*,STOP,,,,,100.0,2.0,6.0,0.150420673905585,0.05,0.8920573239423848,0.1504,0.05,0.150420673905585,0.05,,0.05,0.035355339059327376,,,,0.1504,0.0354,,,,,0.03611580085002574,,,,
6069,P35557,E,290,S,NONSYN,0.4382670271083193,0.10100406987195303,0.1003821958925556,-0.6747666666666666,100.0,2.0,6.0,0.1292366353787,0.120912698014639,0.9025957012784313,0.1292,0.120912698014639,0.1292366353787,0.120912698014639,,0.120912698014639,0.08549818869771243,0.3042,0.1749863060199206,0.3911507725715637,0.1372,0.0835,0.996,,,,13.019153526180439,,,,
6070,P35557,E,290,A,NONSYN,0.4725389201357859,0.11409047167564469,0.15539622274002865,-0.8022,100.0,2.0,6.0,0.0881279271964198,0.241455981554172,0.920347829232923,0.0881,0.241455981554172,0.0881279271964198,0.241455981554172,,0.241455981554172,0.17073516191500895,0.3135,0.22537414609154405,0.4300709366798401,0.1188,0.1587,0.9740000000000001,,,,13.019153526180439,,,,
6071,P35557,E,290,V,NONSYN,0.5148579282991502,-0.1584515170921613,0.10128981983350656,-1.6669666666666665,100.0,2.0,6.0,-0.0712666411388253,0.284430613074416,0.9638915293528197,-0.0713,0.284430613074416,-0.0712666411388253,0.284430613074416,,0.284430613074416,0.20112281528196665,0.1133,0.18458720040205467,0.29469507932662964,-0.0126,0.1661,0.982,,,,13.019153526180439,,,,
6072,P35557,E,290,R,NONSYN,0.4513055748960305,0.09459562857288062,0.10826557157366096,-0.7211333333333333,100.0,2.0,6.0,0.107353251093637,0.16939218925619598,0.9124656016104494,0.1074,0.16939218925619598,0.107353251093637,0.16939218925619598,,0.16939218925619598,0.11977836570309121,0.2468,0.1394535790741334,0.3901214003562927,0.1194,0.1145,0.997,,,,13.019153526180439,,,,
6073,P35557,E,290,D,NONSYN,0.4800060668498122,0.076984684415818,0.2170390637717113,-0.020166666666666666,,,,,,,,,,,,,,0.3713,,0.49017390608787537,0.3713,0.4902,0.9179999999999999,,,,13.019153526180439,,,,
6074,P35557,E,290,F,NONSYN,0.4134101209643438,-0.2870255161143283,0.07987378285423417,-2.4431333333333334,100.0,2.0,6.0,0.322380456439477,0.0887371530525447,0.7620026191935956,0.3224,0.0887371530525447,0.322380456439477,0.0887371530525447,,0.0887371530525447,0.0627466426666429,0.0786,0.24379101704738715,0.26711857318878174,0.3096,0.0611,0.9990000000000001,,,,13.019153526180439,,,,
6075,P35557,E,290,T,NONSYN,0.4070866311137473,-0.06439705497875309,0.10444300847353039,-0.9768666666666667,100.0,2.0,6.0,0.0106735434175081,0.6221725762652021,0.9457109939084606,0.0107,0.6221725762652021,0.0106735434175081,0.6221725762652021,,0.6221725762652021,0.43994244774542873,0.139,0.1283233557104521,0.32797718048095703,0.0932,0.2629,0.9990000000000001,,,,13.019153526180439,,,,
6076,P35557,E,290,I,NONSYN,0.377366298627538,-0.32481215974242433,0.08602272571532248,-2.3962999999999997,100.0,2.0,6.0,-0.377176900350707,0.16805381490794402,0.9919186859474348,-0.3772,0.16805381490794402,-0.377176900350707,0.16805381490794402,,0.16805381490794402,0.11883199212567612,0.0786,0.45576633974279684,0.27926105260849,-0.3073,0.1093,0.997,,,,13.019153526180439,,,,
6077,P35557,E,290,L,NONSYN,0.4309220950052253,-0.3496842269360267,0.07238271694007253,-2.375633333333333,100.0,2.0,6.0,-0.3025606987699,0.259101937481599,0.9884315237549459,-0.3026,0.259101937481599,-0.3025606987699,0.259101937481599,,0.259101937481599,0.1832127370118115,0.1245,0.42702404835066476,0.27348044514656067,-0.1703,0.1522,0.396,,,,13.019153526180439,,,,
6078,P35557,E,290,K,NONSYN,0.4890082107053284,0.10829853130030735,0.09640905366082865,-0.6217666666666667,100.0,2.0,6.0,0.587836332216046,0.41318208622112795,0.40937402700927883,0.5878,0.41318208622112795,0.587836332216046,0.41318208622112795,,0.41318208622112795,0.29216385503176434,0.2934,0.2944122623346068,0.39468222856521606,0.4836,0.2348,0.9990000000000001,,,,13.019153526180439,,,,
6079,P35557,E,290,G,NONSYN,0.4522640708552875,-0.179381817887722,0.09253896916525974,-1.9225,100.0,2.0,6.0,-0.11034022676082199,0.22063543627977497,0.9702661610852245,-0.1103,0.22063543627977497,-0.11034022676082199,0.22063543627977497,,0.22063543627977497,0.15601281316348128,0.1245,0.23480357634158677,0.2915373742580414,-0.0581,0.1376,0.44299999999999995,,,,13.019153526180439,,,,
6080,P35557,E,290,Y,NONSYN,0.4671477233180428,-0.26335927529380965,0.08946007627682571,-2.2137666666666664,100.0,2.0,6.0,-0.490536831234995,0.215878835095018,0.9952660053030031,-0.4905,0.215878835095018,-0.490536831234995,0.215878835095018,,0.215878835095018,0.15264938821033966,0.0778,0.5683844610205326,0.27926105260849,-0.3598,0.1339,1.0,,,,13.019153526180439,,,,
6081,P35557,E,290,N,NONSYN,0.4945297857128286,0.06933474149292336,0.09919876084710921,-0.6558999999999999,100.0,2.0,6.0,0.22424462051578897,0.137372924246917,0.8467048653028983,0.2242,0.137372924246917,0.22424462051578897,0.137372924246917,,0.137372924246917,0.0971373262864209,0.2922,0.067910377071415,0.40307852625846863,0.228,0.0944,0.958,,,,13.019153526180439,,,,
6082,P35557,E,290,C,NONSYN,0.4263241553322161,-0.05383973051760035,0.07244499024193522,-2.5622,100.0,2.0,6.0,-0.18225121868416,0.11927537120076401,0.9791704224452605,-0.1823,0.11927537120076401,-0.18225121868416,0.11927537120076401,,0.11927537120076401,0.08434042380460287,0.1067,0.2889077104405992,0.2712279260158539,-0.1568,0.0805,1.0,,,,13.019153526180439,,,,
6083,P35557,E,290,P,NONSYN,0.2784783599621833,0.009178276491700868,0.17099390491714664,-1.2109666666666667,100.0,2.0,6.0,-0.38867234322631605,0.33068935805789,0.9923496871094932,-0.3887,0.33068935805789,-0.38867234322631605,0.33068935805789,,0.33068935805789,0.23383268754896028,0.1541,0.5427714500149513,0.3751388490200043,-0.2368,0.1984,0.9940000000000001,,,,13.019153526180439,,,,
6084,P35557,E,290,E,SYN,,,,,100.0,2.0,6.0,1.3701547568081298,0.05,0.004747846439347446,1.3702,0.05,1.3701547568081298,0.05,,0.05,0.035355339059327376,,,,1.3702,0.0354,,,,,13.019153526180439,,,,
6085,P35557,E,290,M,NONSYN,0.4318399535430367,-0.22404789971154745,0.09893444542227521,-1.9440333333333335,100.0,2.0,6.0,0.0236580187106542,0.16321105832378502,0.9420933642247195,0.0237,0.16321105832378502,0.0236580187106542,0.16321105832378502,,0.16321105832378502,0.1154076461053815,0.0886,0.06498183667417246,0.2849055230617523,0.0328,0.107,0.992,,,,13.019153526180439,,,,
6086,P35557,E,290,W,NONSYN,0.3886512979012191,-0.11911904756037667,0.07573718485060421,-2.4843333333333333,100.0,2.0,6.0,-0.18133894922237803,0.139502267587966,0.9790765188242176,-0.1813,0.139502267587966,-0.18133894922237803,0.139502267587966,,0.139502267587966,0.09864299940235106,0.0851,0.2664062810133021,0.2691003680229187,-0.1498,0.0926,1.0,,,,13.019153526180439,,,,
6087,P35557,E,290,H,NONSYN,0.3874690850586482,0.15361150232937534,0.058776844759714016,-0.6659666666666667,100.0,2.0,6.0,-0.0285856619935669,0.36580527667414703,0.9553438724692105,-0.0286,0.36580527667414703,-0.0285856619935669,0.36580527667414703,,0.36580527667414703,0.25866339173011055,0.301,0.32960318480545653,0.37131571769714355,0.0791,0.2122,1.0,,,,13.019153526180439,,,,
6088,P35557,E,290,Q,NONSYN,0.4979236622050323,0.22949576853372636,0.13315671997851758,-0.4386666666666667,100.0,2.0,6.0,-0.48611891434729204,0.8139827250851179,0.9951674793814849,-0.4861,0.8139827250851179,-0.48611891434729204,0.8139827250851179,,0.8139827250851179,0.5755727046763921,0.3362,0.8223271386438619,0.42514756321907043,0.0459,0.342,0.997,,,,13.019153526180439,,,,
6089,P35557,E,290,*,STOP,,,,,100.0,2.0,6.0,-0.23413526761032,0.05,0.983857721640638,-0.2341,0.05,-0.23413526761032,0.05,,0.05,0.035355339059327376,,,,-0.2341,0.0354,,,,,13.019153526180439,,,,
6090,P35557,K,291,S,NONSYN,0.39799365034538775,0.19298349229892567,0.10841767237505691,-0.8266,100.0,2.0,6.0,0.202400401117072,0.132806297889503,0.8616265883348477,0.2024,0.132806297889503,0.202400401117072,0.132806297889503,,0.132806297889503,0.09390823382194823,0.5019,0.29950384807421215,0.4714791476726532,0.2138,0.0921,0.731,,,,7.3611932154750574,,,,
6091,P35557,K,291,A,NONSYN,0.4253782567817681,0.18300243985319997,0.08545495234472344,-0.8658,100.0,2.0,6.0,0.524870060267705,0.350141841889663,0.5009290472797767,0.5249,0.350141841889663,0.524870060267705,0.350141841889663,,0.350141841889663,0.24758767077732866,0.4026,0.12231465417410758,0.4313054084777832,0.4946,0.2147,0.977,,,,7.3611932154750574,,,,
6092,P35557,K,291,V,NONSYN,0.4018371367991864,0.19625871062640596,0.12536092410653457,-1.8981333333333332,100.0,2.0,6.0,-0.234093646012037,0.164187750129012,0.9838544321461535,-0.2341,0.164187750129012,-0.234093646012037,0.164187750129012,,0.164187750129012,0.11609827150398681,0.3998,0.6338820554835488,0.4666767716407776,-0.1971,0.1127,0.965,,,,7.3611932154750574,,,,
6093,P35557,K,291,R,NONSYN,0.4425642104838123,-0.04528457798660394,0.30959110650799443,0.014233333333333356,100.0,2.0,6.0,0.565302629105511,0.10056772194625697,0.4418828379197747,0.5653,0.10056772194625697,0.565302629105511,0.10056772194625697,,0.10056772194625697,0.07111211815668148,0.2798,0.2854990550202754,0.39059972763061523,0.5561,0.07,0.966,,,,7.3611932154750574,,,,
6094,P35557,K,291,D,NONSYN,0.3868073539125079,0.19298349229892567,0.10841767237505691,-0.8266,100.0,2.0,6.0,0.49492690293052793,0.20607313989973,0.5444333733666111,0.4949,0.20607313989973,0.49492690293052793,0.20607313989973,,0.20607313989973,0.14571571464350316,0.3436,0.15137425390937925,0.4040391147136688,0.4775,0.1371,0.99,,,,7.3611932154750574,,,,
6095,P35557,K,291,F,NONSYN,0.39391394066408775,0.139237098305105,0.054204369086465094,-1.9194666666666667,100.0,2.0,6.0,-0.259893749087981,0.254479595579664,0.985766628109016,-0.2599,0.254479595579664,-0.259893749087981,0.254479595579664,,0.254479595579664,0.17994424770799056,0.262,0.5218547323643482,0.34916526079177856,-0.1504,0.16,0.9990000000000001,,,,7.3611932154750574,,,,
6096,P35557,K,291,T,NONSYN,0.4423640368257771,0.20078767246094065,0.11086739089227736,-0.8377,100.0,2.0,6.0,0.47151436244448297,0.18109880934862196,0.5778419101746768,0.4715,0.18109880934862196,0.47151436244448297,0.18109880934862196,,0.18109880934862196,0.12805619615522032,0.411,0.06051136886080377,0.45847654342651367,0.4671,0.1233,0.958,,,,7.3611932154750574,,,,
6097,P35557,K,291,I,NONSYN,0.4603939774498695,-0.11616596191763134,0.07823523648128337,-1.9278666666666666,100.0,2.0,6.0,0.506315431580228,0.0864428700380692,0.5279608644897373,0.5063,0.0864428700380692,0.506315431580228,0.0864428700380692,,0.0864428700380692,0.06112433958914616,0.1033,0.403019121870679,0.27510201930999756,0.4874,0.0597,0.977,,,,7.3611932154750574,,,,
6098,P35557,K,291,L,NONSYN,0.4356747906628182,0.06973099217335228,0.1272307750881049,-1.8765,100.0,2.0,6.0,0.14548950934712399,0.135853075902851,0.8946008403534298,0.1455,0.135853075902851,0.14548950934712399,0.135853075902851,,0.135853075902851,0.09606263121595669,0.2394,0.0939141557186414,0.38251203298568726,0.1511,0.0932,0.857,,,,7.3611932154750574,,,,
6099,P35557,K,291,K,SYN,,,,,,,,,,,,,,,,,,,,,,,,,,,7.3611932154750574,,,,
6100,P35557,K,291,G,NONSYN,0.3929842999811576,0.1103531408936063,0.16124537354724258,-1.5884666666666665,100.0,2.0,6.0,0.24254709566724497,0.0925565595044589,0.8331508386698794,0.2425,0.0925565595044589,0.24254709566724497,0.0925565595044589,,0.0925565595044589,0.06544737086889908,0.269,0.026418327439902245,0.4153486490249634,0.2432,0.0646,0.99,,,,7.3611932154750574,,,,
6101,P35557,K,291,Y,NONSYN,0.3944793974738757,0.051314319667443986,0.054762310757995626,-1.7455,100.0,2.0,6.0,-0.0630288090481341,0.5069004589251359,0.9623804811192215,-0.063,0.5069004589251359,-0.0630288090481341,0.5069004589251359,,0.5069004589251359,0.3584327518925366,0.1295,0.19249269030233027,0.2913011908531189,0.0529,0.2261,0.995,,,,7.3611932154750574,,,,
6102,P35557,K,291,N,NONSYN,0.4560364383708069,0.49861277289188904,0.18445390162078043,-0.5051666666666667,100.0,2.0,6.0,-0.8318729728988778,0.828930259323013,0.9989727715269515,-0.8319,0.828930259323013,-0.8318729728988778,0.828930259323013,,0.828930259323013,0.5861422074980258,0.5357,1.3675277561477792,0.5281625390052795,-0.0771,0.3924,0.9940000000000001,,,,7.3611932154750574,,,,
6103,P35557,K,291,C,NONSYN,0.4535515939759026,0.09638647392094964,0.07015302869517273,-2.2871333333333332,100.0,2.0,6.0,-0.504974427370127,0.23847448629391899,0.9955735654149886,-0.505,0.23847448629391899,-0.504974427370127,0.23847448629391899,,0.23847448629391899,0.16862692639840848,0.1898,0.6947399999180396,0.32817763090133667,-0.3599,0.15,1.0,,,,7.3611932154750574,,,,
6104,P35557,K,291,P,NONSYN,0.27870648767165224,0.5315410477053336,0.12003668282184461,-0.9779666666666667,100.0,2.0,6.0,0.5288042279265011,0.276276917107485,0.4951787510913747,0.5288,0.276276917107485,0.5288042279265011,0.276276917107485,,0.276276917107485,0.1953572815720163,0.5859,0.05708010473035929,0.4913076162338257,0.5366,0.1815,0.9990000000000001,,,,7.3611932154750574,,,,
6105,P35557,K,291,E,NONSYN,0.4020218445230145,-0.2340070633778766,0.2656957052577045,-0.16533333333333333,100.0,2.0,6.0,0.76856785729089,0.6871546628054799,0.18930431928390204,0.7686,0.6871546628054799,0.76856785729089,0.6871546628054799,,0.6871546628054799,0.48589172179371026,0.266,0.5025417180315517,0.41985994577407837,0.4809,0.3177,0.126,,,,7.3611932154750574,,,,
6106,P35557,K,291,M,NONSYN,0.43998119930382734,0.49841516443383727,0.09177019991443552,-0.9419333333333334,100.0,2.0,6.0,0.62818187774099,0.429063603998377,0.3529291349220404,0.6282,0.429063603998377,0.62818187774099,0.429063603998377,,0.429063603998377,0.3033937839475918,0.4815,0.14670405090726502,0.4469226598739624,0.5819,0.251,0.9990000000000001,,,,7.3611932154750574,,,,
6107,P35557,K,291,W,NONSYN,0.4169292295856069,-0.08618424829262668,0.08468973273726094,-2.216833333333333,100.0,2.0,6.0,0.04273773927060201,0.12788205302189698,0.9363444905035878,0.0427,0.12788205302189698,0.04273773927060201,0.12788205302189698,,0.12788205302189698,0.09042626688384096,0.0872,0.04444075923594401,0.2771140933036804,0.047,0.086,1.0,,,,7.3611932154750574,,,,
6108,P35557,K,291,H,NONSYN,0.4436698866414692,0.49710377521423865,0.10484438923617229,-0.8412999999999999,100.0,2.0,6.0,-0.417433945815411,0.23702945409522197,0.9933262876303696,-0.4174,0.23702945409522197,-0.417433945815411,0.23702945409522197,,0.23702945409522197,0.16760513433167692,0.4696,0.8870621010468869,0.4714791476726532,-0.3179,0.1579,0.998,,,,7.3611932154750574,,,,
6109,P35557,K,291,Q,NONSYN,0.4867518824335938,0.1673325044991744,0.25488785901669797,0.19553333333333334,100.0,2.0,6.0,-0.07254861835182401,0.75228508737218,0.9641211235075385,-0.0725,0.75228508737218,-0.07254861835182401,0.75228508737218,,0.75228508737218,0.5319458866663829,0.5058,0.5783327722901175,0.6202443242073059,0.1726,0.4038,0.903,,,,7.3611932154750574,,,,
6110,P35557,K,291,*,STOP,,,,,,,,,,,,,,,,,,,,,,,,,,,7.3611932154750574,,,,
6111,P35557,L,292,S,NONSYN,0.3696688568840947,0.6892281672140199,0.07036224713333399,-1.8501333333333332,100.0,2.0,6.0,0.621565810402663,0.16804193875621098,0.36198377730506237,0.6216,0.16804193875621098,0.621565810402663,0.16804193875621098,,0.16804193875621098,0.1188235944182513,0.7266,0.104999073783128,0.41812583804130554,0.6294,0.1143,0.987,,,,3.2111769626580973,,,,
6112,P35557,L,292,A,NONSYN,0.2800117097075371,1.0617544196941873,0.07642158595054663,-1.3620666666666665,100.0,2.0,6.0,1.83481471963373,0.167867360055552,0.00017792399249189737,1.8348,0.167867360055552,1.83481471963373,0.167867360055552,,0.167867360055552,0.11870014863516459,0.9211,0.9137261433168966,0.4087042808532715,1.7637,0.114,0.33299999999999996,,,,3.2111769626580973,,,,
6113,P35557,L,292,V,NONSYN,0.45006845647116095,1.0864057396135713,0.103936213033593,0.4434,100.0,2.0,6.0,0.9372172652644191,0.106821586471815,0.0756130974033384,0.9372,0.106821586471815,0.9372172652644191,0.106821586471815,,0.106821586471815,0.07553426817132555,0.9262,0.011021345750716671,0.41398727893829346,0.9369,0.0743,0.0,,,,3.2111769626580973,,,,
6114,P35557,L,292,R,NONSYN,0.2792328090176149,0.6914132689450763,0.07197588336252682,-1.8351333333333333,100.0,2.0,6.0,0.615010505209494,0.155254042865233,0.37104145066835675,0.615,0.155254042865233,0.615010505209494,0.155254042865233,,0.155254042865233,0.10978118651663318,0.6993,0.08425610732026068,0.41812583804130554,0.6204,0.1062,0.9940000000000001,,,,3.2111769626580973,,,,
6115,P35557,L,292,D,NONSYN,0.15709418040401155,0.45544816589025666,0.23067232195305007,-2.512333333333333,100.0,2.0,6.0,0.590785598208573,0.125973307164586,0.40516059206649596,0.5908,0.125973307164586,0.590785598208573,0.125973307164586,,0.125973307164586,0.08907657974457464,0.4757,0.11506099050250307,0.5853978991508484,0.5882,0.0881,0.998,,,,3.2111769626580973,,,,
6116,P35557,L,292,F,NONSYN,0.463424518412456,1.13934300851634,0.10542505524306696,0.48950000000000005,100.0,2.0,6.0,0.778405458556113,0.0761586847184753,0.18022397423709421,0.7784,0.0761586847184753,0.778405458556113,0.0761586847184753,,0.0761586847184753,0.05385232241068217,0.9509,0.17250642098337676,0.41998130083084106,0.7812,0.0534,0.718,,,,3.2111769626580973,,,,
6117,P35557,L,292,T,NONSYN,0.3205067496312658,1.3075782120865773,0.04817859278761604,-1.3817666666666666,100.0,2.0,6.0,1.09734334245656,0.302527563213096,0.028482357414211228,1.0973,0.302527563213096,1.09734334245656,0.302527563213096,,0.302527563213096,0.21391929144382207,1.0859,0.011433379802446186,0.4841045141220093,1.0955,0.1957,0.42,,,,3.2111769626580973,,,,
6118,P35557,L,292,I,NONSYN,0.3599458773266949,1.072062042457984,0.10623088898738547,0.27723333333333333,100.0,2.0,6.0,0.9802483567311808,0.052250112164580004,0.05861522402074445,0.9802,0.052250112164580004,0.9802483567311808,0.052250112164580004,,0.052250112164580004,0.03694640862933223,0.9211,0.05915978041434733,0.41998130083084106,0.9798,0.0368,0.0,,,,3.2111769626580973,,,,
6119,P35557,L,292,L,SYN,,,,,100.0,2.0,6.0,1.22509491315078,0.05,0.012502593289870802,1.2251,0.05,1.22509491315078,0.05,,0.05,0.035355339059327376,,,,1.2251,0.0354,,,,,3.2111769626580973,,,,
6120,P35557,L,292,K,NONSYN,0.16637828819819184,0.6057821165005093,0.061406052165826036,-1.8327,100.0,2.0,6.0,0.8719039625431949,0.222442486058824,0.10973954556823681,0.8719,0.222442486058824,0.8719039625431949,0.222442486058824,,0.222442486058824,0.1572905903161885,0.8281,0.04377240603226962,0.417944073677063,0.8665,0.1472,0.885,,,,3.2111769626580973,,,,
6121,P35557,L,292,G,NONSYN,0.3375782897720982,0.510724809786268,0.23151693834585083,-2.5354666666666663,100.0,2.0,6.0,0.424955666520539,0.0940349235823298,0.6415150568814316,0.425,0.0940349235823298,0.424955666520539,0.0940349235823298,,0.0940349235823298,0.06649273213342419,0.5616,0.13659620239501885,0.8752858638763428,0.4257,0.0663,0.998,,,,3.2111769626580973,,,,
6122,P35557,L,292,Y,NONSYN,0.3932294491632085,1.4759834020679998,0.08407822317344248,-1.3710666666666667,100.0,2.0,6.0,0.592127772512292,0.0778424815990915,0.40324689365115257,0.5921,0.0778424815990915,0.592127772512292,0.0778424815990915,,0.0778424815990915,0.05504294660310664,1.0859,0.4937821901418218,0.4933875501155853,0.5982,0.0547,0.445,,,,3.2111769626580973,,,,
6123,P35557,L,292,N,NONSYN,0.1790631080953343,0.7565465977496494,0.06527636054565268,-2.4369,100.0,2.0,6.0,0.535281646796112,0.9707476914286591,0.4857050161148458,0.5353,0.9707476914286591,0.535281646796112,0.9707476914286591,,0.9707476914286591,0.686422275430391,0.7464,0.21113086884414678,0.4036778211593628,0.6922,0.348,0.998,,,,3.2111769626580973,,,,
6124,P35557,L,292,C,NONSYN,0.3444819501115762,1.1408611394476156,0.06270276177453901,-1.3948999999999998,100.0,2.0,6.0,1.4957921441137099,0.0868463006718391,0.002004921635847131,1.4958,0.0868463006718391,1.4957921441137099,0.0868463006718391,,0.0868463006718391,0.06140960812602324,0.9572,0.5385460789739394,0.4005705416202545,1.4834,0.0607,0.017,,,,3.2111769626580973,,,,
6125,P35557,L,292,P,NONSYN,0.3101239067988947,0.6768056444038804,0.2311069317209167,-2.2839666666666667,100.0,2.0,6.0,1.43857694237429,0.24753621304732698,0.0029764102343702572,1.4386,0.24753621304732698,1.43857694237429,0.24753621304732698,,0.24753621304732698,0.17503453483500284,0.6955,0.7430920061369548,0.5725827217102051,1.3751,0.1674,0.9990000000000001,,,,3.2111769626580973,,,,
6126,P35557,L,292,E,NONSYN,0.22335052551716408,0.7996047518969803,0.2371670559890243,-2.4328000000000003,100.0,2.0,6.0,0.4061071843541189,0.0811253031217912,0.6659104443036024,0.4061,0.0811253031217912,0.4061071843541189,0.0811253031217912,,0.0811253031217912,0.05736425196323275,0.7773,0.37116110616559544,0.578719973564148,0.4097,0.0571,0.997,,,,3.2111769626580973,,,,
6127,P35557,L,292,M,NONSYN,0.4855550162170784,0.8986236935172376,0.033284189452864155,0.15566666666666665,100.0,2.0,6.0,1.50056340355342,0.43118329670396605,0.0019395790382814829,1.5006,0.43118329670396605,1.50056340355342,0.43118329670396605,,0.43118329670396605,0.3048926330337455,0.9077,0.5928842033809958,0.37392690777778625,1.2638,0.2363,0.025,,,,3.2111769626580973,,,,
6128,P35557,L,292,W,NONSYN,0.28885364138641745,0.7028267593851173,0.07521176422866006,-1.8677333333333335,100.0,2.0,6.0,0.580770033889371,0.124622419169718,0.41951255922955993,0.5808,0.124622419169718,0.580770033889371,0.124622419169718,,0.124622419169718,0.08812135768277998,0.6916,0.1108617600864591,0.42123329639434814,0.5854,0.0863,0.997,,,,3.2111769626580973,,,,
6129,P35557,L,292,H,NONSYN,0.29725486605293433,0.9751638033756597,0.08655719181874343,-1.9786333333333335,100.0,2.0,6.0,1.08902810206141,0.11160221677700899,0.03001541824477141,1.089,0.11160221677700899,1.08902810206141,0.11160221677700899,,0.11160221677700899,0.07891468427847413,0.861,0.22801010002817645,0.4225708842277527,1.0813,0.0776,0.9840000000000001,,,,3.2111769626580973,,,,
6130,P35557,L,292,Q,NONSYN,0.3225298006389851,1.3037922992122704,0.053360658558382325,-1.5422,100.0,2.0,6.0,0.9956409261968249,0.19112967195403602,0.053429877752201226,0.9956,0.19112967195403602,0.9956409261968249,0.19112967195403602,,0.19112967195403602,0.13514908712465915,1.0452,0.04956514374946419,0.5114825367927551,0.9989,0.1307,0.995,,,,3.2111769626580973,,,,
6131,P35557,L,292,*,STOP,,,,,,,,,,,,,,,,,,,,,,,,,,,3.2111769626580973,,,,
6132,P35557,I,293,S,NONSYN,0.3569880228913576,0.06139805857131214,0.05087920620715471,-2.078,100.0,2.0,6.0,-0.0820877507268474,0.13106574549793,0.9657839516916608,-0.0821,0.13106574549793,-0.0820877507268474,0.13106574549793,,0.13106574549793,0.0926774774228565,0.228,0.3100823715268657,0.33371180295944214,-0.0599,0.0893,0.4970000000000001,,,,0.5237543889264781,,,,
6133,P35557,I,293,A,NONSYN,0.28919971369701003,-0.3347318941926903,0.12272080149749261,-1.0550333333333333,100.0,2.0,6.0,0.0695391550602211,0.24114905226025102,0.9273201636454721,0.0695,0.24114905226025102,0.0695391550602211,0.24114905226025102,,0.24114905226025102,0.1705181301299326,0.1403,0.07080281228406296,0.34607020020484924,0.0834,0.153,0.938,,,,0.5237543889264781,,,,
6134,P35557,I,293,V,NONSYN,0.5093217990682584,0.40240659139181933,0.13062520058901894,0.12380000000000002,100.0,2.0,6.0,0.459077073970536,0.0941544572536683,0.5952619045244412,0.4591,0.0941544572536683,0.459077073970536,0.0941544572536683,,0.0941544572536683,0.06657725520300778,0.7001,0.24103383835246206,0.47419673204421997,0.4637,0.0659,0.28,,,,0.5237543889264781,,,,
6135,P35557,I,293,R,NONSYN,0.3272410050264404,0.579277612392256,0.09388309626605278,-2.2922666666666665,100.0,2.0,6.0,-0.298009468861676,0.16731258002572302,0.9881737136628307,-0.298,0.16731258002572302,-0.298009468861676,0.16731258002572302,,0.16731258002572302,0.11830785991400565,0.6093,0.9073136585436828,0.45136746764183044,-0.2397,0.1144,1.0,,,,0.5237543889264781,,,,
6136,P35557,I,293,D,NONSYN,0.16544784150713826,0.27133385772664514,0.24645452047913288,-2.5876333333333332,100.0,2.0,6.0,-0.0682206372566909,0.282615893339805,0.9633400573666692,-0.0682,0.282615893339805,-0.0682206372566909,0.282615893339805,,0.282615893339805,0.19983961465167016,0.3459,0.4141096095391006,0.8393227458000183,-0.046,0.1944,1.0,,,,0.5237543889264781,,,,
6137,P35557,I,293,F,NONSYN,0.4538389948012209,-0.3347318941926904,0.1227208014974926,-1.0550333333333333,100.0,2.0,6.0,-0.15024868239387498,0.434589993463509,0.97560324036135,-0.1502,0.434589993463509,-0.15024868239387498,0.434589993463509,,0.434589993463509,0.30730153141386457,0.1844,0.3346010505102538,0.35964709520339966,-0.009,0.2336,0.9990000000000001,,,,0.5237543889264781,,,,
6138,P35557,I,293,T,NONSYN,0.4688475184602092,-0.30954503595390204,0.15212841425198625,-0.9611333333333333,100.0,2.0,6.0,-0.22580925711023997,0.20828008779321106,0.9831857413067331,-0.2258,0.20828008779321106,-0.22580925711023997,0.20828008779321106,,0.20828008779321106,0.14727626246470898,0.1725,0.39830968864786814,0.3751388490200043,-0.1726,0.1371,0.893,,,,0.5237543889264781,,,,
6139,P35557,I,293,I,SYN,,,,,100.0,2.0,6.0,0.9380170372154171,0.05,0.07526074323550397,0.938,0.05,0.9380170372154171,0.05,,0.05,0.035355339059327376,,,,0.938,0.0354,,,,,0.5237543889264781,,,,
6140,P35557,I,293,L,NONSYN,0.4687676623700352,0.32507333167471797,0.11634573822437856,0.3612333333333333,100.0,2.0,6.0,0.6910768531218399,0.268968551856453,0.2722033359300146,0.6911,0.268968551856453,0.6910768531218399,0.268968551856453,,0.268968551856453,0.19018948694362348,0.7339,0.042850515995896954,0.4521975815296173,0.6975,0.1753,0.023,,,,0.5237543889264781,,,,
6141,P35557,I,293,K,NONSYN,0.25092304942959986,0.41036742594021214,0.05608148959254336,-2.1344,100.0,2.0,6.0,0.19460507274484,0.0993395863065589,0.8666333475514594,0.1946,0.0993395863065589,0.19460507274484,0.0993395863065589,,0.0993395863065589,0.07024369511763409,0.4721,0.2775059735693995,0.40328162908554077,0.2028,0.0692,0.9940000000000001,,,,0.5237543889264781,,,,
6142,P35557,I,293,G,NONSYN,0.2286457322751229,0.22082283285477036,0.2550445248957734,-2.4901666666666666,100.0,2.0,6.0,0.0833124373589335,0.0482692542251293,0.9222133056573933,0.0833,0.0482692542251293,0.0833124373589335,0.0482692542251293,,0.0482692542251293,0.03413151698540634,0.4163,0.3330249931182088,0.6786959171295166,0.0842,0.0341,0.9740000000000001,,,,0.5237543889264781,,,,
6143,P35557,I,293,Y,NONSYN,0.13155243779361564,-0.24084214665299064,0.08413031700218947,-1.0679999999999998,100.0,2.0,6.0,-0.21213008755887802,0.4492633896383979,0.9820185202255445,-0.2121,0.4492633896383979,-0.21213008755887802,0.4492633896383979,,0.4492633896383979,0.31767718935216527,0.1144,0.32654328936780747,0.29585373401641846,-0.0373,0.2165,0.987,,,,0.5237543889264781,,,,
6144,P35557,I,293,N,NONSYN,0.35592577166482897,0.3494917267388886,0.2505501855139101,-2.2975999999999996,100.0,2.0,6.0,-0.0597379254660559,0.252776368789691,0.9617592081613517,-0.0597,0.252776368789691,-0.0597379254660559,0.252776368789691,,0.252776368789691,0.17873988449490208,0.3945,0.45426026457166196,0.5810076594352722,-0.0205,0.1708,1.0,,,,0.5237543889264781,,,,
6145,P35557,I,293,C,NONSYN,0.3956709195432079,-0.12280006320296562,0.12982275387931122,-1.1501666666666666,100.0,2.0,6.0,-0.566256337908953,0.16083819174199598,0.9966635714185788,-0.5663,0.16083819174199598,-0.566256337908953,0.16083819174199598,,0.16083819174199598,0.11372977605454752,0.1675,0.7337818081657584,0.3733590841293335,-0.504,0.1088,0.187,,,,0.5237543889264781,,,,
6146,P35557,I,293,P,NONSYN,0.14199266304317096,0.08655582106914954,0.07977271091140077,-2.2159,100.0,2.0,6.0,1.24151317485154,0.141011597818155,0.011223004083663682,1.2415,0.141011597818155,1.24151317485154,0.141011597818155,,0.141011597818155,0.09971025704316756,0.1674,1.0740763963061604,0.31777751445770264,1.1452,0.0951,1.0,,,,0.5237543889264781,,,,
6147,P35557,I,293,E,NONSYN,0.17211454446743213,0.06610339782118403,0.0962525244911794,-2.2968999999999995,100.0,2.0,6.0,0.790427061287058,1.0134550500347,0.1695724191777777,0.7904,1.0134550500347,0.790427061287058,1.0134550500347,,1.0134550500347,0.7166209383072881,0.1318,0.6586412214909917,0.28733134269714355,0.223,0.2667,1.0,,,,0.5237543889264781,,,,
6148,P35557,I,293,M,NONSYN,0.42718435575891617,0.3333017482328336,0.12249208730161197,0.4004666666666667,100.0,2.0,6.0,0.6663916034474929,0.214290527588635,0.30261949865157306,0.6664,0.214290527588635,0.6663916034474929,0.214290527588635,,0.214290527588635,0.15152628520196676,0.5623,0.10404657552390895,0.4607643485069275,0.6562,0.1439,0.9590000000000001,,,,0.5237543889264781,,,,
6149,P35557,I,293,W,NONSYN,0.174286826410949,0.4746960020958786,0.05517668514441754,-2.117266666666666,100.0,2.0,6.0,0.0016193442778406,0.10807570241557901,0.9481007902915884,0.0016,0.10807570241557901,0.0016193442778406,0.10807570241557901,,0.10807570241557901,0.07642106205955525,0.4042,0.4025655931992712,0.3911169767379761,0.0164,0.075,1.0,,,,0.5237543889264781,,,,
6150,P35557,I,293,H,NONSYN,0.28548817071874943,0.14422655565310868,0.24933027298636576,-2.3060999999999994,100.0,2.0,6.0,0.556057587791284,0.27362836187662604,0.4553409882714962,0.5561,0.27362836187662604,0.556057587791284,0.27362836187662604,,0.27362836187662604,0.19348447020792883,0.2838,0.27229626529296247,0.4419897496700287,0.5123,0.1772,1.0,,,,0.5237543889264781,,,,
6151,P35557,I,293,Q,NONSYN,0.19562317673292887,0.4792458639580735,0.047977414581937605,-2.121633333333333,100.0,2.0,6.0,-0.0120302413087442,0.15826488674587302,0.9515081015934093,-0.012,0.15826488674587302,-0.0120302413087442,0.15826488674587302,,0.15826488674587302,0.11191017464172776,0.4042,0.416215178785856,0.38916435837745667,0.0198,0.1076,1.0,,,,0.5237543889264781,,,,
6152,P35557,I,293,*,STOP,,,,,100.0,2.0,6.0,-0.436439069896461,0.05,0.9938994463814237,-0.4364,0.05,-0.436439069896461,0.05,,0.05,0.035355339059327376,,,,-0.4364,0.0354,,,,,0.5237543889264781,,,,
6153,P35557,G,294,S,NONSYN,0.36837526824294986,0.22951068105733738,0.20874564111680294,-0.8648000000000001,100.0,2.0,6.0,1.06003699242269,0.0581645814819386,0.03598872869261272,1.06,0.0581645814819386,1.06003699242269,0.0581645814819386,,0.0581645814819386,0.04112856999075627,0.5309,0.5291740053812166,0.5372546911239624,1.057,0.041,0.479,,,,0.3775591219154757,,,,
6154,P35557,G,294,A,NONSYN,0.4089269105168704,0.13892741716078064,0.20694077827850874,-0.9328,100.0,2.0,6.0,1.3317867841123603,0.129952853037063,0.006152071277557044,1.3318,0.129952853037063,1.3317867841123603,0.129952853037063,,0.129952853037063,0.09189054361704607,0.4983,0.8334687079786323,0.5662684440612793,1.3104,0.0907,0.94,,,,0.3775591219154757,,,,
6155,P35557,G,294,V,NONSYN,0.3988573139738447,-0.17789944894580126,0.07259081716808491,-2.7219333333333338,100.0,2.0,6.0,-0.0765114609981729,0.156155230217534,0.9648215854592515,-0.0765,0.156155230217534,-0.0765114609981729,0.156155230217534,,0.156155230217534,0.11041842220456476,0.0786,0.15510090039026275,0.2712279260158539,-0.0545,0.1023,0.9990000000000001,,,,0.3775591219154757,,,,
6156,P35557,G,294,R,NONSYN,0.3362652746103357,-0.07041521250591866,0.18986963810233828,-1.9470333333333334,100.0,2.0,6.0,0.11486153714483001,0.15638323541496202,0.9091906084855486,0.1149,0.15638323541496202,0.11486153714483001,0.15638323541496202,,0.15638323541496202,0.11057964622581189,0.1189,0.004038165880987862,0.3547515869140625,0.1152,0.1056,1.0,,,,0.3775591219154757,,,,
6157,P35557,G,294,D,NONSYN,0.3623286966209139,0.1341754619926937,0.12061721795512655,-1.5976,100.0,2.0,6.0,-0.28988186461445803,0.8639842844920591,0.9876984030567988,-0.2899,0.8639842844920591,-0.28988186461445803,0.8639842844920591,,0.8639842844920591,0.6109291464029423,0.244,0.5338503215980244,0.394209086894989,0.087,0.3312,1.0,,,,0.3775591219154757,,,,
6158,P35557,G,294,F,NONSYN,0.3709207412708021,-0.17035708327439394,0.062391573853365946,-2.717866666666667,100.0,2.0,6.0,-0.0991385580123948,0.221732686833576,0.9685648310149859,-0.0991,0.221732686833576,-0.0991385580123948,0.221732686833576,,0.221732686833576,0.15678868647073468,0.0778,0.17698618779793251,0.2690693736076355,-0.0543,0.1355,1.0,,,,0.3775591219154757,,,,
6159,P35557,G,294,T,NONSYN,0.21962954488217865,0.033030661293197726,0.23497305103711966,-1.5144,100.0,2.0,6.0,0.0135525374840299,0.12049920254095098,0.9449285842094147,0.0136,0.12049920254095098,0.0135525374840299,0.12049920254095098,,0.12049920254095098,0.08520580324427769,0.184,0.17047173686518274,0.4645114541053772,0.0191,0.0838,1.0,,,,0.3775591219154757,,,,
6160,P35557,G,294,I,NONSYN,0.29686370150880703,-0.17789944894580126,0.07259081716808491,-2.721933333333333,100.0,2.0,6.0,-0.11968442290577401,0.40303355571773103,0.9716137593833384,-0.1197,0.40303355571773103,-0.11968442290577401,0.40303355571773103,,0.40303355571773103,0.28498776029373385,0.0778,0.19753205269131174,0.2712279260158539,-0.016,0.1965,1.0,,,,0.3775591219154757,,,,
6161,P35557,G,294,L,NONSYN,0.33670580158540125,-0.12851911346196523,0.0724596923272019,-2.6893,100.0,2.0,6.0,-0.224652467449681,0.15724761039166,0.9830901244075559,-0.2247,0.15724761039166,-0.224652467449681,0.15724761039166,,0.15724761039166,0.11119085163332298,0.0833,0.30792081185199427,0.2712279260158539,-0.1803,0.1029,1.0,,,,0.3775591219154757,,,,
6162,P35557,G,294,K,NONSYN,0.4007452768135149,-0.10959566942130998,0.23542602832150486,-1.5245,100.0,2.0,6.0,0.441431529627553,0.10336641648616901,0.6194896461081533,0.4414,0.10336641648616901,0.441431529627553,0.10336641648616901,,0.10336641648616901,0.07309109404432304,0.1643,0.27712545524667836,0.4645114541053772,0.4347,0.0722,1.0,,,,0.3775591219154757,,,,
6163,P35557,G,294,G,SYN,,,,,100.0,2.0,6.0,0.8906997255660859,0.05,0.09877405102384404,0.8907,0.05,0.8906997255660859,0.05,,0.05,0.035355339059327376,,,,0.8907,0.0354,,,,,0.3775591219154757,,,,
6164,P35557,G,294,Y,NONSYN,0.28089736795090275,-0.13343416215341625,0.07389055394020079,-2.6748999999999996,100.0,2.0,6.0,-0.209907321375328,0.144767005508928,0.9818211240673077,-0.2099,0.144767005508928,-0.209907321375328,0.144767005508928,,0.144767005508928,0.10236573128743326,0.0833,0.2931756657776412,0.2712279260158539,-0.1734,0.0958,1.0,,,,0.3775591219154757,,,,
6165,P35557,G,294,N,NONSYN,0.382875509440285,0.7006473039735307,0.2063895597058976,-0.8179,100.0,2.0,6.0,-0.35337287632589004,0.144875051244318,0.9909438477469764,-0.3534,0.144875051244318,-0.35337287632589004,0.144875051244318,,0.144875051244318,0.1024421311596058,0.6622,1.0155453130400625,0.591193437576294,-0.3238,0.1009,1.0,,,,0.3775591219154757,,,,
6166,P35557,G,294,C,NONSYN,0.3672992043124827,0.024841526757432366,0.06767863126581283,-2.438433333333333,100.0,2.0,6.0,0.123595680291867,0.15848384540711402,0.9052355107381049,0.1236,0.15848384540711402,0.123595680291867,0.15848384540711402,,0.15848384540711402,0.1120650017958908,0.1067,0.016939188535427793,0.2646900415420532,0.121,0.1032,1.0,,,,0.3775591219154757,,,,
6167,P35557,G,294,P,NONSYN,0.2021261040610908,0.006179350648150335,0.17379063382149273,-1.8968333333333334,100.0,2.0,6.0,-0.114922152317377,0.360148618713876,0.9709348850899914,-0.1149,0.360148618713876,-0.114922152317377,0.360148618713876,,0.360148618713876,0.25466353052755003,0.17,0.2849466963180026,0.37063026428222656,-0.0235,0.2099,0.9490000000000001,,,,0.3775591219154757,,,,
6168,P35557,G,294,E,NONSYN,0.4108810729254607,0.03763136947400266,0.17600895820857196,-1.9435333333333331,100.0,2.0,6.0,-0.209278208794934,0.34020521186613395,0.9817648512428478,-0.2093,0.34020521186613395,-0.209278208794934,0.34020521186613395,,0.34020521186613395,0.2405614123055494,0.1189,0.32817791182075184,0.30919498205184937,-0.0855,0.1899,1.0,,,,0.3775591219154757,,,,
6169,P35557,G,294,M,NONSYN,0.2878381921366005,-0.07429957049036934,0.10482998467632317,-2.275,100.0,2.0,6.0,0.382608280716068,0.12279652626280001,0.6949944713680792,0.3826,0.12279652626280001,0.382608280716068,0.12279652626280001,,0.12279652626280001,0.08683025642657785,0.1048,0.2778227787591283,0.28226056694984436,0.3586,0.083,1.0,,,,0.3775591219154757,,,,
6170,P35557,G,294,W,NONSYN,0.355895468841822,0.14323083333658734,0.05989832683692128,-2.4539666666666666,100.0,2.0,6.0,-0.23157223944559802,0.20732512041175302,0.9836538629338402,-0.2316,0.20732512041175302,-0.23157223944559802,0.20732512041175302,,0.20732512041175302,0.14660099855346806,0.242,0.4735377419461321,0.34343355894088745,-0.1586,0.1348,1.0,,,,0.3775591219154757,,,,
6171,P35557,G,294,H,NONSYN,0.3218287257213429,-0.06977960798916033,0.12245233314351918,-1.9332999999999998,100.0,2.0,6.0,0.112954723594555,0.6351865999638521,0.9100331312504807,0.113,0.6351865999638521,0.112954723594555,0.6351865999638521,,0.6351865999638521,0.4491447521532666,0.1048,0.008169221637615298,0.2879050374031067,0.1072,0.2424,1.0,,,,0.3775591219154757,,,,
6172,P35557,G,294,Q,NONSYN,0.29754150588632416,-0.026954711388691367,0.09271082889906707,-1.7754,100.0,2.0,6.0,-0.0524576811335018,0.486485934986844,0.9603479352504638,-0.0525,0.486485934986844,-0.0524576811335018,0.486485934986844,,0.486485934986844,0.3439975035810753,0.1067,0.159114172889941,0.29177919030189514,0.0401,0.2225,1.0,,,,0.3775591219154757,,,,
6173,P35557,G,294,*,STOP,,,,,100.0,2.0,6.0,-0.18556968673829,0.05,0.9795083780459031,-0.1856,0.05,-0.18556968673829,0.05,,0.05,0.035355339059327376,,,,-0.1856,0.0354,,,,,0.3775591219154757,C,296.0,,
6174,P35557,G,295,S,NONSYN,0.36837526824294986,-0.16134726157919443,0.1851127114893882,-0.8648000000000001,100.0,2.0,6.0,-0.15154075279818802,0.24613941012414198,0.9757587086553914,-0.1515,0.24613941012414198,-0.15154075279818802,0.24613941012414198,,0.24613941012414198,0.17404684601603754,0.2474,0.39891498938189773,0.417302668094635,-0.0924,0.1606,0.7659999999999999,,,,13.404333384665351,,,,
6175,P35557,G,295,A,NONSYN,0.4089269105168704,-0.204702552537539,0.19071971717504857,-0.9328,100.0,2.0,6.0,-0.0214748799231543,0.15051015599445,0.953734821345666,-0.0215,0.15051015599445,-0.0214748799231543,0.15051015599445,,0.15051015599445,0.10642675194112068,0.2381,0.2595647096064581,0.42613616585731506,-0.0062,0.1033,0.867,,,,13.404333384665351,,,,
6176,P35557,G,295,V,NONSYN,0.3988573139738447,-0.051537329217456324,0.04176422849790912,-2.7219333333333338,100.0,2.0,6.0,-0.15360909742042403,0.126048501610882,0.9760054798951786,-0.1536,0.126048501610882,-0.15360909742042403,0.126048501610882,,0.126048501610882,0.0891297502474581,0.1079,0.26151421707794054,0.26338931918144226,-0.1267,0.0844,0.996,,,,13.404333384665351,,,,
6177,P35557,G,295,R,NONSYN,0.3362652746103357,0.12173388662122164,0.19676302382440855,-1.9470333333333334,100.0,2.0,6.0,-0.147071421003391,0.239580668376098,0.9752165944577417,-0.1471,0.239580668376098,-0.147071421003391,0.239580668376098,,0.239580668376098,0.16940911524994434,0.2904,0.4374577401638524,0.4397136867046356,-0.0905,0.1581,0.985,,,,13.404333384665351,,,,
6178,P35557,G,295,D,NONSYN,0.3623286966209139,0.10998355987685203,0.09774495689245864,-1.5976,100.0,2.0,6.0,-0.10189163129961001,0.761674777958499,0.9689919057024567,-0.1019,0.761674777958499,-0.10189163129961001,0.761674777958499,,0.761674777958499,0.5385854005532125,0.3586,0.46047451537286743,0.41230225563049316,0.1884,0.3274,0.042,,,0.0,13.404333384665351,,,,
6179,P35557,G,295,F,NONSYN,0.3709207412708021,-0.06594714028408534,0.048707213488288305,-2.717866666666667,100.0,2.0,6.0,-0.11037966422053698,0.0676880433350098,0.9702719830174724,-0.1104,0.0676880433350098,-0.11037966422053698,0.0676880433350098,,0.0676880433350098,0.04786267444743432,0.1048,0.21516516617747666,0.26338931918144226,-0.1035,0.0471,1.0,,,,13.404333384665351,,,,
6180,P35557,G,295,T,NONSYN,0.21962954488217865,-0.0663615357310313,0.18538555735020115,-1.5144,100.0,2.0,6.0,0.42714365552404,0.365378377039034,0.6386260774559039,0.4271,0.365378377039034,0.42714365552404,0.365378377039034,,0.365378377039034,0.25836152810323604,0.1404,0.28670524786450935,0.37789198756217957,0.3358,0.2133,0.9940000000000001,,,,13.404333384665351,,,,
6181,P35557,G,295,I,NONSYN,0.29686370150880703,-0.051537329217456324,0.04176422849790912,-2.721933333333333,100.0,2.0,6.0,-0.0864498609259115,0.61512897929524,0.9665182186834829,-0.0864,0.61512897929524,-0.0864498609259115,0.61512897929524,,0.61512897929524,0.4349618725640236,0.1053,0.1917369955732809,0.26338931918144226,0.0538,0.2253,0.997,,,,13.404333384665351,,,,
6182,P35557,G,295,L,NONSYN,0.33670580158540125,-0.07469708935422543,0.04021712588641408,-2.6893,100.0,2.0,6.0,-0.0841298170101167,0.134800700935353,0.9661296920352476,-0.0841,0.134800700935353,-0.0841298170101167,0.134800700935353,,0.134800700935353,0.09531848974008789,0.104,0.18810940456504832,0.26338931918144226,-0.0623,0.0896,0.9940000000000001,,,,13.404333384665351,,,,
6183,P35557,G,295,K,NONSYN,0.4007452768135149,0.11140355218962701,0.20237326807201392,-1.5245,100.0,2.0,6.0,-0.10615160823793501,0.122200379695948,0.9696411887520979,-0.1062,0.122200379695948,-0.10615160823793501,0.122200379695948,,0.122200379695948,0.08640871714657572,0.3462,0.4523627138230333,0.4844663739204407,-0.0922,0.0851,0.264,,,,13.404333384665351,,,,
6184,P35557,G,295,G,SYN,,,,,100.0,2.0,6.0,1.41834231550282,0.05,0.0034193698186799786,1.4183,0.05,1.41834231550282,0.05,,0.05,0.035355339059327376,,,,1.4183,0.0354,,,,,13.404333384665351,,,,
6185,P35557,G,295,Y,NONSYN,0.28089736795090275,-0.1160395262170259,0.04633280871497549,-2.6748999999999996,100.0,2.0,6.0,0.0398974935782847,0.0929710379272788,0.9372343558690222,0.0399,0.0929710379272788,0.0398974935782847,0.0929710379272788,,0.0929710379272788,0.06574045137233053,0.0851,0.045169838212639375,0.26338931918144226,0.0425,0.0638,1.0,,,,13.404333384665351,,,,
6186,P35557,G,295,N,NONSYN,0.382875509440285,-0.09163575467365077,0.19197603780620684,-0.8179,100.0,2.0,6.0,-0.360675273514819,0.11831784630207,0.9912552823859376,-0.3607,0.11831784630207,-0.360675273514819,0.11831784630207,,0.11831784630207,0.08366335145558136,0.1539,0.5145626944075344,0.4060302972793579,-0.3397,0.0819,0.9890000000000001,,,,13.404333384665351,,,,
6187,P35557,G,295,C,NONSYN,0.3672992043124827,-0.1844938304425561,0.06619509569551,-2.438433333333333,100.0,2.0,6.0,0.14069850012761098,0.25889744917858704,0.897018813782414,0.1407,0.25889744917858704,0.14069850012761098,0.25889744917858704,,0.25889744917858704,0.18306814194607843,0.0786,0.06210906073552114,0.2646900415420532,0.1206,0.1506,0.9990000000000001,,,,13.404333384665351,,,,
6188,P35557,G,295,P,NONSYN,0.2021261040610908,-0.12702147675107966,0.1804123459702709,-1.8968333333333334,100.0,2.0,6.0,0.5991946691135129,0.410373256984471,0.39321240654678935,0.5992,0.410373256984471,0.5991946691135129,0.410373256984471,,0.410373256984471,0.29017771283132915,0.1082,0.4910198682407102,0.31211966276168823,0.3715,0.2125,0.992,,,,13.404333384665351,,,,
6189,P35557,G,295,E,NONSYN,0.4108810729254607,0.02071134875446401,0.17475583823572297,-1.9435333333333331,100.0,2.0,6.0,0.155996192596882,0.45229240376831503,0.8891133019214386,0.156,0.45229240376831503,0.155996192596882,0.45229240376831503,,0.45229240376831503,0.3198190257837395,0.1609,0.004913519717723719,0.3669109344482422,0.1581,0.2411,0.961,,,,13.404333384665351,,,,
6190,P35557,G,295,M,NONSYN,0.2878381921366005,0.1253509322149403,0.12327098161899235,-2.275,100.0,2.0,6.0,-0.0360320213109413,0.157781109793832,0.95696905833399,-0.036,0.157781109793832,-0.0360320213109413,0.157781109793832,,0.157781109793832,0.1115680926783578,0.2156,0.2516106369763771,0.38125544786453247,-0.0162,0.1071,1.0,,,,13.404333384665351,,,,
6191,P35557,G,295,W,NONSYN,0.355895468841822,-0.016314206201251447,0.07739185736572493,-2.4539666666666666,100.0,2.0,6.0,-0.363840372596303,0.19516436439154897,0.9913867866837784,-0.3638,0.19516436439154897,-0.363840372596303,0.19516436439154897,,0.19516436439154897,0.13800204550722664,0.1067,0.4704968643527422,0.26937031745910645,-0.266,0.1228,1.0,,,,13.404333384665351,,,,
6192,P35557,G,295,H,NONSYN,0.3218287257213429,0.20270648023566798,0.1546274241189844,-1.9332999999999998,100.0,2.0,6.0,-0.38998920184672997,0.569128937277734,0.9923975078353714,-0.39,0.569128937277734,-0.38998920184672997,0.569128937277734,,0.569128937277734,0.4024349309185789,0.2842,0.6741889165073744,0.407976359128952,-0.0575,0.2865,0.9990000000000001,,,,13.404333384665351,,,,
6193,P35557,G,295,Q,NONSYN,0.29754150588632416,0.14535614237251035,0.14822443072991578,-1.7754,100.0,2.0,6.0,0.0089586323444511,0.153424533751426,0.9461718256921232,0.009,0.153424533751426,0.0089586323444511,0.153424533751426,,0.153424533751426,0.10848752821601766,0.302,0.2930510395820473,0.4304873049259186,0.0265,0.1052,0.9940000000000001,,,,13.404333384665351,,,,
6194,P35557,G,295,*,STOP,,,,,100.0,2.0,6.0,0.0019349599859555,0.05,0.9480192617807709,0.0019,0.05,0.0019349599859555,0.05,,0.05,0.035355339059327376,,,,0.0019,0.0354,,,,,13.404333384665351,,,,
6195,P35557,K,296,S,NONSYN,0.39799365034538775,0.8166434470777334,0.05309039643562269,-0.8266,100.0,2.0,6.0,1.9775507762962499,0.115326194069199,6.166028040821123e-05,1.9776,0.115326194069199,1.9775507762962499,0.115326194069199,,0.115326194069199,0.0815479338747664,0.8814,1.0961082294517674,0.40731218457221985,1.9353,0.08,0.423,,,,104.54803132284836,,,,
6196,P35557,K,296,A,NONSYN,0.4253782567817681,0.929513758386337,0.201298307586845,-0.8658,100.0,2.0,6.0,0.893729357676689,0.0719121429637814,0.09709731257170118,0.8937,0.0719121429637814,0.893729357676689,0.0719121429637814,,0.0719121429637814,0.050849563939346296,0.89,0.0036926555206221456,0.5360320210456848,0.8937,0.0506,0.919,,,,104.54803132284836,,,,
6197,P35557,K,296,V,NONSYN,0.4018371367991864,0.34574841249540283,0.029245681384188666,-1.8981333333333332,100.0,2.0,6.0,0.56008646419912,0.10268077552856199,0.4494698629967073,0.5601,0.10268077552856199,0.56008646419912,0.10268077552856199,,0.10268077552856199,0.07260627267373988,0.6316,0.07150783607096056,0.42405351996421814,0.5621,0.0716,0.882,,,,104.54803132284836,,,,
6198,P35557,K,296,R,NONSYN,0.4425642104838123,2.3329230349689767,0.027068117433540168,0.014233333333333356,100.0,2.0,6.0,1.1238668680068602,0.158313566423289,0.02407134103689959,1.1239,0.158313566423289,1.1238668680068602,0.158313566423289,,0.158313566423289,0.11194459637173457,1.577,0.4531101465347658,0.5702851414680481,1.1407,0.1098,0.884,,,,104.54803132284836,,,,
6199,P35557,K,296,D,NONSYN,0.3868073539125079,0.8166434470777334,0.05309039643562269,-0.8266,100.0,2.0,6.0,1.2323402916025,0.8269310057623309,0.011921500788805004,1.2323,0.8269310057623309,1.2323402916025,0.8269310057623309,,0.8269310057623309,0.5847285217479562,0.8129,0.4194215689729528,0.421546995639801,0.9564,0.3419,0.982,,,,104.54803132284836,,,,
6200,P35557,K,296,F,NONSYN,0.39391394066408775,0.5300359273947387,0.03226973374485158,-1.9194666666666667,100.0,2.0,6.0,0.15558289178182502,0.3622651454608521,0.8893340458475998,0.1556,0.3622651454608521,0.15558289178182502,0.3622651454608521,,0.3622651454608521,0.2561601409428995,0.5859,0.4303014408750353,0.42405351996421814,0.2706,0.2193,0.998,,,,104.54803132284836,,,,
6201,P35557,K,296,T,NONSYN,0.4423640368257771,1.1361139956171664,0.1984575963294998,-0.8377,100.0,2.0,6.0,0.273928645984201,0.160037483239584,0.8075692842903913,0.2739,0.160037483239584,0.273928645984201,0.160037483239584,,0.160037483239584,0.11316358964273829,0.9683,0.6943503581127839,0.6192333698272705,0.2964,0.1113,0.861,,,,104.54803132284836,,,,
6202,P35557,K,296,I,NONSYN,0.4603939774498695,0.327232452199746,0.0906039823036679,-1.9278666666666666,100.0,2.0,6.0,0.763993317366803,0.04708088291458401,0.19363874242723897,0.764,0.04708088291458401,0.763993317366803,0.04708088291458401,,0.04708088291458401,0.033291211573152214,0.6364,0.12760698247071534,0.4528714716434479,0.7633,0.0332,0.92,,,,104.54803132284836,,,,
6203,P35557,K,296,L,NONSYN,0.4356747906628182,0.4437679003556785,0.03329566856066036,-1.8765,100.0,2.0,6.0,0.266028000618293,0.0773569110563583,0.8142949340290632,0.266,0.0773569110563583,0.266028000618293,0.0773569110563583,,0.0773569110563583,0.05469959637959556,0.7086,0.44255106279723433,0.4141761064529419,0.2736,0.0542,0.617,,,,104.54803132284836,,,,
6204,P35557,K,296,K,SYN,,,,,100.0,2.0,6.0,-0.0244127528600371,0.05,0.9544064997823323,-0.0244,0.05,-0.0244127528600371,0.05,,0.05,0.035355339059327376,,,,-0.0244,0.0354,,,,,104.54803132284836,,,,
6205,P35557,K,296,G,NONSYN,0.3929842999811576,0.4583462556644988,0.033095574632854445,-1.5884666666666665,100.0,2.0,6.0,2.03439854073089,0.0822788243664286,4.016789333816277e-05,2.0344,0.0822788243664286,2.03439854073089,0.0822788243664286,,0.0822788243664286,0.0581799146575586,0.5943,1.4401265828565921,0.43522173166275024,2.0091,0.0577,0.965,,,,104.54803132284836,,,,
6206,P35557,K,296,Y,NONSYN,0.3944793974738757,0.9535043351827678,0.0359762562829445,-1.7455,100.0,2.0,6.0,0.0072239195011124,0.0848226184991983,0.9466340505658826,0.0072,0.0848226184991983,0.0072239195011124,0.0848226184991983,,0.0848226184991983,0.05997864873878261,0.8425,0.835230692753984,0.42037850618362427,0.0239,0.0594,0.982,,,,104.54803132284836,,,,
6207,P35557,K,296,N,NONSYN,0.4560364383708069,1.819721627788656,0.032887993190140435,-0.5051666666666667,100.0,2.0,6.0,1.17186031687769,0.10648091863625599,0.017687053983241028,1.1719,0.10648091863625599,1.17186031687769,0.10648091863625599,,0.10648091863625599,0.07529337963466963,1.2191,0.04722251545873579,0.6395681500434875,1.1725,0.0748,0.976,,,,104.54803132284836,,,,
6208,P35557,K,296,C,NONSYN,0.4535515939759026,0.3305538438888562,0.08838795987796617,-2.2871333333333332,100.0,2.0,6.0,0.904688414677345,0.0778311084134281,0.09123524402465616,0.9047,0.0778311084134281,0.904688414677345,0.0778311084134281,,0.0778311084134281,0.05503490454640035,0.3434,0.5612680283629529,0.374041885137558,0.8928,0.0544,1.0,,,,104.54803132284836,,,,
6209,P35557,K,296,P,NONSYN,0.27870648767165224,0.7713324402933216,0.19880257839060836,-0.9779666666666667,100.0,2.0,6.0,-0.0218270015764449,0.19453166019403198,0.9538158429217197,-0.0218,0.19453166019403198,-0.0218270015764449,0.19453166019403198,,0.19453166019403198,0.13755465607867717,0.7773,0.7990952920961593,0.5896217226982117,0.0194,0.134,0.997,,,,104.54803132284836,,,,
6210,P35557,K,296,E,NONSYN,0.4020218445230145,2.12947837727005,0.03763180563654307,-0.16533333333333333,100.0,2.0,6.0,2.5878847493930297,0.0315859839994758,5.101305477737241e-07,2.5879,0.0315859839994758,2.5878847493930297,0.0315859839994758,,0.0315859839994758,0.022334663476479125,1.279,1.3088432206912475,0.6338249444961548,2.5863,0.0223,0.925,,,,104.54803132284836,,,,
6211,P35557,K,296,M,NONSYN,0.43998119930382734,0.49481397867008536,0.20375222577524651,-0.9419333333333334,100.0,2.0,6.0,0.807728383293264,0.0444689646024238,0.15509245212623238,0.8077,0.0444689646024238,0.807728383293264,0.0444689646024238,,0.0444689646024238,0.03144430642271841,0.4776,0.33014345501910936,0.5466023087501526,0.8066,0.0314,0.998,,,,104.54803132284836,,,,
6212,P35557,K,296,W,NONSYN,0.4169292295856069,0.608088207941991,0.08803734264145839,-2.216833333333333,100.0,2.0,6.0,0.0720853225179406,0.08468247146377,0.9264010857457632,0.0721,0.08468247146377,0.0720853225179406,0.08468247146377,,0.08468247146377,0.05987954981966807,0.6592,0.5870926960520056,0.45678991079330444,0.082,0.0594,1.0,,,,104.54803132284836,,,,
6213,P35557,K,296,H,NONSYN,0.4436698866414692,0.7999994317544633,0.19924834317426354,-0.8412999999999999,100.0,2.0,6.0,1.2822723375723102,0.141248968630376,0.008568190478615303,1.2823,0.141248968630376,1.2822723375723102,0.141248968630376,,0.141248968630376,0.0998781035541448,0.7455,0.536728738443587,0.547619640827179,1.265,0.0983,0.9990000000000001,,,,104.54803132284836,,,,
6214,P35557,K,296,Q,NONSYN,0.4867518824335938,1.6278706447591933,0.04558206624229,0.19553333333333334,100.0,2.0,6.0,3.23902403863621,0.0291964594821097,1.914257454263473e-09,3.239,0.0291964594821097,3.23902403863621,0.0291964594821097,,0.0291964594821097,0.020645014486438042,1.1969,2.042134638154032,0.6261355876922607,3.2368,0.0206,0.973,,,,104.54803132284836,,,,
6215,P35557,K,296,*,STOP,,,,,100.0,2.0,6.0,0.0968473999726822,0.05,0.9168605809303411,0.0968,0.05,0.0968473999726822,0.05,,0.05,0.035355339059327376,,,,0.0968,0.0354,,,,,104.54803132284836,,,,
6216,P35557,Y,297,S,NONSYN,0.38834274260646795,0.24303034985805647,0.11414988630255192,-1.5604666666666667,100.0,2.0,6.0,0.9288496802943459,0.269219795203256,0.07938816615091066,0.9288,0.269219795203256,0.9288496802943459,0.269219795203256,,0.269219795203256,0.19036714281787587,0.4035,0.5253615211146584,0.4645819664001465,0.8533,0.1762,0.982,,,,13.534844630360894,,,,
6217,P35557,Y,297,A,NONSYN,0.20972259918765807,0.12574216900942678,0.1342346496273353,-1.7107666666666665,100.0,2.0,6.0,0.42398927854523705,0.21045016389327303,0.6427874083236724,0.424,0.21045016389327303,0.42398927854523705,0.21045016389327303,,0.21045016389327303,0.14881073799075367,0.3253,0.09864516304955528,0.4293525815010071,0.4134,0.1406,0.987,,,,13.534844630360894,,,,
6218,P35557,Y,297,V,NONSYN,0.299959060462427,0.5785174867983476,0.11467373432748353,-1.5651000000000002,100.0,2.0,6.0,-0.0776117305265276,0.265182314075124,0.965013610086446,-0.0776,0.265182314075124,-0.0776117305265276,0.265182314075124,,0.265182314075124,0.187512212533261,0.6846,0.7621637444005815,0.48121654987335205,0.0229,0.1747,0.9740000000000001,,,,13.534844630360894,,,,
6219,P35557,Y,297,R,NONSYN,0.1371352939524294,0.235224348300858,0.1360405465118271,-1.7367666666666663,100.0,2.0,6.0,0.0955427406709434,0.188424167926435,0.9173914782430638,0.0955,0.188424167926435,0.0955427406709434,0.188424167926435,,0.188424167926435,0.13323600688021495,0.4625,0.3669342876989602,0.518298864364624,0.1183,0.129,0.087,,,,13.534844630360894,,,,
6220,P35557,Y,297,D,NONSYN,0.2808273038865437,0.5609417659454347,0.06179962086882551,-2.4846,100.0,2.0,6.0,1.4990172769129801,0.6210358455509251,0.0019605227009409634,1.499,0.6210358455509251,1.4990172769129801,0.6210358455509251,,0.6210358455509251,0.4391386577489805,0.622,0.8769941712916423,0.41749364137649536,1.0384,0.3026,0.997,,,,13.534844630360894,,,,
6221,P35557,Y,297,F,NONSYN,0.4872780854634644,0.42131797837092105,0.12630309152637173,-0.06290000000000003,100.0,2.0,6.0,0.106797881371166,0.138883648286317,0.9127033513426055,0.1068,0.138883648286317,0.106797881371166,0.138883648286317,,0.138883648286317,0.09820556949918217,0.6718,0.5649958178933604,0.4851575791835785,0.129,0.0963,0.8690000000000001,,,,13.534844630360894,,,,
6222,P35557,Y,297,T,NONSYN,0.3050153834687861,0.43264616002301876,0.12112928977169789,-1.5653333333333332,100.0,2.0,6.0,0.360002249799459,0.20717468177964102,0.7214610627641271,0.36,0.20717468177964102,0.360002249799459,0.20717468177964102,,0.20717468177964102,0.14649462237654923,0.5084,0.14841642943790673,0.48082035779953003,0.3726,0.1401,0.993,,,,13.534844630360894,,,,
6223,P35557,Y,297,I,NONSYN,0.28896106325248155,0.6632137059757817,0.10930528538300081,-1.4040666666666668,100.0,2.0,6.0,-0.27900977602858695,0.44436712133223205,0.9870314704975087,-0.279,0.44436712133223205,-0.27900977602858695,0.44436712133223205,,0.44436712133223205,0.31421500483036663,0.8334,1.112373189839317,0.4715491235256195,0.063,0.2615,0.588,,,,13.534844630360894,,,,
6224,P35557,Y,297,L,NONSYN,0.28126980143421565,0.39089153056273035,0.1342316083421591,-1.3954666666666666,100.0,2.0,6.0,0.537956750210567,0.296973924348167,0.4817915758412567,0.538,0.296973924348167,0.537956750210567,0.296973924348167,,0.296973924348167,0.20999227574216964,0.7142,0.17619993704910708,0.509245753288269,0.5636,0.1941,0.009000000000000001,,,,13.534844630360894,,,,
6225,P35557,Y,297,K,NONSYN,0.19614719212003395,0.11612226308517415,0.14000729119209795,-1.7127333333333334,100.0,2.0,6.0,0.45284899631799497,0.12567204863432302,0.6038827261915486,0.4528,0.12567204863432302,0.45284899631799497,0.12567204863432302,,0.12567204863432302,0.0888635577949354,0.3257,0.12715962091745175,0.4293525815010071,0.4476,0.087,0.8170000000000001,,,,13.534844630360894,,,,
6226,P35557,Y,297,G,NONSYN,0.19871662093811185,0.9665545057399841,0.1550549466251905,-2.3432,100.0,2.0,6.0,0.282179057529332,0.147222082099699,0.8003373416841042,0.2822,0.147222082099699,0.282179057529332,0.147222082099699,,0.147222082099699,0.1041017325930998,0.8587,0.5765351653786881,0.4945060908794403,0.3066,0.1019,0.993,,,,13.534844630360894,,,,
6227,P35557,Y,297,Y,SYN,,,,,100.0,2.0,6.0,0.837577758073598,0.05,0.13240842410336884,0.8376,0.05,0.837577758073598,0.05,,0.05,0.035355339059327376,,,,0.8376,0.0354,,,,,13.534844630360894,,,,
6228,P35557,Y,297,N,NONSYN,0.3952363274633001,0.3241270051780585,0.07287218732876781,-1.7366333333333335,100.0,2.0,6.0,-0.17116522996065803,0.522535941370166,0.9779994344248532,-0.1712,0.522535941370166,-0.17116522996065803,0.522535941370166,,0.522535941370166,0.36948870755654056,0.4353,0.606452735348918,0.424266517162323,0.0904,0.2786,0.995,,,,13.534844630360894,,,,
6229,P35557,Y,297,C,NONSYN,0.4586734907533599,0.23522434830085795,0.1360405465118271,-1.7367666666666668,100.0,2.0,6.0,-0.065389660819138,0.248859491425559,0.9628199171387801,-0.0654,0.248859491425559,-0.065389660819138,0.248859491425559,,0.248859491425559,0.17597023394964822,0.2585,0.3238716401892552,0.41344043612480164,-0.0157,0.1619,1.0,,,,13.534844630360894,,,,
6230,P35557,Y,297,P,NONSYN,0.23460250402828794,0.6053387553705815,0.1523799281994442,-2.446166666666667,100.0,2.0,6.0,1.36582630863754,0.1909906611473,0.004889170146110724,1.3658,0.1909906611473,1.36582630863754,0.1909906611473,,0.1909906611473,0.13505079164055792,0.6618,0.7040167450007602,0.5310828685760498,1.3231,0.1309,0.9990000000000001,,,,13.534844630360894,,,,
6231,P35557,Y,297,E,NONSYN,0.2834825200829025,0.933151308243794,0.1639942411890706,-2.2428666666666666,100.0,2.0,6.0,0.0348199316694323,0.102925713057025,0.9387949988675008,0.0348,0.102925713057025,0.0348199316694323,0.102925713057025,,0.102925713057025,0.07277946966108315,0.837,0.8021629145906385,0.5059511661529541,0.0511,0.072,0.987,,,,13.534844630360894,,,,
6232,P35557,Y,297,M,NONSYN,0.28510862464089565,0.40374673318909243,0.10157709349116079,-1.5896,100.0,2.0,6.0,0.446700530301238,0.348282255222982,0.6123201879630664,0.4467,0.348282255222982,0.446700530301238,0.348282255222982,,0.348282255222982,0.24627274443511443,0.5767,0.12997691129574684,0.4739510416984558,0.4743,0.2185,0.987,,,,13.534844630360894,,,,
6233,P35557,Y,297,W,NONSYN,0.3374643971404331,0.30263525152431975,0.13012896201953805,0.17450000000000002,100.0,2.0,6.0,0.46284606191097,0.0403646240212545,0.5900106472980359,0.4628,0.0403646240212545,0.46284606191097,0.0403646240212545,,0.0403646240212545,0.028542099365474465,0.3601,0.10278364154277542,0.41298040747642517,0.4624,0.0285,1.0,,,,13.534844630360894,,,,
6234,P35557,Y,297,H,NONSYN,0.37993420185509386,0.09687805575118301,0.11014639479518694,0.2750666666666666,100.0,2.0,6.0,1.0801176492303801,0.296737317051076,0.031744225345714326,1.0801,0.296737317051076,1.0801176492303801,0.296737317051076,,0.296737317051076,0.20982496911791834,0.3279,0.7522144381135893,0.3929806053638458,0.9132,0.1851,0.992,,,,13.534844630360894,,,,
6235,P35557,Y,297,Q,NONSYN,0.2421324616458889,0.23521583482773933,0.15036181909851312,-1.3627666666666667,100.0,2.0,6.0,1.00498383741554,0.0745893851825399,0.050490416853226416,1.005,0.0745893851825399,1.00498383741554,0.0745893851825399,,0.0745893851825399,0.05274266006710934,0.4005,0.6044372270601628,0.49380987882614136,0.9982,0.0524,0.987,,,,13.534844630360894,,,,
6236,P35557,Y,297,*,STOP,,,,,100.0,2.0,6.0,0.5687501530558899,0.05,0.43687876095700967,0.5688,0.05,0.5687501530558899,0.05,,0.05,0.035355339059327376,,,,0.5688,0.0354,,,,,13.534844630360894,H,311.0,,
6237,P35557,M,298,S,NONSYN,0.31494457442558743,0.8856349577407396,0.10498130442309234,-1.5281333333333336,100.0,2.0,6.0,0.9673357993582771,0.23844180093288,0.06331305324711511,0.9673,0.23844180093288,0.9673357993582771,0.23844180093288,,0.23844180093288,0.16860381435797228,0.89,0.07729909720221018,0.4540785551071167,0.958,0.1581,0.851,,,,2.094427129989106,,,,
6238,P35557,M,298,A,NONSYN,0.38040172866410704,0.02320044867058647,0.2707214621473818,-1.2302,100.0,2.0,6.0,0.232566060487607,0.42980256242187603,0.8406639180820892,0.2326,0.42980256242187603,0.232566060487607,0.42980256242187603,,0.42980256242187603,0.3039163064598629,0.266,0.03345513158621502,0.39254477620124817,0.2451,0.2403,0.747,,,,2.094427129989106,,,,
6239,P35557,M,298,V,NONSYN,0.43335182923768345,0.7961687519746722,0.23277338702005637,-0.17053333333333334,100.0,2.0,6.0,0.31889632991473305,0.234031478022135,0.7655296386053271,0.3189,0.234031478022135,0.31889632991473305,0.234031478022135,,0.234031478022135,0.16548524512056212,0.8549,0.5360406274445809,0.5773264169692993,0.3596,0.1591,0.809,,,,2.094427129989106,,,,
6240,P35557,M,298,R,NONSYN,0.4133638176812908,0.17808407548938984,0.2766332539720933,-1.2179,100.0,2.0,6.0,-0.232084819968803,0.355647289061659,0.9836948438467668,-0.2321,0.355647289061659,-0.232084819968803,0.355647289061659,,0.355647289061659,0.2514806098061113,0.3384,0.5705191585384441,0.43533897399902344,-0.0893,0.2178,0.993,,,,2.094427129989106,,,,
6241,P35557,M,298,D,NONSYN,,0.620212343366305,0.10059057741831105,-1.9705666666666666,100.0,2.0,6.0,-0.35340613621639105,0.7330704908706179,0.9909452920873265,-0.3534,0.7330704908706179,-0.35340613621639105,0.7330704908706179,,0.7330704908706179,0.518359115182365,0.69,1.0434191872494112,0.4513782858848572,0.24,0.3404,0.997,,,,2.094427129989106,,,,
6242,P35557,M,298,F,NONSYN,0.3024433202519795,1.3008418345001875,0.27791519420228633,-0.4272,100.0,2.0,6.0,0.639976260836973,0.293397529706117,0.33702194382875855,0.64,0.293397529706117,0.639976260836973,0.293397529706117,,0.293397529706117,0.20746338283857682,1.1187,0.4787443898359396,0.6755984425544739,0.6812,0.1983,0.904,,,,2.094427129989106,,,,
6243,P35557,M,298,T,NONSYN,0.4428972613017431,0.44864046817106457,0.252630720546477,-0.9479666666666667,100.0,2.0,6.0,2.23818900959144,0.7056251411762591,8.38351245504255e-06,2.2382,0.7056251411762591,2.23818900959144,0.7056251411762591,,0.7056251411762591,0.4989523223014477,0.7259,1.5122534312451874,0.7116053104400635,1.7398,0.4085,0.605,,,,2.094427129989106,,,,
6244,P35557,M,298,I,NONSYN,0.5092966528428504,1.167481047928292,0.0903143652165239,0.1806,100.0,2.0,6.0,0.403089831092654,0.22723152021867105,0.669730300211463,0.4031,0.22723152021867105,0.403089831092654,0.22723152021867105,,0.22723152021867105,0.16067694884595038,0.9634,0.5603189370843784,0.4056600332260132,0.4791,0.1494,0.7929999999999999,,,,2.094427129989106,,,,
6245,P35557,M,298,L,NONSYN,0.4802407566174219,0.45398747394812,0.10341045695129598,0.0198,100.0,2.0,6.0,2.54357055303317,0.0772494596581043,7.330037988975847e-07,2.5436,0.0772494596581043,2.54357055303317,0.0772494596581043,,0.0772494596581043,0.054623616767242186,0.7237,1.8198899972127047,0.4490172564983368,2.517,0.0542,0.452,,,,2.094427129989106,,,,
6246,P35557,M,298,K,NONSYN,0.4908604207297649,0.010723157145041464,0.13805142353339567,-1.2170333333333332,100.0,2.0,6.0,0.269997935064242,1.07745287793089,0.8109397188672587,0.27,1.07745287793089,0.269997935064242,1.07745287793089,,1.07745287793089,0.7618742363938937,0.2372,0.032832752235338825,0.4124029576778412,0.2446,0.3627,0.157,,,,2.094427129989106,,,,
6247,P35557,M,298,G,NONSYN,0.2313069645088376,0.14377145339694797,0.19305638671518846,-2.044633333333333,100.0,2.0,6.0,1.07591653369168,0.220569420442036,0.03259138137963052,1.0759,0.220569420442036,1.07591653369168,0.220569420442036,,0.220569420442036,0.15596613291695036,0.2899,0.7860081841776725,0.44029784202575684,0.9883,0.147,0.995,,,,2.094427129989106,,,,
6248,P35557,M,298,Y,NONSYN,,1.1208244159675684,0.08870711897213092,-1.5137666666666665,100.0,2.0,6.0,0.261767424677791,0.337035126105281,0.817841458260502,0.2618,0.337035126105281,0.261767424677791,0.337035126105281,,0.337035126105281,0.2383198231671074,0.8893,0.6275491341600996,0.43014317750930786,0.4092,0.2085,0.997,,,,2.094427129989106,,,,
6249,P35557,M,298,N,NONSYN,0.3182579182514713,1.0655413356014645,0.11951925558214854,-1.7266666666666666,100.0,2.0,6.0,0.163891155413192,0.345358493388417,0.8848182772126302,0.1639,0.345358493388417,0.163891155413192,0.345358493388417,,0.345358493388417,0.2442053326153191,0.8672,0.7032787016119545,0.4707992672920227,0.313,0.2168,0.997,,,,2.094427129989106,,,,
6250,P35557,M,298,C,NONSYN,,0.8792776357136827,0.1173991505849973,-1.5218999999999998,100.0,2.0,6.0,0.9864077654394481,0.0845443043464623,0.05648766629451082,0.9864,0.0845443043464623,0.9864077654394481,0.0845443043464623,,0.0845443043464623,0.05978185091408279,0.7898,0.1965960946592662,0.4780051112174988,0.9834,0.0593,0.9990000000000001,,,,2.094427129989106,,,,
6251,P35557,M,298,P,NONSYN,0.29396488881585514,0.7311500598374051,0.10830009975543069,-1.7313666666666665,100.0,2.0,6.0,1.1670649827053703,0.406545722173118,0.018243869900985837,1.1671,0.406545722173118,1.1670649827053703,0.406545722173118,,0.406545722173118,0.28747123701099386,0.7315,0.43559070234800945,0.4727272093296051,1.0495,0.2456,0.998,,,,2.094427129989106,,,,
6252,P35557,M,298,E,NONSYN,0.3715633530173947,0.913228607074514,0.14185102407441427,-1.7125666666666666,100.0,2.0,6.0,0.620829340994043,0.119201504129072,0.36299720841897803,0.6208,0.119201504129072,0.620829340994043,0.119201504129072,,0.119201504129072,0.08428819189730305,0.8406,0.21977603715689698,0.5131465196609497,0.6266,0.0832,0.9620000000000001,,,,2.094427129989106,,,,
6253,P35557,M,298,M,SYN,,,,,,,,,,,,,,,,,,,,,,,,,,,2.094427129989106,,,,
6254,P35557,M,298,W,NONSYN,0.17309253470131644,0.335082971484572,0.2732768428220913,-1.278,100.0,2.0,6.0,0.0316882309163204,0.17841603860479602,0.9397385656156901,0.0317,0.17841603860479602,0.0316882309163204,0.17841603860479602,,0.17841603860479602,0.1261591907698921,0.3945,0.3628341081892857,0.49551746249198914,0.0538,0.1223,1.0,,,,2.094427129989106,,,,
6255,P35557,M,298,H,NONSYN,,0.7385036631585055,0.09932967220835459,-1.4892,100.0,2.0,6.0,1.40872968310498,0.278637616599952,0.0036516493169738602,1.4087,0.278637616599952,1.40872968310498,0.278637616599952,,0.278637616599952,0.19702654819148338,0.7757,0.6330571281351924,0.45571309328079224,1.309,0.1808,0.997,,,,2.094427129989106,,,,
6256,P35557,M,298,Q,NONSYN,0.13890249407095925,1.065687200114382,0.1883790037549733,-0.3912,100.0,2.0,6.0,1.3454401639943898,0.9151971484153899,0.005611524139011597,1.3454,0.9151971484153899,1.3454401639943898,0.9151971484153899,,0.9151971484153899,0.6471421097671133,0.8329,0.512572958851415,0.523793637752533,1.0358,0.4071,0.998,,,,2.094427129989106,,,,
6257,P35557,M,298,*,STOP,,,,,100.0,2.0,6.0,0.23837323409546599,0.05,0.8363284698219685,0.2384,0.05,0.23837323409546599,0.05,,0.05,0.035355339059327376,,,,0.2384,0.0354,,,,,2.094427129989106,,,,
6258,P35557,G,299,S,NONSYN,0.36837526824294986,0.19881216425095397,0.07981840941504609,-0.8648000000000001,100.0,2.0,6.0,0.020642072076865,0.0754802074426525,0.9429542303991691,0.0206,0.0754802074426525,0.020642072076865,0.0754802074426525,,0.0754802074426525,0.0533725665280669,0.373,0.3523628412532131,0.39239612221717834,0.027,0.0529,0.993,,,,1.2154515918293325,,,,
6259,P35557,G,299,A,NONSYN,0.4089269105168704,0.029868719967940337,0.058157571688187325,-0.9328,100.0,2.0,6.0,0.527472404925906,0.24391272574314102,0.4971258120530584,0.5275,0.24391272574314102,0.527472404925906,0.24391272574314102,,0.24391272574314102,0.17247234239066958,0.2213,0.30621197649725607,0.3586851954460144,0.47,0.1554,0.997,,,,1.2154515918293325,,,,
6260,P35557,G,299,V,NONSYN,0.3988573139738447,0.004904521260752341,0.06609333720986807,-2.7219333333333338,100.0,2.0,6.0,-0.14124271140819597,0.398658606402919,0.9744909595301906,-0.1412,0.398658606402919,-0.14124271140819597,0.398658606402919,,0.398658606402919,0.28189420396588283,0.1067,0.24789920316463518,0.2690693736076355,-0.0115,0.1946,1.0,,,,1.2154515918293325,,,,
6261,P35557,G,299,R,NONSYN,0.3362652746103357,0.8639438147344071,0.07694894106489877,-1.9470333333333334,100.0,2.0,6.0,0.11620176837647998,0.159789004369266,0.9085939789822038,0.1162,0.159789004369266,0.11620176837647998,0.159789004369266,,0.159789004369266,0.11298788854855485,0.7769,0.6607215304592744,0.42190998792648315,0.1604,0.1091,1.0,,,,1.2154515918293325,,,,
6262,P35557,G,299,D,NONSYN,0.3623286966209139,0.35675862554631593,0.07138779319600881,-1.5976,100.0,2.0,6.0,-0.011072544721477,0.210262968116553,0.9512764469935288,-0.0111,0.210262968116553,-0.011072544721477,0.210262968116553,,0.210262968116553,0.14867837058762545,0.3434,0.3544929310358691,0.37408167123794556,0.0373,0.1382,1.0,,,,1.2154515918293325,,,,
6263,P35557,G,299,F,NONSYN,0.3709207412708021,-0.03850719718737131,0.11428190192509939,-2.717866666666667,100.0,2.0,6.0,-0.011007556063825,0.0497217713448027,0.9512606873161733,-0.011,0.0497217713448027,-0.011007556063825,0.0497217713448027,,0.0497217713448027,0.03515860169051695,0.1067,0.11766404782026421,0.2947961091995239,-0.0094,0.0349,1.0,,,,1.2154515918293325,,,,
6264,P35557,G,299,T,NONSYN,0.21962954488217865,0.37165500599366275,0.07975158379953402,-1.5144,100.0,2.0,6.0,-0.0557616860635174,0.146481227263766,0.9609947818292492,-0.0558,0.146481227263766,-0.0557616860635174,0.146481227263766,,0.146481227263766,0.10357786911473672,0.3434,0.3991820723779095,0.3786185383796692,-0.028,0.0999,1.0,,,,1.2154515918293325,,,,
6265,P35557,G,299,I,NONSYN,0.29686370150880703,0.004904521260752341,0.06609333720986807,-2.721933333333333,100.0,2.0,6.0,-0.26904168053338,0.0925751233830292,0.98638710729325,-0.269,0.0925751233830292,-0.26904168053338,0.0925751233830292,,0.0925751233830292,0.06546049751332127,0.1067,0.3756981722898192,0.2690693736076355,-0.248,0.0636,1.0,,,,1.2154515918293325,,,,
6266,P35557,G,299,L,NONSYN,0.33670580158540125,-0.10955530128902131,0.09662854692373574,-2.6893,100.0,2.0,6.0,0.202136756241125,0.263611913676379,0.8617986041957504,0.2021,0.263611913676379,0.202136756241125,0.263611913676379,,0.263611913676379,0.18640177176213035,0.0851,0.11706942445020094,0.29179662466049194,0.1682,0.1571,1.0,,,,1.2154515918293325,,,,
6267,P35557,G,299,K,NONSYN,0.4007452768135149,0.11514461213051554,0.07344807160321708,-1.5245,100.0,2.0,6.0,0.7137694955259242,0.19707682784678002,0.2458798964555861,0.7138,0.19707682784678002,0.7137694955259242,0.19707682784678002,,0.19707682784678002,0.13935436138519197,0.236,0.477797269859878,0.36015820503234863,0.6516,0.13,0.996,,,,1.2154515918293325,,,,
6268,P35557,G,299,G,SYN,,,,,100.0,2.0,6.0,1.09413285852296,0.05,0.02906531011333393,1.0941,0.05,1.09413285852296,0.05,,0.05,0.035355339059327376,,,,1.0941,0.0354,,,,,1.2154515918293325,,,,
6269,P35557,G,299,Y,NONSYN,0.28089736795090275,0.016628829589701345,0.11325786213496886,-2.6748999999999996,100.0,2.0,6.0,-0.17641563639504299,0.0816482115290008,0.978562202653374,-0.1764,0.0816482115290008,-0.17641563639504299,0.0816482115290008,,0.0816482115290008,0.05773400404391011,0.1067,0.2830721281514822,0.2947961091995239,-0.166,0.0567,1.0,,,,1.2154515918293325,,,,
6270,P35557,G,299,N,NONSYN,0.382875509440285,0.179013977427098,0.077960529634559,-0.8179,100.0,2.0,6.0,0.080036632548433,0.10475532982732301,0.9234582995181236,0.08,0.10475532982732301,0.080036632548433,0.10475532982732301,,0.10475532982732301,0.0740732040863335,0.2606,0.1805214362038558,0.36384326219558716,0.0872,0.0726,1.0,,,,1.2154515918293325,,,,
6271,P35557,G,299,C,NONSYN,0.3672992043124827,-0.08379766738646266,0.1117262671129476,-2.438433333333333,100.0,2.0,6.0,0.0872427187238226,0.65178255011849,0.9206939347872479,0.0872,0.65178255011849,0.0872427187238226,0.65178255011849,,0.65178255011849,0.460879861047845,0.0872,6.422021727657545e-05,0.28226056694984436,0.0872,0.2407,1.0,,,,1.2154515918293325,,,,
6272,P35557,G,299,P,NONSYN,0.2021261040610908,0.4643351971481937,0.07869663124036236,-1.8968333333333334,100.0,2.0,6.0,1.3150276211351202,0.143652920753529,0.006884782167105279,1.315,0.143652920753529,1.3150276211351202,0.143652920753529,,0.143652920753529,0.10157795440207408,0.4042,0.9108426836580084,0.4112122654914856,1.2626,0.0986,1.0,,,,1.2154515918293325,,,,
6273,P35557,G,299,E,NONSYN,0.4108810729254607,0.7428932524695181,0.07866386101090811,-1.9435333333333331,100.0,2.0,6.0,0.4793534551711471,0.143975633184597,0.5667366455327529,0.4794,0.143975633184597,0.4793534551711471,0.143975633184597,,0.143975633184597,0.10180614655045545,0.731,0.25167516125722816,0.424046128988266,0.4931,0.099,1.0,,,,1.2154515918293325,,,,
6274,P35557,G,299,M,NONSYN,0.2878381921366005,0.41832643381504225,0.15809290794475095,-2.275,100.0,2.0,6.0,0.037140747662624,0.247663101391903,0.9380864360319994,0.0371,0.247663101391903,0.037140747662624,0.247663101391903,,0.247663101391903,0.17512425844390608,0.3708,0.3336183222569622,0.42760372161865234,0.0851,0.1621,1.0,,,,1.2154515918293325,,,,
6275,P35557,G,299,W,NONSYN,0.355895468841822,-0.005619748340583125,0.18930959195178665,-2.4539666666666666,100.0,2.0,6.0,-0.147291038413816,0.066512867053777,0.9752435200756561,-0.1473,0.066512867053777,-0.147291038413816,0.066512867053777,,0.066512867053777,0.04703169932988502,0.1189,0.26619074143963384,0.35433945059776306,-0.1427,0.0466,1.0,,,,1.2154515918293325,,,,
6276,P35557,G,299,H,NONSYN,0.3218287257213429,0.6368609482275823,0.06096340911164418,-1.9332999999999998,100.0,2.0,6.0,0.7974503678969541,0.255372995765491,0.16357430583042748,0.7975,0.255372995765491,0.7974503678969541,0.255372995765491,,0.255372995765491,0.18057597703770215,0.6699,0.1275454802207151,0.4144420623779297,0.7771,0.1655,1.0,,,,1.2154515918293325,,,,
6277,P35557,G,299,Q,NONSYN,0.29754150588632416,0.1799311791613699,0.061336167873325576,-1.7754,100.0,2.0,6.0,0.412268067176541,0.17730166467995104,0.6580361632334129,0.4123,0.17730166467995104,0.412268067176541,0.17730166467995104,,0.17730166467995104,0.12537120941085675,0.2481,0.16420492010851734,0.35972273349761963,0.3945,0.1184,1.0,,,,1.2154515918293325,,,,
6278,P35557,G,299,*,STOP,,,,,100.0,2.0,6.0,-0.0636758686888371,0.05,0.9625014382286115,-0.0637,0.05,-0.0636758686888371,0.05,,0.05,0.035355339059327376,,,,-0.0637,0.0354,,,,,1.2154515918293325,,,,
6279,P35557,E,300,S,NONSYN,0.4382670271083193,0.5056785434398241,0.10265087152675301,-0.6747666666666666,100.0,2.0,6.0,0.222813715157055,0.167405168408124,0.8477234929968255,0.2228,0.167405168408124,0.222813715157055,0.167405168408124,,0.167405168408124,0.11837332978706047,0.7045,0.4816662176279792,0.47078993916511536,0.2515,0.1148,0.932,,,,24.555025483529487,,,,
6280,P35557,E,300,A,NONSYN,0.4725389201357859,0.5614810609033037,0.11689986135150193,-0.8022,100.0,2.0,6.0,0.746908534134488,0.23490417112836398,0.21045601804288436,0.7469,0.23490417112836398,0.746908534134488,0.23490417112836398,,0.23490417112836398,0.16610233233387137,0.7702,0.02327896300448906,0.48036468029022217,0.7494,0.157,0.81,,,,24.555025483529487,,,,
6281,P35557,E,300,V,NONSYN,0.5148579282991502,0.3783893381681785,0.24812074767557554,-1.6669666666666665,100.0,2.0,6.0,0.0352335568379409,0.206770700453123,0.9386692994576843,0.0352,0.206770700453123,0.0352335568379409,0.206770700453123,,0.206770700453123,0.1462089644410956,0.6963,0.6610764268923752,0.590972363948822,0.0734,0.1419,0.569,,,,24.555025483529487,,,,
6282,P35557,E,300,R,NONSYN,0.4513055748960305,0.7195482604581142,0.11424889459257848,-0.7211333333333333,100.0,2.0,6.0,0.10529938307961802,0.0994938027510705,0.9133417968883187,0.1053,0.0994938027510705,0.10529938307961802,0.0994938027510705,,0.0994938027510705,0.07035274261131873,0.7378,0.6325140896681847,0.48036468029022217,0.1186,0.0696,0.995,,,,24.555025483529487,,,,
6283,P35557,E,300,D,NONSYN,0.4800060668498122,0.27421004660084763,0.1454251671817437,-0.020166666666666666,100.0,2.0,6.0,1.26313447279479,0.12782411260299,0.009729014293342065,1.2631,0.12782411260299,1.26313447279479,0.12782411260299,,0.12782411260299,0.09038529682072706,0.6356,0.6275842718556115,0.5064998865127563,1.2438,0.089,0.731,,,,24.555025483529487,,,,
6284,P35557,E,300,F,NONSYN,0.4134101209643438,0.531569886297266,0.1500016488765576,-2.4431333333333334,100.0,2.0,6.0,-0.0273838557742016,0.117667621297675,0.9550758946661435,-0.0274,0.117667621297675,-0.0273838557742016,0.117667621297675,,0.117667621297675,0.08320357294567661,0.6657,0.6930447139284984,0.5288310647010803,-0.0106,0.0822,0.9890000000000001,,,,24.555025483529487,,,,
6285,P35557,E,300,T,NONSYN,0.4070866311137473,0.31195101115700086,0.11524194247246126,-0.9768666666666667,100.0,2.0,6.0,0.359189455125473,0.33048169740273803,0.7223838293640044,0.3592,0.33048169740273803,0.359189455125473,0.33048169740273803,,0.33048169740273803,0.23368584929151667,0.5686,0.20943253793940736,0.4842173159122467,0.3988,0.2105,0.95,,,,24.555025483529487,,,,
6286,P35557,E,300,I,NONSYN,0.377366298627538,0.13699044911262553,0.16035638664241145,-2.3962999999999997,100.0,2.0,6.0,1.1015405107999399,0.588942232320037,0.027736860113552888,1.1015,0.588942232320037,1.1015405107999399,0.588942232320037,,0.588942232320037,0.41644504620064116,0.4575,0.6439942468667581,0.5045271515846252,0.8406,0.3212,0.036000000000000004,,,,24.555025483529487,,,,
6287,P35557,E,300,L,NONSYN,0.4309220950052253,0.38742701757347014,0.2049521679814349,-2.375633333333333,100.0,2.0,6.0,0.35023080541740603,0.23154046167154602,0.7324190741872215,0.3502,0.23154046167154602,0.35023080541740603,0.23154046167154602,,0.23154046167154602,0.16372383056701406,0.6665,0.3163073735033398,0.5578963160514832,0.3753,0.1571,0.856,,,,24.555025483529487,,,,
6288,P35557,E,300,K,NONSYN,0.4890082107053284,0.5448499874656364,0.1074438094172222,-0.6217666666666667,100.0,2.0,6.0,0.0303290428714999,0.332658096549737,0.9401436355406708,0.0303,0.332658096549737,0.0303290428714999,0.332658096549737,,0.332658096549737,0.23522479588692827,0.6247,0.5943633375568143,0.48697084188461304,0.1428,0.2118,0.991,,,,24.555025483529487,,,,
6289,P35557,E,300,G,NONSYN,0.4522640708552875,0.10224310823562482,0.27450219081416544,-1.9225,100.0,2.0,6.0,0.697829329624724,0.159071316546729,0.2642009491161601,0.6978,0.159071316546729,0.697829329624724,0.159071316546729,,0.159071316546729,0.11248040662246395,0.2956,0.4022163983731981,0.42901286482810974,0.672,0.1088,0.986,,,,24.555025483529487,,,,
6290,P35557,E,300,Y,NONSYN,0.4671477233180428,0.7165335486140233,0.153797778872325,-2.2137666666666664,100.0,2.0,6.0,-0.0821978007539814,0.6361596672958361,0.9658026746557277,-0.0822,0.6361596672958361,-0.0821978007539814,0.6361596672958361,,0.6361596672958361,0.4498328146622636,0.7088,0.7910334621652668,0.5049233436584473,0.2678,0.3359,0.9990000000000001,,,,24.555025483529487,,,,
6291,P35557,E,300,N,NONSYN,0.4945297857128286,0.17329833365723568,0.0710363321185577,-0.6558999999999999,100.0,2.0,6.0,1.2199543445048202,0.35617864535643196,0.01293128462690238,1.22,0.35617864535643196,1.2199543445048202,0.35617864535643196,,0.35617864535643196,0.25185633544537145,0.4371,0.782873424762236,0.4322349429130554,1.0215,0.2176,0.975,,,,24.555025483529487,,,,
6292,P35557,E,300,C,NONSYN,0.4263241553322161,0.15526176410588546,0.06324626474438105,-2.5622,100.0,2.0,6.0,0.48949881482933094,0.6743465585080289,0.5522398543315743,0.4895,0.6743465585080289,0.48949881482933094,0.6743465585080289,,0.6743465585080289,0.47683502439083814,0.2636,0.2259190886101537,0.345561146736145,0.3414,0.2798,0.9990000000000001,,,,24.555025483529487,,,,
6293,P35557,E,300,P,NONSYN,0.2784783599621833,0.38044384869930065,0.10727748145646869,-1.2109666666666667,100.0,2.0,6.0,0.0836451162568965,0.417101557282512,0.9220857871399701,0.0836,0.417101557282512,0.0836451162568965,0.417101557282512,,0.417101557282512,0.29493533959793344,0.7094,0.6257556567915044,0.47125422954559326,0.2598,0.25,0.006,,,,24.555025483529487,,,,
6294,P35557,E,300,E,SYN,,,,,100.0,2.0,6.0,0.544694570880526,0.05,0.471936659936852,0.5447,0.05,0.544694570880526,0.05,,0.05,0.035355339059327376,,,,0.5447,0.0354,,,,,24.555025483529487,,,,
6295,P35557,E,300,M,NONSYN,0.4318399535430367,0.21695502856956117,0.16206256141237788,-1.9440333333333335,100.0,2.0,6.0,0.353693568622915,0.9533482600037371,0.7285697429281175,0.3537,0.9533482600037371,0.353693568622915,0.9533482600037371,,0.9533482600037371,0.6741190194810383,0.4051,0.0514555931927283,0.4880077838897705,0.3875,0.3953,0.966,,,,24.555025483529487,,,,
6296,P35557,E,300,W,NONSYN,0.3886512979012191,0.47479582014771476,0.1517142063777655,-2.4843333333333333,100.0,2.0,6.0,0.142938342674452,0.0674163598925986,0.8958948646905631,0.1429,0.0674163598925986,0.142938342674452,0.0674163598925986,,0.0674163598925986,0.047670565242969254,0.4064,0.2634550362985552,0.4834246337413788,0.1455,0.0474,1.0,,,,24.555025483529487,,,,
6297,P35557,E,300,H,NONSYN,0.3874690850586482,0.5160224809138311,0.09568081620203134,-0.6659666666666667,100.0,2.0,6.0,0.191781902735034,0.230016046092057,0.8684064795401918,0.1918,0.230016046092057,0.191781902735034,0.230016046092057,,0.230016046092057,0.16264590597341097,0.5566,0.3648412581040468,0.45933499932289124,0.2324,0.1533,0.997,,,,24.555025483529487,,,,
6298,P35557,E,300,Q,NONSYN,0.4979236622050323,0.5054257436077817,0.09280352704402169,-0.02876666666666668,100.0,2.0,6.0,0.5694873817739879,0.49192146414569,0.43580987035683916,0.5695,0.49192146414569,0.5694873817739879,0.49192146414569,,0.49192146414569,0.3478410031086325,0.6302,0.060667525929411714,0.4414826035499573,0.5927,0.2732,0.986,,,,24.555025483529487,,,,
6299,P35557,E,300,*,STOP,,,,,100.0,2.0,6.0,-0.0676349733379926,0.05,0.9632330563985279,-0.0676,0.05,-0.0676349733379926,0.05,,0.05,0.035355339059327376,,,,-0.0676,0.0354,,,,,24.555025483529487,,,,
6300,P35557,L,301,S,NONSYN,0.3696688568840947,0.5290508801597642,0.12427987115322421,-1.8501333333333332,100.0,2.0,6.0,0.9174671801426079,0.21137636582737196,0.0847899073770872,0.9175,0.21137636582737196,0.9174671801426079,0.21137636582737196,,0.21137636582737196,0.1494656616591031,0.6212,0.2963077458240654,0.4989684224128723,0.8931,0.1432,0.993,,,,1.0760460929220332,,,,
6301,P35557,L,301,A,NONSYN,0.2800117097075371,0.7007230730984646,0.10545094729992134,-1.3620666666666665,100.0,2.0,6.0,1.63385904538881,0.126778475675723,0.0007600440604010271,1.6339,0.126778475675723,1.63385904538881,0.126778475675723,,0.126778475675723,0.0896459198587975,0.8374,0.7964648078704994,0.46684035658836365,1.6055,0.088,0.644,,,,1.0760460929220332,,,,
6302,P35557,L,301,V,NONSYN,0.45006845647116095,1.50387152729739,0.1239845673145407,0.4434,100.0,2.0,6.0,0.6162544894529879,0.0542602026358894,0.36931626889183106,0.6163,0.0542602026358894,0.6162544894529879,0.0542602026358894,,0.0542602026358894,0.03836775723239357,1.0881,0.4718466591523588,0.4833439886569977,0.6192,0.0382,0.018000000000000002,,,,1.0760460929220332,,,,
6303,P35557,L,301,R,NONSYN,0.2792328090176149,0.5439491578487471,0.1088559062778271,-1.8351333333333333,100.0,2.0,6.0,0.872772347075659,0.330765434699117,0.10921109980795261,0.8728,0.330765434699117,0.872772347075659,0.330765434699117,,0.330765434699117,0.2338864818578618,0.6063,0.26652140532227153,0.4768068194389343,0.8211,0.21,0.996,,,,1.0760460929220332,,,,
6304,P35557,L,301,D,NONSYN,0.15709418040401155,0.6920108205417813,0.16872442893798786,-2.512333333333333,100.0,2.0,6.0,0.15219196796347798,0.12467358272784801,0.8911299314033382,0.1522,0.12467358272784801,0.15219196796347798,0.12467358272784801,,0.12467358272784801,0.08815753578168335,0.6785,0.5263530302054673,0.5374376773834229,0.166,0.087,0.998,,,,1.0760460929220332,,,,
6305,P35557,L,301,F,NONSYN,0.463424518412456,1.2460628824396325,0.02906361917562386,0.48950000000000005,100.0,2.0,6.0,1.3896804240262601,0.514236123873727,0.00415811553353928,1.3897,0.514236123873727,1.3896804240262601,0.514236123873727,,0.514236123873727,0.3636198503221978,1.0779,0.3118060019528959,0.4287251830101013,1.2592,0.2773,0.924,,,,1.0760460929220332,,,,
6306,P35557,L,301,T,NONSYN,0.3205067496312658,0.6722617757613313,0.0851941860829331,-1.3817666666666666,100.0,2.0,6.0,1.7192429374002098,0.29255108081969605,0.000412474897666705,1.7192,0.29255108081969605,1.7192429374002098,0.29255108081969605,,0.29255108081969605,0.20686485309106079,0.8321,0.8871030877374291,0.46120399236679077,1.5707,0.1887,0.7240000000000001,,,,1.0760460929220332,,,,
6307,P35557,L,301,I,NONSYN,0.3599458773266949,1.4817098165234428,0.12291698827733066,0.27723333333333333,100.0,2.0,6.0,0.682739621774829,0.0876854277526632,0.28227593235007664,0.6827,0.0876854277526632,0.682739621774829,0.0876854277526632,,0.0876854277526632,0.06200296057515124,1.0881,0.4053615268305176,0.4833439886569977,0.6893,0.0615,0.001,,,,1.0760460929220332,,,,
6308,P35557,L,301,L,SYN,,,,,100.0,2.0,6.0,0.899681645638634,0.05,0.09387428924802624,0.8997,0.05,0.899681645638634,0.05,,0.05,0.035355339059327376,,,,0.8997,0.0354,,,,,1.0760460929220332,,,,
6309,P35557,L,301,K,NONSYN,0.16637828819819184,0.6119693938941282,0.12041297332954946,-1.8327,100.0,2.0,6.0,0.668711638939516,0.24841821215597898,0.2996861122740469,0.6687,0.24841821215597898,0.668711638939516,0.24841821215597898,,0.24841821215597898,0.17565820238573115,0.7178,0.049094104277952244,0.47796422243118286,0.6746,0.1649,0.965,,,,1.0760460929220332,,,,
6310,P35557,L,301,G,NONSYN,0.3375782897720982,0.43364234047762135,0.1494568750537669,-2.5354666666666663,100.0,2.0,6.0,0.9272974081559581,0.354815247393948,0.08010650671487622,0.9273,0.354815247393948,0.9272974081559581,0.354815247393948,,0.354815247393948,0.2508922675006431,0.5106,0.4166702576203746,0.53590327501297,0.8524,0.2272,0.993,,,,1.0760460929220332,,,,
6311,P35557,L,301,Y,NONSYN,0.3932294491632085,1.1810102388705652,0.09482440963905754,-1.3710666666666667,100.0,2.0,6.0,0.192997548072508,0.233197313684463,0.8676455693389802,0.193,0.233197313684463,0.192997548072508,0.233197313684463,,0.233197313684463,0.16489540186077026,1.0192,0.8262194662402361,0.5243179798126221,0.2674,0.1573,0.7440000000000001,,,,1.0760460929220332,,,,
6312,P35557,L,301,N,NONSYN,0.1790631080953343,0.648454912287744,0.10492412102163222,-2.4369,100.0,2.0,6.0,1.00348396913184,0.601735665887813,0.05095209290151555,1.0035,0.601735665887813,1.00348396913184,0.601735665887813,,0.601735665887813,0.4254913698310752,0.8312,0.17229326383246257,0.4524036645889282,0.9226,0.3099,0.662,,,,1.0760460929220332,,,,
6313,P35557,L,301,C,NONSYN,0.3444819501115762,1.238383150608796,0.06502274506551067,-1.3948999999999998,100.0,2.0,6.0,0.18992873382267603,0.24533878445466395,0.8695589220532233,0.1899,0.24533878445466395,0.18992873382267603,0.24533878445466395,,0.24533878445466395,0.1734807181759576,1.0821,0.892212903979448,0.494692862033844,0.2876,0.1637,0.06,,,,1.0760460929220332,,,,
6314,P35557,L,301,P,NONSYN,0.3101239067988947,0.7519789440764221,0.15125990760027228,-2.2839666666666667,100.0,2.0,6.0,0.8728162443697279,0.21869224982213198,0.10918444374326763,0.8728,0.21869224982213198,0.8728162443697279,0.21869224982213198,,0.21869224982213198,0.15463877284217206,0.7326,0.14019189239142593,0.5049233436584473,0.8608,0.1479,1.0,,,,1.0760460929220332,,,,
6315,P35557,L,301,E,NONSYN,0.22335052551716408,0.9345325405525088,0.17253115202075245,-2.4328000000000003,100.0,2.0,6.0,0.145251084337546,0.15634296013388,0.8947224045764189,0.1453,0.15634296013388,0.145251084337546,0.15634296013388,,0.15634296013388,0.1105511673014446,0.7981,0.6528129091164335,0.5146045684814453,0.174,0.1081,0.9990000000000001,,,,1.0760460929220332,,,,
6316,P35557,L,301,M,NONSYN,0.4855550162170784,0.8962248450846925,0.1236194193048726,0.15566666666666665,100.0,2.0,6.0,2.43919453609108,0.0676135152339171,1.7062484831959031e-06,2.4392,0.0676135152339171,2.43919453609108,0.0676135152339171,,0.0676135152339171,0.04780997512176271,0.89,1.5491578339350132,0.45887428522109985,2.4226,0.0476,0.7340000000000001,,,,1.0760460929220332,,,,
6317,P35557,L,301,W,NONSYN,0.28885364138641745,0.819650388719261,0.10949311215091106,-1.8677333333333335,100.0,2.0,6.0,0.0456686544641176,0.3269577553859939,0.9354133160687601,0.0457,0.3269577553859939,0.0456686544641176,0.3269577553859939,,0.3269577553859939,0.2311940459949687,0.7742,0.7285105657354674,0.46847856044769287,0.1883,0.2073,0.9990000000000001,,,,1.0760460929220332,,,,
6318,P35557,L,301,H,NONSYN,0.29725486605293433,0.8047667434616343,0.11028843020178564,-1.9786333333333335,100.0,2.0,6.0,1.10720177875988,0.159069610125563,0.026760445382700053,1.1072,0.159069610125563,1.10720177875988,0.159069610125563,,0.159069610125563,0.11247920000048589,0.7803,0.3268637298249435,0.46280646324157715,1.089,0.1093,0.99,,,,1.0760460929220332,,,,
6319,P35557,L,301,Q,NONSYN,0.3225298006389851,0.6231521445585345,0.1008754112918503,-1.5422,100.0,2.0,6.0,1.88829285836507,0.0751629147989176,0.00011994866609106063,1.8883,0.0751629147989176,1.88829285836507,0.0751629147989176,,0.0751629147989176,0.05314820674806134,0.6639,1.2244202587633244,0.4862947165966034,1.8738,0.0528,0.998,,,,1.0760460929220332,,,,
6320,P35557,L,301,*,STOP,,,,,100.0,2.0,6.0,-0.106821856155061,0.05,0.9697420826215777,-0.1068,0.05,-0.106821856155061,0.05,,0.05,0.035355339059327376,,,,-0.1068,0.0354,,,,,1.0760460929220332,,,,
6321,P35557,V,302,S,NONSYN,0.33699392667600697,0.7688147002062896,0.08228211453993163,-1.4466,100.0,2.0,6.0,0.8419297755039351,0.15426400199600798,0.1293370649028626,0.8419,0.15426400199600798,0.8419297755039351,0.15426400199600798,,0.15426400199600798,0.10908112190435235,0.7709,0.07102749946481157,0.43135958909988403,0.8377,0.1058,0.9890000000000001,,,,0.006698173137069407,,,,
6322,P35557,V,302,A,NONSYN,0.4716545268994549,1.21148200057552,0.1188372812448696,-0.7901333333333334,100.0,2.0,6.0,1.35191088784487,0.0503948355126473,0.005371707311824208,1.3519,0.0503948355126473,1.35191088784487,0.0503948355126473,,0.0503948355126473,0.035634529927773544,1.0793,0.2725935565307831,0.5391973257064819,1.3507,0.0356,0.013000000000000001,,,,0.006698173137069407,,,,
6323,P35557,V,302,V,SYN,,,,,100.0,2.0,6.0,0.9707430536374358,0.05,0.062041459467860834,0.9707,0.05,0.9707430536374358,0.05,,0.05,0.035355339059327376,,,,0.9707,0.0354,,,,,0.006698173137069407,,,,
6324,P35557,V,302,R,NONSYN,0.17643841508486408,0.7428801061813753,0.10304941113458756,-1.9857333333333334,100.0,2.0,6.0,0.116665711726851,0.33331634161891605,0.9083865857684057,0.1167,0.33331634161891605,0.116665711726851,0.33331634161891605,,0.33331634161891605,0.23569024543902736,0.7264,0.6097552868464522,0.46169668436050415,0.2427,0.2099,0.9990000000000001,,,,0.006698173137069407,,,,
6325,P35557,V,302,D,NONSYN,0.27348180848279724,0.35045355760450164,0.05400384183386007,-2.3809,,,,,,,,,,,,,,0.3434,,0.3551052510738373,0.3434,0.3551,1.0,,,,0.006698173137069407,,,,
6326,P35557,V,302,F,NONSYN,0.4053248813429461,1.1680134538198017,0.06613934798296188,-0.9184666666666667,100.0,2.0,6.0,0.27226418546985,0.32027363481683296,0.8090023860003076,0.2723,0.32027363481683296,0.27226418546985,0.32027363481683296,,0.32027363481683296,0.2264676590142465,0.9355,0.6631917328422228,0.4046453833580017,0.4304,0.1976,0.973,,,,0.006698173137069407,,,,
6327,P35557,V,302,T,NONSYN,0.3185872156759129,1.280647030821209,0.045901663854824644,-0.1374,100.0,2.0,6.0,2.05198211814611,0.31499804716296503,3.515461712974947e-05,2.052,0.31499804716296503,2.05198211814611,0.31499804716296503,,0.31499804716296503,0.22273725520945248,1.0398,1.0122148528262858,0.4983625113964081,1.8835,0.2034,0.986,,,,0.006698173137069407,,,,
6328,P35557,V,302,I,NONSYN,0.4306262074024321,1.514004107588289,0.08647718378395747,-0.1123,100.0,2.0,6.0,0.345691906698766,0.5795326656391669,0.7374078696434149,0.3457,0.5795326656391669,0.345691906698766,0.5795326656391669,,0.5795326656391669,0.409791477792571,1.0881,0.7424092419065806,0.47145748138427734,0.6652,0.3093,0.316,,,,0.006698173137069407,,,,
6329,P35557,V,302,L,NONSYN,0.4667115524229356,1.7438631666489133,0.07821439590304312,-0.29109999999999997,100.0,2.0,6.0,0.6623337106629971,0.164420947702602,0.30778584397058373,0.6623,0.164420947702602,0.6623337106629971,0.164420947702602,,0.164420947702602,0.11626316708962856,1.2085,0.5462007684782383,0.6569303274154663,0.6789,0.1145,0.001,,,,0.006698173137069407,,,,
6330,P35557,V,302,K,NONSYN,0.1909141340536438,0.8803212226300743,0.11026260572130232,-1.7571333333333332,100.0,2.0,6.0,0.467492042589709,0.18932810555562998,0.5835038263268739,0.4675,0.18932810555562998,0.467492042589709,0.18932810555562998,,0.18932810555562998,0.1338751873075884,0.7906,0.32313138384766893,0.47388628125190735,0.4914,0.1288,0.998,,,,0.006698173137069407,,,,
6331,P35557,V,302,G,NONSYN,0.3807983932718594,0.16155305735926861,0.09120112280924218,-2.1775333333333333,100.0,2.0,6.0,0.68336721246255,0.11780342079464301,0.28151044415266907,0.6834,0.11780342079464301,0.68336721246255,0.11780342079464301,,0.11780342079464301,0.08329959769086441,0.4259,0.2574608523131665,0.4162476062774658,0.6735,0.0817,0.8759999999999999,,,,0.006698173137069407,,,,
6332,P35557,V,302,Y,NONSYN,0.33250944557826595,0.8803212226300743,0.11026260572130232,-1.7571333333333332,100.0,2.0,6.0,0.142387524999629,0.12010559543500399,0.8961723147242443,0.1424,0.12010559543500399,0.142387524999629,0.12010559543500399,,0.12010559543500399,0.08492748099053936,0.7701,0.6277130089626207,0.47709769010543823,0.1617,0.0836,1.0,,,,0.006698173137069407,,,,
6333,P35557,V,302,N,NONSYN,0.2445312890805706,0.7580841137150297,0.11851374040819133,-2.1033666666666666,100.0,2.0,6.0,-0.0142224465564331,0.161552801477295,0.9520342587430044,-0.0142,0.161552801477295,-0.0142224465564331,0.161552801477295,,0.161552801477295,0.11423508144427938,0.7626,0.7768183385089478,0.4653068780899048,0.0299,0.1109,0.9940000000000001,,,,0.006698173137069407,,,,
6334,P35557,V,302,C,NONSYN,0.4349501020449153,0.8220349496062184,0.08462736059959082,-0.9503666666666666,100.0,2.0,6.0,1.3101996981106,0.228915745572105,0.007111080188025301,1.3102,0.228915745572105,1.3101996981106,0.228915745572105,,0.228915745572105,0.16186787601440983,0.8094,0.5007974707088667,0.4378603398799896,1.25,0.1518,0.993,,,,0.006698173137069407,,,,
6335,P35557,V,302,P,NONSYN,0.17175025849116904,0.3771590452585027,0.13937389366259614,-1.883333333333333,100.0,2.0,6.0,1.7753707225108502,0.35944515745088107,0.000274722638869139,1.7754,0.35944515745088107,1.7753707225108502,0.35944515745088107,,0.35944515745088107,0.25416610829818426,0.4769,1.2984703237796185,0.5113620758056641,1.5181,0.2276,0.9940000000000001,,,,0.006698173137069407,,,,
6336,P35557,V,302,E,NONSYN,0.32079411141973807,0.9688679380660156,0.11628924096054406,-1.7854,100.0,2.0,6.0,0.20185189628188502,0.10615514770456401,0.8619842494273071,0.2019,0.10615514770456401,0.20185189628188502,0.10615514770456401,,0.10615514770456401,0.07506302479975677,0.8536,0.651784726147009,0.46985265612602234,0.2181,0.0741,0.995,,,,0.006698173137069407,,,,
6337,P35557,V,302,M,NONSYN,0.4348220015603004,1.3554089055513259,0.08458974760777589,-0.2969,100.0,2.0,6.0,1.82769649395576,0.0913862238730495,0.0001874646459137109,1.8277,0.0913862238730495,1.82769649395576,0.0913862238730495,,0.0913862238730495,0.06461981860766525,1.0535,0.7742234981977034,0.5359031558036804,1.8166,0.0642,0.9520000000000001,,,,0.006698173137069407,,,,
6338,P35557,V,302,W,NONSYN,0.20407639127029992,0.8537121096736614,0.05373790636082296,-1.7649666666666668,100.0,2.0,6.0,0.547319381458948,0.45022945825501703,0.46809952945150407,0.5473,0.45022945825501703,0.547319381458948,0.45022945825501703,,0.45022945825501703,0.31836030302206814,0.7657,0.21833101011972633,0.4267449975013733,0.6254,0.2552,1.0,,,,0.006698173137069407,,,,
6339,P35557,V,302,H,NONSYN,0.2484595230317529,0.261936825877656,0.09161414774485797,-2.2815999999999996,100.0,2.0,6.0,0.382215906907388,0.11188617061378199,0.69546681216421,0.3822,0.11188617061378199,0.382215906907388,0.11188617061378199,,0.11188617061378199,0.07911546996200026,0.2875,0.09474705629474761,0.3634340763092041,0.3779,0.0773,1.0,,,,0.006698173137069407,,,,
6340,P35557,V,302,Q,NONSYN,0.31633139311143543,0.4055544401101807,0.1178088404572961,-1.7866,100.0,2.0,6.0,1.8917923901493898,0.0697544228227918,0.00011687992437035864,1.8918,0.0697544228227918,1.8917923901493898,0.0697544228227918,,0.0697544228227918,0.049323825395749754,0.4159,1.4758784506733766,0.46363532543182373,1.8753,0.049,0.9990000000000001,,,,0.006698173137069407,,,,
6341,P35557,V,302,*,STOP,,,,,100.0,2.0,6.0,0.426845439651341,0.05,0.6390205065840444,0.4268,0.05,0.426845439651341,0.05,,0.05,0.035355339059327376,,,,0.4268,0.0354,,,,,0.006698173137069407,,,,
6342,P35557,R,303,S,NONSYN,0.4030125793742561,0.25154689781385,0.06446136040208895,-0.8416666666666667,100.0,2.0,6.0,0.568029086584597,0.126468921637056,0.43792463772540546,0.568,0.126468921637056,0.568029086584597,0.126468921637056,,0.126468921637056,0.08942703209891238,0.2941,0.2738840687222771,0.37131571769714355,0.553,0.0869,0.998,,,,12.286946099068912,,,,
6343,P35557,R,303,A,NONSYN,0.3189859929557896,0.33166323455462504,0.07262054835820586,-1.0746,100.0,2.0,6.0,0.20267884078434698,0.18646871553203698,0.861444714167921,0.2027,0.18646871553203698,0.20267884078434698,0.18646871553203698,,0.18646871553203698,0.13185329323184863,0.4763,0.2736098354775549,0.42374110221862793,0.2268,0.1259,0.99,,,,12.286946099068912,,,,
6344,P35557,R,303,V,NONSYN,0.398009908378716,0.08881380271243133,0.09628586565202547,-1.9711666666666667,100.0,2.0,6.0,0.22054214093865196,0.5020529979755409,0.8493285446588162,0.2205,0.5020529979755409,0.22054214093865196,0.5020529979755409,,0.5020529979755409,0.355005079383541,0.2319,0.011394403241264422,0.3695751130580902,0.226,0.256,0.987,,,,12.286946099068912,,,,
6345,P35557,R,303,R,SYN,,,,,100.0,2.0,6.0,0.559486012901542,0.05,0.45034431714141154,0.5595,0.05,0.559486012901542,0.05,,0.05,0.035355339059327376,,,,0.5595,0.0354,,,,,12.286946099068912,,,,
6346,P35557,R,303,D,NONSYN,0.1122725979085614,0.15459477714340247,0.050566411592952186,-1.7069333333333334,100.0,2.0,6.0,0.12470687575520698,0.241566433673716,0.9047208679484902,0.1247,0.241566433673716,0.12470687575520698,0.241566433673716,,0.241566433673716,0.17081326335773492,0.242,0.11725862674532708,0.3566353917121887,0.1466,0.1541,1.0,,,,12.286946099068912,,,,
6347,P35557,R,303,F,NONSYN,0.3436253892885596,0.0009269787700253163,0.13716521362051712,-2.1555666666666666,100.0,2.0,6.0,-0.283220179706134,0.38224502316178705,0.9872940848591784,-0.2832,0.38224502316178705,-0.283220179706134,0.38224502316178705,,0.38224502316178705,0.27028804795250855,0.1226,0.4058085459761993,0.3059113025665283,-0.1053,0.2026,0.9990000000000001,,,,12.286946099068912,,,,
6348,P35557,R,303,T,NONSYN,0.292232657128476,0.36174306574254506,0.055855141725011055,-1.0614333333333332,100.0,2.0,6.0,0.11243934722058699,0.271185602923949,0.9102595789813195,0.1124,0.271185602923949,0.11243934722058699,0.271185602923949,,0.271185602923949,0.19175717878768675,0.3914,0.2789635529983766,0.4216553866863251,0.1602,0.1746,0.998,,,,12.286946099068912,,,,
6349,P35557,R,303,I,NONSYN,0.35928103966798514,0.02761886060293331,0.15358157785413382,-2.1296999999999997,100.0,2.0,6.0,-0.363295825204858,0.24535110274277602,0.9913643091383562,-0.3633,0.24535110274277602,-0.363295825204858,0.24535110274277602,,0.24535110274277602,0.17348942852101426,0.1447,0.5079477448082057,0.35374629497528076,-0.2648,0.1558,0.99,,,,12.286946099068912,,,,
6350,P35557,R,303,L,NONSYN,0.3775202648814329,0.1991870199554733,0.12312135785403007,-1.8647666666666665,100.0,2.0,6.0,0.27592362243220697,0.0567428300176768,0.8058401812995226,0.2759,0.0567428300176768,0.27592362243220697,0.0567428300176768,,0.0567428300176768,0.040123239889214846,0.4641,0.18817214888050665,0.4774288833141327,0.2772,0.04,0.34299999999999997,,,,12.286946099068912,,,,
6351,P35557,R,303,K,NONSYN,0.4996982892545154,0.18673689245040367,0.1449104637263647,-0.31583333333333335,100.0,2.0,6.0,0.10219559028358198,0.139481031626795,0.9146501238741302,0.1022,0.139481031626795,0.10219559028358198,0.139481031626795,,0.139481031626795,0.09862798331020205,0.3833,0.28108862087517045,0.5090014338493347,0.1124,0.0968,0.993,,,,12.286946099068912,,,,
6352,P35557,R,303,G,NONSYN,0.4710347881166008,0.19991557229580195,0.119845495508701,-1.865,100.0,2.0,6.0,0.27373796541122103,0.132462885926995,0.8077338998890786,0.2737,0.132462885926995,0.27373796541122103,0.132462885926995,,0.132462885926995,0.09366540489451826,0.2817,0.007976950818027018,0.38837260007858276,0.2742,0.0911,0.9990000000000001,,,,12.286946099068912,,,,
6353,P35557,R,303,Y,NONSYN,0.3907391645635834,0.1617367512229558,0.07495318864701607,-1.6721666666666666,100.0,2.0,6.0,0.103280953516547,0.0570614471637889,0.9141947632245125,0.1033,0.0570614471637889,0.103280953516547,0.0570614471637889,,0.0570614471637889,0.04034853623383302,0.2656,0.1623017271856625,0.3619036376476288,0.1053,0.0401,0.9990000000000001,,,,12.286946099068912,,,,
6354,P35557,R,303,N,NONSYN,0.4070897773431755,0.3475042158444694,0.15220381197395277,-0.6592999999999999,100.0,2.0,6.0,0.115272217135214,0.0777885468537069,0.9090081779800565,0.1153,0.0777885468537069,0.115272217135214,0.0777885468537069,,0.0777885468537069,0.05500480897890362,0.3777,0.2624379464580782,0.43594303727149963,0.1194,0.0546,1.0,,,,12.286946099068912,,,,
6355,P35557,R,303,C,NONSYN,0.3945781846907973,-0.16699379477823664,0.113703163703626,-2.1973999999999996,100.0,2.0,6.0,0.0253551970157489,0.19997337281162697,0.9416033264337061,0.0254,0.19997337281162697,0.0253551970157489,0.19997337281162697,,0.19997337281162697,0.141402527971847,0.1222,0.09686931270028504,0.2888924181461334,0.0441,0.127,0.609,,,,12.286946099068912,,,,
6356,P35557,R,303,P,NONSYN,0.180066694070857,0.16724193156099165,0.06631438874297181,-1.7161666666666668,100.0,2.0,6.0,0.0867654125024394,0.158817161429259,0.92087995769022,0.0868,0.158817161429259,0.0867654125024394,0.158817161429259,,0.158817161429259,0.11230069181542764,0.242,0.15520008999809465,0.35858801007270813,0.1006,0.1072,1.0,,,,12.286946099068912,,,,
6357,P35557,R,303,E,NONSYN,0.2774716424939038,0.29532671483471934,0.05618225700235641,-0.8858,100.0,2.0,6.0,0.43668963552198903,0.18431811043466398,0.6258913636739258,0.4367,0.18431811043466398,0.43668963552198903,0.18431811043466398,,0.18431811043466398,0.13033258578384183,0.3941,0.042610874182801406,0.41930752992630005,0.4329,0.1245,0.995,,,,12.286946099068912,,,,
6358,P35557,R,303,M,NONSYN,0.37044865400284027,0.294382424863177,0.08310187898846186,-1.0532666666666668,100.0,2.0,6.0,0.314521269858691,0.0734259723529198,0.7699034752303218,0.3145,0.0734259723529198,0.314521269858691,0.0734259723529198,,0.0734259723529198,0.051920002965965543,0.3415,0.026933534084943034,0.3732907772064209,0.315,0.0514,0.9990000000000001,,,,12.286946099068912,,,,
6359,P35557,R,303,W,NONSYN,0.38841440406711497,-0.14199128799077998,0.15957680737314064,-2.1376333333333335,100.0,2.0,6.0,0.14553462057628197,0.16248984122951501,0.8945778251647598,0.1455,0.16248984122951501,0.14553462057628197,0.16248984122951501,,0.16248984122951501,0.11489766860731551,0.0974,0.048152075105090564,0.29927945137023926,0.1393,0.1073,1.0,,,,12.286946099068912,,,,
6360,P35557,R,303,H,NONSYN,0.3580838527509595,0.31970212914879265,0.04996414154850796,-0.45376666666666665,100.0,2.0,6.0,0.037793925426822,0.605822129717129,0.9378855736143988,0.0378,0.605822129717129,0.037793925426822,0.605822129717129,,0.605822129717129,0.42838093611585815,0.3654,0.32763237652935473,0.38392239809036255,0.2195,0.2859,1.0,,,,12.286946099068912,,,,
6361,P35557,R,303,Q,NONSYN,0.3675437003413988,0.19658525936134166,0.15037816713406502,-0.5823,100.0,2.0,6.0,0.407144534789175,0.070080340156222,0.6645915859343107,0.4071,0.070080340156222,0.407144534789175,0.070080340156222,,0.070080340156222,0.049554283752324485,0.3222,0.08498578091725728,0.43360236287117004,0.406,0.0492,1.0,,,,12.286946099068912,,,,
6362,P35557,R,303,*,STOP,,,,,100.0,2.0,6.0,-0.286614535924979,0.05,0.9875017900329787,-0.2866,0.05,-0.286614535924979,0.05,,0.05,0.035355339059327376,,,,-0.2866,0.0354,,,,,12.286946099068912,,,,
6363,P35557,L,304,S,NONSYN,0.3696688568840947,0.7067539788061284,0.08727122531010627,-1.8501333333333332,100.0,2.0,6.0,0.6782974071113791,0.133934673437562,0.2877274999251077,0.6783,0.133934673437562,0.6782974071113791,0.133934673437562,,0.133934673437562,0.09470611582370583,0.8333,0.15503227047040802,0.4368935227394104,0.6853,0.0926,0.7,,,,21.8067633336144,,,,
6364,P35557,L,304,A,NONSYN,0.2800117097075371,1.260325744413542,0.042415185071190055,-1.3620666666666665,100.0,2.0,6.0,1.2373517808863501,0.16006755227209196,0.01153486170892571,1.2374,0.16006755227209196,1.2373517808863501,0.16006755227209196,,0.16006755227209196,0.11318485165952838,1.0363,0.20104587649792238,0.5080569386482239,1.2278,0.1105,0.973,,,,21.8067633336144,,,,
6365,P35557,L,304,V,NONSYN,0.45006845647116095,0.37181985243218557,0.04189975251758855,0.4434,100.0,2.0,6.0,0.87432680284041,0.0649160596622947,0.10827051951965636,0.8743,0.0649160596622947,0.87432680284041,0.0649160596622947,,0.0649160596622947,0.04590258599511908,0.6463,0.22801760589140485,0.4155510365962982,0.8716,0.0456,0.836,,,,21.8067633336144,,,,
6366,P35557,L,304,R,NONSYN,0.2792328090176149,0.45775857389342817,0.047291709742845245,-1.8351333333333333,100.0,2.0,6.0,1.42528362184948,0.33878340273675,0.0032606382583211507,1.4253,0.33878340273675,1.42528362184948,0.33878340273675,,0.33878340273675,0.23955604142860906,0.484,0.9413007906097797,0.4157770276069641,1.1907,0.2076,0.995,,,,21.8067633336144,,,,
6367,P35557,L,304,D,NONSYN,0.15709418040401155,0.5473769043469826,0.02921640035428447,-2.512333333333333,100.0,2.0,6.0,0.41888185376559794,0.0486317370914343,0.6494740962706796,0.4189,0.0486317370914343,0.41888185376559794,0.0486317370914343,,0.0486317370914343,0.03438783107823454,0.5953,0.17640356188381612,0.4176686108112335,0.4201,0.0343,0.998,,,,21.8067633336144,,,,
6368,P35557,L,304,F,NONSYN,0.463424518412456,0.4563162405291245,0.042706776173756456,0.48950000000000005,100.0,2.0,6.0,0.6208376385495931,0.0546357423296843,0.3629857844264528,0.6208,0.0546357423296843,0.6208376385495931,0.0546357423296843,,0.0546357423296843,0.03863330389648067,0.445,0.17584536450364885,0.39953577518463135,0.6192,0.0385,0.9990000000000001,,,,21.8067633336144,,,,
6369,P35557,L,304,T,NONSYN,0.3205067496312658,1.3416666911564128,0.03952878858097092,-1.3817666666666666,100.0,2.0,6.0,0.9933289406577378,0.172855522484457,0.054181033467488704,0.9933,0.172855522484457,0.9933289406577378,0.172855522484457,,0.172855522484457,0.12222731211430328,1.0452,0.05187712928855126,0.5095299482345581,0.9962,0.1189,0.963,,,,21.8067633336144,,,,
6370,P35557,L,304,I,NONSYN,0.3599458773266949,0.6895123672801313,0.040950553425363766,0.27723333333333333,100.0,2.0,6.0,-0.0787507417034274,0.0750309311919247,0.965211282786674,-0.0788,0.0750309311919247,-0.0787507417034274,0.0750309311919247,,0.0750309311919247,0.0530548802445512,0.8036,0.8824001672100192,0.4007755517959595,-0.0636,0.0526,0.887,,,,21.8067633336144,,,,
6371,P35557,L,304,L,SYN,,,,,100.0,2.0,6.0,1.04382940609081,0.05,0.039795297743563295,1.0438,0.05,1.04382940609081,0.05,,0.05,0.035355339059327376,,,,1.0438,0.0354,,,,,21.8067633336144,,,,
6372,P35557,L,304,K,NONSYN,0.16637828819819184,0.9118024345535467,0.09027025144536242,-1.8327,100.0,2.0,6.0,0.0631520398691243,0.0914022386430289,0.9295771804155362,0.0632,0.0914022386430289,0.0631520398691243,0.0914022386430289,,0.0914022386430289,0.06463114276011683,0.8489,0.7857200852796489,0.44112566113471985,0.0797,0.0639,0.9470000000000001,,,,21.8067633336144,,,,
6373,P35557,L,304,G,NONSYN,0.3375782897720982,0.48485524236736066,0.024865127957053295,-2.5354666666666663,100.0,2.0,6.0,0.606446839704464,0.0812457270056216,0.382993743639735,0.6064,0.0812457270056216,0.606446839704464,0.0812457270056216,,0.0812457270056216,0.057449404508106046,0.6079,0.0014114605045814077,0.41491827368736267,0.6065,0.0569,0.9890000000000001,,,,21.8067633336144,,,,
6374,P35557,L,304,Y,NONSYN,0.3932294491632085,0.9999016544561421,0.05662185336302119,-1.3710666666666667,100.0,2.0,6.0,2.0186240507585502,0.0172007826814897,4.5257235194672274e-05,2.0186,0.0172007826814897,2.0186240507585502,0.0172007826814897,,0.0172007826814897,0.012162790075797493,0.8628,1.1558673216325737,0.4093344211578369,2.0176,0.0122,0.9940000000000001,,,,21.8067633336144,,,,
6375,P35557,L,304,N,NONSYN,0.1790631080953343,0.3633768074081775,0.03523615902391651,-2.4369,100.0,2.0,6.0,0.5981005560492629,0.073461810117166,0.3947612083176679,0.5981,0.073461810117166,0.5981005560492629,0.073461810117166,,0.073461810117166,0.0519453440920866,0.3866,0.2114896904563064,0.38427045941352844,0.5943,0.0515,0.998,,,,21.8067633336144,,,,
6376,P35557,L,304,C,NONSYN,0.3444819501115762,1.238142937504141,0.09154838205971244,-1.3948999999999998,100.0,2.0,6.0,0.769024241824338,0.0469889781224174,0.18887579460467946,0.769,0.0469889781224174,0.769024241824338,0.0469889781224174,,0.0469889781224174,0.03322622507138767,0.9796,0.21058930073242466,0.46573689579963684,0.7701,0.0331,1.0,,,,21.8067633336144,,,,
6377,P35557,L,304,P,NONSYN,0.3101239067988947,0.7789825804173014,0.06159909391961585,-2.2839666666666667,100.0,2.0,6.0,0.0461002652328475,0.11126741167760999,0.9352750730437998,0.0461,0.11126741167760999,0.0461002652328475,0.11126741167760999,,0.11126741167760999,0.07867794132231326,0.7439,0.6978475983459489,0.4036778211593628,0.0716,0.0772,0.9990000000000001,,,,21.8067633336144,,,,
6378,P35557,L,304,E,NONSYN,0.22335052551716408,0.41688255366219146,0.03680122477113234,-2.4328000000000003,100.0,2.0,6.0,0.43758331728722105,0.05802808967690099,0.6246886131591383,0.4376,0.05802808967690099,0.43758331728722105,0.05802808967690099,,0.05802808967690099,0.041032055709837784,0.4111,0.02646141243721495,0.38916435837745667,0.4373,0.0408,0.998,,,,21.8067633336144,,,,
6379,P35557,L,304,M,NONSYN,0.4855550162170784,0.47213789989552524,0.02669664957913633,0.15566666666666665,100.0,2.0,6.0,0.573372660450391,0.15161102111386904,0.4301842526946167,0.5734,0.15161102111386904,0.573372660450391,0.15161102111386904,,0.15161102111386904,0.10720518113223362,0.4513,0.12204244571154521,0.3888654112815857,0.5648,0.1033,0.998,,,,21.8067633336144,,,,
6380,P35557,L,304,W,NONSYN,0.28885364138641745,0.7222443562766611,0.08852716467831734,-1.8677333333333335,100.0,2.0,6.0,0.631826274699781,0.118170379577303,0.34798087401298,0.6318,0.118170379577303,0.631826274699781,0.118170379577303,,0.118170379577303,0.08355907673449925,0.7002,0.06836927621879807,0.4413074254989624,0.6342,0.0821,1.0,,,,21.8067633336144,,,,
6381,P35557,L,304,H,NONSYN,0.29725486605293433,0.5115119756504839,0.0867656486367102,-1.9786333333333335,100.0,2.0,6.0,1.30126386791542,0.24400035646219198,0.007549056240667991,1.3013,0.24400035646219198,1.30126386791542,0.24400035646219198,,0.24400035646219198,0.17253430666635078,0.5101,0.7911824575074,0.43845054507255554,1.1952,0.1606,1.0,,,,21.8067633336144,,,,
6382,P35557,L,304,Q,NONSYN,0.3225298006389851,0.8794007658034896,0.04818588080710168,-1.5422,100.0,2.0,6.0,0.45845298086752295,0.35347195705499,0.5961289974727154,0.4585,0.35347195705499,0.45845298086752295,0.35347195705499,,0.35347195705499,0.24994241779286352,0.7974,0.33899315083871484,0.4204462170600891,0.547,0.2148,0.998,,,,21.8067633336144,,,,
6383,P35557,L,304,*,STOP,,,,,100.0,2.0,6.0,-0.25024500103512,0.05,0.9850804470361968,-0.2502,0.05,-0.25024500103512,0.05,,0.05,0.035355339059327376,,,,-0.2502,0.0354,,,,,21.8067633336144,,,,
6384,P35557,V,305,S,NONSYN,0.33699392667600697,1.3482737361597306,0.21799433049831218,-1.4466,100.0,2.0,6.0,2.13126572834619,0.22381053936012196,1.9187454867560675e-05,2.1313,0.22381053936012196,2.13126572834619,0.22381053936012196,,0.22381053936012196,0.15825795008256094,1.0132,1.118025867811522,0.6804863810539246,2.0739,0.1541,1.0,,,,0.09394135167272487,,,,
6385,P35557,V,305,A,NONSYN,0.4716545268994549,1.6243461255284026,0.13157903725423567,-0.7901333333333334,100.0,2.0,6.0,0.823787745203544,0.135068025454685,0.14253298488370797,0.8238,0.135068025454685,0.823787745203544,0.135068025454685,,0.135068025454685,0.09550751672048496,1.1813,0.3575035965780722,0.6511521935462952,0.8313,0.0945,0.88,,,,0.09394135167272487,,,,
6386,P35557,V,305,V,SYN,,,,,100.0,2.0,6.0,1.07590349043442,0.05,0.032594044285625845,1.0759,0.05,1.07590349043442,0.05,,0.05,0.035355339059327376,,,,1.0759,0.0354,,,,,0.09394135167272487,,,,
6387,P35557,V,305,R,NONSYN,0.17643841508486408,0.9284285875571476,0.18212797433729913,-1.9857333333333334,100.0,2.0,6.0,0.7686721505340591,0.164673638573208,0.18920633016694632,0.7687,0.164673638573208,0.7686721505340591,0.164673638573208,,0.164673638573208,0.11644184651777799,0.7827,0.014038997727964797,0.5152595043182373,0.7694,0.1136,1.0,,,,0.09394135167272487,,,,
6388,P35557,V,305,D,NONSYN,0.27348180848279724,1.528446151410274,0.08486487307852479,-2.3809,100.0,2.0,6.0,0.05886981526367201,0.47792411583863303,0.9310522568482693,0.0589,0.47792411583863303,0.05886981526367201,0.47792411583863303,,0.47792411583863303,0.33794338320208245,0.9911,0.9322188135052489,0.507062554359436,0.3456,0.2812,1.0,,,,0.09394135167272487,,,,
6389,P35557,V,305,F,NONSYN,0.4053248813429461,1.2171812804943836,0.06821137932712383,-0.9184666666666667,100.0,2.0,6.0,1.8333534473030502,0.47878364100606896,0.0001798429723356718,1.8334,0.47878364100606896,1.8333534473030502,0.47878364100606896,,0.47878364100606896,0.3385511592765769,1.0306,0.8027453893272811,0.5189430713653564,1.5937,0.2835,0.997,,,,0.09394135167272487,,,,
6390,P35557,V,305,T,NONSYN,0.3185872156759129,1.6208200826486612,0.051433697333763566,-0.1374,100.0,2.0,6.0,2.3431945613487404,0.258815123369245,3.6707237573331164e-06,2.3432,0.258815123369245,2.3431945613487404,0.258815123369245,,0.258815123369245,0.18300992880802602,1.1539,1.1893094352348488,0.5694263577461243,2.2318,0.1742,0.998,,,,0.09394135167272487,,,,
6391,P35557,V,305,I,NONSYN,0.4306262074024321,2.1272890213637266,0.07316630621399124,-0.1123,100.0,2.0,6.0,1.92217261040016,0.126407769610663,9.327629984116384e-05,1.9222,0.126407769610663,1.92217261040016,0.126407769610663,,0.126407769610663,0.08938379108636658,1.2653,0.6568371697644788,0.5546990633010864,1.9055,0.0882,0.055999999999999994,,,,0.09394135167272487,,,,
6392,P35557,V,305,L,NONSYN,0.4667115524229356,2.0911315216141815,0.07035544254847124,-0.29109999999999997,100.0,2.0,6.0,0.932260244452179,0.15970263848407998,0.07782980980061134,0.9323,0.15970263848407998,0.932260244452179,0.15970263848407998,,0.15970263848407998,0.11292681864547664,1.279,0.3467812842496032,0.660471498966217,0.9421,0.1113,0.5329999999999999,,,,0.09394135167272487,,,,
6393,P35557,V,305,K,NONSYN,0.1909141340536438,0.702605711416556,0.16279645588695216,-1.7571333333333332,100.0,2.0,6.0,0.49401137219446295,0.682497358094278,0.5457522813631974,0.494,0.682497358094278,0.49401137219446295,0.682497358094278,,0.682497358094278,0.4825985100503674,0.6715,0.17748925103170282,0.518695056438446,0.5764,0.3533,1.0,,,,0.09394135167272487,,,,
6394,P35557,V,305,G,NONSYN,0.3807983932718594,1.2214393960329006,0.13050882342887707,-2.365066666666667,100.0,2.0,6.0,0.9798900813957919,0.226853139535993,0.058741189751620106,0.9799,0.226853139535993,0.9798900813957919,0.226853139535993,,0.226853139535993,0.16040939329935874,0.9883,0.00841143418343171,0.5133256316184998,0.9806,0.1531,0.9990000000000001,,,,0.09394135167272487,,,,
6395,P35557,V,305,Y,NONSYN,0.33250944557826595,0.7026057114165559,0.16279645588695216,-1.7571333333333332,100.0,2.0,6.0,0.7933134894926821,0.43579773583709003,0.16708734771147998,0.7933,0.43579773583709003,0.7933134894926821,0.43579773583709003,,0.43579773583709003,0.30815553423615005,0.6715,0.12181286626651633,0.518695056438446,0.7615,0.2649,1.0,,,,0.09394135167272487,,,,
6396,P35557,V,305,N,NONSYN,0.2445312890805706,1.4582088617794031,0.09057671403604896,-2.1033666666666666,100.0,2.0,6.0,1.14538416425393,0.21081449095930602,0.020976809146330405,1.1454,0.21081449095930602,1.14538416425393,0.21081449095930602,,0.21081449095930602,0.1490683561297154,0.9911,0.15429553548500907,0.5081675052642822,1.1332,0.143,1.0,,,,0.09394135167272487,,,,
6397,P35557,V,305,C,NONSYN,0.4349501020449153,1.5961356402842615,0.12857516261011698,-0.9503666666666666,100.0,2.0,6.0,0.696490367933417,0.12416010561312299,0.2657765242427515,0.6965,0.12416010561312299,0.696490367933417,0.12416010561312299,,0.12416010561312299,0.08779445263187718,1.1298,0.43333009810814793,0.6835204362869263,0.7035,0.0871,0.255,,,,0.09394135167272487,,,,
6398,P35557,V,305,P,NONSYN,0.17175025849116904,0.5297512954436456,0.16793100172246256,-1.883333333333333,100.0,2.0,6.0,1.1458902262230501,0.294661482463592,0.0209087940633677,1.1459,0.294661482463592,1.1458902262230501,0.294661482463592,,0.294661482463592,0.20835713240448683,0.5797,0.5661827825089083,0.5362150073051453,1.0716,0.1942,1.0,,,,0.09394135167272487,,,,
6399,P35557,V,305,E,NONSYN,0.32079411141973807,0.7462453358267792,0.22567570658208325,-1.7854,100.0,2.0,6.0,0.363092498963793,0.161615441558677,0.7179341696967553,0.3631,0.161615441558677,0.363092498963793,0.161615441558677,,0.161615441558677,0.11427937467059866,0.7326,0.369531853014509,0.5774408578872681,0.377,0.1121,1.0,,,,0.09394135167272487,,,,
6400,P35557,V,305,M,NONSYN,0.4348220015603004,1.3664141836681545,0.07843382643407884,-0.2969,100.0,2.0,6.0,3.10641225829026,0.0622040975063329,6.210183044624833e-09,3.1064,0.0622040975063329,3.10641225829026,0.0622040975063329,,0.0622040975063329,0.0439849391643172,1.0452,2.061206188343971,0.5285727381706238,3.0922,0.0438,0.9940000000000001,,,,0.09394135167272487,,,,
6401,P35557,V,305,W,NONSYN,0.20407639127029992,0.7584193809472386,0.2270776004939287,-1.7649666666666668,100.0,2.0,6.0,0.326570363602415,0.12122183410824301,0.7577096709909712,0.3266,0.12122183410824301,0.326570363602415,0.12122183410824301,,0.12122183410824301,0.08571678092580935,0.7365,0.4099057597305623,0.582758367061615,0.3353,0.0848,1.0,,,,0.09394135167272487,,,,
6402,P35557,V,305,H,NONSYN,0.2484595230317529,0.6576420433505538,0.12909333775294138,-2.2657666666666665,100.0,2.0,6.0,2.4600642085811,0.183662036827555,1.4424726955247211e-06,2.4601,0.183662036827555,2.4600642085811,0.183662036827555,,0.183662036827555,0.12986867168729754,0.6699,1.790159320904861,0.48418429493904114,2.3399,0.1254,1.0,,,,0.09394135167272487,,,,
6403,P35557,V,305,Q,NONSYN,0.31633139311143543,0.394558078253557,0.16776586327055162,-1.7866,100.0,2.0,6.0,1.4181542716834599,0.660480177502376,0.003423772808753347,1.4182,0.660480177502376,1.4181542716834599,0.660480177502376,,0.660480177502376,0.4670300123512246,0.3816,1.0365946613166386,0.5161091089248657,0.9515,0.3463,1.0,,,,0.09394135167272487,,,,
6404,P35557,V,305,*,STOP,,,,,100.0,2.0,6.0,0.46528356327994896,0.05,0.5866013839578179,0.4653,0.05,0.46528356327994896,0.05,,0.05,0.035355339059327376,,,,0.4653,0.0354,,,,,0.09394135167272487,,,,
6405,P35557,L,306,S,NONSYN,0.3696688568840947,-0.04661765599108699,0.17732599047755496,-1.8501333333333332,100.0,2.0,6.0,0.352439021244844,0.6839824055970889,0.7299686617414127,0.3524,0.6839824055970889,0.352439021244844,0.6839824055970889,,0.6839824055970889,0.4836485972099891,0.1189,0.23353931821902613,0.30919498205184937,0.1867,0.2605,1.0,,,,0.018036512340257056,,,,
6406,P35557,L,306,A,NONSYN,0.2800117097075371,0.8830633104778206,0.11607922488905882,-1.3620666666666665,100.0,2.0,6.0,1.2975270903219198,0.213811825124067,0.007739844534502796,1.2975,0.213811825124067,1.2975270903219198,0.213811825124067,,0.213811825124067,0.1511877914431,0.8406,0.4569217121709799,0.4753296673297882,1.2555,0.1441,0.988,,,,0.018036512340257056,,,,
6407,P35557,L,306,V,NONSYN,0.45006845647116095,0.6573712594428966,0.11586790637565554,0.4434,100.0,2.0,6.0,0.41243640657405195,0.17709214490187697,0.6578196182162307,0.4124,0.17709214490187697,0.41243640657405195,0.17709214490187697,,0.17709214490187697,0.1252230565549879,0.8354,0.4230030370142049,0.44898614287376404,0.443,0.1206,0.5670000000000001,,,,0.018036512340257056,,,,
6408,P35557,L,306,R,NONSYN,0.2792328090176149,-0.01450646309463599,0.2348949801888428,-1.8351333333333333,100.0,2.0,6.0,0.256105442555491,0.201671327716916,0.8224680483617309,0.2561,0.201671327716916,0.256105442555491,0.201671327716916,,0.201671327716916,0.14260316339952583,0.1637,0.09237124493891385,0.45636099576950073,0.2479,0.1361,1.0,,,,0.018036512340257056,,,,
6409,P35557,L,306,D,NONSYN,0.15709418040401155,0.09799140756573917,0.13169837758202155,-2.512333333333333,100.0,2.0,6.0,-0.15412991356259803,0.487929217483057,0.9760672125118753,-0.1541,0.487929217483057,-0.15412991356259803,0.487929217483057,,0.487929217483057,0.34501805842131533,0.1914,0.3455142588556431,0.3979642987251282,-0.0059,0.2607,1.0,,,,0.018036512340257056,,,,
6410,P35557,L,306,F,NONSYN,0.463424518412456,0.5994999551254833,0.11861132302900323,0.48950000000000005,100.0,2.0,6.0,0.586050319526292,0.14065095724990898,0.4119309487421482,0.5861,0.14065095724990898,0.586050319526292,0.14065095724990898,,0.14065095724990898,0.09945524565178983,0.8128,0.2267378093265522,0.44898614287376404,0.5967,0.0971,0.196,,,,0.018036512340257056,,,,
6411,P35557,L,306,T,NONSYN,0.3205067496312658,0.7369204378859872,0.07765737107400288,-1.3817666666666666,100.0,2.0,6.0,1.73595570809742,0.42391324772862704,0.0003656012701092331,1.736,0.42391324772862704,1.73595570809742,0.42391324772862704,,0.42391324772862704,0.29975193210372497,0.731,1.0049270916690447,0.4352143406867981,1.4126,0.2469,1.0,,,,0.018036512340257056,,,,
6412,P35557,L,306,I,NONSYN,0.3599458773266949,0.6943630995618714,0.11693467507353437,0.27723333333333333,100.0,2.0,6.0,0.301460886217128,0.163985946549668,0.7825953222620357,0.3015,0.163985946549668,0.301460886217128,0.163985946549668,,0.163985946549668,0.11595557482456496,0.8259,0.5244754908313645,0.44898614287376404,0.3343,0.1123,0.762,,,,0.018036512340257056,,,,
6413,P35557,L,306,L,SYN,,,,,100.0,2.0,6.0,-0.0477443724169738,0.05,0.9594065141629793,-0.0477,0.05,-0.0477443724169738,0.05,,0.05,0.035355339059327376,,,,-0.0477,0.0354,,,,,0.018036512340257056,,,,
6414,P35557,L,306,K,NONSYN,0.16637828819819184,0.27321714720322604,0.20536203643742976,-1.8327,100.0,2.0,6.0,-0.607065388338095,0.5241267663175571,0.9972299316391935,-0.6071,0.5241267663175571,-0.607065388338095,0.5241267663175571,,0.5241267663175571,0.37061359066452154,0.373,0.9801073161525786,0.46825727820396423,-0.2296,0.2906,0.996,,,,0.018036512340257056,,,,
6415,P35557,L,306,G,NONSYN,0.3375782897720982,-0.012303569176823508,0.17050960578014326,-2.5354666666666663,100.0,2.0,6.0,0.17675501666509,0.164169994741706,0.8774938358440592,0.1768,0.164169994741706,0.17675501666509,0.164169994741706,,0.164169994741706,0.11608571654922015,0.1267,0.05006307921849576,0.3255329132080078,0.1711,0.1093,0.998,,,,0.018036512340257056,,,,
6416,P35557,L,306,Y,NONSYN,0.3932294491632085,1.1357303805534422,0.11477723184841132,-1.3710666666666667,100.0,2.0,6.0,0.539525880095055,0.22611019341015498,0.4794961344165748,0.5395,0.22611019341015498,0.539525880095055,0.22611019341015498,,0.22611019341015498,0.1598840510557224,0.9033,0.3638014657530285,0.46354350447654724,0.5782,0.1511,0.995,,,,0.018036512340257056,,,,
6417,P35557,L,306,N,NONSYN,0.1790631080953343,0.11725026795236293,0.1326333175383532,-2.4369,100.0,2.0,6.0,-0.0041190363498965,0.5063602999756021,0.9495612300137369,-0.0041,0.5063602999756021,-0.0041190363498965,0.5063602999756021,,0.5063602999756021,0.3580508018364026,0.1947,0.19882350936854273,0.38012242317199707,0.0894,0.2606,1.0,,,,0.018036512340257056,,,,
6418,P35557,L,306,C,NONSYN,0.3444819501115762,0.8783481178701699,0.13837847336880885,-1.3948999999999998,100.0,2.0,6.0,0.37370834324098706,0.10821596440172099,0.7055970179130374,0.3737,0.10821596440172099,0.37370834324098706,0.10821596440172099,,0.10821596440172099,0.07652024226109894,0.7769,0.40321495559476733,0.5154242515563965,0.3824,0.0757,1.0,,,,0.018036512340257056,,,,
6419,P35557,L,306,P,NONSYN,0.3101239067988947,-0.1367781874655162,0.17341125064501137,-2.2839666666666667,100.0,2.0,6.0,0.0536575448099748,0.510733952400126,0.9328073081908714,0.0537,0.510733952400126,0.0536575448099748,0.510733952400126,,0.510733952400126,0.36114344112433644,0.0974,0.04372500066121661,0.29927945137023926,0.0796,0.2304,1.0,,,,0.018036512340257056,,,,
6420,P35557,L,306,E,NONSYN,0.22335052551716408,0.07543117504172277,0.17387762470247214,-2.4328000000000003,100.0,2.0,6.0,0.12133824238202401,0.16984636373613504,0.9062729997408413,0.1213,0.16984636373613504,0.12133824238202401,0.16984636373613504,,0.16984636373613504,0.12009951555769799,0.1453,0.02395001640894584,0.3551369905471802,0.1238,0.1138,1.0,,,,0.018036512340257056,,,,
6421,P35557,L,306,M,NONSYN,0.4855550162170784,0.4333158707724907,0.06584312594976272,0.15566666666666665,100.0,2.0,6.0,1.08460257258527,0.441568351063221,0.030862685492643007,1.0846,0.441568351063221,1.08460257258527,0.441568351063221,,0.441568351063221,0.3122359753941656,0.7219,0.36265472378842545,0.40298572182655334,0.9486,0.2468,0.40700000000000003,,,,0.018036512340257056,,,,
6422,P35557,L,306,W,NONSYN,0.28885364138641745,0.0004930251540800068,0.20859478564378556,-1.8677333333333335,100.0,2.0,6.0,0.211106977809343,0.500620547506416,0.8558388935142013,0.2111,0.500620547506416,0.211106977809343,0.500620547506416,,0.500620547506416,0.35399218394310894,0.1226,0.0885418573507401,0.3649546802043915,0.1682,0.2541,1.0,,,,0.018036512340257056,,,,
6423,P35557,L,306,H,NONSYN,0.29725486605293433,-0.09910080032420975,0.17892105051730015,-1.9786333333333335,100.0,2.0,6.0,-0.5275537684286761,0.5060017516165689,0.9960132583097361,-0.5276,0.5060017516165689,-0.5275537684286761,0.5060017516165689,,0.5060017516165689,0.35779726986034693,0.0992,0.6267353012884783,0.310918927192688,-0.1705,0.2347,1.0,,,,0.018036512340257056,,,,
6424,P35557,L,306,Q,NONSYN,0.3225298006389851,0.6274474704574167,0.1308194523634053,-1.5422,100.0,2.0,6.0,0.797991383193535,0.497828803834226,0.16311909754525525,0.798,0.497828803834226,0.797991383193535,0.497828803834226,,0.497828803834226,0.3520181230611687,0.6699,0.128086495517296,0.4968213140964508,0.7552,0.2872,1.0,,,,0.018036512340257056,,,,
6425,P35557,L,306,*,STOP,,,,,,,,,,,,,,,,,,,,,,,,,,,0.018036512340257056,,,,
6426,P35557,L,307,S,NONSYN,0.3696688568840947,0.9377315666272362,0.07763486924575091,-1.8501333333333332,100.0,2.0,6.0,1.07973075181011,0.102654524179649,0.03182137046517869,1.0797,0.102654524179649,1.07973075181011,0.102654524179649,,0.102654524179649,0.07258771016690821,0.8953,0.18443972140315812,0.4090811610221863,1.0741,0.0715,0.7070000000000001,,,,31.286266206491,,,,
6427,P35557,L,307,A,NONSYN,0.2800117097075371,1.1730298603274953,0.11352207432567445,-1.3620666666666665,100.0,2.0,6.0,1.0087690133003,0.12667205526244502,0.04934231251445922,1.0088,0.12667205526244502,1.0087690133003,0.12667205526244502,,0.12667205526244502,0.08957066926291196,0.9814,0.027344443216681835,0.5045045614242554,1.0079,0.0882,0.33299999999999996,,,,31.286266206491,,,,
6428,P35557,L,307,V,NONSYN,0.45006845647116095,0.5347942200568617,0.0974686442519042,0.4434,100.0,2.0,6.0,0.864890558480103,0.165956651468423,0.11408695118908864,0.8649,0.165956651468423,0.864890558480103,0.165956651468423,,0.165956651468423,0.1173490736363343,0.8148,0.050111634491760704,0.42348265647888184,0.8613,0.1131,0.0,,,,31.286266206491,,,,
6429,P35557,L,307,R,NONSYN,0.2792328090176149,0.9803207229877797,0.05459922912263356,-1.8351333333333333,100.0,2.0,6.0,0.95196328272848,0.25567107613277695,0.06934686310828546,0.952,0.25567107613277695,0.95196328272848,0.25567107613277695,,0.25567107613277695,0.18078675168674863,0.9149,0.037026621008204086,0.3908800482749939,0.9454,0.1641,0.266,,,,31.286266206491,,,,
6430,P35557,L,307,D,NONSYN,0.15709418040401155,1.3295066742129367,0.05363490081691243,-2.512333333333333,100.0,2.0,6.0,2.17647734556254,0.0858071656618314,1.3541318346139483e-05,2.1765,0.0858071656618314,2.17647734556254,0.0858071656618314,,0.0858071656618314,0.06067482871387844,1.0838,1.0926434126859532,0.4762747287750244,2.159,0.0602,0.894,,,,31.286266206491,,,,
6431,P35557,L,307,F,NONSYN,0.463424518412456,0.6839383149775293,0.10191453991794051,0.48950000000000005,100.0,2.0,6.0,0.41745827371809996,0.107637108599913,0.6513263692833726,0.4175,0.107637108599913,0.41745827371809996,0.107637108599913,,0.107637108599913,0.07611092939831134,0.8259,0.4084781033303925,0.4301565885543823,0.4299,0.0749,0.718,,,,31.286266206491,,,,
6432,P35557,L,307,T,NONSYN,0.3205067496312658,0.648834860230862,0.045682819674060106,-1.3817666666666666,100.0,2.0,6.0,2.5813540135902002,0.458750426495033,5.381990147464079e-07,2.5814,0.458750426495033,2.5813540135902002,0.458750426495033,,0.458750426495033,0.3243855374468586,0.8377,1.7436757003348902,0.41924378275871277,1.9284,0.2566,0.42,,,,31.286266206491,,,,
6433,P35557,L,307,I,NONSYN,0.3599458773266949,0.517354255589456,0.10424549002790238,0.27723333333333333,100.0,2.0,6.0,0.9172104518823199,0.0541836667940935,0.08491537310013182,0.9172,0.0541836667940935,0.9172104518823199,0.0541836667940935,,0.0541836667940935,0.03831363821965587,0.7971,0.12014584950728935,0.4394114017486572,0.9163,0.0382,0.0,,,,31.286266206491,,,,
6434,P35557,L,307,L,SYN,,,,,100.0,2.0,6.0,1.3775213631031,0.05,0.004516391587098239,1.3775,0.05,1.3775213631031,0.05,,0.05,0.035355339059327376,,,,1.3775,0.0354,,,,,31.286266206491,,,,
6435,P35557,L,307,K,NONSYN,0.16637828819819184,1.1336869449327533,0.06526450462056448,-1.8327,100.0,2.0,6.0,0.4918646168935589,0.205807832223215,0.5488414039827318,0.4919,0.205807832223215,0.4918646168935589,0.205807832223215,,0.205807832223215,0.14552811378633856,0.9572,0.4653814482462116,0.3973182141780853,0.5469,0.1367,0.0,,,,31.286266206491,,,,
6436,P35557,L,307,G,NONSYN,0.3375782897720982,1.6137859698046901,0.035586356976411444,-2.5354666666666663,100.0,2.0,6.0,1.32363945878728,0.19065287243860501,0.006498308936458227,1.3236,0.19065287243860501,1.32363945878728,0.19065287243860501,,0.19065287243860501,0.13481193895403143,1.1259,0.19773382581456267,0.5673351287841797,1.3131,0.1312,0.7070000000000001,,,,31.286266206491,,,,
6437,P35557,L,307,Y,NONSYN,0.3932294491632085,1.4208676485987974,0.11335576187238061,-1.3710666666666667,100.0,2.0,6.0,0.265255648486394,0.12932515824874,0.8149420087198647,0.2653,0.12932515824874,0.265255648486394,0.12932515824874,,0.12932515824874,0.09144669637570742,1.0859,0.8206543141677198,0.5213803648948669,0.2897,0.0901,0.445,,,,31.286266206491,,,,
6438,P35557,L,307,N,NONSYN,0.1790631080953343,0.754537785875072,0.05820669237082115,-2.4369,100.0,2.0,6.0,1.5634872476069999,0.0744106871742141,0.0012496787937359235,1.5635,0.0744106871742141,1.5634872476069999,0.0744106871742141,,0.0744106871742141,0.05261630149363765,0.8611,0.7023468176333976,0.3874019682407379,1.5508,0.0521,0.894,,,,31.286266206491,,,,
6439,P35557,L,307,C,NONSYN,0.3444819501115762,1.0401817622083882,0.05173129906059745,-1.3948999999999998,100.0,2.0,6.0,0.6724799189058921,0.0692369417308052,0.2949537526730645,0.6725,0.0692369417308052,0.6724799189058921,0.0692369417308052,,0.0692369417308052,0.04895791100647021,0.8628,0.19027681022008447,0.4073818325996399,0.6752,0.0486,0.995,,,,31.286266206491,,,,
6440,P35557,L,307,P,NONSYN,0.3101239067988947,1.091329574693101,0.03565985804281884,-2.2839666666666667,100.0,2.0,6.0,-0.161419417406594,0.12141106409937899,0.9769144129229668,-0.1614,0.12141106409937899,-0.161419417406594,0.12141106409937899,,0.12141106409937899,0.08585058673574547,0.9304,1.0917781253114096,0.37562090158462524,-0.1072,0.0837,0.006,,,,31.286266206491,,,,
6441,P35557,L,307,E,NONSYN,0.22335052551716408,0.9085690963292287,0.056088280921227335,-2.4328000000000003,100.0,2.0,6.0,1.1013933162445302,0.0994745113418048,0.027762690228074927,1.1014,0.0994745113418048,1.1013933162445302,0.0994745113418048,,0.0994745113418048,0.0703391015250083,0.8929,0.20847639844362686,0.385029137134552,1.0947,0.0692,0.47100000000000003,,,,31.286266206491,,,,
6442,P35557,L,307,M,NONSYN,0.4855550162170784,0.733186428026841,0.04834093449518192,0.15566666666666665,100.0,2.0,6.0,0.269713934570165,0.39557659451296395,0.8111813712279763,0.2697,0.39557659451296395,0.269713934570165,0.39557659451296395,,0.39557659451296395,0.279714892458798,0.8818,0.6120936311189219,0.388655424118042,0.4786,0.227,0.004,,,,31.286266206491,,,,
6443,P35557,L,307,W,NONSYN,0.28885364138641745,0.8411862171440497,0.08105639816745615,-1.8677333333333335,100.0,2.0,6.0,1.36936680025967,0.0276504906859881,0.004773274601803226,1.3694,0.0276504906859881,1.36936680025967,0.0276504906859881,,0.0276504906859881,0.019551849467197655,0.8286,0.5407905930987202,0.4194612503051758,1.3682,0.0195,0.997,,,,31.286266206491,,,,
6444,P35557,L,307,H,NONSYN,0.29725486605293433,0.42746949407181495,0.08248407572275011,-1.9786333333333335,100.0,2.0,6.0,0.6091081602277729,0.0863546743898803,0.37926552059303603,0.6091,0.0863546743898803,0.6091081602277729,0.0863546743898803,,0.0863546743898803,0.06106197584824064,0.5813,0.027816782683369845,0.42929476499557495,0.6086,0.0605,0.9840000000000001,,,,31.286266206491,,,,
6445,P35557,L,307,Q,NONSYN,0.3225298006389851,1.016871910821954,0.034644314364234874,-1.5422,100.0,2.0,6.0,1.84652062483847,0.12409466267520099,0.00016325786593809945,1.8465,0.12409466267520099,1.84652062483847,0.12409466267520099,,0.12409466267520099,0.08774817748669177,0.9103,0.9361794812303768,0.3940907120704651,1.8023,0.0857,0.778,,,,31.286266206491,,,,
6446,P35557,L,307,*,STOP,,,,,100.0,2.0,6.0,-0.465100106373586,0.05,0.9946684340309293,-0.4651,0.05,-0.465100106373586,0.05,,0.05,0.035355339059327376,,,,-0.4651,0.0354,,,,,31.286266206491,,,,
6447,P35557,R,308,S,NONSYN,0.4030125793742561,0.8887302581125756,0.07745228128481146,-0.8416666666666667,100.0,2.0,6.0,1.24600927590678,0.182650222658333,0.010895187898201895,1.246,0.182650222658333,1.24600927590678,0.182650222658333,,0.182650222658333,0.12915321102694005,0.9077,0.3383300757343557,0.40938636660575867,1.2154,0.1232,0.0,,,,68.88091371578146,,,,
6448,P35557,R,308,A,NONSYN,0.3189859929557896,1.2145284066279607,0.13039895822027606,-1.0746,100.0,2.0,6.0,0.34691484152488594,0.21786745575644395,0.736070079664376,0.3469,0.21786745575644395,0.34691484152488594,0.21786745575644395,,0.21786745575644395,0.15405555536524163,1.0793,0.732402489789201,0.5433992147445679,0.4014,0.1482,0.002,,,,68.88091371578146,,,,
6449,P35557,R,308,V,NONSYN,0.398009908378716,1.017006706689074,0.03988525437908049,-1.9711666666666667,100.0,2.0,6.0,0.69382755593687,0.22213821070465195,0.2689264537757258,0.6938,0.22213821070465195,0.69382755593687,0.22213821070465195,,0.22213821070465195,0.15707543514990552,0.9167,0.22284777327150407,0.3827829957008362,0.7259,0.1453,0.006999999999999999,,,,68.88091371578146,,,,
6450,P35557,R,308,R,SYN,,,,,100.0,2.0,6.0,0.9761884002334541,0.05,0.06005711155947327,0.9762,0.05,0.9761884002334541,0.05,,0.05,0.035355339059327376,,,,0.9762,0.0354,,,,,68.88091371578146,,,,
6451,P35557,R,308,D,NONSYN,0.1122725979085614,0.7353366955887447,0.06460239261518079,-1.7069333333333334,100.0,2.0,6.0,1.4912936852043601,0.11387333463688301,0.0020684896431263145,1.4913,0.11387333463688301,1.4912936852043601,0.11387333463688301,,0.11387333463688301,0.08052060711806493,0.8842,0.6070531771248313,0.406961590051651,1.4684,0.079,0.022000000000000002,,,,68.88091371578146,,,,
6452,P35557,R,308,F,NONSYN,0.3436253892885596,0.6310607420609053,0.07104066896029783,-2.1555666666666666,100.0,2.0,6.0,1.09714302708669,0.114301761864094,0.028518405463441084,1.0971,0.114301761864094,1.09714302708669,0.114301761864094,,0.114301761864094,0.08082355091567078,0.8377,0.2594647138313799,0.3992639482021332,1.0869,0.0792,0.322,,,,68.88091371578146,,,,
6453,P35557,R,308,T,NONSYN,0.292232657128476,0.8488419723425192,0.06791331002150591,-1.0614333333333332,100.0,2.0,6.0,1.44397414438121,0.5201118144795371,0.002868023643681662,1.444,0.5201118144795371,1.44397414438121,0.5201118144795371,,0.5201118144795371,0.36777459099372023,0.8994,0.544547326487228,0.4006056487560272,1.1949,0.2709,0.004,,,,68.88091371578146,,,,
6454,P35557,R,308,I,NONSYN,0.35928103966798514,0.9051513233711187,0.05931534430160484,-2.1296999999999997,100.0,2.0,6.0,0.27487128315605,0.20143805783910998,0.8067538279697308,0.2749,0.20143805783910998,0.27487128315605,0.20143805783910998,,0.20143805783910998,0.14243821668708265,0.9077,0.6328079170163743,0.37643203139305115,0.3541,0.1332,0.044000000000000004,,,,68.88091371578146,,,,
6455,P35557,R,308,L,NONSYN,0.3775202648814329,0.7718201327511122,0.0633289680721899,-1.8647666666666665,100.0,2.0,6.0,1.06908978559316,0.0739008854034457,0.03401336386060984,1.0691,0.0739008854034457,1.06908978559316,0.0739008854034457,,0.0739008854034457,0.052255817204466405,0.8859,0.18315090276540125,0.39947712421417236,1.066,0.0518,0.009000000000000001,,,,68.88091371578146,,,,
6456,P35557,R,308,K,NONSYN,0.4996982892545154,1.0683819399666648,0.07100170360690586,-0.31583333333333335,100.0,2.0,6.0,0.0785795267303775,0.677217281865762,0.9240059132905066,0.0786,0.677217281865762,0.0785795267303775,0.677217281865762,,0.677217281865762,0.47886493234400185,0.9211,0.842509049586456,0.4034172296524048,0.5714,0.3085,0.0,,,,68.88091371578146,,,,
6457,P35557,R,308,G,NONSYN,0.4710347881166008,0.8332542921530414,0.061256572770122336,-1.865,100.0,2.0,6.0,0.8847873073873721,0.100542377509496,0.10211785212071024,0.8848,0.100542377509496,0.8847873073873721,0.100542377509496,,0.100542377509496,0.07109419693358245,0.8994,0.014639510506609832,0.3969153165817261,0.8852,0.07,0.004,,,,68.88091371578146,,,,
6458,P35557,R,308,Y,NONSYN,0.3907391645635834,0.9868194123471667,0.06470174628115843,-1.6721666666666666,100.0,2.0,6.0,0.7368455349290942,0.11285341473462698,0.22082459481063427,0.7368,0.11285341473462698,0.7368455349290942,0.11285341473462698,,0.11285341473462698,0.07979941483891258,0.9167,0.1798297942792798,0.3960433304309845,0.7439,0.0782,0.135,,,,68.88091371578146,,,,
6459,P35557,R,308,N,NONSYN,0.4070897773431755,1.4889810471285865,0.06530475402137378,-0.6592999999999999,100.0,2.0,6.0,0.886759347655881,0.21213121528628603,0.10099195297798477,0.8868,0.21213121528628603,0.886759347655881,0.21213121528628603,,0.21213121528628603,0.14999942083027626,1.0881,0.20134180094946563,0.47774869203567505,0.9048,0.1431,0.022000000000000002,,,,68.88091371578146,,,,
6460,P35557,R,308,C,NONSYN,0.3945781846907973,0.7654992324441787,0.055056278148439934,-2.1973999999999996,100.0,2.0,6.0,1.00031205152152,0.0508870089447174,0.05194121474702008,1.0003,0.0508870089447174,1.00031205152152,0.0508870089447174,,0.0508870089447174,0.03598254909911017,0.8673,0.13298614953635157,0.3874019682407379,0.9992,0.0358,0.544,,,,68.88091371578146,,,,
6461,P35557,R,308,P,NONSYN,0.180066694070857,1.0376421758402754,0.04460430922994577,-1.7161666666666668,100.0,2.0,6.0,0.5843772444497679,0.22864334995004698,0.4143297041397153,0.5844,0.22864334995004698,0.5843772444497679,0.22864334995004698,,0.22864334995004698,0.16167526322288708,0.9167,0.3322980847586061,0.3940907120704651,0.6322,0.1496,0.0,,,,68.88091371578146,,,,
6462,P35557,R,308,E,NONSYN,0.2774716424939038,0.8265611550291823,0.08360854043755249,-0.8858,100.0,2.0,6.0,1.43251658515696,0.124553301824421,0.0031028656160574097,1.4325,0.124553301824421,1.43251658515696,0.124553301824421,,0.124553301824421,0.08807248433922286,0.8946,0.5378985507941669,0.428270161151886,1.4107,0.0863,0.001,,,,68.88091371578146,,,,
6463,P35557,R,308,M,NONSYN,0.37044865400284027,1.0122994206042921,0.13971073920308844,-1.0532666666666668,100.0,2.0,6.0,0.9536017995958921,0.0468250583605025,0.06868004107906292,0.9536,0.0468250583605025,0.9536017995958921,0.0468250583605025,,0.0468250583605025,0.033110316296167154,0.9167,0.03692647038751806,0.4984143376350403,0.9534,0.033,0.272,,,,68.88091371578146,,,,
6464,P35557,R,308,W,NONSYN,0.38841440406711497,0.6886139553932034,0.07564080636148902,-2.1376333333333335,100.0,2.0,6.0,0.9244833870897959,0.0303200236283259,0.0814233611992599,0.9245,0.0303200236283259,0.9244833870897959,0.0303200236283259,,0.0303200236283259,0.02143949431332559,0.802,0.12245276413065898,0.4035738706588745,0.9241,0.0214,0.835,,,,68.88091371578146,,,,
6465,P35557,R,308,H,NONSYN,0.3580838527509595,0.9497483749116445,0.06598219967835733,-0.45376666666666665,100.0,2.0,6.0,1.78841728032202,0.167003494956706,0.0002498273841489551,1.7884,0.167003494956706,1.78841728032202,0.167003494956706,,0.167003494956706,0.11808930376574019,0.9091,0.8792956477460312,0.3975171744823456,1.7171,0.1132,0.14,,,,68.88091371578146,,,,
6466,P35557,R,308,Q,NONSYN,0.3675437003413988,1.3692310710449538,0.07008064593418882,-0.5823,100.0,2.0,6.0,0.5299691919220929,0.13361337749230498,0.4934753318182296,0.53,0.13361337749230498,0.5299691919220929,0.13361337749230498,,0.13361337749230498,0.09447892528204686,1.0881,0.5581319566832538,0.4864310026168823,0.5503,0.0927,0.008,,,,68.88091371578146,,,,
6467,P35557,R,308,*,STOP,,,,,100.0,2.0,6.0,1.46106014368822e-05,0.05,0.9485133656636988,0.0,0.05,1.46106014368822e-05,0.05,,0.05,0.035355339059327376,,,,0.0,0.0354,,,,,68.88091371578146,,,,
6468,P35557,L,309,S,NONSYN,0.3696688568840947,0.23130585102532222,0.07458824773409836,-1.8501333333333332,100.0,2.0,6.0,0.481053484287507,0.259620993633338,0.5643167414315214,0.4811,0.259620993633338,0.481053484287507,0.259620993633338,,0.259620993633338,0.18357976513652277,0.2801,0.200957311001069,0.3561646640300751,0.4389,0.1632,0.997,,,,0.020607145680205656,,,,
6469,P35557,L,309,A,NONSYN,0.2800117097075371,1.252935954033368,0.09265638008176003,-1.3620666666666665,100.0,2.0,6.0,2.7173937817681497,0.14051290130767902,1.74586295119046e-07,2.7174,0.14051290130767902,2.7173937817681497,0.14051290130767902,,0.14051290130767902,0.09935762535885592,1.0804,1.6369444390404886,0.5016552805900574,2.6556,0.0975,0.836,,,,0.020607145680205656,,,,
6470,P35557,L,309,V,NONSYN,0.45006845647116095,0.37829540092856034,0.22727802374009118,0.4434,100.0,2.0,6.0,2.03290683101612,0.310733465195374,4.0624091228919746e-05,2.0329,0.310733465195374,2.03290683101612,0.310733465195374,,0.310733465195374,0.21972174038124298,0.7655,1.2673949606319037,0.5774279236793518,1.8726,0.2054,0.006,,,,0.020607145680205656,,,,
6471,P35557,L,309,R,NONSYN,0.2792328090176149,0.4212637581049414,0.07158871901265705,-1.8351333333333333,100.0,2.0,6.0,-0.0888202369513503,0.27440003009880104,0.966910525819465,-0.0888,0.27440003009880104,-0.0888202369513503,0.27440003009880104,,0.27440003009880104,0.19403012204065495,0.4159,0.5047341764273635,0.40556496381759644,0.0052,0.175,0.9990000000000001,,,,0.020607145680205656,,,,
6472,P35557,L,309,D,NONSYN,0.15709418040401155,0.4039913950312031,0.07188849047521867,-2.512333333333333,100.0,2.0,6.0,-0.180904419521055,0.8460726903636808,0.9790316384918345,-0.1809,0.8460726903636808,-0.180904419521055,0.8460726903636808,,0.8460726903636808,0.5982637367329048,0.3678,0.5486716342961404,0.3714963495731354,0.2151,0.3156,1.0,,,,0.020607145680205656,,,,
6473,P35557,L,309,F,NONSYN,0.463424518412456,0.984114972771581,0.2351190331888456,0.48950000000000005,100.0,2.0,6.0,0.215448115487058,0.176899440157724,0.852874590524484,0.2154,0.176899440157724,0.215448115487058,0.176899440157724,,0.176899440157724,0.1250867937236305,0.8805,0.6650096434164454,0.5623072385787964,0.2468,0.1221,0.963,,,,0.020607145680205656,,,,
6474,P35557,L,309,T,NONSYN,0.3205067496312658,1.8484764839627346,0.04632933654963221,-1.3817666666666666,100.0,2.0,6.0,0.93077219198005,0.368296385590435,0.07850637585619691,0.9308,0.368296385590435,0.93077219198005,0.368296385590435,,0.368296385590435,0.260424871737492,1.2191,0.28831064035637577,0.7357152700424194,0.9629,0.2455,0.753,,,,0.020607145680205656,,,,
6475,P35557,L,309,I,NONSYN,0.3599458773266949,0.8394831741814867,0.2295580473297587,0.27723333333333333,100.0,2.0,6.0,0.649343511257341,0.278938236992743,0.32461915663516566,0.6493,0.278938236992743,0.649343511257341,0.278938236992743,,0.278938236992743,0.19723911890978885,0.8708,0.22142265161497343,0.5394735932350159,0.6755,0.1852,0.225,,,,0.020607145680205656,,,,
6476,P35557,L,309,L,SYN,,,,,100.0,2.0,6.0,0.6421453619392671,0.05,0.3341310947128269,0.6421,0.05,0.6421453619392671,0.05,,0.05,0.035355339059327376,,,,0.6421,0.0354,,,,,0.020607145680205656,,,,
6477,P35557,L,309,K,NONSYN,0.16637828819819184,0.34124015011222925,0.0906346123470221,-1.8327,100.0,2.0,6.0,0.151250587026786,0.14028894375762602,0.8916237189828351,0.1513,0.14028894375762602,0.151250587026786,0.14028894375762602,,0.14028894375762602,0.09919926345651553,0.5476,0.3963795442178734,0.4466969966888428,0.1699,0.0968,0.9570000000000001,,,,0.020607145680205656,,,,
6478,P35557,L,309,G,NONSYN,0.3375782897720982,0.2785725569950978,0.20328713128402862,-2.5354666666666663,100.0,2.0,6.0,0.195352094587261,0.25495166029528,0.8661606231421622,0.1954,0.25495166029528,0.195352094587261,0.25495166029528,,0.25495166029528,0.18027804786956153,0.4913,0.295996440235203,0.6115850210189819,0.219,0.1729,0.961,,,,0.020607145680205656,,,,
6479,P35557,L,309,Y,NONSYN,0.3932294491632085,1.8833127266600966,0.09473163379395926,-1.3710666666666667,100.0,2.0,6.0,0.826263463887964,0.11288966891789301,0.14067090912626376,0.8263,0.11288966891789301,0.826263463887964,0.11288966891789301,,0.11288966891789301,0.07982505041774636,1.2191,0.39281936844846177,0.7318488955497742,0.8309,0.0794,0.996,,,,0.020607145680205656,,,,
6480,P35557,L,309,N,NONSYN,0.1790631080953343,0.038784390033147494,0.08971011769840166,-2.4369,100.0,2.0,6.0,0.947532462330282,0.104749579840009,0.07117915623537853,0.9475,0.104749579840009,0.947532462330282,0.104749579840009,,0.104749579840009,0.07406913823131203,0.1123,0.8352056615070703,0.283311665058136,0.8941,0.0717,1.0,,,,0.020607145680205656,,,,
6481,P35557,L,309,C,NONSYN,0.3444819501115762,1.8035489235158415,0.04568698592484883,-1.3948999999999998,100.0,2.0,6.0,2.00177220623209,0.0784052349657249,5.139234868760327e-05,2.0018,0.0784052349657249,2.00177220623209,0.0784052349657249,,0.0784052349657249,0.05544087332478867,1.2002,0.8015540055484962,0.6071864366531372,1.9951,0.0552,1.0,,,,0.020607145680205656,,,,
6482,P35557,L,309,P,NONSYN,0.3101239067988947,0.1664421100085845,0.12992124107081426,-2.2839666666666667,100.0,2.0,6.0,-0.14808855266388501,0.25062237980766394,0.975341046516299,-0.1481,0.25062237980766394,-0.14808855266388501,0.25062237980766394,,0.25062237980766394,0.1772167842791096,0.4243,0.5723761698704585,0.4634567201137543,-0.0751,0.1655,0.642,,,,0.020607145680205656,,,,
6483,P35557,L,309,E,NONSYN,0.22335052551716408,0.3315986680845527,0.08780799787175653,-2.4328000000000003,100.0,2.0,6.0,0.0690896281760665,0.130577056049379,0.927481272872894,0.0691,0.130577056049379,0.0690896281760665,0.130577056049379,,0.130577056049379,0.09233192179989178,0.3866,0.31752123741689003,0.4113537073135376,0.0843,0.0901,0.9990000000000001,,,,0.020607145680205656,,,,
6484,P35557,L,309,M,NONSYN,0.4855550162170784,0.9658994859201729,0.10688915296206536,0.15566666666666665,100.0,2.0,6.0,0.27009457604128195,0.9059224301058509,0.8108574310123207,0.2701,0.9059224301058509,0.27009457604128195,0.9059224301058509,,0.9059224301058509,0.6405838935568433,0.9028,0.6327154610947959,0.42633602023124695,0.7086,0.3549,0.21,,,,0.020607145680205656,,,,
6485,P35557,L,309,W,NONSYN,0.28885364138641745,0.1811612781209809,0.09497936167458666,-1.8677333333333335,100.0,2.0,6.0,0.631487203000531,0.0718676306964747,0.3484400394635953,0.6315,0.0718676306964747,0.631487203000531,0.0718676306964747,,0.0718676306964747,0.050818089013287736,0.2464,0.38504279887531734,0.37077581882476807,0.6244,0.0503,1.0,,,,0.020607145680205656,,,,
6486,P35557,L,309,H,NONSYN,0.29725486605293433,-0.02855273419614977,0.09362690185557133,-1.9786333333333335,100.0,2.0,6.0,-0.517295760480595,0.525174902124683,0.9958194705573576,-0.5173,0.525174902124683,-0.517295760480595,0.525174902124683,,0.525174902124683,0.3713547346013447,0.1067,0.6239522522370342,0.28370481729507446,-0.1233,0.2254,1.0,,,,0.020607145680205656,,,,
6487,P35557,L,309,Q,NONSYN,0.3225298006389851,1.7835510636669236,0.04153727418827639,-1.5422,100.0,2.0,6.0,1.86698952489141,0.07129838364127901,0.0001404044913213531,1.867,0.07129838364127901,1.86698952489141,0.07129838364127901,,0.07129838364127901,0.050415570560388395,1.1938,0.6731988506818152,0.6071864366531372,1.8624,0.0502,1.0,,,,0.020607145680205656,,,,
6488,P35557,L,309,*,STOP,,,,,100.0,2.0,6.0,0.1783509651407,0.05,0.8765562726036474,0.1784,0.05,0.1783509651407,0.05,,0.05,0.035355339059327376,,,,0.1784,0.0354,,,,,0.020607145680205656,,,,
6489,P35557,V,310,S,NONSYN,0.33699392667600697,0.7545808472069676,0.17757964332634515,-1.4466,100.0,2.0,6.0,1.5525318947521898,0.167203593028728,0.0013495435780048386,1.5525,0.167203593028728,1.5525318947521898,0.167203593028728,,0.167203593028728,0.11823079446936931,0.838,0.7145543065754625,0.5223197937011719,1.5177,0.1153,0.9329999999999999,,,,6.268867820508126,,,,
6490,P35557,V,310,A,NONSYN,0.4716545268994549,0.46544246704080877,0.055886497937497094,-0.7901333333333334,100.0,2.0,6.0,0.950706022025609,0.087688454593133,0.0698624486204716,0.9507,0.087688454593133,0.950706022025609,0.087688454593133,,0.087688454593133,0.062005100874573,0.7382,0.21245701813843254,0.4247584342956543,0.9463,0.0614,0.001,,,,6.268867820508126,,,,
6491,P35557,V,310,V,SYN,,,,,100.0,2.0,6.0,0.5426111204570441,0.05,0.47498337764997883,0.5426,0.05,0.5426111204570441,0.05,,0.05,0.035355339059327376,,,,0.5426,0.0354,,,,,6.268867820508126,,,,
6492,P35557,V,310,R,NONSYN,0.17643841508486408,1.4428230112387688,0.0672274785847627,-1.9857333333333334,100.0,2.0,6.0,1.5559506144465602,0.276775303863964,0.0013175723468594302,1.556,0.276775303863964,1.5559506144465602,0.276775303863964,,0.276775303863964,0.19570969422717616,1.0452,0.5107445445002712,0.4976128935813904,1.4875,0.1821,0.9940000000000001,,,,6.268867820508126,,,,
6493,P35557,V,310,D,NONSYN,0.27348180848279724,1.5718752909501468,0.056958537567938894,-2.3809,100.0,2.0,6.0,0.314415150019649,0.7795340104513221,0.7700088032793982,0.3144,0.7795340104513221,0.314415150019649,0.7795340104513221,,0.7795340104513221,0.5512137849556749,1.052,0.7375910946397748,0.48930931091308594,0.7269,0.3659,0.996,,,,6.268867820508126,,,,
6494,P35557,V,310,F,NONSYN,0.4053248813429461,1.0441495668782401,0.0482830962910592,-0.9184666666666667,100.0,2.0,6.0,0.7423470831268659,0.0611027579784225,0.21511360548707648,0.7423,0.0611027579784225,0.7423470831268659,0.0611027579784225,,0.0611027579784225,0.04320617451574297,0.9103,0.16799406048122734,0.4015513062477112,0.7443,0.043,0.922,,,,6.268867820508126,,,,
6495,P35557,V,310,T,NONSYN,0.3185872156759129,0.8388262108530581,0.0738256000685606,-0.1374,100.0,2.0,6.0,0.0247695341386392,0.214870980625281,0.9417728872472142,0.0248,0.214870980625281,0.0247695341386392,0.214870980625281,,0.214870980625281,0.15193672748033946,0.8913,0.8665363893232748,0.4090428948402405,0.1298,0.1424,0.131,,,,6.268867820508126,,,,
6496,P35557,V,310,I,NONSYN,0.4306262074024321,0.5301807148907347,0.08710919689441936,-0.1123,100.0,2.0,6.0,0.0413647868676642,0.37208668445131704,0.9367761714373265,0.0414,0.37208668445131704,0.0413647868676642,0.37208668445131704,,0.37208668445131704,0.2631050177647454,0.7855,0.744182827229931,0.43584921956062317,0.2401,0.2252,0.129,,,,6.268867820508126,,,,
6497,P35557,V,310,L,NONSYN,0.4667115524229356,0.42850897407855776,0.06084231082129004,-0.29109999999999997,100.0,2.0,6.0,1.25572124446214,0.27864192474253496,0.010218255981316312,1.2557,0.27864192474253496,1.25572124446214,0.27864192474253496,,0.27864192474253496,0.1970295945083181,0.7264,0.5293304058390931,0.4345468282699585,1.1655,0.1794,0.052000000000000005,,,,6.268867820508126,,,,
6498,P35557,V,310,K,NONSYN,0.1909141340536438,0.5707042940389481,0.09226759967825326,-1.7571333333333332,100.0,2.0,6.0,2.43138555623686,0.08279023891176401,1.8166748386773027e-06,2.4314,0.08279023891176401,2.43138555623686,0.08279023891176401,,0.08279023891176401,0.05854153935056271,0.6846,1.7468335423628059,0.45367783308029175,2.4028,0.0581,0.988,,,,6.268867820508126,,,,
6499,P35557,V,310,G,NONSYN,0.3807983932718594,1.395675245317163,0.19208271571618896,-2.365066666666667,100.0,2.0,6.0,0.8430152869186,0.0441176755940167,0.12858011891868115,0.843,0.0441176755940167,0.8430152869186,0.0441176755940167,,0.0441176755940167,0.031195907582717453,1.095,0.25197305918125357,0.6322711706161499,0.8436,0.0312,0.531,,,,6.268867820508126,,,,
6500,P35557,V,310,Y,NONSYN,0.33250944557826595,0.5707042940389481,0.09226759967825326,-1.7571333333333332,100.0,2.0,6.0,0.658763445394829,0.725765435288652,0.31236824540503366,0.6588,0.725765435288652,0.658763445394829,0.725765435288652,,0.725765435288652,0.5131936608434122,0.6175,0.041276610868766994,0.4652418792247772,0.6361,0.3447,0.9990000000000001,,,,6.268867820508126,,,,
6501,P35557,V,310,N,NONSYN,0.2445312890805706,1.469111216249102,0.07424281635603894,-2.1033666666666666,100.0,2.0,6.0,1.4591555145552702,0.23274085550124302,0.0025833398090619277,1.4592,0.23274085550124302,1.4591555145552702,0.23274085550124302,,0.23274085550124302,0.16457263718408732,1.0838,0.37532158167868324,0.4638839066028595,1.4172,0.1551,0.9259999999999999,,,,6.268867820508126,,,,
6502,P35557,V,310,C,NONSYN,0.4349501020449153,1.0818616666348884,0.046773599880000044,-0.9503666666666666,100.0,2.0,6.0,0.6292107838569211,0.0794753193355149,0.3515292127791377,0.6292,0.0794753193355149,0.6292107838569211,0.0794753193355149,,0.0794753193355149,0.05619753723910892,0.9211,0.2918777924599124,0.39375922083854675,0.635,0.0556,0.006,,,,6.268867820508126,,,,
6503,P35557,V,310,P,NONSYN,0.17175025849116904,1.71436597115265,0.07561589797612932,-1.883333333333333,100.0,2.0,6.0,0.437927962924176,0.142580083830273,0.6242243064753215,0.4379,0.142580083830273,0.437927962924176,0.142580083830273,,0.142580083830273,0.10081934413853245,1.2043,0.7663393004882996,0.6088791489601135,0.4584,0.0995,0.9259999999999999,,,,6.268867820508126,,,,
6504,P35557,V,310,E,NONSYN,0.32079411141973807,1.4832597707035327,0.059379993165667506,-1.7854,100.0,2.0,6.0,-0.306280873756894,0.31084738727490896,0.988637927900618,-0.3063,0.31084738727490896,-0.306280873756894,0.31084738727490896,,0.31084738727490896,0.21980229545620902,1.0452,1.3514869437031831,0.5105358958244324,-0.0949,0.2019,0.9670000000000001,,,,6.268867820508126,,,,
6505,P35557,V,310,M,NONSYN,0.4348220015603004,0.7437322668754627,0.08547258352114578,-0.2969,100.0,2.0,6.0,0.310051366071425,0.11301928492756698,0.774308764168059,0.3101,0.11301928492756698,0.310051366071425,0.11301928492756698,,0.11301928492756698,0.07991670277713717,0.7841,0.47403438450840896,0.46710917353630066,0.3235,0.0788,0.973,,,,6.268867820508126,,,,
6506,P35557,V,310,W,NONSYN,0.20407639127029992,0.9959122318597246,0.08839081235966388,-1.7649666666666668,100.0,2.0,6.0,1.1557617427745301,0.13950254475527898,0.019623298344448713,1.1558,0.13950254475527898,1.1557617427745301,0.13950254475527898,,0.13950254475527898,0.0986431953892376,0.7846,0.37120422143129894,0.4467151165008545,1.1385,0.0963,1.0,,,,6.268867820508126,,,,
6507,P35557,V,310,H,NONSYN,0.2484595230317529,1.109840426340493,0.20254576274384706,-2.2657666666666665,100.0,2.0,6.0,2.41345507137657,0.0477731610272979,2.0974789433507248e-06,2.4135,0.0477731610272979,2.41345507137657,0.0477731610272979,,0.0477731610272979,0.03378072612111924,0.8513,1.5621715807187635,0.5262088179588318,2.407,0.0337,1.0,,,,6.268867820508126,,,,
6508,P35557,V,310,Q,NONSYN,0.31633139311143543,1.0936221417514986,0.08264424488529898,-1.7866,100.0,2.0,6.0,0.862632013099208,0.19274989218705,0.11551735182629484,0.8626,0.19274989218705,0.862632013099208,0.19274989218705,,0.19274989218705,0.13629475583843897,0.8559,0.00675652100326074,0.4141370952129364,0.862,0.1295,0.992,,,,6.268867820508126,,,,
6509,P35557,V,310,*,STOP,,,,,100.0,2.0,6.0,0.0196767016175734,0.05,0.9432271165969763,0.0197,0.05,0.0196767016175734,0.05,,0.05,0.035355339059327376,,,,0.0197,0.0354,,,,,6.268867820508126,,,,
6510,P35557,D,311,S,NONSYN,0.3690767940714815,1.1580941579161241,0.19656386211249885,-0.9239999999999999,100.0,2.0,6.0,1.69871735323183,0.490211126379771,0.00047813000601593407,1.6987,0.490211126379771,1.69871735323183,0.490211126379771,,0.490211126379771,0.3466316116762317,1.0067,0.6919755910705752,0.6324461102485657,1.5389,0.304,0.003,,,,108.76482636132904,,,,
6511,P35557,D,311,A,NONSYN,0.4216252277516441,1.5284775970562798,0.09063349330310154,-1.4927333333333335,100.0,2.0,6.0,0.322034417058074,0.24307082055899198,0.7623546573789759,0.322,0.24307082055899198,0.322034417058074,0.24307082055899198,,0.24307082055899198,0.1718770255258417,1.0881,0.7660667315472727,0.49098411202430725,0.4057,0.1622,0.003,,,,108.76482636132904,,,,
6512,P35557,D,311,V,NONSYN,0.4506084315132353,0.5706636037704076,0.09316663085699273,-2.6115333333333335,100.0,2.0,6.0,0.7930663356145419,0.13722939566104597,0.16729904207215568,0.7931,0.13722939566104597,0.7930663356145419,0.13722939566104597,,0.13722939566104597,0.09703583625005738,0.8202,0.02716569811501135,0.44595757126808167,0.7943,0.0948,0.008,,,,108.76482636132904,,,,
6513,P35557,D,311,R,NONSYN,0.35823216117602164,1.0631463673618147,0.08756200063324833,-1.472133333333333,100.0,2.0,6.0,1.7180281061414702,0.262555317159825,0.00041610235097392566,1.718,0.262555317159825,1.7180281061414702,0.262555317159825,,0.262555317159825,0.18565464520029695,0.9211,0.7969395298246367,0.42640170454978943,1.591,0.1702,0.028999999999999998,,,,108.76482636132904,,,,
6514,P35557,D,311,D,SYN,,,,,100.0,2.0,6.0,0.564482014817091,0.05,0.4430752442660984,0.5645,0.05,0.564482014817091,0.05,,0.05,0.035355339059327376,,,,0.5645,0.0354,,,,,108.76482636132904,,,,
6515,P35557,D,311,F,NONSYN,0.29646296686588297,0.8741375027344779,0.09495205066091444,-2.6194333333333333,100.0,2.0,6.0,-0.117355361277669,0.113076223332056,0.9712837810729563,-0.1174,0.113076223332056,-0.117355361277669,0.113076223332056,,0.113076223332056,0.0799569643090613,0.8913,1.008661284739583,0.43369027972221375,-0.0842,0.0786,0.094,,,,108.76482636132904,,,,
6516,P35557,D,311,T,NONSYN,0.33041122774515563,1.0770242557294374,0.19524847894685401,-1.1000666666666665,100.0,2.0,6.0,0.600457590623681,0.30916588423281705,0.391426905443886,0.6005,0.30916588423281705,0.600457590623681,0.30916588423281705,,0.30916588423281705,0.21861329325256004,0.9385,0.3379981698552924,0.5014464855194092,0.6544,0.2004,0.006999999999999999,,,,108.76482636132904,,,,
6517,P35557,D,311,I,NONSYN,0.3169485018080975,1.3792194529659174,0.05626297193044515,-2.7128666666666668,100.0,2.0,6.0,2.08470429240428,0.0689409694623248,2.7404996829920576e-05,2.0847,0.0689409694623248,2.08470429240428,0.0689409694623248,,0.0689409694623248,0.04874862700838455,1.0881,0.9966031437989331,0.4914202392101288,2.075,0.0485,0.171,,,,108.76482636132904,,,,
6518,P35557,D,311,L,NONSYN,0.37713817620354506,1.5406921030038874,0.03766327422550343,-2.7055000000000002,100.0,2.0,6.0,1.6002863422903701,0.190259962686572,0.0009642457577400148,1.6003,0.190259962686572,1.6002863422903701,0.190259962686572,,0.190259962686572,0.13453410980397457,1.0907,0.5095678345236465,0.4894676208496094,1.5645,0.1297,0.028999999999999998,,,,108.76482636132904,,,,
6519,P35557,D,311,K,NONSYN,0.3517044245741117,1.2021690135799108,0.22711508438610326,-0.8664,100.0,2.0,6.0,1.56649278624047,0.0855369769062931,0.0012235661842087216,1.5665,0.0855369769062931,1.56649278624047,0.0855369769062931,,0.0855369769062931,0.060483776412636955,1.1015,0.4650244615792152,0.6982823610305786,1.563,0.0603,0.012,,,,108.76482636132904,,,,
6520,P35557,D,311,G,NONSYN,0.41616550742326497,0.3381058186348391,0.21176084768353495,-1.2674333333333332,100.0,2.0,6.0,1.57275453272508,0.16241307801962301,0.0011708615912348664,1.5728,0.16241307801962301,1.57275453272508,0.16241307801962301,,0.16241307801962301,0.11484338882105523,0.7167,0.8560236996714912,0.5354760885238647,1.5351,0.1123,0.002,,,,108.76482636132904,,,,
6521,P35557,D,311,Y,NONSYN,0.4224113195979475,0.25358382197764145,0.09807130375815433,-2.560966666666667,100.0,2.0,6.0,0.42608994015678997,0.235369213118069,0.6400188076942409,0.4261,0.235369213118069,0.42608994015678997,0.235369213118069,,0.235369213118069,0.16643116667832827,0.5007,0.07459300986304646,0.4519427716732025,0.435,0.1562,0.0,,,,108.76482636132904,,,,
6522,P35557,D,311,N,NONSYN,0.4295009636980524,1.8444683077367268,0.12755389315875362,-0.2961,100.0,2.0,6.0,0.62218500784457,0.51781089709479,0.3611325578671558,0.6222,0.51781089709479,0.62218500784457,0.51781089709479,,0.51781089709479,0.3661475967080155,1.2212,0.5989738542693827,0.6850937604904175,0.7553,0.3229,0.0,,,,108.76482636132904,,,,
6523,P35557,D,311,C,NONSYN,0.3461355508488411,1.4926856567697306,0.05763082590718504,-2.7265333333333337,100.0,2.0,6.0,1.7443056809928403,0.0441433545739037,0.00034417554933271544,1.7443,0.0441433545739037,1.7443056809928403,0.0441433545739037,,0.0441433545739037,0.0312140653635295,1.0881,0.6562045323874937,0.4960647523403168,1.7417,0.0312,0.278,,,,108.76482636132904,,,,
6524,P35557,D,311,P,NONSYN,0.2905290433283012,1.2042723519748746,0.09261531139549649,-1.4699,100.0,2.0,6.0,1.29465015230229,0.229230101577249,0.00788989967969257,1.2947,0.229230101577249,1.29465015230229,0.229230101577249,,0.229230101577249,0.16209015927735385,1.0793,0.21533282098820306,0.5031282901763916,1.2744,0.1543,0.008,,,,108.76482636132904,,,,
6525,P35557,D,311,E,NONSYN,0.4869275421620544,1.3789555334538468,0.1738597745828241,-0.3505,100.0,2.0,6.0,2.01872333069321,0.12999255788493802,4.52233089747538e-05,2.0187,0.12999255788493802,2.01872333069321,0.12999255788493802,,0.12999255788493802,0.09191861918422448,1.0916,0.9271728612947117,0.6272526979446411,1.9992,0.0909,0.0,,,,108.76482636132904,,,,
6526,P35557,D,311,M,NONSYN,0.2886817698329022,0.3672669714978876,0.0695288931949061,-2.5042666666666666,100.0,2.0,6.0,0.0850404915960515,0.37617218379127704,0.921548741530322,0.085,0.37617218379127704,0.0850404915960515,0.37617218379127704,,0.37617218379127704,0.26599390205256424,0.6555,0.5704595627633845,0.41962122917175293,0.2486,0.2247,0.642,,,,108.76482636132904,,,,
6527,P35557,D,311,W,NONSYN,0.2933207242208761,1.8097654385624968,0.04881959216506465,-2.7770999999999995,100.0,2.0,6.0,0.46194741623502,0.10774405635203399,0.5912649820193662,0.4619,0.10774405635203399,0.46194741623502,0.10774405635203399,,0.10774405635203399,0.07618655287906874,1.1069,0.644997860025356,0.6054449081420898,0.472,0.0756,0.612,,,,108.76482636132904,,,,
6528,P35557,D,311,H,NONSYN,0.4359397753198172,1.2465683031964103,0.08474737829558031,-1.1262,100.0,2.0,6.0,0.0918254482227622,0.807775247967531,0.9188864594417961,0.0918,0.807775247967531,0.0918254482227622,0.807775247967531,,0.807775247967531,0.571183355512486,1.0821,0.9903161895793618,0.5005502700805664,0.652,0.3765,0.055,,,,108.76482636132904,,,,
6529,P35557,D,311,Q,NONSYN,0.3596090029508326,1.1190118625650207,0.22362224770976283,-0.9040333333333331,100.0,2.0,6.0,1.81596423928514,0.188825073407089,0.00020429282410893681,1.816,0.188825073407089,1.81596423928514,0.188825073407089,,0.188825073407089,0.13351948986420026,0.9654,0.8505778485991049,0.6421585083007812,1.7807,0.1307,0.011000000000000001,,,,108.76482636132904,,,,
6530,P35557,D,311,*,STOP,,,,,100.0,2.0,6.0,-0.32952249488930296,0.05,0.9898438362179741,-0.3295,0.05,-0.32952249488930296,0.05,,0.05,0.035355339059327376,,,,-0.3295,0.0354,,,,,108.76482636132904,,,,
6531,P35557,E,312,S,NONSYN,0.4382670271083193,1.3775532858133,0.20284147858539,-0.6747666666666666,100.0,2.0,6.0,1.83125010382153,0.287643326929848,0.00018264073955271188,1.8313,0.287643326929848,1.83125010382153,0.287643326929848,,0.287643326929848,0.20339454703515458,1.106,0.7252651775977752,0.6264876127243042,1.7621,0.1935,0.743,,,,81.21934935764767,,,,
6532,P35557,E,312,A,NONSYN,0.4725389201357859,1.2875602456394968,0.20820645161392604,-0.8022,100.0,2.0,6.0,1.31339640688215,0.24516358103467104,0.006960450819593212,1.3134,0.24516358103467104,1.31339640688215,0.24516358103467104,,0.24516358103467104,0.17335683064959354,1.1081,0.2053353316715787,0.63962721824646,1.2993,0.1673,0.518,,,,81.21934935764767,,,,
6533,P35557,E,312,V,NONSYN,0.5148579282991502,1.0897669276395734,0.11447012643077899,-1.6669666666666665,100.0,2.0,6.0,1.31953168667121,0.0647931569185002,0.006679958732374424,1.3195,0.0647931569185002,1.31953168667121,0.0647931569185002,,0.0647931569185002,0.045815680631555555,0.9262,0.3933357671575075,0.4695935845375061,1.3158,0.0456,0.249,,,,81.21934935764767,,,,
6534,P35557,E,312,R,NONSYN,0.4513055748960305,1.4349155025610834,0.2055518977756392,-0.7211333333333333,100.0,2.0,6.0,1.1413097566388,0.20045116878050603,0.021532132271872357,1.1413,0.20045116878050603,1.1413097566388,0.20045116878050603,,0.20045116878050603,0.14174038074146497,1.0756,0.06568576753357536,0.6291579604148865,1.1381,0.1383,0.9490000000000001,,,,81.21934935764767,,,,
6535,P35557,E,312,D,NONSYN,0.4800060668498122,1.8105444515424967,0.11260406662236834,-0.020166666666666666,100.0,2.0,6.0,1.50589326288723,0.23285534044548803,0.001869039154719654,1.5059,0.23285534044548803,1.50589326288723,0.23285534044548803,,0.23285534044548803,0.1646535902645067,1.2212,0.2847344007732773,0.5462615489959717,1.4822,0.1576,0.462,,,,81.21934935764767,,,,
6536,P35557,E,312,F,NONSYN,0.4134101209643438,0.9959183230047488,0.07320472289409605,-2.4431333333333334,100.0,2.0,6.0,1.48255238809877,0.0540568438337573,0.002197676249541684,1.4826,0.0540568438337573,1.48255238809877,0.0540568438337573,,0.0540568438337573,0.03822396084439199,0.9103,0.5722112444906768,0.37953951954841614,1.4768,0.038,0.823,,,,81.21934935764767,,,,
6537,P35557,E,312,T,NONSYN,0.4070866311137473,0.9182638345805733,0.12052620135140525,-0.9768666666666667,100.0,2.0,6.0,1.3118082799158202,0.23652673425769397,0.007034893562027321,1.3118,0.23652673425769397,1.3118082799158202,0.23652673425769397,,0.23652673425769397,0.16724965772552386,0.89,0.42177157775975327,0.46695345640182495,1.2639,0.1575,0.8,,,,81.21934935764767,,,,
6538,P35557,E,312,I,NONSYN,0.377366298627538,1.256689177096252,0.07260639958050787,-2.3962999999999997,100.0,2.0,6.0,1.0423568882485101,0.10405043290779199,0.04015909995999569,1.0424,0.10405043290779199,1.0423568882485101,0.10405043290779199,,0.10405043290779199,0.07357476669449561,1.0825,0.0401686034659674,0.4725196361541748,1.0433,0.0727,0.38299999999999995,,,,81.21934935764767,,,,
6539,P35557,E,312,L,NONSYN,0.4309220950052253,1.1806177360460286,0.04297477298698917,-2.375633333333333,100.0,2.0,6.0,1.27057121139918,0.269209842372078,0.009260955859946835,1.2706,0.269209842372078,1.27057121139918,0.269209842372078,,0.269209842372078,0.1903601051034579,1.0256,0.2450198922768656,0.48735669255256653,1.2381,0.1773,0.004,,,,81.21934935764767,,,,
6540,P35557,E,312,K,NONSYN,0.4890082107053284,1.6075334015408769,0.20858810958528487,-0.6217666666666667,100.0,2.0,6.0,1.6277983527315398,0.34210287666961203,0.0007934849691985387,1.6278,0.34210287666961203,1.6277983527315398,0.34210287666961203,,0.34210287666961203,0.2419032639565078,1.1837,0.4440658431185027,0.6572549343109131,1.5748,0.227,0.958,,,,81.21934935764767,,,,
6541,P35557,E,312,G,NONSYN,0.4522640708552875,1.60593901015444,0.060461989899706116,-1.9225,100.0,2.0,6.0,1.2955995494288601,0.149404157225281,0.007840072873986983,1.2956,0.149404157225281,1.2955995494288601,0.149404157225281,,0.149404157225281,0.10564469271145731,1.1732,0.12244638742629665,0.5788934826850891,1.2917,0.1039,0.879,,,,81.21934935764767,,,,
6542,P35557,E,312,Y,NONSYN,0.4671477233180428,1.2028425496921835,0.07660215909870313,-2.2137666666666664,100.0,2.0,6.0,1.82466945052302,0.0962087994783878,0.00019167191136154152,1.8247,0.0962087994783878,1.82466945052302,0.0962087994783878,,0.0962087994783878,0.06802989452098479,1.0793,0.7453521192089332,0.4725196361541748,1.8095,0.0673,0.022000000000000002,,,,81.21934935764767,,,,
6543,P35557,E,312,N,NONSYN,0.4945297857128286,1.51811575363252,0.0879297546498732,-0.6558999999999999,100.0,2.0,6.0,1.4095627003638702,0.827147574379468,0.0036309280635607104,1.4096,0.827147574379468,1.4095627003638702,0.827147574379468,,0.827147574379468,0.584881658885726,1.0838,0.3257287674872833,0.5067711472511292,1.2235,0.383,0.804,,,,81.21934935764767,,,,
6544,P35557,E,312,C,NONSYN,0.4263241553322161,1.1426501562881688,0.07014129230385753,-2.5622,100.0,2.0,6.0,1.03489629876845,0.086336973758453,0.04205027170162903,1.0349,0.086336973758453,1.03489629876845,0.086336973758453,,0.086336973758453,0.06104945961172712,0.9033,0.13156895292036652,0.3808113634586334,1.0316,0.0603,0.991,,,,81.21934935764767,,,,
6545,P35557,E,312,P,NONSYN,0.2784783599621833,1.3149121244897266,0.08173406425305957,-1.2109666666666667,100.0,2.0,6.0,0.30008534022077,0.401487635287036,0.7839002645169499,0.3001,0.401487635287036,0.30008534022077,0.401487635287036,,0.401487635287036,0.28389462947401456,1.0838,0.783748592655817,0.4807293713092804,0.5027,0.2445,0.799,,,,81.21934935764767,,,,
6546,P35557,E,312,E,SYN,,,,,100.0,2.0,6.0,0.8269506761091291,0.05,0.14015750278186015,0.827,0.05,0.8269506761091291,0.05,,0.05,0.035355339059327376,,,,0.827,0.0354,,,,,81.21934935764767,,,,
6547,P35557,E,312,M,NONSYN,0.4318399535430367,1.4799335622076966,0.044581939839116284,-1.9440333333333335,100.0,2.0,6.0,1.67361589326909,0.228795659326922,0.0005724067575142492,1.6736,0.228795659326922,1.67361589326909,0.228795659326922,,0.228795659326922,0.16178296221611368,1.0859,0.5877059306149763,0.472695529460907,1.612,0.1531,0.4370000000000001,,,,81.21934935764767,,,,
6548,P35557,E,312,W,NONSYN,0.3886512979012191,1.2651601625821536,0.06921085904825967,-2.4843333333333333,100.0,2.0,6.0,0.674826869366556,0.114718500485872,0.29202673330429674,0.6748,0.114718500485872,0.674826869366556,0.114718500485872,,0.114718500485872,0.08111822962111233,1.0363,0.36147903502187173,0.49156105518341064,0.6844,0.08,0.995,,,,81.21934935764767,,,,
6549,P35557,E,312,H,NONSYN,0.3874690850586482,1.4607075202747335,0.2117509627938993,-0.6659666666666667,100.0,2.0,6.0,1.5817874004372299,0.127476260368046,0.001098715568308212,1.5818,0.127476260368046,1.5817874004372299,0.127476260368046,,0.127476260368046,0.09013932814654725,1.106,0.475802474213475,0.6149651408195496,1.5718,0.0892,0.8690000000000001,,,,81.21934935764767,,,,
6550,P35557,E,312,Q,NONSYN,0.4979236622050323,1.6549805731467666,0.11878895181672207,-0.02876666666666668,100.0,2.0,6.0,1.9725848980744198,0.168704187870991,6.400116829135584e-05,1.9726,0.168704187870991,1.9725848980744198,0.168704187870991,,0.168704187870991,0.11929187525814704,1.1969,0.7756954975922421,0.5806176066398621,1.9412,0.1169,0.9570000000000001,,,,81.21934935764767,,,,
6551,P35557,E,312,*,STOP,,,,,100.0,2.0,6.0,-0.0516110555666662,0.05,0.9601804607489898,-0.0516,0.05,-0.0516110555666662,0.05,,0.05,0.035355339059327376,,,,-0.0516,0.0354,,,,,81.21934935764767,C,320.0,,
6552,P35557,N,313,S,NONSYN,0.4614809963725863,0.5631045756623793,0.1497607548360046,-0.21126666666666663,100.0,2.0,6.0,1.09946794242415,0.178856132029214,0.028102657108592746,1.0995,0.178856132029214,1.09946794242415,0.178856132029214,,0.178856132029214,0.12647038381465367,0.8084,0.29106641740355066,0.5188738703727722,1.0831,0.1229,0.084,,,,100.8584203300437,,,,
6553,P35557,N,313,A,NONSYN,0.4106254114956999,0.9037048936714561,0.04532508545127073,-0.7071000000000001,100.0,2.0,6.0,1.2303364432378,0.245143756684111,0.01207956175116436,1.2303,0.245143756684111,1.2303364432378,0.245143756684111,,0.245143756684111,0.17334281271687993,0.9077,0.3226572430653756,0.39444130659103394,1.1781,0.1587,0.038,,,,100.8584203300437,,,,
6554,P35557,N,313,V,NONSYN,0.4102202219640225,1.1583174061633876,0.08080226527429593,-2.3712,100.0,2.0,6.0,0.94838326303899,0.179461436726119,0.07082400258637697,0.9484,0.179461436726119,0.94838326303899,0.179461436726119,,0.179461436726119,0.12689839887051926,0.9894,0.04099131496012498,0.431273490190506,0.9516,0.1217,0.054000000000000006,,,,100.8584203300437,,,,
6555,P35557,N,313,R,NONSYN,0.3307848248630052,0.8896836824075528,0.0326799057688838,-0.6087666666666667,100.0,2.0,6.0,1.0869267937290301,0.156938464530669,0.03041494825853126,1.0869,0.156938464530669,1.0869267937290301,0.156938464530669,,0.156938464530669,0.11097225249864051,0.89,0.19689009157296322,0.4088909924030304,1.0734,0.1071,0.784,,,,100.8584203300437,,,,
6556,P35557,N,313,D,NONSYN,0.4678114494578813,0.7181193429273622,0.15112364158043187,-0.12283333333333335,100.0,2.0,6.0,0.7867203250287909,0.378747335032473,0.17280476166747183,0.7867,0.378747335032473,0.7867203250287909,0.378747335032473,,0.378747335032473,0.26781480895779486,0.8758,0.08906586023579655,0.5037441253662109,0.8063,0.2365,0.0,,,,100.8584203300437,,,,
6557,P35557,N,313,F,NONSYN,0.4766309376333202,1.051156756951331,0.09072712369770518,-2.3051,100.0,2.0,6.0,1.2698652106751598,0.0395363004564754,0.00930444009720403,1.2699,0.0395363004564754,1.2698652106751598,0.0395363004564754,,0.0395363004564754,0.02795638615580255,0.9103,0.3595240670670665,0.4116716980934143,1.2682,0.0279,0.927,,,,100.8584203300437,,,,
6558,P35557,N,313,T,NONSYN,0.41339841489256257,1.0707209820686767,0.0500048534823735,-0.23133333333333336,100.0,2.0,6.0,0.6344236406292011,0.15687011049207,0.34447199241775994,0.6344,0.15687011049207,0.6344236406292011,0.15687011049207,,0.15687011049207,0.11092391889442567,0.9211,0.2866649356876324,0.3989652991294861,0.655,0.1069,0.255,,,,100.8584203300437,,,,
6559,P35557,N,313,I,NONSYN,0.408580276197032,1.288083242557,0.08361183348168816,-2.3165333333333336,100.0,2.0,6.0,0.559085753858153,0.15456914319161302,0.4509273397214147,0.5591,0.15456914319161302,0.559085753858153,0.15456914319161302,,0.15456914319161302,0.10929688931298404,1.0838,0.524748179018434,0.4741505980491638,0.5856,0.1065,0.643,,,,100.8584203300437,,,,
6560,P35557,N,313,L,NONSYN,0.3056093223191409,0.9257780758574342,0.056598560225394466,-2.2992666666666666,100.0,2.0,6.0,1.6460012539568503,0.303426053992508,0.0006971367046550181,1.646,0.303426053992508,1.6460012539568503,0.303426053992508,,0.303426053992508,0.2145546203667779,0.8996,0.7464429482164938,0.37643203139305115,1.463,0.1864,0.19,,,,100.8584203300437,,,,
6561,P35557,N,313,K,NONSYN,0.42687331501914416,0.7792978079545697,0.04544162143128516,-0.41683333333333333,100.0,2.0,6.0,1.04486315993732,0.082913890919498,0.03954173041387647,1.0449,0.082913890919498,1.04486315993732,0.082913890919498,,0.082913890919498,0.05862897452373873,0.8652,0.17961328772967833,0.4088556468486786,1.0412,0.058,0.579,,,,100.8584203300437,,,,
6562,P35557,N,313,G,NONSYN,0.3767377141694753,0.984300392118926,0.07115762680825856,-0.8320333333333334,100.0,2.0,6.0,0.98854994789539,0.0770237675556536,0.05576435073887418,0.9885,0.0770237675556536,0.98854994789539,0.0770237675556536,,0.0770237675556536,0.054464028351139046,0.9145,0.07406580463824886,0.39639392495155334,0.9872,0.054,0.502,,,,100.8584203300437,,,,
6563,P35557,N,313,Y,NONSYN,0.484545468725929,1.3991552703170669,0.055353654792623656,-1.7925666666666666,,,,,,,,,,,,,,1.0535,,0.5082302093505859,1.0535,0.5082,0.951,,,,100.8584203300437,,,,
6564,P35557,N,313,N,SYN,,,,,,,,,,,,,,,,,,,,,,,,,,,100.8584203300437,,,,
6565,P35557,N,313,C,NONSYN,0.3246931060135203,1.2074835530896169,0.06923096696568418,-1.9286333333333332,100.0,2.0,6.0,1.52339841472134,0.0329577439451507,0.0016545097530486041,1.5234,0.0329577439451507,1.52339841472134,0.0329577439451507,,0.0329577439451507,0.023304644236225934,1.0288,0.49455882655605676,0.5000735521316528,1.5223,0.0233,0.988,,,,100.8584203300437,,,,
6566,P35557,N,313,P,NONSYN,0.19454249209923347,1.52573214238692,0.04563326205782983,-1.9106666666666665,100.0,2.0,6.0,0.5686526468294311,0.22332888783882301,0.43702016561782286,0.5687,0.22332888783882301,0.5686526468294311,0.22332888783882301,,0.22332888783882301,0.15791737102568162,1.0838,0.5151812860471559,0.472695529460907,0.6204,0.1498,0.675,,,,100.8584203300437,,,,
6567,P35557,N,313,E,NONSYN,0.4910285186421727,1.04011330052058,0.045605223704894095,-0.6100333333333333,100.0,2.0,6.0,0.6356379393899481,0.0801011751677744,0.3428367247284004,0.6356,0.0801011751677744,0.6356379393899481,0.0801011751677744,,0.0801011751677744,0.05664008414214476,0.9167,0.28103738981842596,0.3979727327823639,0.6412,0.0561,0.003,,,,100.8584203300437,,,,
6568,P35557,N,313,M,NONSYN,0.37063326035798777,1.0134781081965871,0.06797401966972484,-1.9243333333333332,100.0,2.0,6.0,2.10541474940043,0.0647339381695364,2.3393900195896006e-05,2.1054,0.0647339381695364,2.10541474940043,0.0647339381695364,,0.0647339381695364,0.04577380665258987,0.9167,1.1887394201920558,0.38719627261161804,2.089,0.0455,0.109,,,,100.8584203300437,,,,
6569,P35557,N,313,W,NONSYN,0.5592228368220948,1.1583174061633876,0.08080226527429593,-2.3712,100.0,2.0,6.0,0.8556384053826421,0.0539070071189693,0.12004190517923122,0.8556,0.0539070071189693,0.8556384053826421,0.0539070071189693,,0.0539070071189693,0.03811801028729468,0.9355,0.07981751292943062,0.3867112398147583,0.8564,0.0379,0.997,,,,100.8584203300437,,,,
6570,P35557,N,313,H,NONSYN,0.4549298465836239,0.9339078089659704,0.05903965472962002,-0.22196666666666665,100.0,2.0,6.0,-0.0129417574866234,0.6107015371003089,0.9517275697800308,-0.0129,0.6107015371003089,-0.0129417574866234,0.6107015371003089,,0.6107015371003089,0.43183119816467636,0.89,0.9029784596426903,0.4126890003681183,0.459,0.2984,0.88,,,,100.8584203300437,,,,
6571,P35557,N,313,Q,NONSYN,0.3943650294167221,0.9262515809968903,0.05938221808179817,-0.25233333333333335,100.0,2.0,6.0,1.06783184384456,0.0783869084759917,0.03428164858642899,1.0678,0.0783869084759917,1.06783184384456,0.0783869084759917,,0.0783869084759917,0.05542791453962299,0.8974,0.17046478366008122,0.41710060834884644,1.0649,0.0549,0.405,,,,100.8584203300437,,,,
6572,P35557,N,313,*,STOP,,,,,100.0,2.0,6.0,0.0596972527995576,0.05,0.9307695867895937,0.0597,0.05,0.0596972527995576,0.05,,0.05,0.035355339059327376,,,,0.0597,0.0354,,,,,100.8584203300437,,,,
6573,P35557,L,314,S,NONSYN,0.3696688568840947,0.953441264979232,0.038377863456287103,-1.8501333333333332,100.0,2.0,6.0,1.02854037382079,0.163804565624431,0.043726223402980505,1.0285,0.163804565624431,1.02854037382079,0.163804565624431,,0.163804565624431,0.11582731914235198,0.852,0.17652481891585237,0.39989736676216125,1.0149,0.1113,0.991,,,,32.59613254940581,,,,
6574,P35557,L,314,A,NONSYN,0.2800117097075371,1.4228308187751997,0.04600392550839505,-1.3620666666666665,100.0,2.0,6.0,0.894382784611222,0.0938033259829828,0.09673890162820924,0.8944,0.0938033259829828,0.894382784611222,0.0938033259829828,,0.0938033259829828,0.06632896790041941,1.0452,0.15082328533506706,0.5080569386482239,0.8969,0.0658,0.968,,,,32.59613254940581,,,,
6575,P35557,L,314,V,NONSYN,0.45006845647116095,0.9972953168101322,0.08853443214818797,0.4434,100.0,2.0,6.0,1.58585924879534,0.18933501612474501,0.001067629795451542,1.5859,0.18933501612474501,1.58585924879534,0.18933501612474501,,0.18933501612474501,0.1338800738178715,0.9145,0.6713751055381989,0.3960062861442566,1.517,0.1268,0.473,,,,32.59613254940581,,,,
6576,P35557,L,314,R,NONSYN,0.2792328090176149,0.847482125681522,0.045731608644670484,-1.8351333333333333,100.0,2.0,6.0,1.34641779171392,0.12529398411628,0.005574637180075584,1.3464,0.12529398411628,1.34641779171392,0.12529398411628,,0.12529398411628,0.08859622581050117,0.8324,0.5140647958414224,0.41175931692123413,1.3237,0.0866,0.985,,,,32.59613254940581,,,,
6577,P35557,L,314,D,NONSYN,0.15709418040401155,0.7152717264248034,0.06866723420107279,-2.512333333333333,100.0,2.0,6.0,1.1241836303217099,0.0869527656971478,0.02402279634743834,1.1242,0.0869527656971478,1.1241836303217099,0.0869527656971478,,0.0869527656971478,0.06148489026737822,0.7378,0.38637015757390714,0.40805715322494507,1.1156,0.0608,0.995,,,,32.59613254940581,,,,
6578,P35557,L,314,F,NONSYN,0.463424518412456,1.4584754411343601,0.04883600151090007,0.48950000000000005,100.0,2.0,6.0,0.202318875822656,0.366072096329518,0.8616797999471009,0.2023,0.366072096329518,0.202318875822656,0.366072096329518,,0.366072096329518,0.2588520617177772,1.0452,0.8428871941236331,0.4704064130783081,0.3982,0.2268,0.956,,,,32.59613254940581,,,,
6579,P35557,L,314,T,NONSYN,0.3205067496312658,1.388591125406884,0.027042030873962994,-1.3817666666666666,100.0,2.0,6.0,0.9971018647161691,0.183659138287629,0.05296014334444807,0.9971,0.183659138287629,0.9971018647161691,0.183659138287629,,0.183659138287629,0.12986662211006034,1.0535,0.05637113104188751,0.4885392189025879,1.0008,0.1255,0.9490000000000001,,,,32.59613254940581,,,,
6580,P35557,L,314,I,NONSYN,0.3599458773266949,1.0406834323076222,0.0987000712091302,0.27723333333333333,100.0,2.0,6.0,1.4556949023028702,0.0398409020357549,0.002645708401143553,1.4557,0.0398409020357549,1.4556949023028702,0.0398409020357549,,0.0398409020357549,0.028171771998071218,0.9145,0.5412107590457291,0.4029275178909302,1.4531,0.0281,0.475,,,,32.59613254940581,,,,
6581,P35557,L,314,L,SYN,,,,,100.0,2.0,6.0,1.2378519822624099,0.05,0.01149693994492293,1.2379,0.05,1.2378519822624099,0.05,,0.05,0.035355339059327376,,,,1.2379,0.0354,,,,,32.59613254940581,,,,
6582,P35557,L,314,K,NONSYN,0.16637828819819184,1.0780911375187505,0.04903784032098435,-1.8327,100.0,2.0,6.0,0.6545907562022341,0.100292805732134,0.3177666691594564,0.6546,0.100292805732134,0.6545907562022341,0.100292805732134,,0.100292805732134,0.07091772303741699,0.9148,0.2601636345143187,0.3908383846282959,0.6629,0.0698,0.76,,,,32.59613254940581,,,,
6583,P35557,L,314,G,NONSYN,0.3375782897720982,0.818328690162387,0.03369280199638631,-2.5354666666666663,100.0,2.0,6.0,0.8150127391089591,0.268329085450337,0.14929174051752817,0.815,0.268329085450337,0.8150127391089591,0.268329085450337,,0.268329085450337,0.18973731591151785,0.8078,0.007238791393199828,0.4028931260108948,0.8137,0.1717,0.995,,,,32.59613254940581,,,,
6584,P35557,L,314,Y,NONSYN,0.3932294491632085,1.2039643174660437,0.048971347212375144,-1.3710666666666667,100.0,2.0,6.0,1.55098228853869,0.0610417367416343,0.001364283254971605,1.551,0.0610417367416343,1.55098228853869,0.0610417367416343,,0.0610417367416343,0.04316302598541364,1.0793,0.471664957224603,0.4927402436733246,1.5474,0.043,0.004,,,,32.59613254940581,,,,
6585,P35557,L,314,N,NONSYN,0.1790631080953343,0.516213068490829,0.07863455588640393,-2.4369,100.0,2.0,6.0,0.9485907462570099,0.0752375853195259,0.07073763226973312,0.9486,0.0752375853195259,0.9485907462570099,0.0752375853195259,,0.0752375853195259,0.0532010067795382,0.5803,0.3682612088653473,0.42484593391418457,0.9429,0.0528,0.995,,,,32.59613254940581,,,,
6586,P35557,L,314,C,NONSYN,0.3444819501115762,1.4825119271274805,0.028588036833589753,-1.3948999999999998,100.0,2.0,6.0,1.72040830307074,0.0252532813370044,0.0004090242075383208,1.7204,0.0252532813370044,1.72040830307074,0.0252532813370044,,0.0252532813370044,0.017856766480607494,0.9911,0.7293196743018191,0.5301014184951782,1.7196,0.0178,1.0,,,,32.59613254940581,,,,
6587,P35557,L,314,P,NONSYN,0.3101239067988947,0.9187050702243337,0.031532441939621215,-2.2839666666666667,100.0,2.0,6.0,0.351414772455087,0.179132275494951,0.7311071427174489,0.3514,0.179132275494951,0.351414772455087,0.179132275494951,,0.179132275494951,0.12666564673185665,0.8996,0.5481435332852694,0.3744794428348541,0.4077,0.12,0.068,,,,32.59613254940581,,,,
6588,P35557,L,314,E,NONSYN,0.22335052551716408,0.7050060859403521,0.07808455689803565,-2.4328000000000003,100.0,2.0,6.0,0.38221169390844106,0.0849247349570339,0.6954718813512809,0.3822,0.0849247349570339,0.38221169390844106,0.0849247349570339,,0.0849247349570339,0.06005085597858891,0.7271,0.34487341961694956,0.4132818877696991,0.3893,0.0594,0.988,,,,32.59613254940581,,,,
6589,P35557,L,314,M,NONSYN,0.4855550162170784,1.081291008973622,0.09759434908420898,0.15566666666666665,100.0,2.0,6.0,1.33387217230487,0.0741224998116452,0.006066361771298573,1.3339,0.0741224998116452,1.33387217230487,0.0741224998116452,,0.0741224998116452,0.05241252225531291,0.8672,0.4667023152797236,0.41801509261131287,1.3266,0.052,0.9840000000000001,,,,32.59613254940581,,,,
6590,P35557,L,314,W,NONSYN,0.28885364138641745,1.0098496405789812,0.05405201458716652,-1.8677333333333335,100.0,2.0,6.0,0.859315247021542,0.0274637565728965,0.11764510152544663,0.8593,0.0274637565728965,0.859315247021542,0.0274637565728965,,0.0274637565728965,0.01941980850955173,0.824,0.035323113880978085,0.4149143695831299,0.8592,0.0194,0.9990000000000001,,,,32.59613254940581,,,,
6591,P35557,L,314,H,NONSYN,0.29725486605293433,0.7841411067904137,0.05668901591693698,-1.9786333333333335,100.0,2.0,6.0,1.42531277050755,0.0708830251324328,0.0032599870482200913,1.4253,0.0708830251324328,1.42531277050755,0.0708830251324328,,0.0708830251324328,0.05012186774215971,0.7757,0.6496402155377623,0.41198140382766724,1.4158,0.0498,0.9940000000000001,,,,32.59613254940581,,,,
6592,P35557,L,314,Q,NONSYN,0.3225298006389851,1.158035444901168,0.023794315507946837,-1.5422,100.0,2.0,6.0,2.00217070823253,0.0467526224940548,5.123827692315587e-05,2.0022,0.0467526224940548,2.00217070823253,0.0467526224940548,,0.0467526224940548,0.033059096403800864,0.9355,1.0667147899204572,0.38988083600997925,1.9946,0.0329,0.986,,,,32.59613254940581,,,,
6593,P35557,L,314,*,STOP,,,,,100.0,2.0,6.0,0.0826381670647063,0.05,0.9224711451339833,0.0826,0.05,0.0826381670647063,0.05,,0.05,0.035355339059327376,,,,0.0826,0.0354,,,,,32.59613254940581,,,,
6594,P35557,L,315,S,NONSYN,0.3696688568840947,0.18865587762233327,0.0305611794790777,-1.8501333333333332,100.0,2.0,6.0,1.24394471253585,0.16173740383065,0.011044556425289115,1.2439,0.16173740383065,1.24394471253585,0.16173740383065,,0.16173740383065,0.1143656150201597,0.2801,0.963848539249412,0.35421204566955566,1.153,0.1088,0.9990000000000001,,,,1.5190501397412113,,,,
6595,P35557,L,315,A,NONSYN,0.2800117097075371,0.8341627711450434,0.13409232246576316,-1.3620666666666665,100.0,2.0,6.0,1.37594795587349,0.0739015099754053,0.004564888518507921,1.3759,0.0739015099754053,1.37594795587349,0.0739015099754053,,0.0739015099754053,0.052256258843534374,0.8243,0.5516675746707922,0.5045613050460815,1.3701,0.052,0.987,,,,1.5190501397412113,,,,
6596,P35557,L,315,V,NONSYN,0.45006845647116095,0.6269171093038244,0.053065115014929574,0.4434,100.0,2.0,6.0,1.06741136746653,0.21279105936050102,0.03437176564350863,1.0674,0.21279105936050102,1.06741136746653,0.21279105936050102,,0.21279105936050102,0.15046600104967944,0.8377,0.22973305421121992,0.4027281701564789,1.0393,0.1409,0.282,,,,1.5190501397412113,,,,
6597,P35557,L,315,R,NONSYN,0.2792328090176149,0.6129497769869897,0.04571580719105355,-1.8351333333333333,100.0,2.0,6.0,-0.0289369855581192,0.07315667946462201,0.9554219087603291,-0.0289,0.07315667946462201,-0.0289369855581192,0.07315667946462201,,0.07315667946462201,0.05172958413852487,0.7961,0.8250681791959671,0.41296178102493286,-0.0162,0.0513,0.8320000000000001,,,,1.5190501397412113,,,,
6598,P35557,L,315,D,NONSYN,0.15709418040401155,0.7924681508343902,0.04247587258523051,-2.512333333333333,100.0,2.0,6.0,-0.167422943717354,0.4264193193116961,0.9775891040921357,-0.1674,0.4264193193116961,-0.167422943717354,0.4264193193116961,,0.4264193193116961,0.301523992314252,0.731,0.8984515601457292,0.40610456466674805,0.1519,0.2421,1.0,,,,1.5190501397412113,,,,
6599,P35557,L,315,F,NONSYN,0.463424518412456,0.6303930254387843,0.07254757633458203,0.48950000000000005,100.0,2.0,6.0,1.05698361906165,0.0350661622540424,0.036678820445101325,1.057,0.0350661622540424,1.05698361906165,0.0350661622540424,,0.0350661622540424,0.024795521120021133,0.7249,0.332037477818669,0.39659133553504944,1.0557,0.0247,0.987,,,,1.5190501397412113,,,,
6600,P35557,L,315,T,NONSYN,0.3205067496312658,1.0329902179666297,0.035799601696778684,-1.3817666666666666,100.0,2.0,6.0,0.7794656154087309,0.55321419315099,0.1792650155157864,0.7795,0.55321419315099,0.7794656154087309,0.55321419315099,,0.55321419315099,0.39118150742570945,0.8144,0.03496557508199172,0.4204462170600891,0.7957,0.2864,0.9990000000000001,,,,1.5190501397412113,,,,
6601,P35557,L,315,I,NONSYN,0.3599458773266949,0.9409741952882152,0.05535416435701588,0.27723333333333333,100.0,2.0,6.0,0.125240109513357,0.20202189856963396,0.9044729740968628,0.1252,0.20202189856963396,0.125240109513357,0.20202189856963396,,0.20202189856963396,0.14285105442676904,0.9077,0.7824390906590672,0.3761376738548279,0.2239,0.1335,0.013000000000000001,,,,1.5190501397412113,,,,
6602,P35557,L,315,L,SYN,,,,,100.0,2.0,6.0,0.677979895696177,0.05,0.2881193735387986,0.678,0.05,0.677979895696177,0.05,,0.05,0.035355339059327376,,,,0.678,0.0354,,,,,1.5190501397412113,,,,
6603,P35557,L,315,K,NONSYN,0.16637828819819184,0.661260751125793,0.04254988055336038,-1.8327,100.0,2.0,6.0,-0.173869907974529,0.10189145306024301,0.9782912012693228,-0.1739,0.10189145306024301,-0.173869907974529,0.10189145306024301,,0.10189145306024301,0.07204813740384863,0.7249,0.8988160492175099,0.4204053580760956,-0.1482,0.071,0.971,,,,1.5190501397412113,,,,
6604,P35557,L,315,G,NONSYN,0.3375782897720982,0.3394700359170953,0.10442074950669757,-2.5354666666666663,100.0,2.0,6.0,1.1915714010345302,0.134322591995177,0.015564236710099138,1.1916,0.134322591995177,1.1915714010345302,0.134322591995177,,0.134322591995177,0.0949804156663435,0.5476,0.6439412697898708,0.46942517161369324,1.1662,0.0931,0.9740000000000001,,,,1.5190501397412113,,,,
6605,P35557,L,315,Y,NONSYN,0.3932294491632085,1.3188430773748803,0.1337140416817453,-1.3710666666666667,100.0,2.0,6.0,-0.0780929628160205,0.0853518670079881,0.9650972646310201,-0.0781,0.0853518670079881,-0.0780929628160205,0.0853518670079881,,0.0853518670079881,0.060352883948280735,0.9911,1.0691815915849414,0.5784863233566284,-0.0666,0.06,1.0,,,,1.5190501397412113,,,,
6606,P35557,L,315,N,NONSYN,0.1790631080953343,0.39917002891732173,0.0925215545023949,-2.4369,100.0,2.0,6.0,0.978288782242093,0.0919964071703976,0.059307197092865166,0.9783,0.0919964071703976,0.978288782242093,0.0919964071703976,,0.0919964071703976,0.06505128335498686,0.6601,0.318147671821866,0.46054115891456604,0.9721,0.0644,0.877,,,,1.5190501397412113,,,,
6607,P35557,L,315,C,NONSYN,0.3444819501115762,0.5326336614459365,0.032482225486846754,-1.3948999999999998,100.0,2.0,6.0,1.80111566084242,0.1016003557635,0.00022772171195789906,1.8011,0.1016003557635,1.80111566084242,0.1016003557635,,0.1016003557635,0.07184230053133657,0.5729,1.228185503657819,0.43522173166275024,1.7685,0.0709,1.0,,,,1.5190501397412113,,,,
6608,P35557,L,315,P,NONSYN,0.3101239067988947,0.3927323504618811,0.0443238601360256,-2.2839666666666667,100.0,2.0,6.0,-0.201605583509112,0.36065499893138,0.9810639668215694,-0.2016,0.36065499893138,-0.201605583509112,0.36065499893138,,0.36065499893138,0.2550215954132058,0.3678,0.5693727982841974,0.3651643991470337,-0.0149,0.2091,1.0,,,,1.5190501397412113,,,,
6609,P35557,L,315,E,NONSYN,0.22335052551716408,0.6560848665891704,0.09326721643475029,-2.4328000000000003,100.0,2.0,6.0,0.207544269226547,0.0772638200014528,0.8582324429015996,0.2075,0.0772638200014528,0.207544269226547,0.0772638200014528,,0.0772638200014528,0.05463377106340407,0.6675,0.45997458491468834,0.46054115891456604,0.2139,0.0543,1.0,,,,1.5190501397412113,,,,
6610,P35557,L,315,M,NONSYN,0.4855550162170784,0.749878365347179,0.06965092253543562,0.15566666666666665,100.0,2.0,6.0,0.698527599336466,0.0929722137574038,0.2633815064054322,0.6985,0.0929722137574038,0.698527599336466,0.0929722137574038,,0.0929722137574038,0.06574128280978545,0.7841,0.08555815124336796,0.3997742831707001,0.7008,0.0649,0.9690000000000001,,,,1.5190501397412113,,,,
6611,P35557,L,315,W,NONSYN,0.28885364138641745,0.34704593966773395,0.04824287843523062,-1.8677333333333335,100.0,2.0,6.0,0.7687745263996479,0.0328325217387584,0.18911017849729128,0.7688,0.0328325217387584,0.7687745263996479,0.0328325217387584,,0.0328325217387584,0.023216098764930797,0.341,0.42774011401561474,0.36481988430023193,0.767,0.0232,1.0,,,,1.5190501397412113,,,,
6612,P35557,L,315,H,NONSYN,0.29725486605293433,-0.13480415901392007,0.090001788936298,-1.9786333333333335,100.0,2.0,6.0,-0.0076360000829968,0.144671509216448,0.9504361121041597,-0.0076,0.144671509216448,-0.0076360000829968,0.144671509216448,,0.144671509216448,0.10229820521144248,0.0833,0.09090434448531003,0.28370481729507446,0.0028,0.0962,1.0,,,,1.5190501397412113,,,,
6613,P35557,L,315,Q,NONSYN,0.3225298006389851,1.3152793810385193,0.03060686193181807,-1.5422,100.0,2.0,6.0,0.30004599128034004,0.0790274327560766,0.7839375047659591,0.3,0.0790274327560766,0.30004599128034004,0.0790274327560766,,0.0790274327560766,0.05588083360158565,0.9911,0.6910426374885809,0.5301014184951782,0.3076,0.0556,1.0,,,,1.5190501397412113,,,,
6614,P35557,L,315,*,STOP,,,,,,,,,,,,,,,,,,,,,,,,,,,1.5190501397412113,,,,
6615,P35557,F,316,S,NONSYN,0.3509668135339838,1.0337645353791327,0.05148346807202966,-1.8094999999999999,100.0,2.0,6.0,1.91104061382938,0.431057836721295,0.00010132642481850606,1.911,0.431057836721295,1.91104061382938,0.431057836721295,,0.431057836721295,0.30480391942923124,0.9103,1.0006994702212868,0.3908383846282959,1.5326,0.2404,0.903,,,,12.935215708174074,,,,
6616,P35557,F,316,A,NONSYN,0.21205940102164186,1.2423626995013561,0.11240140114982618,-1.7977999999999998,100.0,2.0,6.0,1.28524612146271,0.0781496236451235,0.008400265808352816,1.2852,0.0781496236451235,1.28524612146271,0.0781496236451235,,0.0781496236451235,0.05526012882664338,1.0337,0.25151513772857914,0.5435534715652466,1.2827,0.055,0.961,,,,12.935215708174074,,,,
6617,P35557,F,316,V,NONSYN,0.3686871445054262,1.4264675339328232,0.030350374563905536,-1.0737666666666665,100.0,2.0,6.0,1.3792579261548799,0.19504424704686102,0.004463446346293563,1.3793,0.19504424704686102,1.3792579261548799,0.19504424704686102,,0.19504424704686102,0.13791710971825966,1.0838,0.29542399327829294,0.47350698709487915,1.3562,0.1324,0.848,,,,12.935215708174074,,,,
6618,P35557,F,316,R,NONSYN,0.12156869505678705,1.020242285208364,0.03827492255208531,-2.1628666666666665,100.0,2.0,6.0,0.49952242763960203,0.458595251422239,0.5378004356520376,0.4995,0.458595251422239,0.49952242763960203,0.458595251422239,,0.458595251422239,0.3242758121006149,0.8628,0.36323430148637453,0.3854493498802185,0.6501,0.2481,0.973,,,,12.935215708174074,,,,
6619,P35557,F,316,D,NONSYN,0.1992068019592559,0.7068822464843351,0.06635216255230925,-2.6122333333333336,100.0,2.0,6.0,0.669147637415689,0.10731413629016001,0.2991365229545688,0.6691,0.10731413629016001,0.669147637415689,0.10731413629016001,,0.10731413629016001,0.0758825534879495,0.8042,0.1350218982212129,0.4048457145690918,0.6737,0.0746,0.925,,,,12.935215708174074,,,,
6620,P35557,F,316,F,SYN,,,,,100.0,2.0,6.0,0.7440594793985631,0.05,0.21335686563544723,0.7441,0.05,0.7440594793985631,0.05,,0.05,0.035355339059327376,,,,0.7441,0.0354,,,,,12.935215708174074,,,,
6621,P35557,F,316,T,NONSYN,0.18720675519309532,1.4079360640440968,0.10491172054803566,-1.6453666666666666,100.0,2.0,6.0,1.19154366622117,0.16463890199158898,0.015567044766768344,1.1915,0.16463890199158898,1.19154366622117,0.16463890199158898,,0.16463890199158898,0.11641728404535995,1.0452,0.14633759627488097,0.5383164882659912,1.185,0.1138,0.961,,,,12.935215708174074,,,,
6622,P35557,F,316,I,NONSYN,0.40023011164303374,1.1323234282322796,0.06738646217384019,-0.511,100.0,2.0,6.0,0.8730316936728599,0.0791075648804798,0.10905369458532366,0.873,0.0791075648804798,0.8730316936728599,0.0791075648804798,,0.0791075648804798,0.05593749557014204,0.9509,0.07788018586662981,0.3966643512248993,0.8746,0.0554,0.885,,,,12.935215708174074,,,,
6623,P35557,F,316,L,NONSYN,0.4640274525972558,1.109059906336373,0.03160733896410409,-0.3554666666666666,100.0,2.0,6.0,1.42033757684701,0.19395823494007997,0.0033729891645044225,1.4203,0.19395823494007997,1.42033757684701,0.19395823494007997,,0.19395823494007997,0.1371491831931041,0.9329,0.48743643281929994,0.392110675573349,1.3672,0.1295,0.614,,,,12.935215708174074,,,,
6624,P35557,F,316,K,NONSYN,0.1539819943883161,0.8030907891852767,0.11326308884457585,-1.9918333333333333,100.0,2.0,6.0,0.770688415627463,0.0860527849497986,0.18731920779494945,0.7707,0.0860527849497986,0.770688415627463,0.0860527849497986,,0.0860527849497986,0.06084850777799026,0.7841,0.013397334952370943,0.4680599868297577,0.7709,0.0603,0.973,,,,12.935215708174074,,,,
6625,P35557,F,316,G,NONSYN,0.22544940105055214,0.49384439978392153,0.06855733216432668,-2.584433333333333,100.0,2.0,6.0,1.30826117751693,0.0784942935601788,0.007203954582542096,1.3083,0.0784942935601788,1.30826117751693,0.0784942935601788,,0.0784942935601788,0.055503847260849976,0.6953,0.6129681682357715,0.40805715322494507,1.2971,0.055,0.925,,,,12.935215708174074,,,,
6626,P35557,F,316,Y,NONSYN,0.41795167961904656,1.2914952007277563,0.05235786041741108,-0.19666666666666666,100.0,2.0,6.0,0.813293410957417,0.12555554269025898,0.15064524811236207,0.8133,0.12555554269025898,0.813293410957417,0.12555554269025898,,0.12555554269025898,0.08878117565183918,1.0881,0.27480773764792965,0.5193334817886353,0.8211,0.0875,0.011000000000000001,,,,12.935215708174074,,,,
6627,P35557,F,316,N,NONSYN,0.06350654443895225,0.67590420406008,0.12534984495898277,-2.4017,100.0,2.0,6.0,1.6655346215441102,0.066841975859889,0.0006064559670296398,1.6655,0.066841975859889,1.6655346215441102,0.066841975859889,,0.066841975859889,0.047264414398435026,0.8461,0.8194789350702638,0.4745652377605438,1.6575,0.047,0.07200000000000001,,,,12.935215708174074,,,,
6628,P35557,F,316,C,NONSYN,0.42192151878195305,1.8271445771119865,0.10980821978997964,-1.5309000000000001,100.0,2.0,6.0,1.0275214568402,0.0787287855588239,0.0440005759700781,1.0275,0.0787287855588239,1.0275214568402,0.0787287855588239,,0.0787287855588239,0.05566965814322591,1.2068,0.17932454192383807,0.6809202432632446,1.0287,0.0555,0.9990000000000001,,,,12.935215708174074,,,,
6629,P35557,F,316,P,NONSYN,0.14474630447280185,1.2143144788255764,0.03507573370268376,-2.5313999999999997,100.0,2.0,6.0,0.8590425471249491,0.246982948576635,0.11782148666620675,0.859,0.246982948576635,0.8590425471249491,0.246982948576635,,0.246982948576635,0.17464331777598696,0.9977,0.13866690598097742,0.5117156505584717,0.8735,0.1653,0.998,,,,12.935215708174074,,,,
6630,P35557,F,316,E,NONSYN,0.14341137314980398,0.9454837873525226,0.06611364578294261,-2.5673,100.0,2.0,6.0,-0.0466569851888734,0.10993197691074699,0.9591861617434142,-0.0467,0.10993197691074699,-0.0466569851888734,0.10993197691074699,,0.10993197691074699,0.07773364634283217,0.8473,0.893964905644806,0.40364328026771545,-0.0147,0.0763,0.963,,,,12.935215708174074,,,,
6631,P35557,F,316,M,NONSYN,0.21680558431241104,1.3833808380537267,0.0524549789850286,-0.25303333333333333,100.0,2.0,6.0,0.597374781694949,0.077940874452157,0.39578958654746227,0.5974,0.077940874452157,0.597374781694949,0.077940874452157,,0.077940874452157,0.05511252085672955,1.0452,0.4478312882513401,0.5159805417060852,0.6024,0.0548,0.9540000000000001,,,,12.935215708174074,,,,
6632,P35557,F,316,W,NONSYN,0.32132997916102696,0.963581350738273,0.05267963112203039,-0.3639333333333333,100.0,2.0,6.0,1.85677324364131,0.0751641074141487,0.00015138945841016395,1.8568,0.0751641074141487,1.85677324364131,0.0751641074141487,,0.0751641074141487,0.053149050054378595,0.8536,1.003136621212416,0.410808265209198,1.8403,0.0527,0.997,,,,12.935215708174074,,,,
6633,P35557,F,316,H,NONSYN,0.3132585296390889,1.1994410164054166,0.0629578554054837,-1.3437666666666666,100.0,2.0,6.0,2.37884945128541,0.0642213808179329,2.76513553268678e-06,2.3788,0.0642213808179329,2.37884945128541,0.0642213808179329,,0.0642213808179329,0.045411373873524015,1.0288,1.350009863120127,0.5100095272064209,2.3682,0.0452,0.963,,,,12.935215708174074,,,,
6634,P35557,F,316,Q,NONSYN,0.15363519183063878,0.8518189882432584,0.11151035081514914,-2.0034333333333336,100.0,2.0,6.0,0.6245038184535179,0.12040150746629401,0.3579517378435029,0.6245,0.12040150746629401,0.6245038184535179,0.12040150746629401,,0.12040150746629401,0.08513672239449922,0.8324,0.20784917741897968,0.46387699246406555,0.6313,0.0837,0.981,,,,12.935215708174074,,,,
6635,P35557,F,316,*,STOP,,,,,100.0,2.0,6.0,-0.32865941396461895,0.05,0.9898015186853711,-0.3287,0.05,-0.32865941396461895,0.05,,0.05,0.035355339059327376,,,,-0.3287,0.0354,,,,,12.935215708174074,,,,
6636,P35557,H,317,S,NONSYN,0.4274947371973565,1.160884999741733,0.06341925999424804,-0.9019333333333334,100.0,2.0,6.0,1.88359324386217,0.433027003186259,0.00012419414029988412,1.8836,0.433027003186259,1.88359324386217,0.433027003186259,,0.433027003186259,0.3061963303898924,0.9894,0.8942186658630551,0.46476203203201294,1.6129,0.2557,0.0,,,,159.38595125904587,,,,
6637,P35557,H,317,A,NONSYN,0.3450641386058211,1.8765031119692903,0.11353898920921413,-1.3736666666666668,100.0,2.0,6.0,1.36716464264642,0.30610979142366807,0.004845043262999783,1.3672,0.30610979142366807,1.36716464264642,0.30610979142366807,,0.30610979142366807,0.21645230930327533,1.2212,0.14600578053246727,0.7359560132026672,1.3555,0.2077,0.001,,,,159.38595125904587,,,,
6638,P35557,H,317,V,NONSYN,0.3100277196420108,1.375978950073214,0.2240132051738488,-2.3561,100.0,2.0,6.0,1.2944028748068799,0.44835001062622704,0.007902927597782276,1.2944,0.44835001062622704,1.2944028748068799,0.44835001062622704,,0.44835001062622704,0.31703133285886576,1.1103,0.18415061364507568,0.675607442855835,1.2612,0.287,0.001,,,,159.38595125904587,,,,
6639,P35557,H,317,R,NONSYN,0.40896647076546666,0.739298236659314,0.10460224980311726,-0.5006666666666667,100.0,2.0,6.0,1.1763808213568998,0.35763040274767494,0.01717704153014828,1.1764,0.35763040274767494,1.1763808213568998,0.35763040274767494,,0.35763040274767494,0.252882882941357,0.8859,0.290441938529141,0.4555523991584778,1.108,0.2211,0.0,,,,159.38595125904587,,,,
6640,P35557,H,317,D,NONSYN,0.31424584995616583,1.8625293435808132,0.15093998320104232,-1.1517666666666666,,,,,,,,,,,,,,1.2212,,0.8786525130271912,1.2212,0.8787,0.0,,,,159.38595125904587,,,,
6641,P35557,H,317,F,NONSYN,0.4107279990990593,1.7996958820678735,0.16117720761376617,-1.2015666666666667,100.0,2.0,6.0,1.5556650271852401,0.190235005578676,0.0013202145753908323,1.5557,0.190235005578676,1.5556650271852401,0.190235005578676,,0.190235005578676,0.1345164624637425,1.2246,0.33105684427813564,0.8410725593566895,1.5474,0.1328,0.042,,,,159.38595125904587,,,,
6642,P35557,H,317,T,NONSYN,0.34470915542349684,1.6161147396197535,0.08798767937614164,-1.4034666666666666,100.0,2.0,6.0,2.1483297596950304,0.4317291635749961,1.6827166944032468e-05,2.1483,0.4317291635749961,2.1483297596950304,0.4317291635749961,,0.4317291635749961,0.3052786191998759,1.1856,0.9627710829753648,0.6175744533538818,1.9593,0.2737,0.0,,,,159.38595125904587,,,,
6643,P35557,H,317,I,NONSYN,0.4064210844894963,1.5691111147142767,0.11259211546706371,-2.3591,100.0,2.0,6.0,0.715006380883693,0.9360056096589159,0.24449240676285083,0.715,0.9360056096589159,0.715006380883693,0.9360056096589159,,0.9360056096589159,0.661855913818468,1.0949,0.3798949424347885,0.5695260167121887,0.9333,0.4317,0.006,,,,159.38595125904587,,,,
6644,P35557,H,317,L,NONSYN,0.37474439086043504,1.0765765840471377,0.24935347215775247,-2.1879333333333335,100.0,2.0,6.0,1.4003795371628898,0.144487128344495,0.003865811145868264,1.4004,0.144487128344495,1.4003795371628898,0.144487128344495,,0.144487128344495,0.10216782824656344,0.9432,0.4571397290803092,0.5769901275634766,1.3865,0.1006,0.001,,,,159.38595125904587,,,,
6645,P35557,H,317,K,NONSYN,0.3667056690225641,1.3255964239887532,0.1168513424872921,-0.926,100.0,2.0,6.0,1.38945897112111,0.118878840997517,0.004164386944819964,1.3895,0.118878840997517,1.38945897112111,0.118878840997517,,0.118878840997517,0.08406003460894163,1.0881,0.3013578225157634,0.5262497663497925,1.382,0.083,0.001,,,,159.38595125904587,,,,
6646,P35557,H,317,G,NONSYN,0.2666216007931661,1.029613265234897,0.0912617880884603,-1.8095333333333334,100.0,2.0,6.0,1.22032049645084,0.20509641646501298,0.012900288498559866,1.2203,0.20509641646501298,1.22032049645084,0.20509641646501298,,0.20509641646501298,0.14502506687947095,0.9167,0.30364516724246604,0.42200788855552673,1.1882,0.1372,0.0,,,,159.38595125904587,,,,
6647,P35557,H,317,Y,NONSYN,0.3971056557325536,1.3996270419702876,0.1317555072180662,-0.05406666666666666,100.0,2.0,6.0,0.646189976119479,0.593376816861895,0.3287707603949866,0.6462,0.593376816861895,0.646189976119479,0.593376816861895,,0.593376816861895,0.4195807710019341,1.0846,0.43836922607473483,0.49432647228240967,0.8298,0.3199,0.04,,,,159.38595125904587,,,,
6648,P35557,H,317,N,NONSYN,0.4170819178402928,1.5180554546974532,0.16730289056761874,0.08810000000000001,100.0,2.0,6.0,0.290904737937983,0.400927254759915,0.7924549595757916,0.2909,0.400927254759915,0.290904737937983,0.400927254759915,,0.400927254759915,0.2834983806032424,1.088,0.7971036658400932,0.5780942440032959,0.4454,0.2545,0.0,,,,159.38595125904587,,,,
6649,P35557,H,317,C,NONSYN,0.3215631552657849,1.1365962642844876,0.24698186658569077,-2.231333333333333,100.0,2.0,6.0,2.01255093217306,0.0793187121081682,4.7380673620569715e-05,2.0126,0.0793187121081682,2.01255093217306,0.0793187121081682,,0.0793187121081682,0.056086799206669244,0.9794,1.0331536352675426,0.8350582122802734,2.0079,0.056,0.203,,,,159.38595125904587,,,,
6650,P35557,H,317,P,NONSYN,0.3372425756544121,1.4543868935953366,0.05773251395479801,-1.7345333333333333,100.0,2.0,6.0,0.471134623234231,0.347232621435091,0.5783775333229155,0.4711,0.347232621435091,0.471134623234231,0.347232621435091,,0.347232621435091,0.24553054126593415,1.0881,0.6169665253711156,0.48254871368408203,0.598,0.2188,0.006999999999999999,,,,159.38595125904587,,,,
6651,P35557,H,317,E,NONSYN,0.22798112642128554,1.4831443454467266,0.13530707243050474,-0.7021666666666667,100.0,2.0,6.0,0.5375310009188491,0.14857492891969598,0.4824144092942406,0.5375,0.14857492891969598,0.5375310009188491,0.14857492891969598,,0.14857492891969598,0.10505833975342631,1.0881,0.5505701476864976,0.5486671328544617,0.557,0.1032,0.001,,,,159.38595125904587,,,,
6652,P35557,H,317,M,NONSYN,0.34585524966568515,1.0185416337294069,0.11124136059339561,-1.5882666666666667,100.0,2.0,6.0,1.9255145490276,0.0972646351096644,9.098425785000263e-05,1.9255,0.0972646351096644,1.9255145490276,0.0972646351096644,,0.0972646351096644,0.06877648305567885,0.9167,1.008839219819226,0.4606361389160156,1.9035,0.068,0.252,,,,159.38595125904587,,,,
6653,P35557,H,317,W,NONSYN,0.3935142425056496,1.205656556237557,0.09777963963209751,-1.7288,100.0,2.0,6.0,1.21732563530757,0.0920316669735524,0.013155924419808304,1.2173,0.0920316669735524,1.21732563530757,0.0920316669735524,,0.0920316669735524,0.06507621580090092,1.0771,0.14019960915400564,0.5031282901763916,1.215,0.0645,0.5579999999999999,,,,159.38595125904587,,,,
6654,P35557,H,317,H,SYN,,,,,,,,,,,,,,,,,,,,,,,,,,,159.38595125904587,,,,
6655,P35557,H,317,Q,NONSYN,0.3372315255555827,0.7044918451381207,0.1886705263692269,0.006400000000000017,100.0,2.0,6.0,2.7315955666159804,0.15436669881302803,1.5503798363612958e-07,2.7316,0.15436669881302803,2.7315955666159804,0.15436669881302803,,0.15436669881302803,0.10915373952007348,0.8655,1.86607997690193,0.4948942959308624,2.645,0.1066,0.013000000000000001,,,,159.38595125904587,,,,
6656,P35557,H,317,*,STOP,,,,,100.0,2.0,6.0,0.0381887217253759,0.05,0.9377638588595999,0.0382,0.05,0.0381887217253759,0.05,,0.05,0.035355339059327376,,,,0.0382,0.0354,,,,,159.38595125904587,,,,
6657,P35557,G,318,S,NONSYN,0.36837526824294986,1.1461162160055616,0.1861305018052328,-0.8648000000000001,100.0,2.0,6.0,0.672608933207154,0.113157217250119,0.2947924427038119,0.6726,0.113157217250119,0.672608933207154,0.113157217250119,,0.113157217250119,0.08001423565775852,0.9653,0.2926969912084344,0.5418306589126587,0.6789,0.0792,0.544,,,,27.69258207515687,,,,
6658,P35557,G,318,A,NONSYN,0.4089269105168704,0.6858592487210596,0.18645814432612295,-0.9328,100.0,2.0,6.0,2.05337983506066,0.10299121281384599,3.4783522935952125e-05,2.0534,0.10299121281384599,2.05337983506066,0.10299121281384599,,0.10299121281384599,0.07282578498329734,0.8634,1.1900030984197296,0.5148434638977051,2.03,0.0721,0.006,,,,27.69258207515687,,,,
6659,P35557,G,318,V,NONSYN,0.3988573139738447,1.0170964691001707,0.1368773266498314,-2.7219333333333338,100.0,2.0,6.0,1.3543748123421202,0.203025874429073,0.005283027637558827,1.3544,0.203025874429073,1.3543748123421202,0.203025874429073,,0.203025874429073,0.14356097256512598,0.9167,0.4376994831337462,0.5255920886993408,1.324,0.1385,0.069,,,,27.69258207515687,,,,
6660,P35557,G,318,R,NONSYN,0.3362652746103357,1.7630631158184267,0.1490518297930852,-1.9470333333333334,100.0,2.0,6.0,1.26711221775583,0.3989809808390371,0.009475892761086442,1.2671,0.3989809808390371,1.26711221775583,0.3989809808390371,,0.3989809808390371,0.2821221571157431,1.2027,0.06444200119546628,0.6652447581291199,1.2573,0.2597,0.998,,,,27.69258207515687,,,,
6661,P35557,G,318,D,NONSYN,0.3623286966209139,1.6687765634531038,0.31276089577088034,-1.5976,100.0,2.0,6.0,1.11108681369135,0.0843262371636668,0.02610926868720833,1.1111,0.0843262371636668,1.11108681369135,0.0843262371636668,,0.0843262371636668,0.059627654130373846,1.2781,0.1669712383716382,0.7644706964492798,1.1121,0.0594,0.9470000000000001,,,,27.69258207515687,,,,
6662,P35557,G,318,F,NONSYN,0.3709207412708021,1.3950732063976201,0.12057501359317574,-2.717866666666667,100.0,2.0,6.0,0.220444600449772,0.34171148846398497,0.8493971354078631,0.2204,0.34171148846398497,0.220444600449772,0.34171148846398497,,0.34171148846398497,0.24162651070223246,1.0452,0.8247614694965171,0.5833314657211304,0.3412,0.2232,0.99,,,,27.69258207515687,,,,
6663,P35557,G,318,T,NONSYN,0.21962954488217865,1.5777897805117973,0.29587488724327715,-1.5144,100.0,2.0,6.0,1.3840471625152702,0.43829742946251704,0.004320533031469617,1.384,0.43829742946251704,1.3840471625152702,0.43829742946251704,,0.43829742946251704,0.3099230845495783,1.1696,0.21445561645661537,0.7925103902816772,1.3556,0.2886,0.154,,,,27.69258207515687,,,,
6664,P35557,G,318,I,NONSYN,0.29686370150880703,1.0170964691001707,0.1368773266498314,-2.721933333333333,100.0,2.0,6.0,0.597180547807135,0.24442849742419198,0.3960649365520851,0.5972,0.24442849742419198,0.597180547807135,0.24442849742419198,,0.24442849742419198,0.1728370480438847,0.8628,0.26557618131884153,0.5305267572402954,0.6227,0.1643,0.96,,,,27.69258207515687,,,,
6665,P35557,G,318,L,NONSYN,0.33670580158540125,0.9985048553378807,0.10485656968372302,-2.6893,100.0,2.0,6.0,1.4101496536289901,0.424910046830031,0.0036163963151961387,1.4101,0.424910046830031,1.4101496536289901,0.424910046830031,,0.424910046830031,0.30045677550780836,0.9103,0.4998085100208969,0.4481426477432251,1.2552,0.2496,0.872,,,,27.69258207515687,,,,
6666,P35557,G,318,K,NONSYN,0.4007452768135149,1.9046706670246303,0.2695642848470233,-1.5245,100.0,2.0,6.0,0.403404502976771,0.6781529701504501,0.6693330785593363,0.4034,0.6781529701504501,0.403404502976771,0.6781529701504501,,0.6781529701504501,0.47952656387518156,1.2628,0.8594195555559438,0.777671217918396,0.6402,0.4082,0.9790000000000001,,,,27.69258207515687,,,,
6667,P35557,G,318,G,SYN,,,,,100.0,2.0,6.0,0.898784662269939,0.05,0.09435399495898854,0.8988,0.05,0.898784662269939,0.05,,0.05,0.035355339059327376,,,,0.8988,0.0354,,,,,27.69258207515687,,,,
6668,P35557,G,318,Y,NONSYN,0.28089736795090275,0.9949896888069608,0.13714039743048825,-2.6748999999999996,100.0,2.0,6.0,1.42069515322175,0.19980479641167898,0.003364742041309495,1.4207,0.19980479641167898,1.42069515322175,0.19980479641167898,,0.19980479641167898,0.14128332645629574,0.8628,0.5579384240957734,0.5258821845054626,1.3831,0.1364,0.997,,,,27.69258207515687,,,,
6669,P35557,G,318,N,NONSYN,0.382875509440285,1.279025193986388,0.04117891855929879,-0.8179,100.0,2.0,6.0,0.273881999264675,0.778385535868807,0.8076095651766504,0.2739,0.778385535868807,0.273881999264675,0.778385535868807,,0.778385535868807,0.5504016907903581,1.0363,0.7624239051237527,0.5098804831504822,0.6842,0.374,0.9790000000000001,,,,27.69258207515687,,,,
6670,P35557,G,318,C,NONSYN,0.3672992043124827,1.524160277774472,0.07155992647924884,-2.438433333333333,100.0,2.0,6.0,0.5183906172924561,0.173784155430134,0.5103886952421557,0.5184,0.173784155430134,0.5183906172924561,0.173784155430134,,0.173784155430134,0.12288395476742472,1.0417,0.5232735062427002,0.48930931091308594,0.5494,0.1192,0.993,,,,27.69258207515687,,,,
6671,P35557,G,318,P,NONSYN,0.2021261040610908,1.2846902343860636,0.1734863943345751,-1.8968333333333334,100.0,2.0,6.0,2.70223086205292,0.13162964745631098,1.9813526781991493e-07,2.7022,0.13162964745631098,2.70223086205292,0.13162964745631098,,0.13162964745631098,0.09307621632155207,1.0487,1.653575471313479,0.6393868327140808,2.6679,0.0921,0.973,,,,27.69258207515687,,,,
6672,P35557,G,318,E,NONSYN,0.4108810729254607,1.77044180078504,0.12197357538058835,-1.9435333333333331,100.0,2.0,6.0,1.2449761628559899,0.539709116835217,0.010969687511570979,1.245,0.539709116835217,1.2449761628559899,0.539709116835217,,0.539709116835217,0.3816319763823846,1.2127,0.03232085699356313,0.7927833795547485,1.2389,0.3439,0.973,,,,27.69258207515687,,,,
6673,P35557,G,318,M,NONSYN,0.2878381921366005,1.2438284483075874,0.06021582969554917,-2.275,100.0,2.0,6.0,2.70724215540391,0.18225140836933498,1.900260315707525e-07,2.7072,0.18225140836933498,2.70724215540391,0.18225140836933498,,0.18225140836933498,0.12887120673875546,1.0302,1.677053118080912,0.48930931091308594,2.5985,0.1246,0.997,,,,27.69258207515687,,,,
6674,P35557,G,318,W,NONSYN,0.355895468841822,1.5266691950128288,0.07624376630943556,-2.4539666666666666,100.0,2.0,6.0,0.5108638655773861,0.133190592230019,0.521352515936309,0.5109,0.133190592230019,0.5108638655773861,0.133190592230019,,0.133190592230019,0.09417997095609872,0.9875,0.47668281678040203,0.43738001585006714,0.532,0.0921,1.0,,,,27.69258207515687,,,,
6675,P35557,G,318,H,NONSYN,0.3218287257213429,1.7381064142215799,0.1612103729009952,-1.9332999999999998,100.0,2.0,6.0,1.3419823225463703,0.302132038154646,0.005743900137836367,1.342,0.302132038154646,1.3419823225463703,0.302132038154646,,0.302132038154646,0.21363961299286288,1.19,0.1520103987182453,0.6847054958343506,1.3285,0.2039,0.9990000000000001,,,,27.69258207515687,,,,
6676,P35557,G,318,Q,NONSYN,0.29754150588632416,1.29871184770903,0.18894096528630608,-1.7754,100.0,2.0,6.0,3.21887802486727,1.0529732736513,2.2919697134125647e-09,3.2189,1.0529732736513,3.21887802486727,1.0529732736513,,1.0529732736513,0.7445645422070324,1.0626,2.156304830363486,0.665134608745575,2.0196,0.496,0.99,,,,27.69258207515687,,,,
6677,P35557,G,318,*,STOP,,,,,100.0,2.0,6.0,0.37435578615927,0.05,0.704833622425886,0.3744,0.05,0.37435578615927,0.05,,0.05,0.035355339059327376,,,,0.3744,0.0354,,,,,27.69258207515687,,,,
6678,P35557,E,319,S,NONSYN,0.4382670271083193,1.8169292976978297,0.06427113301949876,-0.6747666666666666,100.0,2.0,6.0,0.955111316208592,0.0664543068554044,0.06807080631020226,0.9551,0.0664543068554044,0.955111316208592,0.0664543068554044,,0.0664543068554044,0.046990291016508125,1.2212,0.2660475459053606,0.6499996781349182,0.9565,0.0469,0.046,,,,125.23797727699265,,,,
6679,P35557,E,319,A,NONSYN,0.4725389201357859,1.936666183463313,0.09004000099265132,-0.8022,100.0,2.0,6.0,0.71907232610474,0.17618720318973702,0.2399665675993986,0.7191,0.17618720318973702,0.71907232610474,0.17618720318973702,,0.17618720318973702,0.12458316613375515,1.2256,0.5065386453460656,0.6745666861534119,0.7358,0.1225,0.015,,,,125.23797727699265,,,,
6680,P35557,E,319,V,NONSYN,0.5148579282991502,1.3960849861947444,0.13678339446506635,-1.6669666666666665,100.0,2.0,6.0,0.7870075998760541,0.159150812794466,0.17255260053772717,0.787,0.159150812794466,0.7870075998760541,0.159150812794466,,0.159150812794466,0.11253661895831765,1.0881,0.3010935487292926,0.5534671545028687,0.799,0.1103,0.043,,,,125.23797727699265,,,,
6681,P35557,E,319,R,NONSYN,0.4513055748960305,1.2966818442148034,0.05420782650969052,-0.7211333333333333,100.0,2.0,6.0,2.2798146865538196,0.22913566307434302,6.051990737066653e-06,2.2798,0.22913566307434302,2.2798146865538196,0.22913566307434302,,0.22913566307434302,0.16202338117154394,1.0881,1.191713537948473,0.4885405898094177,2.1617,0.1538,0.08199999999999999,,,,125.23797727699265,,,,
6682,P35557,E,319,D,NONSYN,0.4800060668498122,1.2625469698615233,0.07812711324267614,-0.020166666666666666,100.0,2.0,6.0,2.4270126478175698,0.108508656556897,1.8815471239872358e-06,2.427,0.108508656556897,2.4270126478175698,0.108508656556897,,0.108508656556897,0.07672720686882399,1.0812,1.3458380357722817,0.45176267623901367,2.3893,0.0756,0.0,,,,125.23797727699265,,,,
6683,P35557,E,319,F,NONSYN,0.4134101209643438,1.2653181578144865,0.06756788063694917,-2.4431333333333334,100.0,2.0,6.0,1.97958974022777,0.045276393817577996,6.072360173911511e-05,1.9796,0.045276393817577996,1.97958974022777,0.045276393817577996,,0.045276393817577996,0.03201524509608208,1.0847,0.8948730625620596,0.4638839066028595,1.9753,0.0319,0.001,,,,125.23797727699265,,,,
6684,P35557,E,319,T,NONSYN,0.4070866311137473,1.5138302707945266,0.07401139741210876,-0.9768666666666667,100.0,2.0,6.0,2.45838057759227,0.283046989912602,1.4621755903670487e-06,2.4584,0.283046989912602,2.45838057759227,0.283046989912602,,0.283046989912602,0.2001444459616412,1.0881,1.3702794289869233,0.48671701550483704,2.2602,0.1851,0.11800000000000001,,,,125.23797727699265,,,,
6685,P35557,E,319,I,NONSYN,0.377366298627538,1.3866187528430833,0.06393446161395637,-2.3962999999999997,100.0,2.0,6.0,1.1789743123228,0.106211999772587,0.01689081516912081,1.179,0.106211999772587,1.1789743123228,0.106211999772587,,0.106211999772587,0.0751032252825803,1.0881,0.09087316371745335,0.46037548780441284,1.1766,0.0741,0.128,,,,125.23797727699265,,,,
6686,P35557,E,319,L,NONSYN,0.4309220950052253,1.2919575160565901,0.03134602302401418,-2.375633333333333,100.0,2.0,6.0,1.46295802268228,0.259175131715394,0.0025164594672281897,1.463,0.259175131715394,1.46295802268228,0.259175131715394,,0.259175131715394,0.18326449315087173,1.0881,0.37485687407693336,0.45842286944389343,1.4113,0.1702,0.04,,,,125.23797727699265,,,,
6687,P35557,E,319,K,NONSYN,0.4890082107053284,1.375361507582754,0.038200521026184445,-0.6217666666666667,100.0,2.0,6.0,0.312378089806388,0.31967940536556894,0.7720236668500313,0.3124,0.31967940536556894,0.312378089806388,0.31967940536556894,,0.31967940536556894,0.22604747533967698,1.0881,0.7757230587989588,0.4844784140586853,0.4511,0.2048,0.0,,,,125.23797727699265,,,,
6688,P35557,E,319,G,NONSYN,0.4522640708552875,1.0749364668657657,0.12545526619106168,-1.9225,100.0,2.0,6.0,1.75072545554656,0.25773697651779504,0.0003285422715125121,1.7507,0.25773697651779504,1.75072545554656,0.25773697651779504,,0.25773697651779504,0.18224756385825083,0.9211,0.8296368792297264,0.47810253500938416,1.6455,0.1703,0.195,,,,125.23797727699265,,,,
6689,P35557,E,319,Y,NONSYN,0.4671477233180428,1.4642192635172133,0.08971593654415842,-2.2137666666666664,100.0,2.0,6.0,1.54287609740859,0.0517738629179444,0.0014439845053250602,1.5429,0.0517738629179444,1.54287609740859,0.0517738629179444,,0.0517738629179444,0.03660964955750121,1.0859,0.4569661347544762,0.47834205627441406,1.5402,0.0365,0.457,,,,125.23797727699265,,,,
6690,P35557,E,319,N,NONSYN,0.4945297857128286,1.778031974352744,0.06030446233078806,-0.6558999999999999,100.0,2.0,6.0,1.07180328624385,0.11537279326824099,0.033441329523863715,1.0718,0.11537279326824099,1.07180328624385,0.11537279326824099,,0.11537279326824099,0.08158088448440685,1.2169,0.1451192353473365,0.653607189655304,1.074,0.081,0.019,,,,125.23797727699265,,,,
6691,P35557,E,319,C,NONSYN,0.4263241553322161,1.5321899671161432,0.0636599018348785,-2.5622,100.0,2.0,6.0,1.11027678831193,0.0723004524210139,0.026243789853069337,1.1103,0.0723004524210139,1.11027678831193,0.0723004524210139,,0.0723004524210139,0.051124140189754266,1.0838,0.026442855435343082,0.49492862820625305,1.11,0.0509,0.888,,,,125.23797727699265,,,,
6692,P35557,E,319,P,NONSYN,0.2784783599621833,1.321486834524355,0.08707803342071518,-1.2109666666666667,100.0,2.0,6.0,1.54260379972502,0.12269181873187499,0.0014467391258961612,1.5426,0.12269181873187499,1.54260379972502,0.12269181873187499,,0.12269181873187499,0.08675621702141947,1.0881,0.45450265111967325,0.4895111322402954,1.5288,0.0854,0.081,,,,125.23797727699265,,,,
6693,P35557,E,319,E,SYN,,,,,100.0,2.0,6.0,0.7093099443955531,0.05,0.2509236258830826,0.7093,0.05,0.7093099443955531,0.05,,0.05,0.035355339059327376,,,,0.7093,0.0354,,,,,125.23797727699265,,,,
6694,P35557,E,319,M,NONSYN,0.4318399535430367,1.3602030509437346,0.07243305842834767,-1.9440333333333335,100.0,2.0,6.0,0.894925703312653,0.505265192326443,0.09644197211971157,0.8949,0.505265192326443,0.894925703312653,0.505265192326443,,0.505265192326443,0.35727644379155293,1.0881,0.1931754452926937,0.47113972902297974,0.9655,0.2847,0.096,,,,125.23797727699265,,,,
6695,P35557,E,319,W,NONSYN,0.3886512979012191,1.5405073584109499,0.06687579267754858,-2.4843333333333333,100.0,2.0,6.0,1.15402213843838,0.061031099387594004,0.01984423115337768,1.154,0.061031099387594004,1.15402213843838,0.061031099387594004,,0.061031099387594004,0.04315550424023786,1.0452,0.10881606849209091,0.49156105518341064,1.1532,0.043,0.975,,,,125.23797727699265,,,,
6696,P35557,E,319,H,NONSYN,0.3874690850586482,1.4355764296687539,0.06246341525630439,-0.6659666666666667,100.0,2.0,6.0,2.09916992029582,0.0924120132555652,2.4538522782680204e-05,2.0992,0.0924120132555652,2.09916992029582,0.0924120132555652,,0.0924120132555652,0.06534516123611127,1.0859,1.013259957641706,0.4812571108341217,2.0808,0.0648,0.47700000000000004,,,,125.23797727699265,,,,
6697,P35557,E,319,Q,NONSYN,0.4979236622050323,1.23150068461085,0.08109844006661789,-0.02876666666666668,100.0,2.0,6.0,2.52015150356959,0.0570800114829609,8.86967143596523e-07,2.5202,0.0570800114829609,2.52015150356959,0.0570800114829609,,0.0570800114829609,0.04036166318980765,1.0786,1.4415518121785986,0.4479079246520996,2.5085,0.0402,0.001,,,,125.23797727699265,,,,
6698,P35557,E,319,*,STOP,,,,,100.0,2.0,6.0,3.32756055939666e-05,0.05,0.9485085856140625,0.0,0.05,3.32756055939666e-05,0.05,,0.05,0.035355339059327376,,,,0.0,0.0354,,,,,125.23797727699265,,,,
6699,P35557,A,320,S,NONSYN,0.46929375853615796,1.5973133938352666,0.10778882686812453,-0.41050000000000003,100.0,2.0,6.0,0.7974364038163949,0.22490698770384,0.16358606806700915,0.7974,0.22490698770384,0.7974364038163949,0.22490698770384,,0.22490698770384,0.1590332561416247,1.1339,0.33647139113599767,0.650056004524231,0.8164,0.1545,0.001,,,,21.17209553593236,,,,
6700,P35557,A,320,A,SYN,,,,,100.0,2.0,6.0,1.92922913750678,0.05,8.850133511746898e-05,1.9292,0.05,1.92922913750678,0.05,,0.05,0.035355339059327376,,,,1.9292,0.0354,,,,,21.17209553593236,,,,
6701,P35557,A,320,V,NONSYN,0.41129671784225785,1.0460648038235114,0.24305725140993528,-0.6206999999999999,100.0,2.0,6.0,1.50227902824139,0.253893809406199,0.0019165945139119987,1.5023,0.253893809406199,1.50227902824139,0.253893809406199,,0.253893809406199,0.17953003433240813,0.9065,0.5958229153797567,0.619891881942749,1.4562,0.1724,0.134,,,,21.17209553593236,,,,
6702,P35557,A,320,R,NONSYN,0.3190441200491768,2.7246172221401666,0.03857297014382452,-1.2165666666666668,100.0,2.0,6.0,1.73055220744285,0.261956715250428,0.00038015577673392893,1.7306,0.261956715250428,1.73055220744285,0.261956715250428,,0.261956715250428,0.18523136973093113,2.0532,0.3226418385776577,0.7889702320098877,1.7474,0.1803,0.903,,,,21.17209553593236,,,,
6703,P35557,A,320,D,NONSYN,0.4810824638550644,2.1375826355880747,0.16039537140845558,-1.3432333333333333,100.0,2.0,6.0,0.4331147291156501,0.61584421172431,0.6306848139163662,0.4331,0.61584421172431,0.4331147291156501,0.61584421172431,,0.61584421172431,0.4354676182647435,1.2543,0.8211757324245721,0.8451431393623352,0.6054,0.3871,0.349,,,,21.17209553593236,,,,
6704,P35557,A,320,F,NONSYN,0.3975861635372093,0.7952770454376648,0.15194284309236725,-1.7862,100.0,2.0,6.0,1.82581793618027,0.143708314508418,0.00019006487307953002,1.8258,0.143708314508418,1.82581793618027,0.143708314508418,,0.143708314508418,0.10161712370179148,0.8549,0.970880978820956,0.5061964392662048,1.7882,0.0996,0.903,,,,21.17209553593236,,,,
6705,P35557,A,320,T,NONSYN,0.4593194656393701,1.2300827185272738,0.2494267468242287,-0.5557333333333333,100.0,2.0,6.0,1.02392272249182,0.19796687454666897,0.044982357435494086,1.0239,0.19796687454666897,1.02392272249182,0.19796687454666897,,0.19796687454666897,0.13998371944225615,1.0925,0.06853934034387343,0.6704734563827515,1.0268,0.137,0.001,,,,21.17209553593236,,,,
6706,P35557,A,320,I,NONSYN,0.2533067127168299,1.6630357574753447,0.1588662369438115,-1.3021,100.0,2.0,6.0,4.02081094230467,0.122486414787238,1.2338086468900677e-12,4.0208,0.122486414787238,4.02081094230467,0.122486414787238,,0.122486414787238,0.08661097449928419,1.212,2.808827261579572,0.9227316975593567,3.9963,0.0862,0.019,,,,21.17209553593236,,,,
6707,P35557,A,320,L,NONSYN,0.33775241979079834,2.419761146171248,0.14384589131436884,-1.2974666666666668,100.0,2.0,6.0,1.7506347762169598,0.31120098983671,0.00032875817921678026,1.7506,0.31120098983671,1.7506347762169598,0.31120098983671,,0.31120098983671,0.2200523302255035,1.6751,0.07551334963462342,0.9167044162750244,1.7465,0.214,0.355,,,,21.17209553593236,,,,
6708,P35557,A,320,K,NONSYN,0.13783323133742972,1.0960751982647083,0.2357745794867486,-0.7036666666666666,100.0,2.0,6.0,1.3570387774489998,0.185652990539783,0.005188745675737486,1.357,0.185652990539783,1.3570387774489998,0.185652990539783,,0.185652990539783,0.1312764885582425,0.9173,0.43971638021694415,0.6004100441932678,1.337,0.1282,0.727,,,,21.17209553593236,,,,
6709,P35557,A,320,G,NONSYN,0.5077306515769983,0.8161441491003506,0.24193188989846207,-0.48503333333333326,100.0,2.0,6.0,2.26573843077259,0.324775017026171,6.758558510774102e-06,2.2657,0.324775017026171,2.26573843077259,0.324775017026171,,0.324775017026171,0.22965061689918193,0.8946,1.3711203964097969,0.6223666667938232,2.1014,0.2155,0.0,,,,21.17209553593236,,,,
6710,P35557,A,320,Y,NONSYN,0.2413102682766479,1.14672147122611,0.15086489333673175,-1.7924666666666667,100.0,2.0,6.0,0.771484658814934,0.162872610090339,0.18657776970914675,0.7715,0.162872610090339,0.771484658814934,0.162872610090339,,0.162872610090339,0.1151683270644312,0.9184,0.14691121806952645,0.5015435814857483,0.7788,0.1122,0.95,,,,21.17209553593236,,,,
6711,P35557,A,320,N,NONSYN,0.2596281291448914,2.4357445219656233,0.07039082248990752,-1.1920666666666666,100.0,2.0,6.0,2.59717030796648,0.0788380053856423,4.726840789124891e-07,2.5972,0.0788380053856423,2.59717030796648,0.0788380053856423,,0.0788380053856423,0.05574688822340922,1.6526,0.9445278194868658,0.8322436809539795,2.593,0.0556,0.226,,,,21.17209553593236,,,,
6712,P35557,A,320,C,NONSYN,0.4521425054357098,1.2316796960376737,0.23887263582769913,-0.7297666666666668,100.0,2.0,6.0,0.950225284130103,0.0894333507379346,0.07006049693836826,0.9502,0.0894333507379346,0.950225284130103,0.0894333507379346,,0.0894333507379346,0.06323892877102848,1.0523,0.10209305044936479,0.7541344165802002,0.9509,0.063,0.95,,,,21.17209553593236,,,,
6713,P35557,A,320,P,NONSYN,0.3737321559264451,0.7431649193823149,0.23480146643792021,-0.7215666666666666,100.0,2.0,6.0,2.41576961409618,0.20666315426306897,2.0589656537444623e-06,2.4158,0.20666315426306897,2.41576961409618,0.20666315426306897,,0.20666315426306897,0.1461329178008176,0.8859,1.5298307312684214,0.6052929759025574,2.3315,0.1421,0.002,,,,21.17209553593236,,,,
6714,P35557,A,320,E,NONSYN,0.3924454343376217,1.5743445585584277,0.06878913692119813,-0.73,100.0,2.0,6.0,2.61610951568909,0.0880324695388639,4.044873014690331e-07,2.6161,0.0880324695388639,2.61610951568909,0.0880324695388639,,0.0880324695388639,0.06224835617552884,1.0927,1.523399497531131,0.572740375995636,2.5983,0.0619,0.499,,,,21.17209553593236,,,,
6715,P35557,A,320,M,NONSYN,0.19919007049311416,2.7828444859046666,0.07064766787273452,-1.2075333333333333,100.0,2.0,6.0,1.5558704161493502,0.0745880658167037,0.0013183138132079504,1.5559,0.0745880658167037,1.5558704161493502,0.0745880658167037,,0.0745880658167037,0.052741727134579704,2.0532,0.49732362987115764,0.7801191806793213,1.5581,0.0526,0.903,,,,21.17209553593236,,,,
6716,P35557,A,320,W,NONSYN,0.17944660888741126,1.0101391080369515,0.1539198312056613,-1.6895,100.0,2.0,6.0,1.18123174838241,0.098831755897965,0.016645393902171193,1.1812,0.098831755897965,1.18123174838241,0.098831755897965,,0.098831755897965,0.06988460479202462,0.8628,0.3184750192564334,0.5071430802345276,1.1753,0.0692,0.995,,,,21.17209553593236,,,,
6717,P35557,A,320,H,NONSYN,0.3663343704598138,2.0681868158790935,0.1651788712270422,-1.3876666666666668,100.0,2.0,6.0,0.641302188242594,0.5926475977879571,0.33525350397084835,0.6413,0.5926475977879571,0.641302188242594,0.5926475977879571,,0.5926475977879571,0.41906513524978195,1.2352,0.5939006010640466,0.7778319120407104,0.7749,0.3689,0.995,,,,21.17209553593236,,,,
6718,P35557,A,320,Q,NONSYN,0.3707092191809771,1.5743445585584277,0.06878913692119813,-0.73,100.0,2.0,6.0,-0.0777693034321583,0.97463108837374,0.9650410238581306,-0.0778,0.97463108837374,-0.0777693034321583,0.97463108837374,,0.97463108837374,0.6891682517442967,1.0603,1.1380422354847706,0.511833131313324,0.6557,0.4109,0.95,,,,21.17209553593236,,,,
6719,P35557,A,320,*,STOP,,,,,100.0,2.0,6.0,0.611115805420548,0.05,0.3764611446271866,0.6111,0.05,0.611115805420548,0.05,,0.05,0.035355339059327376,,,,0.6111,0.0354,,,,,21.17209553593236,,,,
6720,P35557,S,321,S,SYN,,,,,100.0,2.0,6.0,0.8700112861128659,0.05,0.1108987899259613,0.87,0.05,0.8700112861128659,0.05,,0.05,0.035355339059327376,,,,0.87,0.0354,,,,,19.120462294485367,,,,
6721,P35557,S,321,A,NONSYN,0.4563330621977513,1.1637462534200764,0.046423517300038346,-0.01466666666666668,100.0,2.0,6.0,1.39703483580863,0.154100824790706,0.003954975750497202,1.397,0.154100824790706,1.39703483580863,0.154100824790706,,0.154100824790706,0.10896573819594824,0.9894,0.407660257809515,0.41660571098327637,1.3709,0.1054,0.004,,,,19.120462294485367,,,,
6722,P35557,S,321,V,NONSYN,0.3566796973350173,1.3170362157529496,0.05548946063480825,-1.3498999999999999,100.0,2.0,6.0,0.8101404180580891,0.0825870275750325,0.15315245407299605,0.8101,0.0825870275750325,0.8101404180580891,0.0825870275750325,,0.0825870275750325,0.05839784723634587,1.0881,0.27796073054725756,0.4810757040977478,0.8142,0.058,0.171,,,,19.120462294485367,,,,
6723,P35557,S,321,R,NONSYN,0.5078165034060199,1.3117945776665192,0.10539218568723041,-0.9542999999999999,100.0,2.0,6.0,1.3510424793095601,0.194153341645625,0.005403305083316887,1.351,0.194153341645625,1.3510424793095601,0.194153341645625,,0.194153341645625,0.13728714446764995,1.0838,0.2672085464329732,0.517059326171875,1.3334,0.1327,0.8240000000000001,,,,19.120462294485367,,,,
6724,P35557,S,321,D,NONSYN,0.26426002389568154,1.6051189569486908,0.02705075908322313,-0.6365333333333334,100.0,2.0,6.0,0.703140934327129,0.23837428794144,0.25800610540327623,0.7031,0.23837428794144,0.703140934327129,0.23837428794144,,0.23837428794144,0.16855607546390688,1.1752,0.47208825745296135,0.549614429473877,0.7437,0.1611,0.41600000000000004,,,,19.120462294485367,,,,
6725,P35557,S,321,F,NONSYN,0.4400921079880442,1.1273755924228364,0.023399735705525143,-1.7383,100.0,2.0,6.0,0.439630587184134,0.0884662038112418,0.6219267240005346,0.4396,0.0884662038112418,0.439630587184134,0.0884662038112418,,0.0884662038112418,0.06255505262076028,0.9466,0.5069263385894867,0.39361658692359924,0.4521,0.0618,0.8759999999999999,,,,19.120462294485367,,,,
6726,P35557,S,321,T,NONSYN,0.5032644910640633,1.0886611982005563,0.04306145733029559,-0.06083333333333333,100.0,2.0,6.0,1.6222900014671902,0.17077011893461203,0.0008251217666485409,1.6223,0.17077011893461203,1.6222900014671902,0.17077011893461203,,0.17077011893461203,0.1207527091226974,0.9262,0.6960940819534878,0.3859674334526062,1.5602,0.1152,0.025,,,,19.120462294485367,,,,
6727,P35557,S,321,I,NONSYN,0.40690641070991895,0.8373131700615076,0.02897502610357559,-1.7275666666666665,100.0,2.0,6.0,1.30981785426812,0.0506970225724541,0.00712928220521389,1.3098,0.0506970225724541,1.30981785426812,0.0506970225724541,,0.0506970225724541,0.03584820844694976,0.8994,0.4103910363741381,0.39752495288848877,1.3065,0.0357,0.008,,,,19.120462294485367,,,,
6728,P35557,S,321,L,NONSYN,0.393745075519064,0.7978423013303809,0.02934196457445,-1.7093,100.0,2.0,6.0,1.4282304604615,0.0467440974324552,0.0031954389217327883,1.4282,0.0467440974324552,1.4282304604615,0.0467440974324552,,0.0467440974324552,0.033053068274933754,0.8718,0.5564745028580453,0.4047807455062866,1.4245,0.0329,0.355,,,,19.120462294485367,,,,
6729,P35557,S,321,K,NONSYN,0.33912790346884786,1.2832862534455967,0.028404830819928093,-0.6167666666666666,100.0,2.0,6.0,1.96200156967431,0.0430735432929007,6.92843241304225e-05,1.962,0.0430735432929007,1.96200156967431,0.0430735432929007,,0.0430735432929007,0.030457594552142416,1.0859,0.8760916070201963,0.47886228561401367,1.9585,0.0304,0.5710000000000001,,,,19.120462294485367,,,,
6730,P35557,S,321,G,NONSYN,0.4188135801978989,1.202980501369377,0.05927856156544723,-0.6509999999999999,100.0,2.0,6.0,1.90955630106507,0.0821134815628325,0.0001024499417502834,1.9096,0.0821134815628325,1.90955630106507,0.0821134815628325,,0.0821134815628325,0.0580629996399154,1.0793,0.8302389697509831,0.5013301968574524,1.8986,0.0577,0.353,,,,19.120462294485367,,,,
6731,P35557,S,321,Y,NONSYN,0.3987520148682556,1.2311176888800845,0.046810775902165695,-1.6658,100.0,2.0,6.0,0.644078462538889,0.0714188953786386,0.33156421822950827,0.6441,0.0714188953786386,0.644078462538889,0.0714188953786386,,0.0714188953786386,0.05050078522708793,1.0337,0.38965252119524185,0.5095299482345581,0.6479,0.0503,0.978,,,,19.120462294485367,,,,
6732,P35557,S,321,N,NONSYN,0.3577198430860929,1.1124457650267834,0.04185123109643085,-0.23683333333333337,100.0,2.0,6.0,0.872445299628011,0.0801447088436629,0.10940986817190593,0.8724,0.0801447088436629,0.872445299628011,0.0801447088436629,,0.0801447088436629,0.0566708670995755,0.9372,0.06472306012845874,0.40337690711021423,0.8737,0.0561,0.077,,,,19.120462294485367,,,,
6733,P35557,S,321,C,NONSYN,0.4413057931247456,1.3077668842590529,0.1096342365494183,-0.9221333333333334,100.0,2.0,6.0,1.3631255595319598,0.145865574125645,0.004979408435208679,1.3631,0.145865574125645,1.3631255595319598,0.145865574125645,,0.145865574125645,0.10314253660591258,1.0881,0.2750244109266131,0.5167867541313171,1.3526,0.1011,0.004,,,,19.120462294485367,,,,
6734,P35557,S,321,P,NONSYN,0.3754690196139504,1.1834552523159727,0.09897930150051258,-0.9290666666666666,100.0,2.0,6.0,1.7360604553612,0.24756112837722302,0.0003653245832071341,1.7361,0.24756112837722302,1.7360604553612,0.24756112837722302,,0.24756112837722302,0.17505215263372784,1.0387,0.6973528414161927,0.5184449553489685,1.6647,0.1659,0.002,,,,19.120462294485367,,,,
6735,P35557,S,321,E,NONSYN,0.32956968841657797,1.622687109968136,0.025609155657393814,-0.6321,100.0,2.0,6.0,0.943799000106692,0.067627141144953,0.07275648881092507,0.9438,0.067627141144953,0.943799000106692,0.067627141144953,,0.067627141144953,0.04781961009585604,1.1856,0.24175967661297348,0.5775668621063232,0.9454,0.0477,0.33299999999999996,,,,19.120462294485367,,,,
6736,P35557,S,321,M,NONSYN,0.4679817126368144,0.6312831559270373,0.03312228601674934,-1.5591333333333335,100.0,2.0,6.0,1.943904625188,0.17042892951504998,7.932467570561665e-05,1.9439,0.17042892951504998,1.943904625188,0.17042892951504998,,0.17042892951504998,0.12051145177045597,0.8036,1.140255199681408,0.4204462170600891,1.8573,0.1158,0.903,,,,19.120462294485367,,,,
6737,P35557,S,321,W,NONSYN,0.3832492129242465,1.0592263006379181,0.026438049137200974,-1.7880333333333336,100.0,2.0,6.0,0.567538841757224,0.0700912936259702,0.43863594946853524,0.5675,0.0700912936259702,0.567538841757224,0.0700912936259702,,0.0700912936259702,0.04956202902506096,0.8628,0.29521788736875254,0.3922633230686188,0.5722,0.0492,0.995,,,,19.120462294485367,,,,
6738,P35557,S,321,H,NONSYN,0.2629764798769622,1.4834094980675732,0.0817376555649471,-0.9429,100.0,2.0,6.0,0.836197718106398,0.342595902591321,0.1333946662096691,0.8362,0.342595902591321,0.836197718106398,0.342595902591321,,0.342595902591321,0.24225188592904895,1.0535,0.21727527765165866,0.5061547756195068,0.8767,0.2185,0.95,,,,19.120462294485367,,,,
6739,P35557,S,321,Q,NONSYN,0.3963611118941722,1.6051189569486908,0.02705075908322313,-0.6365333333333333,100.0,2.0,6.0,0.9965034591650279,0.0566300748414501,0.05315208980469162,0.9965,0.0566300748414501,0.9965034591650279,0.0566300748414501,,0.0566300748414501,0.040043509939491066,1.1774,0.18091691856629533,0.549614429473877,0.9975,0.0399,0.034,,,,19.120462294485367,,,,
6740,P35557,S,321,*,STOP,,,,,100.0,2.0,6.0,-0.0774689093482095,0.05,0.964988744021308,-0.0775,0.05,-0.0774689093482095,0.05,,0.05,0.035355339059327376,,,,-0.0775,0.0354,,,,,19.120462294485367,H,324.0,,
6741,P35557,E,322,S,NONSYN,0.4382670271083193,1.5087409204566702,0.06616868799490477,-0.6747666666666666,100.0,2.0,6.0,1.3030656680458899,0.14364495860711401,0.007458694715841341,1.3031,0.14364495860711401,1.3030656680458899,0.14364495860711401,,0.14364495860711401,0.10157232431435124,1.0881,0.21496451944054318,0.47774869203567505,1.2938,0.0994,0.08800000000000001,,,,136.59285395570734,,,,
6742,P35557,E,322,A,NONSYN,0.4725389201357859,1.3216687698349479,0.08282025377102696,-0.8022,100.0,2.0,6.0,1.01884497594189,0.18821899315272897,0.046402077996923,1.0188,0.18821899315272897,1.01884497594189,0.18821899315272897,,0.18821899315272897,0.133090926406399,1.0881,0.06925617266345663,0.48468583822250366,1.0237,0.1283,0.015,,,,136.59285395570734,,,,
6743,P35557,E,322,V,NONSYN,0.5148579282991502,1.4457076208242314,0.08944319422036945,-1.6669666666666665,100.0,2.0,6.0,1.6548493058401599,0.126503015389557,0.0006545290024027669,1.6548,0.126503015389557,1.6548493058401599,0.126503015389557,,0.126503015389557,0.08945114002250193,1.0881,0.5667481572348132,0.49098411202430725,1.6366,0.088,0.009000000000000001,,,,136.59285395570734,,,,
6744,P35557,E,322,R,NONSYN,0.4513055748960305,1.3285870296503668,0.05158136611844027,-0.7211333333333333,100.0,2.0,6.0,1.5593066483608002,0.25757374149790896,0.0012869064859980836,1.5593,0.25757374149790896,1.5593066483608002,0.25757374149790896,,0.25757374149790896,0.18213213926876226,1.0859,0.47339668570668647,0.49009639024734497,1.5019,0.1707,0.386,,,,136.59285395570734,,,,
6745,P35557,E,322,D,NONSYN,0.4800060668498122,1.4695958677497867,0.07593028663875091,-0.020166666666666666,100.0,2.0,6.0,0.7970671194204121,0.300868852383323,0.1638973598781709,0.7971,0.300868852383323,0.7970671194204121,0.300868852383323,,0.300868852383323,0.21274640576806203,1.0881,0.2910340291849346,0.44525980949401855,0.8512,0.192,0.0,,,,136.59285395570734,,,,
6746,P35557,E,322,F,NONSYN,0.4134101209643438,1.1607783032719217,0.07989301463726549,-2.4431333333333334,100.0,2.0,6.0,0.9686941439881691,0.040918872792875,0.06280332301372846,0.9687,0.040918872792875,0.9686941439881691,0.040918872792875,,0.040918872792875,0.02893401243035163,0.9872,0.018489188455068195,0.43512824177742004,0.9688,0.0289,0.386,,,,136.59285395570734,,,,
6747,P35557,E,322,T,NONSYN,0.4070866311137473,1.1503111239100816,0.09917250812041344,-0.9768666666666667,100.0,2.0,6.0,0.7677497378742429,0.226957220289884,0.1900742694929123,0.7677,0.226957220289884,0.7677497378742429,0.226957220289884,,0.226957220289884,0.16048298950622605,0.9894,0.22162484012487205,0.4711850881576538,0.7908,0.1519,0.11800000000000001,,,,136.59285395570734,,,,
6748,P35557,E,322,I,NONSYN,0.377366298627538,1.3171436647164105,0.07855593501688914,-2.3962999999999997,100.0,2.0,6.0,0.794897746954183,0.0916665448976616,0.1657352396772305,0.7949,0.0916665448976616,0.794897746954183,0.0916665448976616,,0.0916665448976616,0.06481803550507763,1.0881,0.29320340165116365,0.46037548780441284,0.8006,0.0642,0.0,,,,136.59285395570734,,,,
6749,P35557,E,322,L,NONSYN,0.4309220950052253,0.966023020313575,0.0287235496356264,-2.375633333333333,100.0,2.0,6.0,1.84825968016269,0.32346657116649397,0.00016118251054972208,1.8483,0.32346657116649397,1.84825968016269,0.32346657116649397,,0.32346657116649397,0.22872540595898883,0.9153,0.9329894708502511,0.3744794428348541,1.5948,0.1952,0.006,,,,136.59285395570734,,,,
6750,P35557,E,322,K,NONSYN,0.4890082107053284,1.4233272603517,0.04288159194638628,-0.6217666666666667,100.0,2.0,6.0,1.88652351479056,0.257040375720259,0.00012153008761477378,1.8865,0.257040375720259,1.88652351479056,0.257040375720259,,0.257040375720259,0.18175499271053314,1.0859,0.8006135521364461,0.48798680305480957,1.789,0.1703,0.4320000000000001,,,,136.59285395570734,,,,
6751,P35557,E,322,G,NONSYN,0.4522640708552875,1.585479507368283,0.045263968902368196,-1.9225,100.0,2.0,6.0,1.6267457300681,0.22902450075575304,0.000799437636488069,1.6267,0.22902450075575304,1.6267457300681,0.22902450075575304,,0.22902450075575304,0.16194477754225653,1.1298,0.49692526402653514,0.6329255104064941,1.5962,0.1569,0.195,,,,136.59285395570734,,,,
6752,P35557,E,322,Y,NONSYN,0.4671477233180428,1.423301052394991,0.0958834941368677,-2.2137666666666664,100.0,2.0,6.0,1.26399383128765,0.0677443425484966,0.009673783254622153,1.264,0.0677443425484966,1.26399383128765,0.0677443425484966,,0.0677443425484966,0.0479024840030663,1.0838,0.18015989841106306,0.47834205627441406,1.2622,0.0477,0.773,,,,136.59285395570734,,,,
6753,P35557,E,322,N,NONSYN,0.4945297857128286,1.3971128353820335,0.07220014671308482,-0.6558999999999999,100.0,2.0,6.0,1.6379499232698,0.0749111985861191,0.0007382542063368678,1.6379,0.0749111985861191,1.6379499232698,0.0749111985861191,,0.0749111985861191,0.05297021650705692,1.0881,0.5498487746644534,0.4948273301124573,1.6317,0.0527,0.019,,,,136.59285395570734,,,,
6754,P35557,E,322,C,NONSYN,0.4263241553322161,1.2187104356165837,0.07751834438022116,-2.5622,100.0,2.0,6.0,1.1740284544703898,0.0748639421832519,0.01744066082367077,1.174,0.0748639421832519,1.1740284544703898,0.0748639421832519,,0.0748639421832519,0.052936801184135046,1.0748,0.0992769581553874,0.5035643577575684,1.1729,0.0526,0.888,,,,136.59285395570734,,,,
6755,P35557,E,322,P,NONSYN,0.2784783599621833,1.1471480065520976,0.07562296172745876,-1.2109666666666667,100.0,2.0,6.0,0.8727817474275541,0.27434054186617,0.1092053911033566,0.8728,0.27434054186617,0.8727817474275541,0.27434054186617,,0.27434054186617,0.19398805750796075,0.964,0.09126610175076011,0.41333088278770447,0.8893,0.1756,0.0,,,,136.59285395570734,,,,
6756,P35557,E,322,E,SYN,,,,,100.0,2.0,6.0,0.952958083322884,0.05,0.0689413245226656,0.953,0.05,0.952958083322884,0.05,,0.05,0.035355339059327376,,,,0.953,0.0354,,,,,136.59285395570734,,,,
6757,P35557,E,322,M,NONSYN,0.4318399535430367,1.5151962890653035,0.0637026646906463,-1.9440333333333335,100.0,2.0,6.0,1.83759538497704,0.12761886617708,0.00017432753909583262,1.8376,0.12761886617708,1.83759538497704,0.12761886617708,,0.12761886617708,0.09024016568115178,1.0881,0.7494942363716932,0.47113972902297974,1.8111,0.0886,0.0,,,,136.59285395570734,,,,
6758,P35557,E,322,W,NONSYN,0.3886512979012191,1.2039505237016808,0.07982889071366016,-2.4843333333333333,100.0,2.0,6.0,0.839177482698892,0.0431127598891816,0.13127261366346457,0.8392,0.0431127598891816,0.839177482698892,0.0431127598891816,,0.0431127598891816,0.03048532487330769,1.0288,0.18966210546639117,0.49156105518341064,0.8399,0.0304,0.975,,,,136.59285395570734,,,,
6759,P35557,E,322,H,NONSYN,0.3874690850586482,1.5001074132254966,0.07172082996517357,-0.6659666666666667,100.0,2.0,6.0,1.32896618973941,0.0827852335538554,0.006269866067017751,1.329,0.0827852335538554,1.32896618973941,0.0827852335538554,,0.0827852335538554,0.05853800002804326,1.0838,0.24513225686282314,0.4812571108341217,1.3254,0.0581,0.735,,,,136.59285395570734,,,,
6760,P35557,E,322,Q,NONSYN,0.4979236622050323,1.3288854340856207,0.09922636724460702,-0.02876666666666668,100.0,2.0,6.0,1.21919842041291,0.13066645644204303,0.01299550288668105,1.2192,0.13066645644204303,1.21919842041291,0.13066645644204303,,0.13066645644204303,0.09239513742378526,1.0881,0.13109727180756336,0.45369523763656616,1.214,0.0905,0.19699999999999998,,,,136.59285395570734,,,,
6761,P35557,E,322,*,STOP,,,,,100.0,2.0,6.0,0.258463653554284,0.05,0.820553023890011,0.2585,0.05,0.258463653554284,0.05,,0.05,0.035355339059327376,,,,0.2585,0.0354,,,,,136.59285395570734,,,,
6762,P35557,Q,323,S,NONSYN,0.4409447200841817,0.7101071099628894,0.07162799129406956,-0.6639,100.0,2.0,6.0,1.50128724759592,0.21740075473519999,0.0019298490038702281,1.5013,0.21740075473519999,1.50128724759592,0.21740075473519999,,0.21740075473519999,0.15372554790833334,0.8692,0.6320572156287569,0.40968501567840576,1.4233,0.1439,0.049,,,,78.29482207768889,,,,
6763,P35557,Q,323,A,NONSYN,0.4409062194732345,1.5049632583567334,0.07093370459062186,-0.7354333333333333,100.0,2.0,6.0,0.224140296702963,0.27646190716929997,0.8467793294265057,0.2241,0.27646190716929997,0.224140296702963,0.27646190716929997,,0.27646190716929997,0.1954880892991778,1.0881,0.8639608519023837,0.4885405898094177,0.3434,0.1815,0.022000000000000002,,,,78.29482207768889,,,,
6764,P35557,Q,323,V,NONSYN,0.3518917047261823,0.9014380769275517,0.06488567723372828,-1.6304999999999998,100.0,2.0,6.0,1.1056347130192299,0.0899148980539123,0.027027422176889897,1.1056,0.0899148980539123,1.1056347130192299,0.0899148980539123,,0.0899148980539123,0.06357943414361848,0.9077,0.19795551284680557,0.3960433304309845,1.1007,0.0628,0.001,,,,78.29482207768889,,,,
6765,P35557,Q,323,R,NONSYN,0.4495753804079927,1.085256545052129,0.1016281321386,0.14876666666666669,100.0,2.0,6.0,1.7680724983382,0.070295912782785,0.00028969083309143476,1.7681,0.070295912782785,1.7680724983382,0.070295912782785,,0.070295912782785,0.04970671661840538,0.9262,0.8418765788244975,0.41027405858039856,1.7559,0.0493,0.01,,,,78.29482207768889,,,,
6766,P35557,Q,323,D,NONSYN,0.3761251669021567,0.970040973403221,0.09460045365660819,-0.7075333333333332,100.0,2.0,6.0,1.8289071515634998,0.0768985642527239,0.00018580738002822264,1.8289,0.0768985642527239,1.8289071515634998,0.0768985642527239,,0.0768985642527239,0.0543754962466105,0.9178,0.9110712603167042,0.43253201246261597,1.8147,0.054,0.03,,,,78.29482207768889,,,,
6767,P35557,Q,323,F,NONSYN,0.46856681542106005,1.0406244159533067,0.11341240522709851,-2.0619666666666667,100.0,2.0,6.0,1.41977342767794,0.103910044163616,0.003386040651429578,1.4198,0.103910044163616,1.41977342767794,0.103910044163616,,0.103910044163616,0.07347549686148651,0.9167,0.5030980984695659,0.452938973903656,1.4069,0.0725,0.122,,,,78.29482207768889,,,,
6768,P35557,Q,323,T,NONSYN,0.4922881604041325,1.1847782319541276,0.08485532244789477,-0.6848333333333333,100.0,2.0,6.0,1.18469537591078,0.19337050111516,0.016275458343993705,1.1847,0.19337050111516,1.18469537591078,0.19337050111516,,0.19337050111516,0.13673359261997048,1.0387,0.14598776196577257,0.5083716511726379,1.1748,0.132,0.004,,,,78.29482207768889,,,,
6769,P35557,Q,323,I,NONSYN,0.4593577312581562,1.1392828574288298,0.11488236763309562,-2.0460000000000003,100.0,2.0,6.0,1.1237981032513702,0.0689693560464519,0.024081891699832506,1.1238,0.0689693560464519,1.1237981032513702,0.0689693560464519,,0.0689693560464519,0.04876869935451555,0.9572,0.1665520381115997,0.46237480640411377,1.122,0.0485,0.0,,,,78.29482207768889,,,,
6770,P35557,Q,323,L,NONSYN,0.47697605168164703,0.9364604593201484,0.05419479014522779,-1.5785,100.0,2.0,6.0,1.0532409591911,0.18785545233412304,0.03754154441424441,1.0532,0.18785545233412304,1.0532409591911,0.18785545233412304,,0.18785545233412304,0.13283386422832463,0.9077,0.14556175901867574,0.3960433304309845,1.0385,0.1259,0.0,,,,78.29482207768889,,,,
6771,P35557,Q,323,K,NONSYN,0.3813325671505154,1.5491574893118034,0.0956175733083367,0.2974666666666667,100.0,2.0,6.0,1.2117928843637,0.207807515692211,0.013641040004044726,1.2118,0.207807515692211,1.2117928843637,0.207807515692211,,0.207807515692211,0.1469421035274923,1.0907,0.1210743765969764,0.44815364480018616,1.2,0.1396,0.0,,,,78.29482207768889,,,,
6772,P35557,Q,323,G,NONSYN,0.4132083883745238,0.8458479155935716,0.052672089713045565,-1.6385666666666667,100.0,2.0,6.0,1.27240519702117,0.18419860544578898,0.009148910763363736,1.2724,0.18419860544578898,1.27240519702117,0.18419860544578898,,0.18419860544578898,0.1302480829958227,0.8913,0.381099273559256,0.406961590051651,1.237,0.124,0.094,,,,78.29482207768889,,,,
6773,P35557,Q,323,Y,NONSYN,0.4840075968099441,0.8099844106063099,0.08113318429681941,-1.4618333333333335,100.0,2.0,6.0,1.15830810636889,0.111239858010341,0.01930412793783178,1.1583,0.111239858010341,1.15830810636889,0.111239858010341,,0.111239858010341,0.0786584579373408,0.8767,0.2815843996466305,0.41271090507507324,1.1484,0.0773,0.221,,,,78.29482207768889,,,,
6774,P35557,Q,323,N,NONSYN,0.4518295354764143,1.1155445425187753,0.05878882767839578,-0.35083333333333333,100.0,2.0,6.0,0.6189957187324471,0.14797415395365196,0.3655250469845158,0.619,0.14797415395365196,0.6189957187324471,0.14797415395365196,,0.14797415395365196,0.10463352770096947,0.9327,0.3137224986404472,0.3966643512248993,0.6394,0.1012,0.07,,,,78.29482207768889,,,,
6775,P35557,Q,323,C,NONSYN,0.4511413301447636,1.21640208131618,0.03623898931905027,-1.9530666666666667,100.0,2.0,6.0,0.89244043158932,0.46763368666469396,0.09780765024652602,0.8924,0.46763368666469396,0.89244043158932,0.46763368666469396,,0.46763368666469396,0.33066695095187026,1.0768,0.18437803459720348,0.4813312590122223,0.9516,0.2725,0.62,,,,78.29482207768889,,,,
6776,P35557,Q,323,P,NONSYN,0.4853050517411639,1.1320814804902566,0.06874111162072231,-1.2671333333333334,100.0,2.0,6.0,0.998044198057445,0.276826824858595,0.05265916224560295,0.998,0.276826824858595,0.998044198057445,0.276826824858595,,0.276826824858595,0.19574612507185324,0.9572,0.040798132917674534,0.3990975320339203,0.9901,0.1757,0.10300000000000001,,,,78.29482207768889,,,,
6777,P35557,Q,323,E,NONSYN,0.4564313440073604,1.4682821382540467,0.09688313563582078,0.2536666666666667,100.0,2.0,6.0,1.45441893753697,0.19697404388294898,0.002669072182523724,1.4544,0.19697404388294898,1.45441893753697,0.19697404388294898,,0.19697404388294898,0.1392816821473698,1.0881,0.36631778893162337,0.45369523763656616,1.4229,0.1331,0.006999999999999999,,,,78.29482207768889,,,,
6778,P35557,Q,323,M,NONSYN,0.4050622568485636,0.7814744210104433,0.08993535471950588,-0.5147333333333333,100.0,2.0,6.0,0.0772738816222055,0.100028341798725,0.9244934037765029,0.0773,0.100028341798725,0.0772738816222055,0.100028341798725,,0.100028341798725,0.07073071879672421,0.8718,0.7944820759812491,0.43398982286453247,0.0978,0.0698,0.259,,,,78.29482207768889,,,,
6779,P35557,Q,323,W,NONSYN,0.4710687255935087,1.1437602897438335,0.0655334885179058,-1.6665666666666665,100.0,2.0,6.0,0.378668074570385,0.0810180397294378,0.6997172666106191,0.3787,0.0810180397294378,0.378668074570385,0.0810180397294378,,0.0810180397294378,0.05728840529112659,0.9033,0.5246592712776985,0.3960433304309845,0.3894,0.0567,0.968,,,,78.29482207768889,,,,
6780,P35557,Q,323,H,NONSYN,0.4843682171858765,1.4780947734129566,0.06949190716100821,0.3949666666666667,100.0,2.0,6.0,1.4249810320602398,0.34760419522667696,0.003267405893021549,1.425,0.34760419522667696,1.4249810320602398,0.34760419522667696,,0.34760419522667696,0.2457932836136758,1.0881,0.33687988345489317,0.43971824645996094,1.3448,0.2145,0.349,,,,78.29482207768889,,,,
6781,P35557,Q,323,Q,SYN,,,,,,,,,,,,,,,,,,,,,,,,,,,78.29482207768889,,,,
6782,P35557,Q,323,*,STOP,,,,,100.0,2.0,6.0,0.305497591511258,0.05,0.7787308644453237,0.3055,0.05,0.305497591511258,0.05,,0.05,0.035355339059327376,,,,0.3055,0.0354,,,,,78.29482207768889,,,,
6783,P35557,L,324,S,NONSYN,0.3696688568840947,0.27602289649320505,0.06349304460669879,-1.8501333333333332,100.0,2.0,6.0,0.9974968282674029,0.138580023132487,0.05283380104858718,0.9975,0.138580023132487,0.9974968282674029,0.138580023132487,,0.138580023132487,0.09799087409397017,0.3351,0.6624070255253985,0.36677247285842896,0.9534,0.0947,0.9990000000000001,,,,0.3368347190814398,,,,
6784,P35557,L,324,A,NONSYN,0.2800117097075371,0.9032612970758901,0.018726613795298035,-1.3620666666666665,100.0,2.0,6.0,1.06966639141658,0.13273159256177802,0.033891047810812626,1.0697,0.13273159256177802,1.06966639141658,0.13273159256177802,,0.13273159256177802,0.09385540917812314,0.8406,0.2290610132656401,0.4124194085597992,1.0584,0.0915,0.98,,,,0.3368347190814398,,,,
6785,P35557,L,324,V,NONSYN,0.45006845647116095,1.0082294456008227,0.02906613492386011,0.4434,100.0,2.0,6.0,0.9536206473004459,0.0355070979371747,0.06867240420581502,0.9536,0.0355070979371747,0.9536206473004459,0.0355070979371747,,0.0355070979371747,0.0251073097316311,0.9124,0.041212533820831676,0.35581693053245544,0.9534,0.025,0.598,,,,0.3368347190814398,,,,
6786,P35557,L,324,R,NONSYN,0.2792328090176149,0.5987511554566828,0.06872117320664514,-1.8351333333333333,100.0,2.0,6.0,0.0293120513769697,0.0822327794066938,0.9404449764834185,0.0293,0.0822327794066938,0.0293120513769697,0.0822327794066938,,0.0822327794066938,0.05814735595429066,0.6439,0.6146252979424883,0.429689884185791,0.0404,0.0576,1.0,,,,0.3368347190814398,,,,
6787,P35557,L,324,D,NONSYN,0.15709418040401155,0.05990780894349997,0.16205381676198521,-2.512333333333333,100.0,2.0,6.0,-0.0983830000511332,0.10406130482581599,0.968446585718362,-0.0984,0.10406130482581599,-0.0983830000511332,0.10406130482581599,,0.10406130482581599,0.07358245430145488,0.1268,0.22518076554452615,0.3255329132080078,-0.0874,0.0718,1.0,,,,0.3368347190814398,,,,
6788,P35557,L,324,F,NONSYN,0.463424518412456,1.0319294177301688,0.0259317499889932,0.48950000000000005,100.0,2.0,6.0,0.8825207309124079,0.0660581240914936,0.10342512953008255,0.8825,0.0660581240914936,0.8825207309124079,0.0660581240914936,,0.0660581240914936,0.046710147497557565,0.8628,0.01976400178643134,0.3758186101913452,0.8822,0.0464,0.996,,,,0.3368347190814398,,,,
6789,P35557,L,324,T,NONSYN,0.3205067496312658,0.7400317365669,0.03378464258289748,-1.3817666666666666,100.0,2.0,6.0,1.5593550729435501,0.058178926426155,0.0012864691409159178,1.5594,0.058178926426155,1.5593550729435501,0.058178926426155,,0.058178926426155,0.041138713398087424,0.8549,0.7044181155842362,0.4073818325996399,1.5522,0.0409,0.9229999999999999,,,,0.3368347190814398,,,,
6790,P35557,L,324,I,NONSYN,0.3599458773266949,1.033902548542538,0.023781829910586836,0.27723333333333333,100.0,2.0,6.0,0.8766013384753001,0.0792938823819805,0.1069065820977519,0.8766,0.0792938823819805,0.8766013384753001,0.0792938823819805,,0.0792938823819805,0.056069241938906916,0.9103,0.03373980513279318,0.3468436598777771,0.8775,0.0554,0.879,,,,0.3368347190814398,,,,
6791,P35557,L,324,L,SYN,,,,,100.0,2.0,6.0,0.7902727796358341,0.05,0.16970603469844694,0.7903,0.05,0.7902727796358341,0.05,,0.05,0.035355339059327376,,,,0.7903,0.0354,,,,,0.3368347190814398,,,,
6792,P35557,L,324,K,NONSYN,0.16637828819819184,0.6332732525458689,0.03930778051127167,-1.8327,100.0,2.0,6.0,-0.0742542398905884,0.25289759725253896,0.9644243115351939,-0.0743,0.25289759725253896,-0.0742542398905884,0.25289759725253896,,0.25289759725253896,0.1788256059630547,0.69,0.7642672909236085,0.4204053580760956,0.0428,0.1646,0.997,,,,0.3368347190814398,,,,
6793,P35557,L,324,G,NONSYN,0.3375782897720982,-0.04242705490997543,0.1608502548796658,-2.5354666666666663,100.0,2.0,6.0,0.208621591509293,0.133507249776844,0.8575123682356386,0.2086,0.133507249776844,0.208621591509293,0.133507249776844,,0.133507249776844,0.09440388165477256,0.1175,0.09109124559254494,0.3255329132080078,0.2016,0.0907,0.997,,,,0.3368347190814398,,,,
6794,P35557,L,324,Y,NONSYN,0.3932294491632085,1.163273338691976,0.03509629694356017,-1.3710666666666667,100.0,2.0,6.0,0.289630266568322,0.0419347559378181,0.7936213198326629,0.2896,0.0419347559378181,0.289630266568322,0.0419347559378181,,0.0419347559378181,0.029652350291034014,0.8813,0.5917082105663826,0.4050089716911316,0.2928,0.0296,1.0,,,,0.3368347190814398,,,,
6795,P35557,L,324,N,NONSYN,0.1790631080953343,0.04100119353401266,0.16685121734174915,-2.4369,100.0,2.0,6.0,0.273124667093768,0.0643302581417708,0.8082625923533734,0.2731,0.0643302581417708,0.273124667093768,0.0643302581417708,,0.0643302581417708,0.04548836176752724,0.1268,0.14632690160037504,0.3059113025665283,0.27,0.045,1.0,,,,0.3368347190814398,,,,
6796,P35557,L,324,C,NONSYN,0.3444819501115762,0.5126770545415557,0.14693770814641646,-1.3948999999999998,100.0,2.0,6.0,0.8607985517157979,0.0341911965368882,0.11668953459923545,0.8608,0.0341911965368882,0.8607985517157979,0.0341911965368882,,0.0341911965368882,0.024176826928115645,0.5183,0.34250016418833207,0.5187178254127502,0.8601,0.0242,1.0,,,,0.3368347190814398,,,,
6797,P35557,L,324,P,NONSYN,0.3101239067988947,0.07202238909127663,0.15967795635160667,-2.2839666666666667,100.0,2.0,6.0,0.21640482086530605,0.180389544419638,0.8522142043578098,0.2164,0.180389544419638,0.21640482086530605,0.180389544419638,,0.180389544419638,0.12755467011427796,0.1453,0.0711165620743362,0.35374629497528076,0.2082,0.12,1.0,,,,0.3368347190814398,,,,
6798,P35557,L,324,E,NONSYN,0.22335052551716408,0.23271702648945566,0.05502673874858376,-2.4328000000000003,100.0,2.0,6.0,-0.30202283177256106,0.6713742202622349,0.988401361561426,-0.302,0.6713742202622349,-0.30202283177256106,0.6713742202622349,,0.6713742202622349,0.4747332638612571,0.2601,0.5621235540854883,0.34118181467056274,0.0686,0.2771,1.0,,,,0.3368347190814398,,,,
6799,P35557,L,324,M,NONSYN,0.4855550162170784,0.9042475722293846,0.025724987361636715,0.15566666666666665,100.0,2.0,6.0,1.26556626741476,0.0674976151261821,0.009573504547274084,1.2656,0.0674976151261821,1.26556626741476,0.0674976151261821,,0.0674976151261821,0.04772802136964305,0.8368,0.42873773758001277,0.3951660096645355,1.2594,0.0474,0.995,,,,0.3368347190814398,,,,
6800,P35557,L,324,W,NONSYN,0.28885364138641745,0.3175182132512614,0.07068075626696342,-1.8677333333333335,100.0,2.0,6.0,0.873010877993234,0.0429555134604508,0.10906632116891124,0.873,0.0429555134604508,0.873010877993234,0.0429555134604508,,0.0429555134604508,0.03037413485723478,0.3434,0.5295904916788419,0.36677247285842896,0.8694,0.0303,1.0,,,,0.3368347190814398,,,,
6801,P35557,L,324,H,NONSYN,0.29725486605293433,0.05715421078389579,0.07574071723136254,-1.9786333333333335,100.0,2.0,6.0,0.24496533195262302,0.06375868300043701,0.8312860473244479,0.245,0.06375868300043701,0.24496533195262302,0.06375868300043701,,0.06375868300043701,0.04508419710913245,0.1146,0.13041077772860873,0.27768197655677795,0.2416,0.0445,1.0,,,,0.3368347190814398,,,,
6802,P35557,L,324,Q,NONSYN,0.3225298006389851,0.9344919403752039,0.033855813320988276,-1.5422,100.0,2.0,6.0,0.178734505639765,0.6076645636666961,0.8763299921895236,0.1787,0.6076645636666961,0.178734505639765,0.6076645636666961,,0.6076645636666961,0.4296837336554853,0.7827,0.6039766426222589,0.4204462170600891,0.4873,0.3005,1.0,,,,0.3368347190814398,,,,
6803,P35557,L,324,*,STOP,,,,,100.0,2.0,6.0,-0.15137613567179903,0.05,0.9757389574540004,-0.1514,0.05,-0.15137613567179903,0.05,,0.05,0.035355339059327376,,,,-0.1514,0.0354,,,,,0.3368347190814398,,,,
6804,P35557,R,325,S,NONSYN,0.4030125793742561,1.2388114244016866,0.04676153053935694,-0.8416666666666667,100.0,2.0,6.0,1.80266030045908,0.257568546539013,0.0002251669417091679,1.8027,0.257568546539013,1.80266030045908,0.257568546539013,,0.257568546539013,0.18212846587809894,1.0821,0.720518662656956,0.49309083819389343,1.7162,0.1708,0.001,,,,127.43560907200506,,,,
6805,P35557,R,325,A,NONSYN,0.3189859929557896,1.245341226342776,0.1088704901403111,-1.0746,100.0,2.0,6.0,1.54036031158495,0.12346913914376599,0.0014696306167115117,1.5404,0.12346913914376599,1.54036031158495,0.12346913914376599,,0.12346913914376599,0.08730586555582233,1.0821,0.458218673782826,0.5200538039207458,1.5278,0.0861,0.037000000000000005,,,,127.43560907200506,,,,
6806,P35557,R,325,V,NONSYN,0.398009908378716,1.292067211498596,0.07793918842964855,-1.9711666666666667,100.0,2.0,6.0,1.20868367765457,0.22841333065017,0.013921145432087332,1.2087,0.22841333065017,1.20868367765457,0.22841333065017,,0.22841333065017,0.16151261501614028,1.0881,0.12058252904922329,0.4686790704727173,1.1959,0.1527,0.11199999999999999,,,,127.43560907200506,,,,
6807,P35557,R,325,R,SYN,,,,,100.0,2.0,6.0,1.14316182996701,0.05,0.021277991858519866,1.1432,0.05,1.14316182996701,0.05,,0.05,0.035355339059327376,,,,1.1432,0.0354,,,,,127.43560907200506,,,,
6808,P35557,R,325,D,NONSYN,0.1122725979085614,1.111068723241215,0.09233466010591078,-1.7069333333333334,100.0,2.0,6.0,0.961206745783409,0.0642867082315094,0.06565972438109582,0.9612,0.0642867082315094,0.961206745783409,0.0642867082315094,,0.0642867082315094,0.04545756733066134,0.9372,0.024038386026939307,0.430152952671051,0.9609,0.0452,0.29600000000000004,,,,127.43560907200506,,,,
6809,P35557,R,325,F,NONSYN,0.3436253892885596,0.8870179285153105,0.06663235956104106,-2.1555666666666666,100.0,2.0,6.0,1.4939512317185601,0.04440453564023599,0.002030702226478654,1.494,0.04440453564023599,1.4939512317185601,0.04440453564023599,,0.04440453564023599,0.0313987482666506,0.8974,0.5965841715340814,0.385029137134552,1.49,0.0313,0.5429999999999999,,,,127.43560907200506,,,,
6810,P35557,R,325,T,NONSYN,0.292232657128476,1.357160652204156,0.06997337647751621,-1.0614333333333332,100.0,2.0,6.0,1.20490203400081,0.374782352919658,0.01426927155841306,1.2049,0.374782352919658,1.20490203400081,0.374782352919658,,0.374782352919658,0.26501114321854,1.0881,0.1168008853954634,0.4810757040977478,1.1777,0.2321,0.08,,,,127.43560907200506,,,,
6811,P35557,R,325,I,NONSYN,0.35928103966798514,1.1467764483011582,0.05581867052470372,-2.1296999999999997,100.0,2.0,6.0,0.714675672361017,0.16064375273536402,0.2448628950937923,0.7147,0.16064375273536402,0.714675672361017,0.16064375273536402,,0.16064375273536402,0.11359228691443088,0.9619,0.2471809312614195,0.3879677951335907,0.7342,0.109,0.38,,,,127.43560907200506,,,,
6812,P35557,R,325,L,NONSYN,0.3775202648814329,1.2971985920021798,0.09331210283762591,-1.8647666666666665,100.0,2.0,6.0,0.7719737142870079,0.0611945280166711,0.1861234434881672,0.772,0.0611945280166711,0.7719737142870079,0.0611945280166711,,0.0611945280166711,0.0432710657320983,1.0881,0.3161274343183388,0.4832588732242584,0.7745,0.0431,0.121,,,,127.43560907200506,,,,
6813,P35557,R,325,K,NONSYN,0.4996982892545154,0.9239262314062683,0.05785467751839782,-0.31583333333333335,100.0,2.0,6.0,1.4528826978255502,0.17356309614717003,0.002697468291103075,1.4529,0.17356309614717003,1.4528826978255502,0.17356309614717003,,0.17356309614717003,0.12272764224939665,0.9077,0.5452034976531259,0.4042700529098511,1.4069,0.1174,0.0,,,,127.43560907200506,,,,
6814,P35557,R,325,G,NONSYN,0.4710347881166008,1.0177642672677758,0.05619839325309175,-1.865,100.0,2.0,6.0,1.61027668849022,0.321908022004256,0.0008984513310603276,1.6103,0.321908022004256,1.61027668849022,0.321908022004256,,0.321908022004256,0.22762334527755776,0.9167,0.693601359281846,0.3908800482749939,1.4346,0.1967,0.14300000000000002,,,,127.43560907200506,,,,
6815,P35557,R,325,Y,NONSYN,0.3907391645635834,1.0739258352151013,0.09329283099786716,-1.6721666666666666,100.0,2.0,6.0,1.07263540986175,0.0305163791796739,0.03326772323835413,1.0726,0.0305163791796739,1.07263540986175,0.0305163791796739,,0.0305163791796739,0.021578338655207387,0.9189,0.15373801949614951,0.4290114641189575,1.0722,0.0216,0.5429999999999999,,,,127.43560907200506,,,,
6816,P35557,R,325,N,NONSYN,0.4070897773431755,1.31913266346281,0.07273110927140454,-0.6592999999999999,100.0,2.0,6.0,1.1337021552467,0.0449962422687491,0.022606626557913772,1.1337,0.0449962422687491,1.1337021552467,0.0449962422687491,,0.0449962422687491,0.03181714803614525,1.0881,0.04560100664135325,0.47774869203567505,1.1335,0.0317,0.174,,,,127.43560907200506,,,,
6817,P35557,R,325,C,NONSYN,0.3945781846907973,0.9821071132033071,0.04063167709149447,-2.1973999999999996,100.0,2.0,6.0,1.1802289524421299,0.11967295197386699,0.016753990798032636,1.1802,0.11967295197386699,1.1802289524421299,0.11967295197386699,,0.11967295197386699,0.08462155586533336,0.861,0.31921095040889624,0.3854493498802185,1.1656,0.0827,0.98,,,,127.43560907200506,,,,
6818,P35557,R,325,P,NONSYN,0.180066694070857,1.2147062813784597,0.0777062863480789,-1.7161666666666668,100.0,2.0,6.0,0.650294071371675,0.221147883089129,0.3233726152797586,0.6503,0.221147883089129,0.650294071371675,0.221147883089129,,0.221147883089129,0.15637516777737293,1.0771,0.4268319547818894,0.494692862033844,0.6891,0.1491,0.446,,,,127.43560907200506,,,,
6819,P35557,R,325,E,NONSYN,0.2774716424939038,1.492240922430243,0.06815458177531684,-0.8858,100.0,2.0,6.0,1.04237180637341,0.148627868018374,0.040155398817882396,1.0424,0.148627868018374,1.04237180637341,0.148627868018374,,0.148627868018374,0.10509577334909144,1.0881,0.0457293422319367,0.49565058946609497,1.0443,0.1028,0.025,,,,127.43560907200506,,,,
6820,P35557,R,325,M,NONSYN,0.37044865400284027,1.5159742153482803,0.11106754615175933,-1.0532666666666668,100.0,2.0,6.0,0.7284613445684379,0.0809119088566918,0.22972348906976198,0.7285,0.0809119088566918,0.7284613445684379,0.0809119088566918,,0.0809119088566918,0.05721335943131464,1.0838,0.355372588308149,0.5199074149131775,0.7327,0.0569,0.7909999999999999,,,,127.43560907200506,,,,
6821,P35557,R,325,W,NONSYN,0.38841440406711497,1.1391035272447156,0.06664617505780043,-2.1376333333333335,100.0,2.0,6.0,0.7376944355303441,0.0440297538090871,0.2199367235307375,0.7377,0.0440297538090871,0.7376944355303441,0.0440297538090871,,0.0440297538090871,0.031133737492379708,0.9033,0.1656329103177394,0.37643203139305115,0.7388,0.031,0.981,,,,127.43560907200506,,,,
6822,P35557,R,325,H,NONSYN,0.3580838527509595,0.900594872345425,0.06478783007202682,-0.45376666666666665,100.0,2.0,6.0,1.11236588355594,0.0823702451579141,0.02589817993332116,1.1124,0.0823702451579141,1.11236588355594,0.0823702451579141,,0.0823702451579141,0.05824455891915943,0.89,0.22232918139987312,0.4084354341030121,1.1079,0.0577,0.84,,,,127.43560907200506,,,,
6823,P35557,R,325,Q,NONSYN,0.3675437003413988,1.0961466150586834,0.04143251692502858,-0.5823,100.0,2.0,6.0,0.525710655416165,0.22680261834458101,0.4997007493923192,0.5257,0.22680261834458101,0.525710655416165,0.22680261834458101,,0.22680261834458101,0.16037366942231768,0.9339,0.4081652033675569,0.3971199095249176,0.5829,0.1487,0.134,,,,127.43560907200506,,,,
6824,P35557,R,325,*,STOP,,,,,100.0,2.0,6.0,-0.18661903909796498,0.05,0.9796140711132572,-0.1866,0.05,-0.18661903909796498,0.05,,0.05,0.035355339059327376,,,,-0.1866,0.0354,,,,,127.43560907200506,C,331.0,,
6825,P35557,T,326,S,NONSYN,0.5112342370012433,1.038190000157226,0.053544359393119856,-0.33873333333333333,100.0,2.0,6.0,0.8805574528228359,0.0940500038637658,0.10456897460506709,0.8806,0.0940500038637658,0.8805574528228359,0.0940500038637658,,0.0940500038637658,0.06650339550268979,0.9167,0.036117876385538095,0.3975171744823456,0.8815,0.0656,0.049,,,,67.36166141091519,,,,
6826,P35557,T,326,A,NONSYN,0.4371005638552374,0.9894572969370579,0.05426139152523374,-0.5245,100.0,2.0,6.0,1.06916377369512,0.0800919358891669,0.03399764559177881,1.0692,0.0800919358891669,1.06916377369512,0.0800919358891669,,0.0800919358891669,0.05663355098558812,0.9167,0.15248844448674603,0.3975171744823456,1.0661,0.0561,0.025,,,,67.36166141091519,,,,
6827,P35557,T,326,V,NONSYN,0.335359974884157,0.803574477906448,0.05402801739249017,-0.4691,100.0,2.0,6.0,1.62681223078695,0.0828831299995433,0.0007990602824972924,1.6268,0.0828831299995433,1.62681223078695,0.0828831299995433,,0.0828831299995433,0.05860722326864323,0.8696,0.7572474591347282,0.410808265209198,1.6117,0.058,0.461,,,,67.36166141091519,,,,
6828,P35557,T,326,R,NONSYN,0.3928132642818517,1.42884628168382,0.06539633717176123,-1.2489999999999999,100.0,2.0,6.0,0.9738967002832991,0.183818234561276,0.060885125370141915,0.9739,0.183818234561276,0.9738967002832991,0.183818234561276,,0.183818234561276,0.12997912016401764,1.0452,0.07130936966298995,0.5100095272064209,0.9782,0.126,0.972,,,,67.36166141091519,,,,
6829,P35557,T,326,D,NONSYN,0.24736015353784535,1.1560094694939929,0.07524465300380012,-1.2412666666666667,100.0,2.0,6.0,1.79240713685278,0.0941156699704749,0.00024266473241375095,1.7924,0.0941156699704749,1.79240713685278,0.0941156699704749,,0.0941156699704749,0.06654982845203791,0.9872,0.8052238044095428,0.4558284878730774,1.7756,0.0659,0.509,,,,67.36166141091519,,,,
6830,P35557,T,326,F,NONSYN,0.2626450658678516,1.3465692164824876,0.1261637813583669,-1.4809,100.0,2.0,6.0,1.43613551294211,0.0544657260448465,0.003026738268335405,1.4361,0.0544657260448465,1.43613551294211,0.0544657260448465,,0.0544657260448465,0.038513084228559716,1.0452,0.390929442995821,0.5597293972969055,1.4343,0.0384,0.9570000000000001,,,,67.36166141091519,,,,
6831,P35557,T,326,T,SYN,,,,,100.0,2.0,6.0,0.8380433512258381,0.05,0.13207702940213353,0.838,0.05,0.8380433512258381,0.05,,0.05,0.035355339059327376,,,,0.838,0.0354,,,,,67.36166141091519,,,,
6832,P35557,T,326,I,NONSYN,0.39900335367527456,1.3108736672223453,0.11833718330384763,-0.8405666666666667,100.0,2.0,6.0,1.85542593499257,0.0289006875631315,0.00015289951110422214,1.8554,0.0289006875631315,1.85542593499257,0.0289006875631315,,0.0289006875631315,0.020435872156844,1.0859,0.7695159723384561,0.5362029075622559,1.8543,0.0204,0.474,,,,67.36166141091519,,,,
6833,P35557,T,326,L,NONSYN,0.3692076635094301,1.2519880664228105,0.1263582893694827,-1.2598666666666667,100.0,2.0,6.0,1.15354297971955,0.251968498159067,0.019905500181271883,1.1535,0.251968498159067,1.15354297971955,0.251968498159067,,0.251968498159067,0.1781686336936664,1.0847,0.06882630205383955,0.5328310132026672,1.1466,0.169,0.006999999999999999,,,,67.36166141091519,,,,
6834,P35557,T,326,K,NONSYN,0.35305220057868336,1.5012177942954619,0.11708594356070505,-0.8414,100.0,2.0,6.0,1.28439355377322,0.0783423490316868,0.008448081082659398,1.2844,0.0783423490316868,1.28439355377322,0.0783423490316868,,0.0783423490316868,0.05539640625438909,1.0838,0.20055962089663315,0.5315817594528198,1.2822,0.0551,0.643,,,,67.36166141091519,,,,
6835,P35557,T,326,G,NONSYN,0.43600131382643137,1.4028845131139909,0.12484470250670925,-1.4976,100.0,2.0,6.0,1.2671896230476,0.0944791776072781,0.009471030689811545,1.2672,0.0944791776072781,1.2671896230476,0.0944791776072781,,0.0944791776072781,0.06680686716703456,1.0881,0.1790884744422534,0.5307955741882324,1.2644,0.0663,0.006,,,,67.36166141091519,,,,
6836,P35557,T,326,Y,NONSYN,0.2452402164451186,1.1087644899754105,0.12600621879795856,-1.4882666666666668,100.0,2.0,6.0,2.1495496924633404,0.0606770239010018,1.666978453957057e-05,2.1495,0.0606770239010018,2.1495496924633404,0.0606770239010018,,0.0606770239010018,0.04290513506261659,0.8832,1.2662999327892681,0.4820987284183502,2.1396,0.0427,0.978,,,,67.36166141091519,,,,
6837,P35557,T,326,N,NONSYN,0.4084330644454248,1.2063138895055618,0.034229984420178786,-0.5004666666666666,100.0,2.0,6.0,0.41859399598960795,0.19575913817177698,0.6498490470439798,0.4186,0.19575913817177698,0.41859399598960795,0.19575913817177698,,0.19575913817177698,0.13842261408049783,1.0751,0.6564561195957193,0.4820496141910553,0.4686,0.133,0.642,,,,67.36166141091519,,,,
6838,P35557,T,326,C,NONSYN,0.4354541497454498,1.2269945781832374,0.03148780140128061,-0.9072999999999999,100.0,2.0,6.0,0.559288892242885,0.0510347176311788,0.450631434412536,0.5593,0.0510347176311788,0.559288892242885,0.0510347176311788,,0.0510347176311788,0.03608699491294718,1.0306,0.471319165732884,0.5078659653663635,0.5617,0.036,0.993,,,,67.36166141091519,,,,
6839,P35557,T,326,P,NONSYN,0.34993609822478866,1.42884628168382,0.06539633717176123,-1.2489999999999999,100.0,2.0,6.0,0.622968333936522,0.523357792383683,0.3600568125902124,0.623,0.523357792383683,0.622968333936522,0.523357792383683,,0.523357792383683,0.3700698439813235,1.0881,0.4651328146688247,0.4810757040977478,0.7959,0.2933,0.001,,,,67.36166141091519,,,,
6840,P35557,T,326,E,NONSYN,0.187606014059847,1.2330361270028918,0.02306670977490978,-0.9009666666666667,100.0,2.0,6.0,0.5411642457839221,0.10427797501933199,0.47709958456860224,0.5412,0.10427797501933199,0.5411642457839221,0.10427797501933199,,0.10427797501933199,0.07373566326457105,1.0779,0.5367101762894422,0.48832595348358154,0.5531,0.0729,0.63,,,,67.36166141091519,,,,
6841,P35557,T,326,M,NONSYN,0.3518740482942453,1.6216937575416634,0.11668940952481671,-0.8553000000000001,100.0,2.0,6.0,0.9229656640346159,0.0883522584222196,0.08214147717935547,0.923,0.0883522584222196,0.9229656640346159,0.0883522584222196,,0.0883522584222196,0.062474481063497726,1.1813,0.2583256777470003,0.6424863338470459,0.9254,0.0622,0.893,,,,67.36166141091519,,,,
6842,P35557,T,326,W,NONSYN,0.2914737870902876,1.6176249428176837,0.02941516194869447,-1.5825333333333333,100.0,2.0,6.0,1.5794399998156698,0.0738959091256972,0.0011170359145176185,1.5794,0.0738959091256972,1.5794399998156698,0.0738959091256972,,0.0738959091256972,0.05225229844472536,1.1539,0.42555487370177825,0.5709956884384155,1.5759,0.052,0.998,,,,67.36166141091519,,,,
6843,P35557,T,326,H,NONSYN,0.3614886802674268,1.1896394835029507,0.13869416038480922,-1.2503,100.0,2.0,6.0,1.3405887284791298,0.0680762299202969,0.005798102234995449,1.3406,0.0680762299202969,1.3405887284791298,0.0680762299202969,,0.0680762299202969,0.04813716381425647,0.9882,0.35235873847363663,0.5501787066459656,1.3379,0.048,0.995,,,,67.36166141091519,,,,
6844,P35557,T,326,Q,NONSYN,0.1843049627657748,1.3542617176001353,0.028653965172313754,-0.8452333333333334,100.0,2.0,6.0,1.7252617838592,0.487978233040248,0.00039495390118737063,1.7253,0.487978233040248,1.7252617838592,0.487978233040248,,0.487978233040248,0.3450527176541887,1.0838,0.641427850982613,0.4809718728065491,1.5073,0.2804,0.888,,,,67.36166141091519,,,,
6845,P35557,T,326,*,STOP,,,,,100.0,2.0,6.0,1.30072115331075,0.05,0.007576480573367856,1.3007,0.05,1.30072115331075,0.05,,0.05,0.035355339059327376,,,,1.3007,0.0354,,,,,67.36166141091519,,,,
6846,P35557,R,327,S,NONSYN,0.4030125793742561,2.2059735684125235,0.04695456079360047,-0.8416666666666667,100.0,2.0,6.0,0.902021354287865,0.133067627653927,0.0926329267479222,0.902,0.133067627653927,0.902021354287865,0.133067627653927,,0.133067627653927,0.09409302187049833,1.2653,0.36331408634781615,0.6847692728042603,0.9088,0.0932,0.33899999999999997,,,,162.87035682421597,,,,
6847,P35557,R,327,A,NONSYN,0.3189859929557896,1.6052908733881919,0.05726089768558961,-1.0746,100.0,2.0,6.0,1.4531459464224399,0.172769969979093,0.0026925815730123766,1.4531,0.172769969979093,1.4531459464224399,0.172769969979093,,0.172769969979093,0.1221668173576129,1.1774,0.27572556869111664,0.5950261354446411,1.442,0.1197,0.11800000000000001,,,,162.87035682421597,,,,
6848,P35557,R,327,V,NONSYN,0.398009908378716,1.1206688833496437,0.04720266491052718,-1.9711666666666667,100.0,2.0,6.0,0.980592825229029,0.0949599615270689,0.05849434388358435,0.9806,0.0949599615270689,0.980592825229029,0.0949599615270689,,0.0949599615270689,0.06714683273700407,0.9432,0.03735760670409616,0.3839244842529297,0.9795,0.0661,0.28300000000000003,,,,162.87035682421597,,,,
6849,P35557,R,327,R,SYN,,,,,100.0,2.0,6.0,1.35688257523779,0.05,0.005194228590760649,1.3569,0.05,1.35688257523779,0.05,,0.05,0.035355339059327376,,,,1.3569,0.0354,,,,,162.87035682421597,,,,
6850,P35557,R,327,D,NONSYN,0.1122725979085614,1.427796011679029,0.1528506030640866,-1.7069333333333334,100.0,2.0,6.0,2.7113030373872204,0.29041751380924896,1.8369495374960223e-07,2.7113,0.29041751380924896,2.7113030373872204,0.29041751380924896,,0.29041751380924896,0.20535619338985772,1.0881,1.6232018887818738,0.603603184223175,2.5429,0.1944,0.002,,,,162.87035682421597,,,,
6851,P35557,R,327,F,NONSYN,0.3436253892885596,1.2586471162811896,0.10560901912043548,-2.1555666666666666,100.0,2.0,6.0,0.7582105387121801,0.11859945442846,0.19921987031824934,0.7582,0.11859945442846,0.7582105387121801,0.11859945442846,,0.11859945442846,0.08386247847138897,1.0804,0.322238804015481,0.5053763389587402,0.7668,0.0827,0.848,,,,162.87035682421597,,,,
6852,P35557,R,327,T,NONSYN,0.292232657128476,1.3588640534603549,0.05257357699676792,-1.0614333333333332,100.0,2.0,6.0,2.19242640620595,0.19777864350332997,1.1968099105281188e-05,2.1924,0.19777864350332997,2.19242640620595,0.19777864350332997,,0.19777864350332997,0.13985061999508133,1.0859,1.1065164435518362,0.48458412289619446,2.1074,0.1344,0.39299999999999996,,,,162.87035682421597,,,,
6853,P35557,R,327,I,NONSYN,0.35928103966798514,1.1266929984350764,0.08402878821225805,-2.1296999999999997,100.0,2.0,6.0,1.15407289225052,0.29619170932287797,0.01983775190192167,1.1541,0.29619170932287797,1.15407289225052,0.29619170932287797,,0.29619170932287797,0.20943916619344174,0.9486,0.2054489966053783,0.40391919016838074,1.1105,0.1859,0.657,,,,162.87035682421597,,,,
6854,P35557,R,327,L,NONSYN,0.3775202648814329,1.5046412926814297,0.09683394932168332,-1.8647666666666665,100.0,2.0,6.0,0.8780323259529009,0.11889374266130699,0.10605596564864618,0.878,0.11889374266130699,0.8780323259529009,0.11889374266130699,,0.11889374266130699,0.08407057167645848,1.0881,0.21006882265244575,0.4832588732242584,0.8842,0.0828,0.34,,,,162.87035682421597,,,,
6855,P35557,R,327,K,NONSYN,0.4996982892545154,1.4192183168711363,0.04624506172622341,-0.31583333333333335,100.0,2.0,6.0,1.82819013252071,0.335479464071343,0.00018678716622079158,1.8282,0.335479464071343,1.82819013252071,0.335479464071343,,0.335479464071343,0.23721980399367534,1.0881,0.7400889839153633,0.4888231158256531,1.6871,0.2134,0.0,,,,162.87035682421597,,,,
6856,P35557,R,327,G,NONSYN,0.4710347881166008,1.22206413953778,0.09747201127536655,-1.865,100.0,2.0,6.0,1.7257637853838501,0.10910589218304301,0.0003935258846567873,1.7258,0.10910589218304301,1.7257637853838501,0.10910589218304301,,0.10910589218304301,0.07714951623003803,1.0811,0.6446781034685669,0.4954030513763428,1.7105,0.0762,0.002,,,,162.87035682421597,,,,
6857,P35557,R,327,Y,NONSYN,0.3907391645635834,1.7290412683309657,0.1408349503682703,-1.6721666666666666,100.0,2.0,6.0,1.80756726743141,0.384527186737086,0.00021723565256644053,1.8076,0.384527186737086,1.80756726743141,0.384527186737086,,0.384527186737086,0.27190178129237935,1.2043,0.6033000040189345,0.6686264276504517,1.722,0.2519,0.848,,,,162.87035682421597,,,,
6858,P35557,R,327,N,NONSYN,0.4070897773431755,1.9449544598087218,0.038431301571489794,-0.6592999999999999,100.0,2.0,6.0,2.14205050443243,0.0915671925721156,1.766058804354369e-05,2.1421,0.0915671925721156,2.14205050443243,0.0915671925721156,,0.0915671925721156,0.0647477828019574,1.2256,0.9164395329816242,0.6480470895767212,2.133,0.0644,0.245,,,,162.87035682421597,,,,
6859,P35557,R,327,C,NONSYN,0.3945781846907973,1.1845196874422401,0.10692863789825102,-2.1973999999999996,100.0,2.0,6.0,0.896922073579437,0.0718481326373193,0.09535687065424125,0.8969,0.0718481326373193,0.896922073579437,0.0718481326373193,,0.0718481326373193,0.05080430180343898,0.9882,0.09130791642605618,0.4784303605556488,0.8979,0.0505,0.996,,,,162.87035682421597,,,,
6860,P35557,R,327,P,NONSYN,0.180066694070857,2.08154469673416,0.11645399315135878,-1.7161666666666668,100.0,2.0,6.0,0.7500569822218258,0.510660621526659,0.20728232833391655,0.7501,0.510660621526659,0.7500569822218258,0.510660621526659,,0.510660621526659,0.3610915883664376,1.2653,0.5152784584138553,0.7307281494140625,0.8512,0.3237,0.004,,,,162.87035682421597,,,,
6861,P35557,R,327,E,NONSYN,0.2774716424939038,1.4990726017142448,0.055747948049711386,-0.8858,100.0,2.0,6.0,3.0227242543827004,0.0380938413085765,1.2916693634640735e-08,3.0227,0.0380938413085765,3.0227242543827004,0.0380938413085765,,0.0380938413085765,0.026936413510738666,1.0881,1.9346231057773537,0.49565058946609497,3.017,0.0269,0.039,,,,162.87035682421597,,,,
6862,P35557,R,327,M,NONSYN,0.37044865400284027,1.515864568972085,0.06939134107126613,-1.0532666666666668,100.0,2.0,6.0,1.72142485967076,0.0468529818924119,0.0004060372040830453,1.7214,0.0468529818924119,1.72142485967076,0.0468529818924119,,0.0468529818924119,0.033130061214934975,1.0838,0.6375909267941731,0.48458412289619446,1.7185,0.0331,0.8540000000000001,,,,162.87035682421597,,,,
6863,P35557,R,327,W,NONSYN,0.38841440406711497,0.9642920853972431,0.0784618638984567,-2.1376333333333335,100.0,2.0,6.0,1.6412756313640202,0.32250867521296,0.0007209906768909598,1.6413,0.32250867521296,1.6412756313640202,0.32250867521296,,0.32250867521296,0.22804807123457382,0.8553,0.786010729249152,0.3970060348510742,1.4463,0.1977,0.987,,,,162.87035682421597,,,,
6864,P35557,R,327,H,NONSYN,0.3580838527509595,1.7900871447468365,0.042504123528868565,-0.45376666666666665,100.0,2.0,6.0,1.9101177707556,0.0861814054975383,0.00010202352288350382,1.9101,0.0861814054975383,1.9101177707556,0.0861814054975383,,0.0861814054975383,0.06093945623949694,1.2191,0.6910349384191743,0.6543211936950684,1.9042,0.0607,0.961,,,,162.87035682421597,,,,
6865,P35557,R,327,Q,NONSYN,0.3675437003413988,2.3582975098569103,0.030968555875914086,-0.5823,100.0,2.0,6.0,0.20548667542537902,0.150609155777628,0.8595988356783029,0.2055,0.150609155777628,0.20548667542537902,0.150609155777628,,0.150609155777628,0.10649675535914185,1.5647,1.359168151692541,0.6923748254776001,0.2369,0.1053,0.324,,,,162.87035682421597,,,,
6866,P35557,R,327,*,STOP,,,,,100.0,2.0,6.0,-0.44567262822639003,0.05,0.9941591150653664,-0.4457,0.05,-0.44567262822639003,0.05,,0.05,0.035355339059327376,,,,-0.4457,0.0354,,,,,162.87035682421597,,,,
6867,P35557,G,328,S,NONSYN,0.36837526824294986,1.3022050714831652,0.112271468115962,-0.8648000000000001,100.0,2.0,6.0,1.46428035012697,0.30134208084911307,0.0024935991350564456,1.4643,0.30134208084911307,1.46428035012697,0.30134208084911307,,0.30134208084911307,0.2130810288252727,1.0803,0.383988363661516,0.5303667187690735,1.4109,0.1977,0.862,,,,47.223673099226254,,,,
6868,P35557,G,328,A,NONSYN,0.4089269105168704,1.4955611268254103,0.11649798050498593,-0.9328,100.0,2.0,6.0,0.8842121841002349,0.270929705517122,0.10244821996342023,0.8842,0.270929705517122,0.8842121841002349,0.270929705517122,,0.270929705517122,0.19157623199603133,1.0846,0.20034701809397892,0.5255486965179443,0.9077,0.18,0.028999999999999998,,,,47.223673099226254,,,,
6869,P35557,G,328,V,NONSYN,0.3988573139738447,1.1154917334467633,0.038552933962741426,-2.7219333333333338,100.0,2.0,6.0,1.19627434880727,0.166529425671504,0.015095030083743627,1.1963,0.166529425671504,1.19627434880727,0.166529425671504,,0.166529425671504,0.1177540861594216,0.8832,0.31302458913319775,0.39210039377212524,1.1704,0.1128,0.9890000000000001,,,,47.223673099226254,,,,
6870,P35557,G,328,R,NONSYN,0.3362652746103357,0.8361651633852903,0.19363431810591025,-1.9470333333333334,100.0,2.0,6.0,1.00856904115186,0.0690025506682216,0.04940236231452287,1.0086,0.0690025506682216,1.00856904115186,0.0690025506682216,,0.0690025506682216,0.04879217149666783,0.7769,0.23164574231610557,0.5282365083694458,1.0066,0.0486,1.0,,,,47.223673099226254,,,,
6871,P35557,G,328,D,NONSYN,0.3623286966209139,2.0020863854925666,0.05731956194008018,-1.5976,100.0,2.0,6.0,0.3093432287617511,0.3871259076775979,0.7750007883339013,0.3093,0.3871259076775979,0.3093432287617511,0.3871259076775979,,0.3871259076775979,0.2737393544918268,1.2664,0.9570826192454511,0.7136540412902832,0.4321,0.2556,0.995,,,,47.223673099226254,,,,
6872,P35557,G,328,F,NONSYN,0.3709207412708021,1.1553961348031667,0.052758157306260635,-2.717866666666667,100.0,2.0,6.0,1.07656114473806,0.0662144213942962,0.03246003185780683,1.0766,0.0662144213942962,1.07656114473806,0.0662144213942962,,0.0662144213942962,0.04682066638025045,0.8967,0.17986994162068948,0.39405301213264465,1.0741,0.0465,0.9990000000000001,,,,47.223673099226254,,,,
6873,P35557,G,328,T,NONSYN,0.21962954488217865,1.5826614069050304,0.09522937498797736,-1.5144,100.0,2.0,6.0,1.56761816452436,0.213940735163825,0.0012139263365384197,1.5676,0.213940735163825,1.56761816452436,0.213940735163825,,0.213940735163825,0.15127894460637592,1.0938,0.4738259644358591,0.5751839280128479,1.537,0.1463,0.996,,,,47.223673099226254,,,,
6874,P35557,G,328,I,NONSYN,0.29686370150880703,1.1154917334467633,0.038552933962741426,-2.721933333333333,100.0,2.0,6.0,1.57653368457902,0.327700453753125,0.0011401316890748674,1.5765,0.327700453753125,1.57653368457902,0.327700453753125,,0.327700453753125,0.23171921304674328,0.8832,0.6932839249049478,0.39210039377212524,1.3971,0.1995,0.996,,,,47.223673099226254,,,,
6875,P35557,G,328,L,NONSYN,0.33670580158540125,1.1754741700659432,0.049569367991686625,-2.6893,100.0,2.0,6.0,1.0163270389497299,0.101280630661571,0.04712130912847521,1.0163,0.101280630661571,1.0163270389497299,0.101280630661571,,0.101280630661571,0.07161622074364701,0.9751,0.04125334376692957,0.47123146057128906,1.0154,0.0708,0.996,,,,47.223673099226254,,,,
6876,P35557,G,328,K,NONSYN,0.4007452768135149,1.3083037143508136,0.10704327426756409,-1.5245,100.0,2.0,6.0,2.39069124218701,0.0525102034529995,2.5160186365640536e-06,2.3907,0.0525102034529995,2.39069124218701,0.0525102034529995,,0.0525102034529995,0.0371303209431012,1.0452,1.3454851722407208,0.5383164882659912,2.3843,0.037,0.996,,,,47.223673099226254,,,,
6877,P35557,G,328,G,SYN,,,,,100.0,2.0,6.0,1.34074898368512,0.05,0.005791844175845115,1.3407,0.05,1.34074898368512,0.05,,0.05,0.035355339059327376,,,,1.3407,0.0354,,,,,47.223673099226254,,,,
6878,P35557,G,328,Y,NONSYN,0.28089736795090275,1.0963875108316865,0.04851927759049773,-2.6748999999999996,100.0,2.0,6.0,1.2535870166525,0.11005362856649499,0.010363446942947507,1.2536,0.11005362856649499,1.2535870166525,0.11005362856649499,,0.11005362856649499,0.07781966705355414,0.8258,0.42774725873318853,0.40169066190719604,1.2381,0.0764,1.0,,,,47.223673099226254,,,,
6879,P35557,G,328,N,NONSYN,0.382875509440285,0.885945254329652,0.13209349033865533,-0.8179,100.0,2.0,6.0,2.7130598015875096,0.0601540707321127,1.8102080973141826e-07,2.7131,0.0601540707321127,2.7130598015875096,0.0601540707321127,,0.0601540707321127,0.042535351330652116,0.8057,1.9073613472074742,0.4945378005504608,2.6991,0.0424,0.998,,,,47.223673099226254,,,,
6880,P35557,G,328,C,NONSYN,0.3672992043124827,1.1882590701848235,0.04746651656210168,-2.438433333333333,100.0,2.0,6.0,0.278953492209039,0.11224583659581,0.8031902171519084,0.279,0.11224583659581,0.278953492209039,0.11224583659581,,0.11224583659581,0.07936979221685439,0.9341,0.655159056619086,0.37562090158462524,0.307,0.0777,1.0,,,,47.223673099226254,,,,
6881,P35557,G,328,P,NONSYN,0.2021261040610908,0.8468860915440981,0.1871301820980913,-1.8968333333333334,100.0,2.0,6.0,0.9764062566754369,0.222124167374217,0.059978931200099186,0.9764,0.222124167374217,0.9764062566754369,0.222124167374217,,0.222124167374217,0.1570655050157245,0.8286,0.1478300495144872,0.5132815837860107,0.9637,0.1502,0.995,,,,47.223673099226254,,,,
6882,P35557,G,328,E,NONSYN,0.4108810729254607,0.7202967080326337,0.19396344692207576,-1.9435333333333331,100.0,2.0,6.0,1.35617440720983,0.0496497665128817,0.005219156840786121,1.3562,0.0496497665128817,1.35617440720983,0.0496497665128817,,0.0496497665128817,0.03510768658558741,0.7432,0.6130167820114658,0.5303726196289062,1.3535,0.035,0.995,,,,47.223673099226254,,,,
6883,P35557,G,328,M,NONSYN,0.2878381921366005,0.7662207640815953,0.05992522834289004,-2.275,100.0,2.0,6.0,1.32520031838689,0.100612591642255,0.00643054782137217,1.3252,0.100612591642255,1.32520031838689,0.100612591642255,,0.100612591642255,0.07114384582299146,0.731,0.5941717019585147,0.4036778211593628,1.3073,0.0701,1.0,,,,47.223673099226254,,,,
6884,P35557,G,328,W,NONSYN,0.355895468841822,0.9334760531343996,0.05294340324270049,-2.4539666666666666,100.0,2.0,6.0,1.04330254336031,0.0519646061302574,0.0399251116893427,1.0433,0.0519646061302574,1.04330254336031,0.0519646061302574,,0.0519646061302574,0.03674452537639304,0.7827,0.2605913950982861,0.4027181565761566,1.0412,0.0366,1.0,,,,47.223673099226254,,,,
6885,P35557,G,328,H,NONSYN,0.3218287257213429,1.1137165683457089,0.05605830151884202,-1.9332999999999998,100.0,2.0,6.0,0.17591482627060404,0.7893619192890309,0.8779848265697073,0.1759,0.7893619192890309,0.17591482627060404,0.7893619192890309,,0.7893619192890309,0.5581631659397019,0.8291,0.6532174922261,0.4100281894207001,0.6002,0.3304,1.0,,,,47.223673099226254,,,,
6886,P35557,G,328,Q,NONSYN,0.29754150588632416,1.3107872042953501,0.054261245365946474,-1.7754,100.0,2.0,6.0,2.04794974976633,0.10301271586039801,3.624709283967409e-05,2.0479,0.10301271586039801,2.04794974976633,0.10301271586039801,,0.10301271586039801,0.07284098993333045,1.0141,1.0338737552747528,0.5170172452926636,2.0278,0.0721,0.998,,,,47.223673099226254,,,,
6887,P35557,G,328,*,STOP,,,,,100.0,2.0,6.0,-0.20711456284036997,0.05,0.9815699469661922,-0.2071,0.05,-0.20711456284036997,0.05,,0.05,0.035355339059327376,,,,-0.2071,0.0354,,,,,47.223673099226254,,,,
6888,P35557,A,329,S,NONSYN,0.46929375853615796,1.3678065001444832,0.06284736204779996,-0.41050000000000003,100.0,2.0,6.0,2.30908606978477,0.28643629306130103,4.8068367669691286e-06,2.3091,0.28643629306130103,2.30908606978477,0.28643629306130103,,0.28643629306130103,0.20254104520158317,1.0881,1.2209849211794235,0.4840228259563446,2.1271,0.1868,0.0,,,,21.476243831020646,,,,
6889,P35557,A,329,A,SYN,,,,,100.0,2.0,6.0,1.23995388833778,0.05,0.011338895366921897,1.24,0.05,1.23995388833778,0.05,,0.05,0.035355339059327376,,,,1.24,0.0354,,,,,21.476243831020646,,,,
6890,P35557,A,329,V,NONSYN,0.41129671784225785,2.0691430935160766,0.04533635132410457,-0.6206999999999999,100.0,2.0,6.0,1.88964456918663,0.17913051183299802,0.00011875411222616084,1.8896,0.17913051183299802,1.88964456918663,0.17913051183299802,,0.17913051183299802,0.12666439963453,1.279,0.6106030404848477,0.6630656123161316,1.8681,0.1244,0.8290000000000001,,,,21.476243831020646,,,,
6891,P35557,A,329,R,NONSYN,0.3190441200491768,0.7733696055656302,0.09226223231909612,-1.2165666666666668,100.0,2.0,6.0,1.82451714131523,0.144102225602856,0.00019188602868789939,1.8245,0.144102225602856,1.82451714131523,0.144102225602856,,0.144102225602856,0.1018956609078532,0.7841,1.040431390735396,0.44785869121551514,1.7733,0.0994,0.9840000000000001,,,,21.476243831020646,,,,
6892,P35557,A,329,D,NONSYN,0.4810824638550644,1.751365524064024,0.06999675128193432,-1.3432333333333333,100.0,2.0,6.0,1.95990671088811,0.0856750715812419,7.03796012825348e-05,1.9599,0.0856750715812419,1.95990671088811,0.0856750715812419,,0.0856750715812419,0.060581424093739004,1.2084,0.7515198128473386,0.7482099533081055,1.955,0.0604,0.924,,,,21.476243831020646,,,,
6893,P35557,A,329,F,NONSYN,0.3975861635372093,1.4555824186410937,0.07851427712233329,-1.7862,100.0,2.0,6.0,0.854724784843187,0.138960582884941,0.12064371243409693,0.8547,0.138960582884941,0.854724784843187,0.138960582884941,,0.138960582884941,0.09825997047557708,1.0452,0.19048128510310203,0.5105358958244324,0.8615,0.0965,0.992,,,,21.476243831020646,,,,
6894,P35557,A,329,T,NONSYN,0.4593194656393701,2.03414045154965,0.060720605714190024,-0.5557333333333333,100.0,2.0,6.0,0.59614276406164,0.156777094643516,0.39753705803432404,0.5961,0.156777094643516,0.59614276406164,0.156777094643516,,0.156777094643516,0.11085814675715532,1.2664,0.6702830839455621,0.6626100540161133,0.6144,0.1093,0.5329999999999999,,,,21.476243831020646,,,,
6895,P35557,A,329,I,NONSYN,0.2533067127168299,1.6255646321886654,0.09446989113450227,-1.3021,100.0,2.0,6.0,0.9756426833345521,0.170036869168103,0.06025335396658992,0.9756,0.170036869168103,0.9756426833345521,0.170036869168103,,0.170036869168103,0.12023422324049542,1.178,0.2023439385221374,0.6034615635871887,0.9834,0.1179,0.9840000000000001,,,,21.476243831020646,,,,
6896,P35557,A,329,L,NONSYN,0.33775241979079834,1.5016442356002662,0.0909019462636868,-1.2974666666666668,100.0,2.0,6.0,1.34740387309975,0.20203384323519602,0.005537669409068042,1.3474,0.20203384323519602,1.34740387309975,0.20203384323519602,,0.20203384323519602,0.14285950058078697,1.0499,0.2974729429621157,0.5184449553489685,1.3264,0.1377,0.945,,,,21.476243831020646,,,,
6897,P35557,A,329,K,NONSYN,0.13783323133742972,2.1156474901428433,0.04242988063682035,-0.7036666666666666,100.0,2.0,6.0,1.63575919935767,0.8788739027367529,0.000749845975763905,1.6358,0.8788739027367529,1.63575919935767,0.8788739027367529,,0.8788739027367529,0.6214576964330442,1.279,0.35671767065588766,0.665175199508667,1.4695,0.4541,0.8959999999999999,,,,21.476243831020646,,,,
6898,P35557,A,329,G,NONSYN,0.5077306515769983,1.6936439838418034,0.06519861699028746,-0.48503333333333326,100.0,2.0,6.0,1.6176321671851799,0.120122599123548,0.0008528320339395676,1.6176,0.120122599123548,1.6176321671851799,0.120122599123548,,0.120122599123548,0.08493950441401402,1.2085,0.40909768804394453,0.6569256782531738,1.6109,0.0842,0.0,,,,21.476243831020646,,,,
6899,P35557,A,329,Y,NONSYN,0.2413102682766479,1.438952512236309,0.05539650899357045,-1.7924666666666667,100.0,2.0,6.0,0.9046145040575408,0.273921478997802,0.09127372937088689,0.9046,0.273921478997802,0.9046145040575408,0.273921478997802,,0.273921478997802,0.19369173531199424,1.0452,0.14059156588874822,0.5082302093505859,0.9224,0.181,0.997,,,,21.476243831020646,,,,
6900,P35557,A,329,N,NONSYN,0.2596281291448914,1.1821286501012147,0.06351919798828194,-1.1920666666666666,100.0,2.0,6.0,0.5982400077084761,0.318375265077873,0.3945637036354033,0.5982,0.318375265077873,0.5982400077084761,0.318375265077873,,0.318375265077873,0.22512530889862858,1.027,0.4287172657748003,0.5100095272064209,0.6682,0.206,0.48700000000000004,,,,21.476243831020646,,,,
6901,P35557,A,329,C,NONSYN,0.4521425054357098,1.9960163915667632,0.21109579608452192,-0.7297666666666668,100.0,2.0,6.0,1.99465249508591,0.0521422146161156,5.42227741251011e-05,1.9947,0.0521422146161156,1.99465249508591,0.0521422146161156,,0.0521422146161156,0.03687011354113965,1.2735,0.7211142632362395,0.6898525953292847,1.9926,0.0368,0.992,,,,21.476243831020646,,,,
6902,P35557,A,329,P,NONSYN,0.3737321559264451,2.075185437573573,0.2101569286161101,-0.7215666666666666,100.0,2.0,6.0,1.75714535706548,0.0991857810913234,0.0003136037969851753,1.7571,0.0991857810913234,1.75714535706548,0.0991857810913234,,0.0991857810913234,0.07013493840695921,1.3012,0.45595283501652983,0.7790439128875732,1.7535,0.0699,0.961,,,,21.476243831020646,,,,
6903,P35557,A,329,E,NONSYN,0.3924454343376217,1.7958523505030197,0.20882953795799583,-0.73,100.0,2.0,6.0,0.7220204279159459,0.17303060379351098,0.2367189207121354,0.722,0.17303060379351098,0.7220204279159459,0.17303060379351098,,0.17303060379351098,0.12235111329519437,1.2412,0.5192133977676479,0.745707631111145,0.7356,0.1207,0.763,,,,21.476243831020646,,,,
6904,P35557,A,329,M,NONSYN,0.19919007049311416,1.1327999441194194,0.09160325009808841,-1.2075333333333333,100.0,2.0,6.0,0.746226125653862,0.151480708128643,0.21114832866471656,0.7462,0.151480708128643,0.746226125653862,0.151480708128643,,0.151480708128643,0.10711303593670363,0.8646,0.11833662420880886,0.43104299902915955,0.7531,0.104,0.9990000000000001,,,,21.476243831020646,,,,
6905,P35557,A,329,W,NONSYN,0.17944660888741126,1.2397486665962794,0.07516028729119771,-1.6895,100.0,2.0,6.0,1.50222604097763,0.169078846311334,0.0019173004049639715,1.5022,0.169078846311334,1.50222604097763,0.169078846311334,,0.169078846311334,0.11955679878194234,0.995,0.5072596532289118,0.5158825516700745,1.4764,0.1165,0.9990000000000001,,,,21.476243831020646,,,,
6906,P35557,A,329,H,NONSYN,0.3663343704598138,1.4276510891074707,0.06543462750432052,-1.3876666666666668,100.0,2.0,6.0,2.93105001575777,0.135873480604477,2.854659434954115e-08,2.9311,0.135873480604477,2.93105001575777,0.135873480604477,,0.135873480604477,0.09607705951884452,1.0141,1.916974021266193,0.5158825516700745,2.8668,0.0945,0.998,,,,21.476243831020646,,,,
6907,P35557,A,329,Q,NONSYN,0.3707092191809771,1.7958523505030202,0.20882953795799583,-0.73,100.0,2.0,6.0,2.59514461827714,0.14088532982400198,4.806155455671346e-07,2.5951,0.14088532982400198,2.59514461827714,0.14088532982400198,,0.14088532982400198,0.09962097208825514,1.2412,1.3539107925935463,0.745707631111145,2.5714,0.0987,0.9840000000000001,,,,21.476243831020646,,,,
6908,P35557,A,329,*,STOP,,,,,100.0,2.0,6.0,0.161840522148212,0.05,0.8859482733677474,0.1618,0.05,0.161840522148212,0.05,,0.05,0.035355339059327376,,,,0.1618,0.0354,,,,,21.476243831020646,,,,
6909,P35557,F,330,S,NONSYN,0.3509668135339838,0.50908888423078,0.19995465509849308,-1.8094999999999999,100.0,2.0,6.0,0.123025743429436,0.175552440065124,0.9054984595624842,0.123,0.175552440065124,0.123025743429436,0.175552440065124,,0.175552440065124,0.12413432082389413,0.5357,0.41267869048856326,0.5431404709815979,0.1435,0.121,0.9990000000000001,,,,2.402233089486113,,,,
6910,P35557,F,330,A,NONSYN,0.21205940102164186,0.30134206214780734,0.19972319780128614,-1.7977999999999998,100.0,2.0,6.0,0.746266209678354,0.18023265412616196,0.2111076193859884,0.7463,0.18023265412616196,0.746266209678354,0.18023265412616196,,0.18023265412616196,0.1274437319238587,0.5345,0.21180685718506786,0.5431404709815979,0.7352,0.1241,0.968,,,,2.402233089486113,,,,
6911,P35557,F,330,V,NONSYN,0.3686871445054262,0.9442716882316953,0.05205013266962626,-1.0737666666666665,100.0,2.0,6.0,0.76479810823582,0.081824545212761,0.1928710347498762,0.7648,0.081824545212761,0.76479810823582,0.081824545212761,,0.081824545212761,0.057858690787448555,0.8967,0.13194113622523962,0.40353599190711975,0.7675,0.0573,0.893,,,,2.402233089486113,,,,
6912,P35557,F,330,R,NONSYN,0.12156869505678705,0.6718060021446363,0.19437467115606724,-2.1628666666666665,100.0,2.0,6.0,0.7781242294492879,0.25328659694280903,0.1804789971164633,0.7781,0.25328659694280903,0.7781242294492879,0.25328659694280903,,0.25328659694280903,0.1791006702819241,0.6752,0.10287512971784263,0.5000594854354858,0.7664,0.1686,1.0,,,,2.402233089486113,,,,
6913,P35557,F,330,D,NONSYN,0.1992068019592559,-0.06740664187717296,0.11625758074191389,-2.6122333333333336,100.0,2.0,6.0,0.20737108493971804,0.091995129730091,0.8583478991588488,0.2074,0.091995129730091,0.20737108493971804,0.091995129730091,,0.091995129730091,0.06505038006828351,0.1048,0.10258558298277834,0.2947961091995239,0.2026,0.0635,1.0,,,,2.402233089486113,,,,
6914,P35557,F,330,F,SYN,,,,,100.0,2.0,6.0,1.00059758710638,0.05,0.05185145903285495,1.0006,0.05,1.00059758710638,0.05,,0.05,0.035355339059327376,,,,1.0006,0.0354,,,,,2.402233089486113,,,,
6915,P35557,F,330,T,NONSYN,0.18720675519309532,0.7179122210483166,0.06135922852544556,-1.6453666666666666,100.0,2.0,6.0,0.593365212743675,0.167927260496395,0.4014846922000714,0.5934,0.167927260496395,0.593365212743675,0.167927260496395,,0.167927260496395,0.11874250464308074,0.7002,0.10683033817490406,0.4256103038787842,0.6011,0.1144,1.0,,,,2.402233089486113,,,,
6916,P35557,F,330,I,NONSYN,0.40023011164303374,1.3120842921903,0.044641080158708046,-0.511,100.0,2.0,6.0,1.4416524014408298,0.0653047548575139,0.002914169855270573,1.4417,0.0653047548575139,1.4416524014408298,0.0653047548575139,,0.0653047548575139,0.046177435003473204,1.0838,0.35781846856424293,0.48557865619659424,1.4384,0.046,0.92,,,,2.402233089486113,,,,
6917,P35557,F,330,L,NONSYN,0.4640274525972558,1.0299920563886336,0.02322956903995813,-0.3554666666666666,100.0,2.0,6.0,1.8945651504746202,0.16187251785875698,0.0001145031888630724,1.8946,0.16187251785875698,1.8945651504746202,0.16187251785875698,,0.16187251785875698,0.11446115506566756,0.9167,0.9778898212662461,0.3902131915092468,1.8171,0.1098,0.028999999999999998,,,,2.402233089486113,,,,
6918,P35557,F,330,K,NONSYN,0.1539819943883161,0.570675223132651,0.20488859969004794,-1.9918333333333333,100.0,2.0,6.0,0.6952409815729581,0.0731861196424552,0.2672517278394552,0.6952,0.0731861196424552,0.6952409815729581,0.0731861196424552,,0.0731861196424552,0.05175040148791005,0.6257,0.06952256678948032,0.5485366582870483,0.6946,0.0515,1.0,,,,2.402233089486113,,,,
6919,P35557,F,330,G,NONSYN,0.22544940105055214,-0.03803171172523562,0.10412772809781794,-2.584433333333333,100.0,2.0,6.0,0.11924629448390599,0.237868551252047,0.9072248902464471,0.1192,0.237868551252047,0.11924629448390599,0.237868551252047,,0.237868551252047,0.16819846562134225,0.1067,0.012589802727466778,0.29179662466049194,0.1161,0.1457,1.0,,,,2.402233089486113,,,,
6920,P35557,F,330,Y,NONSYN,0.41795167961904656,1.1809629727332303,0.04193316960157017,-0.19666666666666666,100.0,2.0,6.0,0.7644131072924242,0.0592818455407029,0.19323802066422296,0.7644,0.0592818455407029,0.7644131072924242,0.0592818455407029,,0.0592818455407029,0.04191859498308451,0.9751,0.21066058789037612,0.4639376997947693,0.7661,0.0417,0.9540000000000001,,,,2.402233089486113,,,,
6921,P35557,F,330,N,NONSYN,0.06350654443895225,0.21689544340902267,0.08229022832135861,-2.4017,100.0,2.0,6.0,1.13254179459064,0.125382784980077,0.022774925550602315,1.1325,0.125382784980077,1.13254179459064,0.125382784980077,,0.125382784980077,0.08865901750346723,0.2585,0.8740598152205228,0.3437069058418274,1.078,0.0858,1.0,,,,2.402233089486113,,,,
6922,P35557,F,330,C,NONSYN,0.42192151878195305,0.27436963646340234,0.07418171637277834,-1.5309000000000001,100.0,2.0,6.0,1.2844447100371599,0.0668335232357359,0.00844520464423166,1.2844,0.0668335232357359,1.2844447100371599,0.0668335232357359,,0.0668335232357359,0.04725843749057754,0.3022,0.9822870099753618,0.37216755747795105,1.2689,0.0469,1.0,,,,2.402233089486113,,,,
6923,P35557,F,330,P,NONSYN,0.14474630447280185,0.486386391338088,0.06698482180404926,-2.5313999999999997,100.0,2.0,6.0,-0.334808984161938,0.221975372742876,0.990099088045813,-0.3348,0.221975372742876,-0.334808984161938,0.221975372742876,,0.221975372742876,0.15696029132289913,0.6953,1.0301019934430964,0.40805715322494507,-0.202,0.1465,0.877,,,,2.402233089486113,,,,
6924,P35557,F,330,E,NONSYN,0.14341137314980398,-0.0027305349127713283,0.07969302829996511,-2.5673,100.0,2.0,6.0,0.0133427640465131,0.370715979774599,0.9449859668093122,0.0133,0.370715979774599,0.0133427640465131,0.370715979774599,,0.370715979774599,0.2621357831928339,0.1067,0.0933137277099261,0.271497905254364,0.0584,0.1886,1.0,,,,2.402233089486113,,,,
6925,P35557,F,330,M,NONSYN,0.21680558431241104,1.2358839005933537,0.0427803455624517,-0.25303333333333333,100.0,2.0,6.0,1.27688961786046,0.0545243105599951,0.008880423587814103,1.2769,0.0545243105599951,1.27688961786046,0.0545243105599951,,0.0545243105599951,0.03855450973649381,1.0779,0.1990151957870958,0.49723824858665466,1.2757,0.0384,0.909,,,,2.402233089486113,,,,
6926,P35557,F,330,W,NONSYN,0.32132997916102696,1.5377023899253033,0.043102154810130605,-0.3639333333333333,100.0,2.0,6.0,0.37143414986461104,0.0497535963628408,0.7082685726868092,0.3714,0.0497535963628408,0.37143414986461104,0.0497535963628408,,0.0497535963628408,0.035181105376583074,0.9911,0.6196544789043099,0.5097627639770508,0.3744,0.0351,1.0,,,,2.402233089486113,,,,
6927,P35557,F,330,H,NONSYN,0.3132585296390889,0.8808693436722183,0.04676272307274063,-1.3437666666666666,100.0,2.0,6.0,0.106717953217096,0.20008613835436198,0.9127375175797081,0.1067,0.20008613835436198,0.106717953217096,0.20008613835436198,,0.20008613835436198,0.1414822652517991,0.7898,0.6830937175630859,0.41897323727607727,0.1766,0.134,0.9990000000000001,,,,2.402233089486113,,,,
6928,P35557,F,330,Q,NONSYN,0.15363519183063878,0.7398771402335335,0.07527509471286321,-2.0034333333333336,100.0,2.0,6.0,0.187635230270311,0.811782100867497,0.8709726969927843,0.1876,0.811782100867497,0.187635230270311,0.811782100867497,,0.811782100867497,0.574016628369269,0.731,0.5433933861580642,0.41210833191871643,0.5462,0.3348,1.0,,,,2.402233089486113,,,,
6929,P35557,F,330,*,STOP,,,,,100.0,2.0,6.0,0.17544535437705497,0.05,0.8782584005545659,0.1754,0.05,0.17544535437705497,0.05,,0.05,0.035355339059327376,,,,0.1754,0.0354,,,,,2.402233089486113,,,,
6930,P35557,E,331,S,NONSYN,0.4382670271083193,0.4578049477747428,0.07369093905980505,-0.6747666666666666,100.0,2.0,6.0,1.6009515013648001,0.196417317754158,0.0009597227341008892,1.601,0.196417317754158,1.6009515013648001,0.196417317754158,,0.196417317754158,0.13888801732643796,0.7103,0.8906397309256522,0.4278659224510193,1.5161,0.1321,0.512,,,,71.95860102048063,,,,
6931,P35557,E,331,A,NONSYN,0.4725389201357859,0.8186375423616482,0.11014536234003736,-0.8022,100.0,2.0,6.0,1.31988474098619,0.173155840211513,0.006664155196656298,1.3199,0.173155840211513,1.31988474098619,0.173155840211513,,0.173155840211513,0.1224396688156151,0.8814,0.4384421941417076,0.45766493678092957,1.2906,0.1183,0.441,,,,71.95860102048063,,,,
6932,P35557,E,331,V,NONSYN,0.5148579282991502,0.4836843700605544,0.11995729669758916,-1.6669666666666665,100.0,2.0,6.0,1.2934593642056202,0.0940508773310423,0.007952828129291807,1.2935,0.0940508773310423,1.2934593642056202,0.0940508773310423,,0.0940508773310423,0.06650401313732414,0.7254,0.568057128220818,0.48121654987335205,1.2828,0.0659,0.7759999999999999,,,,71.95860102048063,,,,
6933,P35557,E,331,R,NONSYN,0.4513055748960305,0.8721613381843664,0.07776373465320931,-0.7211333333333333,100.0,2.0,6.0,0.0768155697573195,0.137403618223014,0.9246638100622424,0.0768,0.137403618223014,0.0768155697573195,0.137403618223014,,0.137403618223014,0.09715903020506067,0.8994,0.8226112481366624,0.4120332598686218,0.1201,0.0946,0.006,,,,71.95860102048063,,,,
6934,P35557,E,331,D,NONSYN,0.4800060668498122,0.6914701000405553,0.13440267319887741,-0.020166666666666666,100.0,2.0,6.0,1.25021634933246,0.12136855873198599,0.01059680965010747,1.2502,0.12136855873198599,1.25021634933246,0.12136855873198599,,0.12136855873198599,0.08582053090222505,0.8696,0.38063619968188633,0.4804292619228363,1.2384,0.0845,0.0,,,,71.95860102048063,,,,
6935,P35557,E,331,F,NONSYN,0.4134101209643438,0.8981218731562507,0.06260383740575365,-2.4431333333333334,100.0,2.0,6.0,0.3882840816066379,0.0688339959350219,0.6881120694868642,0.3883,0.0688339959350219,0.3882840816066379,0.0688339959350219,,0.0688339959350219,0.04867298530182123,0.8164,0.4281590040638333,0.4004663825035095,0.3945,0.0483,0.977,,,,71.95860102048063,,,,
6936,P35557,E,331,T,NONSYN,0.4070866311137473,0.6635039803819748,0.08269392784732722,-0.9768666666666667,100.0,2.0,6.0,1.63927783613224,0.41865456206591495,0.0007313132162327622,1.6393,0.41865456206591495,1.63927783613224,0.41865456206591495,,0.41865456206591495,0.2960334798114928,0.8334,0.80591442232151,0.4254727065563202,1.3764,0.243,0.591,,,,71.95860102048063,,,,
6937,P35557,E,331,I,NONSYN,0.377366298627538,0.44150048349998494,0.0784371242653633,-2.3962999999999997,100.0,2.0,6.0,1.90230796285797,0.0952394084346779,0.00010811401497105008,1.9023,0.0952394084346779,1.90230796285797,0.0952394084346779,,0.0952394084346779,0.067344431540356,0.6772,1.2250616902940357,0.4132818877696991,1.8706,0.0665,0.866,,,,71.95860102048063,,,,
6938,P35557,E,331,L,NONSYN,0.4309220950052253,0.7487175136046327,0.062355840535703484,-2.375633333333333,100.0,2.0,6.0,0.980656872544027,0.22321495015543805,0.05847189350614023,0.9807,0.22321495015543805,0.980656872544027,0.22321495015543805,,0.22321495015543805,0.15783680491712743,0.8552,0.1254283888671166,0.3874019682407379,0.9628,0.1462,0.47600000000000003,,,,71.95860102048063,,,,
6939,P35557,E,331,K,NONSYN,0.4890082107053284,0.9658502583105696,0.08077623048488415,-0.6217666666666667,100.0,2.0,6.0,-0.030488058809014,0.14617047727023802,0.9557648116205618,-0.0305,0.14617047727023802,-0.030488058809014,0.14617047727023802,,0.14617047727023802,0.10335813568705941,0.9153,0.9457582681214529,0.40906304121017456,0.0263,0.1002,0.025,,,,71.95860102048063,,,,
6940,P35557,E,331,G,NONSYN,0.4522640708552875,0.4685983558036404,0.08880905665655674,-1.9225,100.0,2.0,6.0,1.2773495704631201,0.31770254318874197,0.00885331976731793,1.2773,0.31770254318874197,1.2773495704631201,0.31770254318874197,,0.31770254318874197,0.22464962268897143,0.7091,0.5682613641719214,0.4413074254989624,1.1604,0.2002,0.725,,,,71.95860102048063,,,,
6941,P35557,E,331,Y,NONSYN,0.4671477233180428,1.3867714686217056,0.09423091166575757,-2.2137666666666664,100.0,2.0,6.0,0.532443793889173,0.221961935950017,0.48985621383607314,0.5324,0.221961935950017,0.532443793889173,0.221961935950017,,0.221961935950017,0.15695079007555116,1.0452,0.5127622760571161,0.5037674903869629,0.5778,0.1498,0.991,,,,71.95860102048063,,,,
6942,P35557,E,331,N,NONSYN,0.4945297857128286,0.7448490411645478,0.07891680750922904,-0.6558999999999999,100.0,2.0,6.0,0.739819221195385,0.15564259883125597,0.21772503091211962,0.7398,0.15564259883125597,0.739819221195385,0.15564259883125597,,0.15564259883125597,0.1100559370750785,0.8718,0.13193673640806958,0.4312167763710022,0.7479,0.1066,0.174,,,,71.95860102048063,,,,
6943,P35557,E,331,C,NONSYN,0.4263241553322161,0.39344724607247333,0.06065105216640879,-2.5622,100.0,2.0,6.0,0.286944734305232,0.0952277390870974,0.7960621555978626,0.2869,0.0952277390870974,0.286944734305232,0.0952277390870974,,0.0952277390870974,0.06733618006554982,0.5767,0.2897327072917529,0.41962122917175293,0.2942,0.0665,0.988,,,,71.95860102048063,,,,
6944,P35557,E,331,P,NONSYN,0.2784783599621833,1.4175406471080167,0.10906169377026341,-1.2109666666666667,100.0,2.0,6.0,0.593811630402415,0.272445303410814,0.40084948082660227,0.5938,0.272445303410814,0.593811630402415,0.272445303410814,,0.272445303410814,0.192647921544213,1.0859,0.49209833225169874,0.5146538615226746,0.6543,0.1804,0.49,,,,71.95860102048063,,,,
6945,P35557,E,331,E,SYN,,,,,100.0,2.0,6.0,0.12234987071163402,0.05,0.9058093952546455,0.1223,0.05,0.12234987071163402,0.05,,0.05,0.035355339059327376,,,,0.1223,0.0354,,,,,71.95860102048063,,,,
6946,P35557,E,331,M,NONSYN,0.4318399535430367,1.034417576185971,0.09399987425701184,-1.9440333333333335,100.0,2.0,6.0,-0.420108090683872,0.289575905866971,0.9934102221709862,-0.4201,0.289575905866971,-0.420108090683872,0.289575905866971,,0.289575905866971,0.20476108670677254,0.8934,1.3134898055047337,0.4295799136161804,-0.1769,0.1848,0.93,,,,71.95860102048063,,,,
6947,P35557,E,331,W,NONSYN,0.3886512979012191,1.090416305669545,0.05945753755050961,-2.4843333333333333,100.0,2.0,6.0,-0.18859921593324502,0.10793919283924,0.9798119988010433,-0.1886,0.10793919283924,-0.18859921593324502,0.10793919283924,,0.10793919283924,0.07632453521242903,0.8411,1.0297463407005485,0.4015157222747803,-0.1527,0.075,0.998,,,,71.95860102048063,,,,
6948,P35557,E,331,H,NONSYN,0.3874690850586482,0.8058620974391681,0.0673647350809428,-0.6659666666666667,100.0,2.0,6.0,0.556780052371524,0.23375630070559197,0.454287545518545,0.5568,0.23375630070559197,0.556780052371524,0.23375630070559197,,0.23375630070559197,0.16529066537400583,0.8549,0.29815690498779,0.40968501567840576,0.5985,0.1533,0.9079999999999999,,,,71.95860102048063,,,,
6949,P35557,E,331,Q,NONSYN,0.4979236622050323,0.940226597296082,0.06441010022065491,-0.02876666666666668,100.0,2.0,6.0,0.50394685756588,0.5149833424441311,0.5313960651344813,0.5039,0.5149833424441311,0.50394685756588,0.5149833424441311,,0.5149833424441311,0.3641482136403591,0.89,0.3860898445901869,0.3879123032093048,0.6848,0.2655,0.727,,,,71.95860102048063,,,,
6950,P35557,E,331,*,STOP,,,,,100.0,2.0,6.0,0.12012857480819099,0.05,0.9068245442447651,0.1201,0.05,0.12012857480819099,0.05,,0.05,0.035355339059327376,,,,0.1201,0.0354,,,,,71.95860102048063,,,,
6951,P35557,T,332,S,NONSYN,0.5112342370012433,0.328167078327361,0.10305183071885059,-0.33873333333333333,100.0,2.0,6.0,1.84265631111517,0.268609727117095,0.00016796352972915922,1.8427,0.268609727117095,1.84265631111517,0.268609727117095,,0.268609727117095,0.18993575953716593,0.7317,1.1109250155295376,0.47191321849823,1.6878,0.1762,0.057999999999999996,,,,27.97248536712598,,,,
6952,P35557,T,332,A,NONSYN,0.4371005638552374,0.625228782231536,0.08015927891905311,-0.5245,100.0,2.0,6.0,0.417207430375655,0.29146433502668606,0.6516522249591287,0.4172,0.29146433502668606,0.417207430375655,0.29146433502668606,,0.29146433502668606,0.20609640777139746,0.8354,0.41823201321260184,0.4322742819786072,0.4947,0.186,0.48700000000000004,,,,27.97248536712598,,,,
6953,P35557,T,332,V,NONSYN,0.335359974884157,0.6889166688519003,0.09336116070614346,-0.4691,100.0,2.0,6.0,0.22614377051456197,0.20908640468520198,0.8453438221485216,0.2261,0.20908640468520198,0.22614377051456197,0.20908640468520198,,0.20908640468520198,0.14784641460682102,0.7249,0.498802370728419,0.452814519405365,0.2742,0.1405,0.9840000000000001,,,,27.97248536712598,,,,
6954,P35557,T,332,R,NONSYN,0.3928132642818517,-0.094288516367373,0.17144152772433174,-1.2489999999999999,100.0,2.0,6.0,0.0249665697144961,0.14809443477809803,0.9417158956353049,0.025,0.14809443477809803,0.0249665697144961,0.14809443477809803,,0.14809443477809803,0.10471857908758199,0.1202,0.09524687928681616,0.3136197626590729,0.0345,0.0993,0.9990000000000001,,,,27.97248536712598,,,,
6955,P35557,T,332,D,NONSYN,0.24736015353784535,-0.1473316725595676,0.1705919662639113,-1.2412666666666667,100.0,2.0,6.0,0.18409603829108,0.16481011545478902,0.8731274096728169,0.1841,0.16481011545478902,0.18409603829108,0.16481011545478902,,0.16481011545478902,0.11653835024621913,0.1425,0.04157650465689422,0.3654848337173462,0.1803,0.111,0.9490000000000001,,,,27.97248536712598,,,,
6956,P35557,T,332,F,NONSYN,0.2626450658678516,0.06796398592613805,0.08094766366127855,-1.4809,100.0,2.0,6.0,-0.13245637713404598,0.0761341762602532,0.9733559668562995,-0.1325,0.0761341762602532,-0.13245637713404598,0.0761341762602532,,0.0761341762602532,0.0538349923136769,0.1644,0.2968236356827826,0.33289915323257446,-0.1249,0.0531,0.998,,,,27.97248536712598,,,,
6957,P35557,T,332,T,SYN,,,,,100.0,2.0,6.0,1.9226998692677302,0.05,9.2910963351922e-05,1.9227,0.05,1.9226998692677302,0.05,,0.05,0.035355339059327376,,,,1.9227,0.0354,,,,,27.97248536712598,,,,
6958,P35557,T,332,I,NONSYN,0.39900335367527456,1.0986579502344151,0.09789239442267474,-0.8405666666666667,100.0,2.0,6.0,0.0535086886606207,0.36627016025082104,0.9328567878009896,0.0535,0.36627016025082104,0.0535086886606207,0.36627016025082104,,0.36627016025082104,0.258992114059639,0.88,0.8264485104360589,0.4374150037765503,0.268,0.2229,0.997,,,,27.97248536712598,,,,
6959,P35557,T,332,L,NONSYN,0.3692076635094301,-0.005955441260480625,0.18034135664488618,-1.2598666666666667,100.0,2.0,6.0,-0.200032454819715,0.17050504760467403,0.9809168772233237,-0.2,0.17050504760467403,-0.200032454819715,0.17050504760467403,,0.17050504760467403,0.1205652753878001,0.1729,0.3729806066465735,0.3728102147579193,-0.1647,0.1147,0.978,,,,27.97248536712598,,,,
6960,P35557,T,332,K,NONSYN,0.35305220057868336,0.9594968105248135,0.11091904204947119,-0.8414,100.0,2.0,6.0,0.470992107789426,0.29187633722099,0.57857849383356,0.471,0.29187633722099,0.470992107789426,0.29187633722099,,0.29187633722099,0.2063877373168535,0.8536,0.382644514639468,0.4629889726638794,0.5344,0.1885,0.9940000000000001,,,,27.97248536712598,,,,
6961,P35557,T,332,G,NONSYN,0.43600131382643137,-0.13693902964133295,0.0805626628424204,-1.4976,100.0,2.0,6.0,0.482252669568367,0.0831605780287195,0.5626074215320298,0.4823,0.0831605780287195,0.482252669568367,0.0831605780287195,,0.0831605780287195,0.05880340865150056,0.1198,0.36241875314266203,0.2888720631599426,0.4678,0.0576,0.987,,,,27.97248536712598,,,,
6962,P35557,T,332,Y,NONSYN,0.2452402164451186,0.13825435431176103,0.07383863810015585,-1.4882666666666668,100.0,2.0,6.0,-0.343327482290915,0.16001015204677999,0.9904964612654519,-0.3433,0.16001015204677999,-0.343327482290915,0.16001015204677999,,0.16001015204677999,0.11314426357096864,0.4307,0.7740295427519592,0.424266517162323,-0.2919,0.1093,0.423,,,,27.97248536712598,,,,
6963,P35557,T,332,N,NONSYN,0.4084330644454248,0.6505812476594656,0.08759914544578334,-0.5004666666666666,100.0,2.0,6.0,0.341150034091866,0.249971305241996,0.7423350704445194,0.3412,0.249971305241996,0.341150034091866,0.249971305241996,,0.249971305241996,0.17675640503866774,0.7381,0.39692015586098434,0.4490632712841034,0.3944,0.1645,0.9490000000000001,,,,27.97248536712598,,,,
6964,P35557,T,332,C,NONSYN,0.4354541497454498,0.11022801888364424,0.1324980509576986,-0.9072999999999999,100.0,2.0,6.0,0.5926401240105921,0.0614691265577464,0.40251701465142337,0.5926,0.0614691265577464,0.5926401240105921,0.0614691265577464,,0.0614691265577464,0.04346523622259658,0.2235,0.36917325084164676,0.4201340675354004,0.5887,0.0432,1.0,,,,27.97248536712598,,,,
6965,P35557,T,332,P,NONSYN,0.34993609822478866,-0.094288516367373,0.17144152772433174,-1.2489999999999999,100.0,2.0,6.0,0.0649667705009621,0.29227813131304603,0.9289428934140311,0.065,0.29227813131304603,0.0649667705009621,0.29227813131304603,,0.29227813131304603,0.20667184864398702,0.1294,0.06441238275068585,0.3136197626590729,0.0845,0.1726,0.99,,,,27.97248536712598,,,,
6966,P35557,T,332,E,NONSYN,0.187606014059847,0.37238030682021295,0.11133634727444269,-0.9009666666666667,100.0,2.0,6.0,-0.19381673979911399,0.310898016424835,0.9803241296488637,-0.1938,0.310898016424835,-0.19381673979911399,0.310898016424835,,0.310898016424835,0.21983809567144744,0.5495,0.7432955091014821,0.4886321425437927,-0.0687,0.2005,0.9840000000000001,,,,27.97248536712598,,,,
6967,P35557,T,332,M,NONSYN,0.3518740482942453,0.680363332425229,0.12849340760443892,-0.8553000000000001,100.0,2.0,6.0,1.30839254208818,0.0972440325893306,0.007197624024387447,1.3084,0.0972440325893306,1.30839254208818,0.0972440325893306,,0.0972440325893306,0.06876191487384128,0.6675,0.6408736879469445,0.5191516876220703,1.2973,0.0682,1.0,,,,27.97248536712598,,,,
6968,P35557,T,332,W,NONSYN,0.2914737870902876,0.002156270047802019,0.04613708034574293,-1.5825333333333333,100.0,2.0,6.0,-0.350535043839276,0.21130028850772697,0.990819725567924,-0.3505,0.21130028850772697,-0.350535043839276,0.21130028850772697,,0.21130028850772697,0.14941186687048766,0.1204,0.4709682551658751,0.28461822867393494,-0.2488,0.1323,1.0,,,,27.97248536712598,,,,
6969,P35557,T,332,H,NONSYN,0.3614886802674268,0.016343451324109044,0.08871328707281277,-1.2503,100.0,2.0,6.0,-0.266929132573484,0.687622867782375,0.9862463461688972,-0.2669,0.687622867782375,-0.266929132573484,0.687622867782375,,0.687622867782375,0.4862227927078581,0.1392,0.4061670430825935,0.33192384243011475,0.0101,0.2741,0.997,,,,27.97248536712598,,,,
6970,P35557,T,332,Q,NONSYN,0.1843049627657748,0.6109644461794089,0.1127440632568439,-0.8452333333333334,100.0,2.0,6.0,1.5165892008256399,0.279006053412297,0.0017349423713292752,1.5166,0.279006053412297,1.5165892008256399,0.279006053412297,,0.279006053412297,0.1972870723599313,0.6793,0.8373030785035573,0.48036468029022217,1.3957,0.1825,0.997,,,,27.97248536712598,,,,
6971,P35557,T,332,*,STOP,,,,,100.0,2.0,6.0,-0.244247447828212,0.05,0.9846367985880112,-0.2442,0.05,-0.244247447828212,0.05,,0.05,0.035355339059327376,,,,-0.2442,0.0354,,,,,27.97248536712598,H,336.0,,
6972,P35557,R,333,S,NONSYN,0.4030125793742561,1.5630867590924584,0.13154022976122465,-0.8416666666666667,100.0,2.0,6.0,0.937628768421182,0.283353759553661,0.07543161975708788,0.9376,0.283353759553661,0.937628768421182,0.283353759553661,,0.283353759553661,0.20036136485509615,1.0865,0.14882252361678183,0.5422284007072449,0.9555,0.1879,0.765,,,,145.94570758295617,,,,
6973,P35557,R,333,A,NONSYN,0.3189859929557896,0.971221631537832,0.1362198750127742,-1.0746,100.0,2.0,6.0,1.89765820874237,0.398669872611978,0.00011190771718218508,1.8977,0.398669872611978,1.89765820874237,0.398669872611978,,0.398669872611978,0.2819021703787067,0.9178,0.9798223174955742,0.503322958946228,1.6637,0.246,0.011000000000000001,,,,145.94570758295617,,,,
6974,P35557,R,333,V,NONSYN,0.398009908378716,1.4241862212382517,0.05999272360222746,-1.9711666666666667,100.0,2.0,6.0,1.66610534636578,0.12915727598257598,0.0006039877248137401,1.6661,0.12915727598257598,1.66610534636578,0.12915727598257598,,0.12915727598257598,0.09132798568686187,1.0859,0.5801953837116662,0.47218745946884155,1.6452,0.0897,0.5529999999999999,,,,145.94570758295617,,,,
6975,P35557,R,333,R,SYN,,,,,100.0,2.0,6.0,1.02870136980054,0.05,0.04368301885855539,1.0287,0.05,1.02870136980054,0.05,,0.05,0.035355339059327376,,,,1.0287,0.0354,,,,,145.94570758295617,,,,
6976,P35557,R,333,D,NONSYN,0.1122725979085614,1.501917684244141,0.13131499273313393,-1.7069333333333334,100.0,2.0,6.0,1.6898162350891297,0.9199069386455749,0.0005096806909896365,1.6898,0.9199069386455749,1.6898162350891297,0.9199069386455749,,0.9199069386455749,0.6504724343768433,1.0838,0.6059823022125428,0.5362364649772644,1.329,0.4138,0.805,,,,145.94570758295617,,,,
6977,P35557,R,333,F,NONSYN,0.3436253892885596,0.9491509733403269,0.13373355124920563,-2.1555666666666666,100.0,2.0,6.0,0.929573637436495,0.109586388343818,0.07905509056944593,0.9296,0.109586388343818,0.929573637436495,0.109586388343818,,0.109586388343818,0.07748927832365612,0.8476,0.08200822491513271,0.49219486117362976,0.9276,0.0765,0.9590000000000001,,,,145.94570758295617,,,,
6978,P35557,R,333,T,NONSYN,0.292232657128476,0.9993209224154653,0.1274395801373968,-1.0614333333333332,100.0,2.0,6.0,1.81336033610947,0.44789262894208,0.00020822350299539976,1.8134,0.44789262894208,1.81336033610947,0.44789262894208,,0.44789262894208,0.31670791516841484,0.9103,0.9030191925013766,0.4769497513771057,1.537,0.2638,0.892,,,,145.94570758295617,,,,
6979,P35557,R,333,I,NONSYN,0.35928103966798514,0.8404678776395752,0.07822454892931442,-2.1296999999999997,100.0,2.0,6.0,1.25562292453875,0.473064123192372,0.010224901367883097,1.2556,0.473064123192372,1.25562292453875,0.473064123192372,,0.473064123192372,0.33450684944539455,0.8818,0.3738386046611255,0.3946331739425659,1.0993,0.2552,0.9229999999999999,,,,145.94570758295617,,,,
6980,P35557,R,333,L,NONSYN,0.3775202648814329,1.885331545164507,0.0785344112659095,-1.8647666666666665,100.0,2.0,6.0,1.53724186742796,0.168309578129377,0.0015020373674581476,1.5372,0.168309578129377,1.53724186742796,0.168309578129377,,0.168309578129377,0.11901284403392949,1.2191,0.3181590350915342,0.7672966718673706,1.5298,0.1176,0.867,,,,145.94570758295617,,,,
6981,P35557,R,333,K,NONSYN,0.4996982892545154,1.0962390145340946,0.24557763081056747,-0.31583333333333335,100.0,2.0,6.0,1.49426733016029,0.32276892368297805,0.0020262526550181414,1.4943,0.32276892368297805,1.49426733016029,0.32276892368297805,,0.32276892368297805,0.228232094692517,0.9237,0.5706106877233088,0.6282923817634583,1.4277,0.2145,0.16899999999999998,,,,145.94570758295617,,,,
6982,P35557,R,333,G,NONSYN,0.4710347881166008,1.7958311146903931,0.0798953789195162,-1.865,100.0,2.0,6.0,1.8057431588503001,0.15635534315624697,0.0002201515734571803,1.8057,0.15635534315624697,1.8057431588503001,0.15635534315624697,,0.15635534315624697,0.11055992342053186,1.2191,0.5866603265138743,0.7672966718673706,1.7938,0.1094,0.765,,,,145.94570758295617,,,,
6983,P35557,R,333,Y,NONSYN,0.3907391645635834,1.3371410525147045,0.2457104094012322,-1.6721666666666666,100.0,2.0,6.0,2.18414613027744,0.264365603434235,1.2761068996753854e-05,2.1841,0.264365603434235,2.18414613027744,0.264365603434235,,0.264365603434235,0.18693471090082117,1.0674,1.116788828565404,0.7361298203468323,2.1165,0.1812,0.986,,,,145.94570758295617,,,,
6984,P35557,R,333,N,NONSYN,0.4070897773431755,1.2273547663312723,0.24060436554397194,-0.6592999999999999,100.0,2.0,6.0,1.88814250929407,0.192679473687005,0.00012008225958512566,1.8881,0.192679473687005,1.88814250929407,0.192679473687005,,0.192679473687005,0.13624496243953618,1.1032,0.7849057148223293,0.7032926678657532,1.8598,0.1338,0.025,,,,145.94570758295617,,,,
6985,P35557,R,333,C,NONSYN,0.3945781846907973,0.703640403697232,0.13275949510006455,-2.1973999999999996,100.0,2.0,6.0,1.14550648477084,0.33969720734760606,0.020960349919115405,1.1455,0.33969720734760606,1.14550648477084,0.33969720734760606,,0.33969720734760606,0.2402021988656249,0.6699,0.47560159709460104,0.4859640896320343,1.0521,0.2153,1.0,,,,145.94570758295617,,,,
6986,P35557,R,333,P,NONSYN,0.180066694070857,1.8932351747389564,0.22859048067339993,-1.7161666666666668,100.0,2.0,6.0,0.515863763604683,0.464810849792041,0.5140728743661191,0.5159,0.464810849792041,0.515863763604683,0.464810849792041,,0.464810849792041,0.32867090385703396,1.2514,0.7355476743835982,0.879318356513977,0.606,0.3079,0.991,,,,145.94570758295617,,,,
6987,P35557,R,333,E,NONSYN,0.2774716424939038,1.574476495485874,0.1239068646564709,-0.8858,100.0,2.0,6.0,0.903459559240935,0.339687989061568,0.09187694232848734,0.9035,0.339687989061568,0.903459559240935,0.339687989061568,,0.339687989061568,0.24019568055305648,1.0949,0.19144176407754643,0.6055117249488831,0.9295,0.2233,0.33799999999999997,,,,145.94570758295617,,,,
6988,P35557,R,333,M,NONSYN,0.37044865400284027,1.5495491044243408,0.1563178434832008,-1.0532666666666668,100.0,2.0,6.0,0.162675790082844,0.230452203632517,0.8854892304768746,0.1627,0.230452203632517,0.162675790082844,0.230452203632517,,0.230452203632517,0.16295431592793588,1.0513,0.8885968406086844,0.6310639977455139,0.2182,0.1578,0.96,,,,145.94570758295617,,,,
6989,P35557,R,333,W,NONSYN,0.38841440406711497,1.2837673027803416,0.11843433321213376,-2.1376333333333335,100.0,2.0,6.0,-0.0742753508835493,0.28539912849205296,0.9644280479666357,-0.0743,0.28539912849205296,-0.0742753508835493,0.28539912849205296,,0.28539912849205296,0.20180765910146142,1.0064,1.0807169440537152,0.5438860058784485,0.0565,0.1892,0.9990000000000001,,,,145.94570758295617,,,,
6990,P35557,R,333,H,NONSYN,0.3580838527509595,0.783733543837173,0.14035424023231585,-0.45376666666666665,100.0,2.0,6.0,1.8409759713317,0.919973374599953,0.00017005088952791892,1.841,0.919973374599953,1.8409759713317,0.919973374599953,,0.919973374599953,0.6505194116906986,0.7456,1.0954104376936995,0.5178318023681641,1.1705,0.4051,0.99,,,,145.94570758295617,,,,
6991,P35557,R,333,Q,NONSYN,0.3675437003413988,1.5441926799555683,0.2355683811392044,-0.5823,100.0,2.0,6.0,-0.44040143702348605,0.4495267734278329,0.9940123248124167,-0.4404,0.4495267734278329,-0.44040143702348605,0.4495267734278329,,0.4495267734278329,0.31786342981572935,1.1129,1.5532709381373777,0.7242569923400879,-0.1895,0.2911,0.075,,,,145.94570758295617,,,,
6992,P35557,R,333,*,STOP,,,,,100.0,2.0,6.0,-0.44673973355331503,0.05,0.9941883707705875,-0.4467,0.05,-0.44673973355331503,0.05,,0.05,0.035355339059327376,,,,-0.4467,0.0354,,,,,145.94570758295617,,,,
6993,P35557,F,334,S,NONSYN,0.3509668135339838,1.062100000458712,0.2562991262729506,-1.8094999999999999,100.0,2.0,6.0,0.977609385226435,0.36295964034635103,0.05954883300508006,0.9776,0.36295964034635103,0.977609385226435,0.36295964034635103,,0.36295964034635103,0.25665122298593523,0.9369,0.040703822348780005,0.6606392860412598,0.9723,0.2392,0.868,,,,21.502387515958844,,,,
6994,P35557,F,334,A,NONSYN,0.21205940102164186,0.9861890465363637,0.2437399300350042,-1.7977999999999998,100.0,2.0,6.0,1.20534224699348,0.4947537730497029,0.014228321548593832,1.2053,0.4947537730497029,1.20534224699348,0.4947537730497029,,0.4947537730497029,0.34984374794107503,0.9346,0.2707829613527635,0.6106719970703125,1.1384,0.3036,0.644,,,,21.502387515958844,,,,
6995,P35557,F,334,V,NONSYN,0.3686871445054262,0.1672341060519106,0.2330477337954977,-1.0737666666666665,100.0,2.0,6.0,0.8978016793896579,0.655174415597418,0.09488212308680466,0.8978,0.655174415597418,0.8978016793896579,0.655174415597418,,0.655174415597418,0.4632782721288675,0.4483,0.44945390226143833,0.5674671530723572,0.718,0.3589,0.498,,,,21.502387515958844,,,,
6996,P35557,F,334,R,NONSYN,0.12156869505678705,0.9773214261070123,0.20024486403086358,-2.1628666666666665,100.0,2.0,6.0,1.41054205486543,0.252178827556105,0.003606712816989646,1.4105,0.252178827556105,1.41054205486543,0.252178827556105,,0.252178827556105,0.17831735903659482,0.8757,0.5348335940576296,0.5235713124275208,1.355,0.1688,0.963,,,,21.502387515958844,,,,
6997,P35557,F,334,D,NONSYN,0.1992068019592559,2.706805952239284,0.2088171321877731,-2.6122333333333336,100.0,2.0,6.0,0.477354552413307,0.683676075184884,0.5695768690265007,0.4774,0.683676075184884,0.477354552413307,0.683676075184884,,0.683676075184884,0.4834319888982354,1.1067,0.6293134430395739,0.7997075319290161,0.6458,0.4137,0.9840000000000001,,,,21.502387515958844,,,,
6998,P35557,F,334,F,SYN,,,,,100.0,2.0,6.0,0.758422202604941,0.05,0.1990135812992724,0.7584,0.05,0.758422202604941,0.05,,0.05,0.035355339059327376,,,,0.7584,0.0354,,,,,21.502387515958844,,,,
6999,P35557,F,334,T,NONSYN,0.18720675519309532,0.7796826682681136,0.15817973544729982,-1.6453666666666666,100.0,2.0,6.0,0.14937725647482597,0.9372408026616541,0.8926002069425195,0.1494,0.9372408026616541,0.14937725647482597,0.9372408026616541,,0.9372408026616541,0.6627293271667783,0.8549,0.705559700884488,0.5071430802345276,0.5944,0.4028,0.897,,,,21.502387515958844,,,,
7000,P35557,F,334,I,NONSYN,0.40023011164303374,1.5302803832382228,0.2577711984570034,-0.511,100.0,2.0,6.0,0.352317123678715,0.620124208899308,0.7301043257799744,0.3523,0.620124208899308,0.352317123678715,0.620124208899308,,0.620124208899308,0.4384940332906438,1.106,0.7536678025450398,0.7093575596809387,0.5607,0.373,0.578,,,,21.502387515958844,,,,
7001,P35557,F,334,L,NONSYN,0.4640274525972558,1.4212588079514816,0.2204997751522518,-0.3554666666666666,100.0,2.0,6.0,1.5794916475415302,0.532377458024179,0.0011166296397475393,1.5795,0.532377458024179,1.5794916475415302,0.532377458024179,,0.532377458024179,0.3764477107197535,1.1103,0.46923938637972595,0.6825023889541626,1.47,0.3296,0.004,,,,21.502387515958844,,,,
7002,P35557,F,334,K,NONSYN,0.1539819943883161,1.4824882665889134,0.14290249146469533,-1.9918333333333333,100.0,2.0,6.0,0.248367685779222,0.46081119747216404,0.8286326812644272,0.2484,0.46081119747216404,0.248367685779222,0.46081119747216404,,0.46081119747216404,0.3258427225792604,1.0452,0.7968383841670671,0.603649377822876,0.4282,0.2867,0.963,,,,21.502387515958844,,,,
7003,P35557,F,334,G,NONSYN,0.22544940105055214,1.7988372464354396,0.21660083345754758,-2.584433333333333,100.0,2.0,6.0,3.20126066982484,0.638599327678472,2.681856992341359e-09,3.2013,0.638599327678472,3.20126066982484,0.638599327678472,,0.638599327678472,0.45155791506261767,1.1497,2.0515678960058703,1.3042564392089844,2.9817,0.4267,0.011000000000000001,,,,21.502387515958844,,,,
7004,P35557,F,334,Y,NONSYN,0.41795167961904656,1.83031698257242,0.2073690267385361,-0.19666666666666666,100.0,2.0,6.0,0.483710584948034,0.295837366867786,0.5605267610997845,0.4837,0.295837366867786,0.483710584948034,0.295837366867786,,0.295837366867786,0.2091886082405839,1.2433,0.7595993897223762,0.7504061460494995,0.5385,0.2015,0.004,,,,21.502387515958844,,,,
7005,P35557,F,334,N,NONSYN,0.06350654443895225,0.8721234949790464,0.21652213157095232,-2.4017,100.0,2.0,6.0,0.852016094633985,0.6709786884613771,0.12244265567626302,0.852,0.6709786884613771,0.852016094633985,0.6709786884613771,,0.6709786884613771,0.4744535806426956,0.8324,0.01966309876148742,0.5484843254089355,0.8436,0.3588,0.968,,,,21.502387515958844,,,,
7006,P35557,F,334,C,NONSYN,0.42192151878195305,0.37342515453128394,0.2914860869633022,-1.5309000000000001,100.0,2.0,6.0,0.156096372584426,0.271760777603999,0.8890597348978638,0.1561,0.271760777603999,0.156096372584426,0.271760777603999,,0.271760777603999,0.19216388870431694,0.4204,0.26431801559535306,0.49699047207832336,0.1905,0.1792,0.998,,,,21.502387515958844,,,,
7007,P35557,F,334,P,NONSYN,0.14474630447280185,1.5102104389573772,0.27135815585279677,-2.5313999999999997,100.0,2.0,6.0,0.728473877658402,0.5593441386416229,0.2297100112512665,0.7285,0.5593441386416229,0.728473877658402,0.5593441386416229,,0.5593441386416229,0.39551603345043995,1.0555,0.32705273653074596,0.985285758972168,0.7739,0.367,0.995,,,,21.502387515958844,,,,
7008,P35557,F,334,E,NONSYN,0.14341137314980398,1.4690296999655164,0.25691416016988405,-2.5673,100.0,2.0,6.0,4.190683309234609,0.25339245799378196,2.2791160245489157e-13,4.1907,0.25339245799378196,4.190683309234609,0.25339245799378196,,0.25339245799378196,0.1791755253489306,1.0638,3.1268898884429834,1.754448413848877,4.1584,0.1782,0.9490000000000001,,,,21.502387515958844,,,,
7009,P35557,F,334,M,NONSYN,0.21680558431241104,1.2432400828708319,0.1936835781580931,-0.25303333333333333,100.0,2.0,6.0,2.11354782278348,0.6952327386606391,2.198137587526902e-05,2.1135,0.6952327386606391,2.11354782278348,0.6952327386606391,,0.6952327386606391,0.4916037840098326,1.0973,1.0162303655843834,0.6502172946929932,1.7439,0.3921,0.373,,,,21.502387515958844,,,,
7010,P35557,F,334,W,NONSYN,0.32132997916102696,1.3484521980012418,0.25290845436209736,-0.3639333333333333,100.0,2.0,6.0,1.79791147739225,0.0852063365655389,0.00023311205534171128,1.7979,0.0852063365655389,1.79791147739225,0.0852063365655389,,0.0852063365655389,0.06024997838555583,1.0674,0.7305541756802139,0.78817218542099,1.7937,0.0601,0.972,,,,21.502387515958844,,,,
7011,P35557,F,334,H,NONSYN,0.3132585296390889,0.40109176948296993,0.2770406866700679,-1.3437666666666666,100.0,2.0,6.0,-0.0067111781074091,0.720551509180979,0.9502075214739841,-0.0067,0.720551509180979,-0.0067111781074091,0.720551509180979,,0.720551509180979,0.509506858336071,0.6713,0.6780052712394281,0.5548545122146606,0.3035,0.3753,0.902,,,,21.502387515958844,,,,
7012,P35557,F,334,Q,NONSYN,0.15363519183063878,0.954750662546044,0.17008534079008333,-2.0034333333333336,100.0,2.0,6.0,1.8315804979078303,0.243320242043738,0.00018219846238506823,1.8316,0.243320242043738,1.8315804979078303,0.243320242043738,,0.243320242043738,0.17205339314907922,0.867,0.964599528001977,0.5103827714920044,1.7331,0.163,0.9490000000000001,,,,21.502387515958844,,,,
7013,P35557,F,334,*,STOP,,,,,100.0,2.0,6.0,0.158954011104129,0.05,0.8875216889688636,0.159,0.05,0.158954011104129,0.05,,0.05,0.035355339059327376,,,,0.159,0.0354,,,,,21.502387515958844,,,,
7014,P35557,V,335,S,NONSYN,0.33699392667600697,0.2722796808358268,0.24548319889643613,-1.4466,100.0,2.0,6.0,1.2137993310392299,0.39815077085640604,0.013463161417834733,1.2138,0.39815077085640604,1.2137993310392299,0.39815077085640604,,0.39815077085640604,0.2815351100072159,0.5025,0.7112624977529445,0.6071400046348572,1.0879,0.2554,0.9890000000000001,,,,0.3727359227218765,,,,
7015,P35557,V,335,A,NONSYN,0.4716545268994549,0.9453473249337336,0.18091720559605692,-0.7901333333333334,100.0,2.0,6.0,1.34462628981083,0.0853235176743504,0.005642412870558408,1.3446,0.0853235176743504,1.34462628981083,0.0853235176743504,,0.0853235176743504,0.060332837942223404,0.9144,0.4302445473334131,0.5094112157821655,1.3387,0.0599,0.013000000000000001,,,,0.3727359227218765,,,,
7016,P35557,V,335,V,SYN,,,,,100.0,2.0,6.0,0.6625621571659859,0.05,0.3074938023081992,0.6626,0.05,0.6625621571659859,0.05,,0.05,0.035355339059327376,,,,0.6626,0.0354,,,,,0.3727359227218765,,,,
7017,P35557,V,335,R,NONSYN,0.17643841508486408,0.5016099368230282,0.2475651807267123,-1.9857333333333334,100.0,2.0,6.0,-0.183727308904942,0.32558393880830605,0.9793214486301683,-0.1837,0.32558393880830605,-0.183727308904942,0.32558393880830605,,0.32558393880830605,0.23022261097677912,0.4671,0.6508570162413678,0.5785536170005798,-0.0948,0.2139,1.0,,,,0.3727359227218765,,,,
7018,P35557,V,335,D,NONSYN,0.27348180848279724,1.1148052291632429,0.19491546156631864,-2.3809,100.0,2.0,6.0,0.7146810649133579,0.7991109802682841,0.24485685103367022,0.7147,0.7991109802682841,0.7146810649133579,0.7991109802682841,,0.7991109802682841,0.565056793068333,0.8465,0.1318183781408413,0.4956456124782562,0.7892,0.3726,1.0,,,,0.3727359227218765,,,,
7019,P35557,V,335,F,NONSYN,0.4053248813429461,1.5044675323783068,0.09838428256041291,-0.9184666666666667,100.0,2.0,6.0,0.309236732059062,0.3413985437978189,0.7751047227619396,0.3092,0.3413985437978189,0.309236732059062,0.3413985437978189,,0.3413985437978189,0.2414052254066503,1.0452,0.7359693378872271,0.527378499507904,0.4367,0.2195,0.973,,,,0.3727359227218765,,,,
7020,P35557,V,335,T,NONSYN,0.3185872156759129,1.40960472827617,0.14158339664712816,-0.1374,100.0,2.0,6.0,0.5718282664572789,0.681307127042028,0.4324188629133952,0.5718,0.681307127042028,0.5718282664572789,0.681307127042028,,0.681307127042028,0.4817568896021426,1.0452,0.47337780348901015,0.5982897877693176,0.758,0.3752,0.986,,,,0.3727359227218765,,,,
7021,P35557,V,335,I,NONSYN,0.4306262074024321,1.1520053871583196,0.21314115646163032,-0.1123,100.0,2.0,6.0,1.3931517798582602,0.122031016193441,0.004060999505623983,1.3932,0.122031016193441,1.3931517798582602,0.122031016193441,,0.122031016193441,0.08628895906546752,1.0115,0.3816259104887534,0.6086856126785278,1.3856,0.0854,0.003,,,,0.3727359227218765,,,,
7022,P35557,V,335,L,NONSYN,0.4667115524229356,1.1610711984155164,0.2107674471863634,-0.29109999999999997,100.0,2.0,6.0,1.31742885603924,0.159349762430101,0.006774840551661683,1.3174,0.159349762430101,1.31742885603924,0.159349762430101,,0.159349762430101,0.11267729759478974,1.0115,0.30590298666973315,0.6429727077484131,1.3083,0.111,0.106,,,,0.3727359227218765,,,,
7023,P35557,V,335,K,NONSYN,0.1909141340536438,0.31289807605198067,0.2311570410755686,-1.7571333333333332,100.0,2.0,6.0,-0.6413834985597231,0.634999715493684,0.9976277746823345,-0.6414,0.634999715493684,-0.6413834985597231,0.634999715493684,,0.634999715493684,0.44901260487711225,0.4111,1.0525057312352755,0.5562400221824646,-0.2261,0.3494,0.998,,,,0.3727359227218765,,,,
7024,P35557,V,335,G,NONSYN,0.3807983932718594,0.9283142787189188,0.2682213988525463,-2.365066666666667,100.0,2.0,6.0,1.2741539162463302,0.165728963005371,0.009043294021398746,1.2742,0.165728963005371,1.2741539162463302,0.165728963005371,,0.165728963005371,0.11718807358011228,0.89,0.38411721409026334,0.544749915599823,1.2572,0.1146,0.8759999999999999,,,,0.3727359227218765,,,,
7025,P35557,V,335,Y,NONSYN,0.33250944557826595,0.31289807605198067,0.2311570410755686,-1.7571333333333332,100.0,2.0,6.0,-0.0566364117557086,0.19113850236634697,0.9611642524997064,-0.0566,0.19113850236634697,-0.0566364117557086,0.19113850236634697,,0.19113850236634697,0.1351553311690849,0.3835,0.4401353784495868,0.5556114912033081,-0.032,0.1313,1.0,,,,0.3727359227218765,,,,
7026,P35557,V,335,N,NONSYN,0.2445312890805706,0.13114178643632832,0.12121758597649897,-2.1033666666666666,100.0,2.0,6.0,1.8196612060291397,0.7739113393148052,0.00019883657607856032,1.8197,0.7739113393148052,1.8196612060291397,0.7739113393148052,,0.7739113393148052,0.5472379560666618,0.2995,1.5201363027317154,0.3951731324195862,0.8205,0.3204,0.9940000000000001,,,,0.3727359227218765,,,,
7027,P35557,V,335,C,NONSYN,0.4349501020449153,0.9558874509697072,0.12524578163425235,-0.9503666666666666,100.0,2.0,6.0,1.9549769762848601,0.0917947056578616,7.302441785039488e-05,1.955,0.0917947056578616,1.9549769762848601,0.0917947056578616,,0.0917947056578616,0.06490865884769707,0.8225,1.1324704889153228,0.4902043640613556,1.9355,0.0643,0.998,,,,0.3727359227218765,,,,
7028,P35557,V,335,P,NONSYN,0.17175025849116904,-0.27596385176323107,0.17108153794862338,-1.883333333333333,100.0,2.0,6.0,0.326552102999668,0.3178520677161,0.7577285024759327,0.3266,0.3178520677161,0.326552102999668,0.3178520677161,,0.3178520677161,0.22475535249621997,0.0952,0.23132656021593084,0.3033336102962494,0.2446,0.1806,0.9940000000000001,,,,0.3727359227218765,,,,
7029,P35557,V,335,E,NONSYN,0.32079411141973807,-0.026641841393541348,0.2741111180005525,-1.7854,100.0,2.0,6.0,0.37723625377684294,0.112092577668849,0.7014221703197969,0.3772,0.112092577668849,0.37723625377684294,0.112092577668849,,0.112092577668849,0.07926142179032289,0.1466,0.2306194968607968,0.3679772913455963,0.367,0.0775,0.995,,,,0.3727359227218765,,,,
7030,P35557,V,335,M,NONSYN,0.4348220015603004,1.077961137435783,0.16614114662156607,-0.2969,100.0,2.0,6.0,1.5667590389784398,0.5728464002292671,0.001221278774539243,1.5668,0.5728464002292671,1.5667590389784398,0.5728464002292671,,0.5728464002292671,0.4050635741804178,0.8706,0.6961398611601415,0.5427669882774353,1.3177,0.3246,0.991,,,,0.3727359227218765,,,,
7031,P35557,V,335,W,NONSYN,0.20407639127029992,0.10003049247374897,0.27359931253762265,-1.7649666666666668,100.0,2.0,6.0,-0.002780747825028,0.13270466230167802,0.9492243116795998,-0.0028,0.13270466230167802,-0.002780747825028,0.13270466230167802,,0.13270466230167802,0.09383636660858731,0.2387,0.2414843563379064,0.39779436588287354,0.0099,0.0913,1.0,,,,0.3727359227218765,,,,
7032,P35557,V,335,H,NONSYN,0.2484595230317529,0.7835383206791852,0.2732034265601066,-2.2657666666666665,100.0,2.0,6.0,0.25060056521425894,0.23969108981797305,0.8268723908581713,0.2506,0.23969108981797305,0.25060056521425894,0.23969108981797305,,0.23969108981797305,0.16948719500028256,0.7029,0.4522591345118458,0.5478737950325012,0.2901,0.1619,1.0,,,,0.3727359227218765,,,,
7033,P35557,V,335,Q,NONSYN,0.31633139311143543,-0.0889759975359694,0.15517014175165358,-1.7866,100.0,2.0,6.0,0.5642387222041271,0.965209368030361,0.4434288545756588,0.5642,0.965209368030361,0.5642387222041271,0.965209368030361,,0.965209368030361,0.6825060893990502,0.0999,0.4643153499354503,0.3081890344619751,0.1786,0.2809,0.9990000000000001,,,,0.3727359227218765,,,,
7034,P35557,V,335,*,STOP,,,,,100.0,2.0,6.0,-0.0982944049641061,0.05,0.9684326910688857,-0.0983,0.05,-0.0982944049641061,0.05,,0.05,0.035355339059327376,,,,-0.0983,0.0354,,,,,0.3727359227218765,,,,
7035,P35557,S,336,S,SYN,,,,,100.0,2.0,6.0,0.9996186009112091,0.05,0.052159787693883825,0.9996,0.05,0.9996186009112091,0.05,,0.05,0.035355339059327376,,,,0.9996,0.0354,,,,,17.596477743262735,,,,
7036,P35557,S,336,A,NONSYN,0.4563330621977513,1.0029870526537994,0.2835499752387329,-0.01466666666666668,100.0,2.0,6.0,0.347601130446385,0.564237049142032,0.7353172779881131,0.3476,0.564237049142032,0.347601130446385,0.564237049142032,,0.564237049142032,0.39897584364501804,0.9346,0.5869581551943315,0.5141426920890808,0.5682,0.3152,0.59,,,,17.596477743262735,,,,
7037,P35557,S,336,V,NONSYN,0.3566796973350173,0.27465371296416263,0.31855546568398185,-1.3498999999999999,100.0,2.0,6.0,0.49804356304592795,0.25292108525039003,0.5399371808173032,0.498,0.25292108525039003,0.49804356304592795,0.25292108525039003,,0.25292108525039003,0.17884221448561166,0.3667,0.13135799375958152,0.43700945377349854,0.4792,0.1655,0.998,,,,17.596477743262735,,,,
7038,P35557,S,336,R,NONSYN,0.5078165034060199,0.5100511617435369,0.3214371452678608,-0.9542999999999999,100.0,2.0,6.0,0.608672131285181,0.407873945067675,0.37987551827205013,0.6087,0.407873945067675,0.608672131285181,0.407873945067675,,0.407873945067675,0.28841043242666237,0.5489,0.05977623580407143,0.5061624050140381,0.594,0.2506,0.9990000000000001,,,,17.596477743262735,,,,
7039,P35557,S,336,D,NONSYN,0.26426002389568154,1.2783849810828283,0.1396273714162807,-0.6365333333333334,100.0,2.0,6.0,0.171993758017462,0.272525564239738,0.8802527375478038,0.172,0.272525564239738,0.171993758017462,0.272525564239738,,0.272525564239738,0.1927046745206088,0.9981,0.8260978800707643,0.6057568788528442,0.2479,0.1836,0.992,,,,17.596477743262735,,,,
7040,P35557,S,336,F,NONSYN,0.4400921079880442,-0.08971117504431232,0.2322234579001149,-1.7383,100.0,2.0,6.0,0.9735387551981759,0.136469848720708,0.061015383516248314,0.9735,0.136469848720708,0.9735387551981759,0.136469848720708,,0.136469848720708,0.0964987554579149,0.1461,0.8274115610319924,0.4617653489112854,0.9389,0.0945,1.0,,,,17.596477743262735,,,,
7041,P35557,S,336,T,NONSYN,0.5032644910640633,0.49857065225302094,0.30138256890605597,-0.06083333333333333,100.0,2.0,6.0,1.86085033164872,0.361397134381295,0.00014690826258445324,1.8609,0.361397134381295,1.86085033164872,0.361397134381295,,0.361397134381295,0.25554636442239964,0.7229,1.1379548286045915,0.5376430749893188,1.6511,0.2308,0.9179999999999999,,,,17.596477743262735,,,,
7042,P35557,S,336,I,NONSYN,0.40690641070991895,0.277832319896362,0.18340290531385625,-1.7275666666666665,100.0,2.0,6.0,-0.129091729623847,0.619567572260903,0.9729078317512223,-0.1291,0.619567572260903,-0.129091729623847,0.619567572260903,,0.619567572260903,0.4381004317489708,0.342,0.4711380202599096,0.4410821795463562,0.1049,0.3108,0.9990000000000001,,,,17.596477743262735,,,,
7043,P35557,S,336,L,NONSYN,0.393745075519064,0.3502685997670443,0.22182294831573765,-1.7093,100.0,2.0,6.0,-0.346400569235894,0.32190941521281,0.9906357151242761,-0.3464,0.32190941521281,-0.346400569235894,0.32190941521281,,0.32190941521281,0.22762433042477392,0.4089,0.7552884919997185,0.5551053285598755,-0.2377,0.2106,0.9990000000000001,,,,17.596477743262735,,,,
7044,P35557,S,336,K,NONSYN,0.33912790346884786,1.3675814536852142,0.24862509848626305,-0.6167666666666666,100.0,2.0,6.0,0.143695785072595,0.34653454658298605,0.8955122135944179,0.1437,0.34653454658298605,0.143695785072595,0.34653454658298605,,0.34653454658298605,0.24503692780423497,1.041,0.897336529227942,0.704114556312561,0.2406,0.2314,0.996,,,,17.596477743262735,,,,
7045,P35557,S,336,G,NONSYN,0.4188135801978989,1.2098285107965288,0.10889546970335606,-0.6509999999999999,100.0,2.0,6.0,0.37766316887636,0.4601593361487801,0.7009144654103378,0.3777,0.4601593361487801,0.37766316887636,0.4601593361487801,,0.4601593361487801,0.32538178701710235,0.9906,0.612962093384077,0.5525895953178406,0.5355,0.2804,0.99,,,,17.596477743262735,,,,
7046,P35557,S,336,Y,NONSYN,0.3987520148682556,0.16899685067617662,0.1744614032823368,-1.6658,100.0,2.0,6.0,0.206358773726804,0.695132772197969,0.8590211205167856,0.2064,0.695132772197969,0.206358773726804,0.695132772197969,,0.695132772197969,0.4915330970461874,0.2493,0.04294745801033284,0.4099770784378052,0.2317,0.3148,1.0,,,,17.596477743262735,,,,
7047,P35557,S,336,N,NONSYN,0.3577198430860929,1.357560774208556,0.26026447507307016,-0.23683333333333337,100.0,2.0,6.0,0.736825623432925,0.659379291494015,0.22084544948213458,0.7368,0.659379291494015,0.736825623432925,0.659379291494015,,0.659379291494015,0.46625156838939913,1.0717,0.33483191498107645,0.6809855103492737,0.8437,0.3847,0.937,,,,17.596477743262735,,,,
7048,P35557,S,336,C,NONSYN,0.4413057931247456,0.3945889259347697,0.21449441298222127,-0.9221333333333334,100.0,2.0,6.0,0.9550588387114829,1.0945377507868899,0.0680919044875712,0.9551,1.0945377507868899,0.9550588387114829,1.0945377507868899,,1.0945377507868899,0.7739550658460812,0.4002,0.5548405307395285,0.5405642986297607,0.5821,0.4432,1.0,,,,17.596477743262735,,,,
7049,P35557,S,336,P,NONSYN,0.3754690196139504,0.6580164690870404,0.3030024888090023,-0.9290666666666666,100.0,2.0,6.0,0.16477620925467099,0.611199719787329,0.8843274170348314,0.1648,0.611199719787329,0.16477620925467099,0.611199719787329,,0.611199719787329,0.432183466520938,0.843,0.6782693234487287,0.5443220734596252,0.427,0.3385,0.129,,,,17.596477743262735,,,,
7050,P35557,S,336,E,NONSYN,0.32956968841657797,0.3108813856095693,0.2596637205729481,-0.6321,100.0,2.0,6.0,3.3137959892995297,0.13817251772620498,9.771600868294884e-10,3.3138,0.13817251772620498,3.3137959892995297,0.13817251772620498,,0.13817251772620498,0.09770272425781798,0.5874,2.7263603265531002,0.6296406388282776,3.2497,0.0965,0.9890000000000001,,,,17.596477743262735,,,,
7051,P35557,S,336,M,NONSYN,0.4679817126368144,0.559313697323636,0.17729489965054165,-1.5591333333333335,100.0,2.0,6.0,-0.33745647354579905,0.38127951168039004,0.9902244054616365,-0.3375,0.38127951168039004,-0.33745647354579905,0.38127951168039004,,0.38127951168039004,0.26960532823669925,0.6183,0.9557609645888898,0.5382977724075317,-0.1458,0.2411,1.0,,,,17.596477743262735,,,,
7052,P35557,S,336,W,NONSYN,0.3832492129242465,0.16601548544614497,0.16768251545534488,-1.7880333333333336,100.0,2.0,6.0,-0.598205555730736,0.8700202084269641,0.9971162052034571,-0.5982,0.8700202084269641,-0.598205555730736,0.8700202084269641,,0.8700202084269641,0.6151971891480398,0.2449,0.8431228292521593,0.40905341506004333,-0.0136,0.3406,1.0,,,,17.596477743262735,,,,
7053,P35557,S,336,H,NONSYN,0.2629764798769622,0.576169059750445,0.31072845777041064,-0.9429,100.0,2.0,6.0,0.41031843726445705,0.536856689515368,0.6605387436192905,0.4103,0.536856689515368,0.41031843726445705,0.536856689515368,,0.536856689515368,0.3796150056816776,0.6464,0.2360548942823264,0.5668741464614868,0.4834,0.3154,1.0,,,,17.596477743262735,,,,
7054,P35557,S,336,Q,NONSYN,0.3963611118941722,1.2783849810828283,0.1396273714162807,-0.6365333333333333,100.0,2.0,6.0,0.41128520287975295,0.939053594557727,0.6592990180668585,0.4113,0.939053594557727,0.41128520287975295,0.939053594557727,,0.939053594557727,0.6640111646093715,0.9593,0.548041779618416,0.5201919078826904,0.7509,0.4095,0.9990000000000001,,,,17.596477743262735,,,,
7055,P35557,S,336,*,STOP,,,,,100.0,2.0,6.0,0.46912361756652105,0.05,0.5812102907166096,0.4691,0.05,0.46912361756652105,0.05,,0.05,0.035355339059327376,,,,0.4691,0.0354,,,,,17.596477743262735,,,,
7056,P35557,Q,337,S,NONSYN,0.4409447200841817,1.0721940290340652,0.07733332918514302,-0.6639,100.0,2.0,6.0,0.849207791817346,0.149577447924415,0.12433111256272722,0.8492,0.149577447924415,0.849207791817346,0.149577447924415,,0.149577447924415,0.10576722773993151,0.9168,0.06761356877072777,0.40938636660575867,0.8534,0.1024,0.68,,,,55.89661980677639,,,,
7057,P35557,Q,337,A,NONSYN,0.4409062194732345,1.2038489155260017,0.06070853736195367,-0.7354333333333333,100.0,2.0,6.0,1.73129408365156,0.25236004022104397,0.00037812446229134857,1.7313,0.25236004022104397,1.73129408365156,0.25236004022104397,,0.25236004022104397,0.17844549574081006,1.0793,0.6519767523374731,0.49504342675209045,1.6563,0.1679,0.013000000000000001,,,,55.89661980677639,,,,
7058,P35557,Q,337,V,NONSYN,0.3518917047261823,1.029276033190896,0.038651654764845327,-1.6304999999999998,100.0,2.0,6.0,2.02597984404695,0.35709702441415897,4.2809921491945794e-05,2.026,0.35709702441415897,2.02597984404695,0.35709702441415897,,0.35709702441415897,0.2525057275047899,0.9167,1.109304514838576,0.3940907120704651,1.7031,0.2126,0.004,,,,55.89661980677639,,,,
7059,P35557,Q,337,R,NONSYN,0.4495753804079927,1.23234994392087,0.07900844480111784,0.14876666666666669,100.0,2.0,6.0,1.50094430538349,0.10274463672280901,0.0019344529477054394,1.5009,0.10274463672280901,1.50094430538349,0.10274463672280901,,0.10274463672280901,0.07265142935724662,1.0779,0.42306988331012585,0.45176267623901367,1.4903,0.0717,0.669,,,,55.89661980677639,,,,
7060,P35557,Q,337,D,NONSYN,0.3761251669021567,1.332554554003892,0.07373379700164205,-0.7075333333333332,100.0,2.0,6.0,1.34517716821789,0.17934591238898498,0.005621487572567087,1.3452,0.17934591238898498,1.34517716821789,0.17934591238898498,,0.17934591238898498,0.12681671082833973,1.0838,0.261343235341303,0.4920490086078644,1.3289,0.1228,0.7559999999999999,,,,55.89661980677639,,,,
7061,P35557,Q,337,F,NONSYN,0.46856681542106005,1.3852151385449918,0.09316770765488264,-2.0619666666666667,100.0,2.0,6.0,0.285373116482234,0.0806182334726755,0.7974799636362706,0.2854,0.0806182334726755,0.285373116482234,0.0806182334726755,,0.0806182334726755,0.05700569957580915,1.0452,0.7598329534640551,0.5067514777183533,0.2949,0.0566,0.976,,,,55.89661980677639,,,,
7062,P35557,Q,337,T,NONSYN,0.4922881604041325,1.308559681228932,0.08104318434520144,-0.6848333333333333,100.0,2.0,6.0,1.41716178654277,0.108632904486074,0.003447103026673712,1.4172,0.108632904486074,1.41716178654277,0.108632904486074,,0.108632904486074,0.07681506342209345,1.0881,0.32906063793742324,0.4738939702510834,1.4087,0.0758,0.285,,,,55.89661980677639,,,,
7063,P35557,Q,337,I,NONSYN,0.4593577312581562,1.291472355966828,0.08662548353262585,-2.0460000000000003,100.0,2.0,6.0,0.566601464216725,0.166348284967218,0.43999653148432,0.5666,0.166348284967218,0.566601464216725,0.166348284967218,,0.166348284967218,0.11762600033907207,1.0838,0.5172324686598619,0.48132607340812683,0.5958,0.1143,0.672,,,,55.89661980677639,,,,
7064,P35557,Q,337,L,NONSYN,0.47697605168164703,0.9774466014132183,0.03584014415670619,-1.5785,100.0,2.0,6.0,0.913921948028515,0.12817696298948197,0.08653692636362731,0.9139,0.12817696298948197,0.913921948028515,0.12817696298948197,,0.12817696298948197,0.09063479972175982,0.9127,0.0011765318641168143,0.3940907120704651,0.9139,0.0883,0.39,,,,55.89661980677639,,,,
7065,P35557,Q,337,K,NONSYN,0.3813325671505154,1.2689315342608636,0.1840128486913655,0.2974666666666667,100.0,2.0,6.0,1.4532533422117901,0.307187344128628,0.002690590446377614,1.4533,0.307187344128628,1.4532533422117901,0.307187344128628,,0.307187344128628,0.21721425412803844,1.086,0.3672786489134503,0.5688333511352539,1.4065,0.2029,0.561,,,,55.89661980677639,,,,
7066,P35557,Q,337,G,NONSYN,0.4132083883745238,1.3849235914043685,0.09091130591537254,-1.6385666666666667,100.0,2.0,6.0,0.9590371694065329,0.0751120000815354,0.06650897550011413,0.959,0.0751120000815354,0.9590371694065329,0.0751120000815354,,0.0751120000815354,0.05311220460613819,1.0838,0.12479676347005397,0.4944925308227539,0.9605,0.0528,0.68,,,,55.89661980677639,,,,
7067,P35557,Q,337,Y,NONSYN,0.4840075968099441,1.0237896388498706,0.05776141367586469,-1.4618333333333335,100.0,2.0,6.0,0.7584336526954821,0.112514501950795,0.19900242631122853,0.7584,0.112514501950795,0.7584336526954821,0.112514501950795,,0.112514501950795,0.07955976731123417,0.9103,0.15190749091261113,0.3960433304309845,0.7643,0.078,0.741,,,,55.89661980677639,,,,
7068,P35557,Q,337,N,NONSYN,0.4518295354764143,0.8300876441445274,0.049848278452006047,-0.35083333333333333,100.0,2.0,6.0,1.12044435087426,0.0792642238023352,0.024601814192163486,1.1204,0.0792642238023352,1.12044435087426,0.0792642238023352,,0.0792642238023352,0.05604827015611937,0.8801,0.2403284842131883,0.4064828157424927,1.116,0.0555,0.7559999999999999,,,,55.89661980677639,,,,
7069,P35557,Q,337,C,NONSYN,0.4511413301447636,0.9593181415819697,0.09477732274630653,-1.9530666666666667,100.0,2.0,6.0,1.5630641073713,0.032464669057314995,0.0012533984909397138,1.5631,0.032464669057314995,1.5630641073713,0.032464669057314995,,0.032464669057314995,0.022955987639404513,0.8492,0.7138776869306263,0.443814754486084,1.5612,0.0229,0.996,,,,55.89661980677639,,,,
7070,P35557,Q,337,P,NONSYN,0.4853050517411639,1.0298391290889224,0.04766197816541151,-1.2671333333333334,100.0,2.0,6.0,0.942577986383457,0.196991272507624,0.07327906598318927,0.9426,0.196991272507624,0.942577986383457,0.196991272507624,,0.196991272507624,0.13929386462470802,0.9103,0.03223684277536376,0.39261773228645325,0.939,0.1313,0.825,,,,55.89661980677639,,,,
7071,P35557,Q,337,E,NONSYN,0.4564313440073604,1.3591832620906132,0.08049695007968329,0.2536666666666667,100.0,2.0,6.0,1.18249815872254,0.7663038011113129,0.01650921076677945,1.1825,0.7663038011113129,1.18249815872254,0.7663038011113129,,0.7663038011113129,0.5418586142148367,1.0859,0.09658819606842628,0.44491347670555115,1.1248,0.3439,0.5710000000000001,,,,55.89661980677639,,,,
7072,P35557,Q,337,M,NONSYN,0.4050622568485636,1.233648742114389,0.0716247241619411,-0.5147333333333333,100.0,2.0,6.0,0.140110835232746,0.10861603132334599,0.8973118314066041,0.1401,0.10861603132334599,0.140110835232746,0.10861603132334599,,0.10861603132334599,0.0768031322943084,1.0337,0.8936201485013848,0.5073153376579285,0.1601,0.0759,0.9670000000000001,,,,55.89661980677639,,,,
7073,P35557,Q,337,W,NONSYN,0.4710687255935087,1.2996463204939994,0.09116207521737864,-1.6665666666666665,100.0,2.0,6.0,1.2148689821376397,0.069425939616534,0.013369245182865336,1.2149,0.069425939616534,1.2148689821376397,0.069425939616534,,0.069425939616534,0.049091552693098964,1.0064,0.2084273889674737,0.5243179798126221,1.2131,0.0489,0.9990000000000001,,,,55.89661980677639,,,,
7074,P35557,Q,337,H,NONSYN,0.4843682171858765,1.37889860210594,0.19609267088770788,0.3949666666666667,100.0,2.0,6.0,1.1233521386765601,0.108236485208345,0.02415042306777514,1.1234,0.108236485208345,1.1233521386765601,0.108236485208345,,0.108236485208345,0.0765347526626182,1.1055,0.017883865513718344,0.5483652353286743,1.123,0.0758,0.01,,,,55.89661980677639,,,,
7075,P35557,Q,337,Q,SYN,,,,,100.0,2.0,6.0,0.843534636263424,0.05,0.1282192517169965,0.8435,0.05,0.843534636263424,0.05,,0.05,0.035355339059327376,,,,0.8435,0.0354,,,,,55.89661980677639,,,,
7076,P35557,Q,337,*,STOP,,,,,100.0,2.0,6.0,-0.0115741497070013,0.05,0.9513979155520492,-0.0116,0.05,-0.0115741497070013,0.05,,0.05,0.035355339059327376,,,,-0.0116,0.0354,,,,,55.89661980677639,C,344.0,,
7077,P35557,V,338,S,NONSYN,0.33699392667600697,0.8133800411775437,0.030460980653132564,-1.4466,100.0,2.0,6.0,1.10705276382403,0.12403320060119301,0.026785725069147767,1.1071,0.12403320060119301,1.10705276382403,0.12403320060119301,,0.12403320060119301,0.08770471723737493,0.778,0.32902725589708903,0.4178451597690582,1.0932,0.0858,0.9940000000000001,,,,0.6540397361573775,,,,
7078,P35557,V,338,A,NONSYN,0.4716545268994549,1.2136437567491898,0.05140010988811966,-0.7901333333333334,100.0,2.0,6.0,0.647568020643011,0.0933056365768965,0.3269535440369306,0.6476,0.0933056365768965,0.647568020643011,0.0933056365768965,,0.0933056365768965,0.06597704834645107,1.0751,0.42748209494231615,0.49309083819389343,0.6551,0.0654,0.622,,,,0.6540397361573775,,,,
7079,P35557,V,338,V,SYN,,,,,100.0,2.0,6.0,0.509503363160365,0.05,0.5233306766804569,0.5095,0.05,0.509503363160365,0.05,,0.05,0.035355339059327376,,,,0.5095,0.0354,,,,,0.6540397361573775,,,,
7080,P35557,V,338,R,NONSYN,0.17643841508486408,0.3359003417436954,0.059340518294344995,-1.9857333333333334,100.0,2.0,6.0,0.0836585032651065,0.0843988896912196,0.9220806515973273,0.0837,0.0843988896912196,0.0836585032651065,0.0843988896912196,,0.0843988896912196,0.05967902722527677,0.3482,0.2645539176752927,0.37135016918182373,0.0903,0.0589,1.0,,,,0.6540397361573775,,,,
7081,P35557,V,338,D,NONSYN,0.27348180848279724,0.279150553617176,0.04877930029868329,-2.3809,100.0,2.0,6.0,0.5264857537831871,0.12997192413477102,0.4985679807047655,0.5265,0.12997192413477102,0.5264857537831871,0.12997192413477102,,0.12997192413477102,0.09190402891956008,0.3022,0.22432805372138898,0.35123857855796814,0.5121,0.0889,1.0,,,,0.6540397361573775,,,,
7082,P35557,V,338,F,NONSYN,0.4053248813429461,0.7371220416651934,0.03881776950647505,-0.9184666666666667,100.0,2.0,6.0,2.0141547858733704,0.0460672939418813,4.6810590915075356e-05,2.0142,0.0460672939418813,2.0141547858733704,0.0460672939418813,,0.0460672939418813,0.03257449593721822,0.8549,1.1592178285140564,0.4148423671722412,2.0071,0.0325,0.831,,,,0.6540397361573775,,,,
7083,P35557,V,338,T,NONSYN,0.3185872156759129,0.79253226857288,0.053521186643057654,-0.1374,100.0,2.0,6.0,1.1700311438456599,0.20591434700918998,0.01789750863086233,1.17,0.20591434700918998,1.1700311438456599,0.20591434700918998,,0.20591434700918998,0.14560343111379812,0.7841,0.3859453932658259,0.42049312591552734,1.1287,0.1376,0.985,,,,0.6540397361573775,,,,
7084,P35557,V,338,I,NONSYN,0.4306262074024321,0.9666866429737629,0.06882186750406986,-0.1123,100.0,2.0,6.0,1.54650718234765,0.0368312849752237,0.0014077369768922985,1.5465,0.0368312849752237,1.54650718234765,0.0368312849752237,,0.0368312849752237,0.026043651365794878,0.9153,0.631236973035211,0.3860771358013153,1.5436,0.026,0.003,,,,0.6540397361573775,,,,
7085,P35557,V,338,L,NONSYN,0.4667115524229356,0.883016109592181,0.059985685357050504,-0.29109999999999997,100.0,2.0,6.0,0.898579620787757,0.170859438717585,0.09446394778364711,0.8986,0.170859438717585,0.898579620787757,0.170859438717585,,0.170859438717585,0.12081586774693169,0.9077,0.009099579384667322,0.40618234872817993,0.8993,0.1158,0.019,,,,0.6540397361573775,,,,
7086,P35557,V,338,K,NONSYN,0.1909141340536438,0.05850762326434169,0.03641310591580556,-1.7571333333333332,100.0,2.0,6.0,0.372047946917612,0.0554820363891075,0.7075490553704469,0.372,0.0554820363891075,0.372047946917612,0.0554820363891075,,0.0554820363891075,0.0392317241647767,0.1351,0.23695062206943696,0.29876548051834106,0.368,0.0389,0.993,,,,0.6540397361573775,,,,
7087,P35557,V,338,G,NONSYN,0.3807983932718594,0.3339902610963237,0.05697466119182603,-2.365066666666667,100.0,2.0,6.0,0.36196663134574397,0.0359478402410809,0.7192225111218588,0.362,0.0359478402410809,0.36196663134574397,0.0359478402410809,,0.0359478402410809,0.025418961603478958,0.5524,0.19045553452492253,0.4081515967845917,0.3627,0.0254,0.9640000000000001,,,,0.6540397361573775,,,,
7088,P35557,V,338,Y,NONSYN,0.33250944557826595,0.05850762326434169,0.03641310591580556,-1.7571333333333332,100.0,2.0,6.0,0.31564290682132595,0.0895266004891064,0.7687879999477337,0.3156,0.0895266004891064,0.31564290682132595,0.0895266004891064,,0.0895266004891064,0.06330486630242602,0.2173,0.09834839264209622,0.352252721786499,0.3126,0.0623,0.48700000000000004,,,,0.6540397361573775,,,,
7089,P35557,V,338,N,NONSYN,0.2445312890805706,0.21551643449299548,0.045300362174114144,-2.1033666666666666,100.0,2.0,6.0,0.274123653802689,0.189772717808165,0.8074008152474266,0.2741,0.189772717808165,0.274123653802689,0.189772717808165,,0.189772717808165,0.13418957564635453,0.3272,0.05302800234812888,0.35315263271331787,0.2808,0.1254,0.993,,,,0.6540397361573775,,,,
7090,P35557,V,338,C,NONSYN,0.4349501020449153,1.2562585234468038,0.038160750807547564,-0.9503666666666666,100.0,2.0,6.0,0.456745340528539,0.0550687702953786,0.5984979037791747,0.4567,0.0550687702953786,0.456745340528539,0.0550687702953786,,0.0550687702953786,0.03893950090746652,1.0052,0.5484304884051768,0.5124569535255432,0.4599,0.0388,0.998,,,,0.6540397361573775,,,,
7091,P35557,V,338,P,NONSYN,0.17175025849116904,0.22036644119656387,0.025594265378676987,-1.883333333333333,100.0,2.0,6.0,0.36152942451078496,0.15585700888881196,0.7197217642222773,0.3615,0.15585700888881196,0.36152942451078496,0.15585700888881196,,0.15585700888881196,0.11020754788073095,0.4709,0.1093249472753326,0.4110296070575714,0.3689,0.1064,0.062,,,,0.6540397361573775,,,,
7092,P35557,V,338,E,NONSYN,0.32079411141973807,0.22926108372084,0.024980547298369613,-1.7854,100.0,2.0,6.0,-0.140212434451883,0.125348370814522,0.9743604615647146,-0.1402,0.125348370814522,-0.140212434451883,0.125348370814522,,0.125348370814522,0.08863468301363442,0.3977,0.5378670274427583,0.40739986300468445,-0.1159,0.0866,0.98,,,,0.6540397361573775,,,,
7093,P35557,V,338,M,NONSYN,0.4348220015603004,0.9053929284254759,0.06679138663702128,-0.2969,100.0,2.0,6.0,0.831449164287872,0.11688637191028801,0.13683381050604743,0.8314,0.11688637191028801,0.831449164287872,0.11688637191028801,,0.11688637191028801,0.08265114620605743,0.8996,0.06810914145248448,0.4187745451927185,0.834,0.0811,0.32299999999999995,,,,0.6540397361573775,,,,
7094,P35557,V,338,W,NONSYN,0.20407639127029992,0.11405931443455468,0.0375314289213296,-1.7649666666666668,100.0,2.0,6.0,0.20539287340697304,0.0398718775823472,0.859660849763493,0.2054,0.0398718775823472,0.20539287340697304,0.0398718775823472,,0.0398718775823472,0.028193675017117587,0.1914,0.014008528113927998,0.33924850821495056,0.2053,0.0281,1.0,,,,0.6540397361573775,,,,
7095,P35557,V,338,H,NONSYN,0.2484595230317529,0.29475597028366085,0.05774924630037403,-2.2657666666666665,100.0,2.0,6.0,0.201361375703095,0.0743211331656652,0.8623034083967922,0.2014,0.0743211331656652,0.201361375703095,0.0743211331656652,,0.0743211331656652,0.05255297724691028,0.3415,0.14009342824053903,0.3551052510738373,0.2044,0.052,0.9990000000000001,,,,0.6540397361573775,,,,
7096,P35557,V,338,Q,NONSYN,0.31633139311143543,0.1457427952909007,0.03364870564596541,-1.7866,100.0,2.0,6.0,0.110342430837935,0.0810214563930169,0.9111753853337369,0.1103,0.0810214563930169,0.110342430837935,0.0810214563930169,,0.0810214563930169,0.0572908212371124,0.2636,0.15323729538124226,0.35568878054618835,0.1142,0.0566,0.9990000000000001,,,,0.6540397361573775,,,,
7097,P35557,V,338,*,STOP,,,,,100.0,2.0,6.0,-0.0005357827180027,0.05,0.9486541224518413,-0.0005,0.05,-0.0005357827180027,0.05,,0.05,0.035355339059327376,,,,-0.0005,0.0354,,,,,0.6540397361573775,,,,
7098,P35557,E,339,S,NONSYN,0.4382670271083193,0.35015484332619473,0.034411224595421036,-0.6747666666666666,100.0,2.0,6.0,0.35816395341751894,0.13865630871452303,0.7235451773091575,0.3582,0.13865630871452303,0.35816395341751894,0.13865630871452303,,0.13865630871452303,0.09804481614633462,0.4038,0.04566079319121519,0.4102449417114258,0.3606,0.0954,0.997,,,,11.329662074500261,,,,
7099,P35557,E,339,A,NONSYN,0.4725389201357859,0.37777908662191734,0.056198966883587144,-0.8022,100.0,2.0,6.0,0.0818277901577884,0.0890438054907487,0.9227799464976583,0.0818,0.0890438054907487,0.0818277901577884,0.0890438054907487,,0.0890438054907487,0.06296347868516433,0.4963,0.4144788676333493,0.4243622422218323,0.0908,0.0623,0.99,,,,11.329662074500261,,,,
7100,P35557,E,339,V,NONSYN,0.5148579282991502,0.3501784462989123,0.050568944661062536,-1.6669666666666665,100.0,2.0,6.0,0.865685939738006,0.140857309313917,0.11358675942442122,0.8657,0.140857309313917,0.865685939738006,0.140857309313917,,0.140857309313917,0.09960115859556173,0.5524,0.3132637738673395,0.42813146114349365,0.8496,0.097,0.987,,,,11.329662074500261,,,,
7101,P35557,E,339,R,NONSYN,0.4513055748960305,0.3516277487714985,0.03284656374324494,-0.7211333333333333,100.0,2.0,6.0,0.0774090738218772,0.0991112536889152,0.9244430667921132,0.0774,0.0991112536889152,0.0774090738218772,0.0991112536889152,,0.0991112536889152,0.07008223957533216,0.6624,0.5849516539651406,0.44671356678009033,0.0915,0.0692,0.145,,,,11.329662074500261,,,,
7102,P35557,E,339,D,NONSYN,0.4800060668498122,0.41377454989488466,0.17553140537507794,-0.020166666666666666,100.0,2.0,6.0,0.183291725108977,0.174748445743968,0.8736125579542191,0.1833,0.174748445743968,0.183291725108977,0.174748445743968,,0.174748445743968,0.12356581098736924,0.6817,0.4983871660729688,0.5041091442108154,0.2115,0.12,0.937,,,,11.329662074500261,,,,
7103,P35557,E,339,F,NONSYN,0.4134101209643438,0.920391498059546,0.12458358697860072,-2.4431333333333334,100.0,2.0,6.0,-0.091737435601124,0.0670379984104512,0.9673869647520859,-0.0917,0.0670379984104512,-0.091737435601124,0.0670379984104512,,0.0670379984104512,0.04740302327320304,0.7827,0.8744485838631479,0.47576770186424255,-0.0831,0.0472,1.0,,,,11.329662074500261,,,,
7104,P35557,E,339,T,NONSYN,0.4070866311137473,0.14387893270112254,0.041081009348413355,-0.9768666666666667,100.0,2.0,6.0,0.7337508721958029,0.19756558132628102,0.22408182842881702,0.7338,0.19756558132628102,0.7337508721958029,0.19756558132628102,,0.19756558132628102,0.13969996228487563,0.2777,0.4560574813495505,0.36004823446273804,0.6741,0.1302,0.998,,,,11.329662074500261,,,,
7105,P35557,E,339,I,NONSYN,0.377366298627538,0.7576060872620786,0.07198908079229403,-2.3962999999999997,100.0,2.0,6.0,1.03605819366343,0.43487237921270705,0.041750411589019085,1.0361,0.43487237921270705,1.03605819366343,0.43487237921270705,,0.43487237921270705,0.3075012082920329,0.8631,0.17298097036249627,0.3874019682407379,0.9692,0.2409,0.667,,,,11.329662074500261,,,,
7106,P35557,E,339,L,NONSYN,0.4309220950052253,0.5676900366013087,0.10444580126560167,-2.375633333333333,100.0,2.0,6.0,1.60580634564574,0.293320692290241,0.0009273316760299956,1.6058,0.293320692290241,1.60580634564574,0.293320692290241,,0.293320692290241,0.20740905058076206,0.6504,0.9554464766424442,0.4683815836906433,1.4492,0.1896,0.993,,,,11.329662074500261,,,,
7107,P35557,E,339,K,NONSYN,0.4890082107053284,0.44373980319140865,0.04130974740056031,-0.6217666666666667,100.0,2.0,6.0,0.175570034409741,0.315023707180971,0.8781858003242529,0.1756,0.315023707180971,0.175570034409741,0.315023707180971,,0.315023707180971,0.22275539958218987,0.4688,0.29321590719105856,0.4259410500526428,0.2385,0.1974,0.996,,,,11.329662074500261,,,,
7108,P35557,E,339,G,NONSYN,0.4522640708552875,0.6484712850424457,0.04045296837666867,-1.9225,100.0,2.0,6.0,0.246109450654732,0.163729398627995,0.8303976740593876,0.2461,0.163729398627995,0.246109450654732,0.163729398627995,,0.163729398627995,0.11577416804945066,0.6786,0.4324585549070966,0.41248947381973267,0.2777,0.1115,0.9990000000000001,,,,11.329662074500261,,,,
7109,P35557,E,339,Y,NONSYN,0.4671477233180428,0.962657996654634,0.1295201251420951,-2.2137666666666664,100.0,2.0,6.0,0.5477019612710279,0.0549401780274508,0.46754038785126,0.5477,0.0549401780274508,0.5477019612710279,0.0549401780274508,,0.0549401780274508,0.038848572442806616,0.7995,0.251817219980498,0.48097285628318787,0.5493,0.0387,1.0,,,,11.329662074500261,,,,
7110,P35557,E,339,N,NONSYN,0.4945297857128286,0.3621503898493437,0.04252144848821637,-0.6558999999999999,100.0,2.0,6.0,0.322177313848072,0.0894126964446638,0.7622093298518477,0.3222,0.0894126964446638,0.322177313848072,0.0894126964446638,,0.0894126964446638,0.06322432398019608,0.4749,0.15271673293537524,0.4343373775482178,0.3253,0.0626,0.991,,,,11.329662074500261,,,,
7111,P35557,E,339,C,NONSYN,0.4263241553322161,0.5444596216380281,0.07255625006731044,-2.5622,100.0,2.0,6.0,0.204804877134249,0.0632638086317257,0.8600490343458972,0.2048,0.0632638086317257,0.204804877134249,0.0632638086317257,,0.0632638086317257,0.044734268087181284,0.5578,0.3529845081845071,0.41253092885017395,0.2089,0.0445,1.0,,,,11.329662074500261,,,,
7112,P35557,E,339,P,NONSYN,0.2784783599621833,0.5604215340305324,0.060919682920411285,-1.2109666666666667,100.0,2.0,6.0,0.272399934123702,0.11236479884490899,0.8088858306800597,0.2724,0.11236479884490899,0.272399934123702,0.11236479884490899,,0.11236479884490899,0.07945391122989749,0.6356,0.3632305542719889,0.4357013404369354,0.2841,0.0782,0.995,,,,11.329662074500261,,,,
7113,P35557,E,339,E,SYN,,,,,100.0,2.0,6.0,-0.0568810342119935,0.05,0.9612115136151778,-0.0569,0.05,-0.0568810342119935,0.05,,0.05,0.035355339059327376,,,,-0.0569,0.0354,,,,,11.329662074500261,,,,
7114,P35557,E,339,M,NONSYN,0.4318399535430367,0.5531657838879219,0.05252857461733954,-1.9440333333333335,100.0,2.0,6.0,0.532025954118303,0.0812204589981067,0.4904673652823975,0.532,0.0812204589981067,0.532025954118303,0.0812204589981067,,0.0812204589981067,0.057431537328645185,0.618,0.08593080342716819,0.42600613832473755,0.5336,0.0569,0.9940000000000001,,,,11.329662074500261,,,,
7115,P35557,E,339,W,NONSYN,0.3886512979012191,0.8500423679026822,0.12464284709133851,-2.4843333333333333,100.0,2.0,6.0,0.11930995486946801,0.0650249788345653,0.9071960578097623,0.1193,0.0650249788345653,0.11930995486946801,0.0650249788345653,,0.0650249788345653,0.04597960348043285,0.7701,0.6507905790927817,0.4812309145927429,0.1252,0.0458,1.0,,,,11.329662074500261,,,,
7116,P35557,E,339,H,NONSYN,0.3874690850586482,0.2525834470291561,0.045364721265924994,-0.6659666666666667,100.0,2.0,6.0,0.650878142308635,0.0591330018984583,0.32260780782801673,0.6509,0.0591330018984583,0.650878142308635,0.0591330018984583,,0.0591330018984583,0.04181334663431685,0.3111,0.33978776235525066,0.3712771534919739,0.6466,0.0416,1.0,,,,11.329662074500261,,,,
7117,P35557,E,339,Q,NONSYN,0.4979236622050323,0.23900857097874564,0.09098306537247948,-0.02876666666666668,100.0,2.0,6.0,0.707589661857394,0.660407017588941,0.25288639806744034,0.7076,0.660407017588941,0.707589661857394,0.660407017588941,,0.660407017588941,0.46697828048032375,0.4525,0.25510648467233543,0.42169737815856934,0.5671,0.313,0.987,,,,11.329662074500261,,,,
7118,P35557,E,339,*,STOP,,,,,100.0,2.0,6.0,0.330896178866471,0.05,0.7532186095922703,0.3309,0.05,0.330896178866471,0.05,,0.05,0.035355339059327376,,,,0.3309,0.0354,,,,,11.329662074500261,,,,
7119,P35557,S,340,S,SYN,,,,,100.0,2.0,6.0,0.8500417307747941,0.05,0.12376783452212065,0.85,0.05,0.8500417307747941,0.05,,0.05,0.035355339059327376,,,,0.85,0.0354,,,,,54.62478139489721,,,,
7120,P35557,S,340,A,NONSYN,0.4563330621977513,0.722264705615232,0.0499139622813072,-0.01466666666666668,100.0,2.0,6.0,1.3515712627540402,0.0527689094515815,0.005384043463336807,1.3516,0.0527689094515815,1.3515712627540402,0.0527689094515815,,0.0527689094515815,0.03731325370903218,0.89,0.46157533017499963,0.388655424118042,1.3474,0.0371,0.0,,,,54.62478139489721,,,,
7121,P35557,S,340,V,NONSYN,0.3566796973350173,0.8482347838698322,0.0694402120382993,-1.3498999999999999,100.0,2.0,6.0,1.13019198170826,0.11592540335980302,0.023119392873984845,1.1302,0.11592540335980302,1.13019198170826,0.11592540335980302,,0.11592540335980302,0.08197163882750248,0.8818,0.24840766183063545,0.40548861026763916,1.1204,0.0803,0.777,,,,54.62478139489721,,,,
7122,P35557,S,340,R,NONSYN,0.5078165034060199,0.5011322880707487,0.04716419878362154,-0.9542999999999999,100.0,2.0,6.0,1.03478677449926,0.156830655375982,0.04207864031761702,1.0348,0.156830655375982,1.03478677449926,0.156830655375982,,0.156830655375982,0.11089601991428735,0.7076,0.3271961945126878,0.42218467593193054,1.0137,0.1073,0.875,,,,54.62478139489721,,,,
7123,P35557,S,340,D,NONSYN,0.26426002389568154,0.8917069801940668,0.03507555332639686,-0.6365333333333334,100.0,2.0,6.0,1.02864508904194,0.471276356289255,0.04369811775267014,1.0286,0.471276356289255,1.02864508904194,0.471276356289255,,0.471276356289255,0.33324270734501965,0.89,0.13860838688587318,0.4088909924030304,0.9733,0.2583,0.833,,,,54.62478139489721,,,,
7124,P35557,S,340,F,NONSYN,0.4400921079880442,1.0022705873016953,0.040676178900195294,-1.7383,100.0,2.0,6.0,0.597182625259926,0.0911626798060702,0.3960619912174229,0.5972,0.0911626798060702,0.597182625259926,0.0911626798060702,,0.0911626798060702,0.06446174908201016,0.8628,0.2655741038660505,0.408516526222229,0.6036,0.0637,0.992,,,,54.62478139489721,,,,
7125,P35557,S,340,T,NONSYN,0.5032644910640633,0.9289637989940127,0.021500577529234396,-0.06083333333333333,100.0,2.0,6.0,0.731473982617698,0.19826466185942898,0.22649883222734418,0.7315,0.19826466185942898,0.731473982617698,0.19826466185942898,,0.19826466185942898,0.14019428687046007,0.9077,0.1762052175547263,0.38146886229515076,0.7524,0.1316,0.001,,,,54.62478139489721,,,,
7126,P35557,S,340,I,NONSYN,0.40690641070991895,0.8276866026699606,0.04463554893599713,-1.7275666666666665,100.0,2.0,6.0,1.12093457915513,0.0472290335416283,0.024525157439123983,1.1209,0.0472290335416283,1.12093457915513,0.0472290335416283,,0.0472290335416283,0.03339596988617227,0.8129,0.30801585652558283,0.4204462170600891,1.119,0.0333,0.98,,,,54.62478139489721,,,,
7127,P35557,S,340,L,NONSYN,0.393745075519064,0.8515841739906006,0.041301588913875184,-1.7093,100.0,2.0,6.0,1.04924186519321,0.0859521918592148,0.03848426469325959,1.0492,0.0859521918592148,1.04924186519321,0.0859521918592148,,0.0859521918592148,0.060777377721497945,0.8818,0.16745754531558554,0.4050089716911316,1.0456,0.0601,0.903,,,,54.62478139489721,,,,
7128,P35557,S,340,K,NONSYN,0.33912790346884786,0.9179946906180261,0.024864446763049133,-0.6167666666666666,100.0,2.0,6.0,0.609217675867339,0.11907355369226402,0.3791123617410638,0.6092,0.11907355369226402,0.609217675867339,0.11907355369226402,,0.11907355369226402,0.08419771727578035,0.9077,0.2984615243050853,0.39262133836746216,0.6223,0.0823,0.055,,,,54.62478139489721,,,,
7129,P35557,S,340,G,NONSYN,0.4188135801978989,1.024298329718503,0.11474596200212728,-0.6509999999999999,100.0,2.0,6.0,0.630871040468631,0.0851308382065146,0.34927508084275355,0.6309,0.0851308382065146,0.630871040468631,0.0851308382065146,,0.0851308382065146,0.06019659298392129,0.9167,0.28580428873974306,0.4758218228816986,0.6354,0.0597,0.009000000000000001,,,,54.62478139489721,,,,
7130,P35557,S,340,Y,NONSYN,0.3987520148682556,1.0438245617130353,0.06449255505886374,-1.6658,100.0,2.0,6.0,0.836635317556746,0.141998474090016,0.1330812929693877,0.8366,0.141998474090016,0.836635317556746,0.141998474090016,,0.141998474090016,0.10040808394719258,0.8316,0.005008723490126155,0.4211964011192322,0.8364,0.0977,0.998,,,,54.62478139489721,,,,
7131,P35557,S,340,N,NONSYN,0.3577198430860929,1.1582280980464958,0.019243514090539877,-0.23683333333333337,100.0,2.0,6.0,0.7472393270887808,0.0487323827632587,0.21012099291292183,0.7472,0.0487323827632587,0.7472393270887808,0.0487323827632587,,0.0487323827632587,0.03445899831527865,0.9894,0.24213525091033417,0.4494633376598358,0.7487,0.0344,0.305,,,,54.62478139489721,,,,
7132,P35557,S,340,C,NONSYN,0.4413057931247456,0.747823695127602,0.05884572765423207,-0.9221333333333334,100.0,2.0,6.0,0.29471255332870006,0.0480146870558215,0.7889393668884649,0.2947,0.0480146870558215,0.29471255332870006,0.0480146870558215,,0.0480146870558215,0.03395151081372133,0.7803,0.48562549560623647,0.4209258556365967,0.2979,0.0338,0.99,,,,54.62478139489721,,,,
7133,P35557,S,340,P,NONSYN,0.3754690196139504,0.7917044087121168,0.04006873887830165,-0.9290666666666666,100.0,2.0,6.0,0.163070412575156,0.18904257476696104,0.8852717683508996,0.1631,0.18904257476696104,0.163070412575156,0.18904257476696104,,0.18904257476696104,0.13367328655068306,0.7841,0.621015338004678,0.41897323727607727,0.2204,0.1273,0.973,,,,54.62478139489721,,,,
7134,P35557,S,340,E,NONSYN,0.32956968841657797,0.6427231744917291,0.03695892230405221,-0.6321,100.0,2.0,6.0,1.4350322242462301,0.0268240403016424,0.003049752310968051,1.435,0.0268240403016424,1.4350322242462301,0.0268240403016424,,0.0268240403016424,0.018967460796112584,0.8276,0.6074770446502828,0.4231258034706116,1.4338,0.0189,0.777,,,,54.62478139489721,,,,
7135,P35557,S,340,M,NONSYN,0.4679817126368144,0.8546699748416441,0.048254475887648696,-1.5591333333333335,100.0,2.0,6.0,1.4133564807240502,0.253625704623309,0.0035379945534020113,1.4134,0.253625704623309,1.4133564807240502,0.253625704623309,,0.253625704623309,0.1793404556223581,0.8302,0.5831519938771264,0.41924378275871277,1.3232,0.1649,0.992,,,,54.62478139489721,,,,
7136,P35557,S,340,W,NONSYN,0.3832492129242465,0.9224530232027554,0.031560343509699,-1.7880333333333336,100.0,2.0,6.0,1.06127151583072,0.0414270627900028,0.03571317292341167,1.0613,0.0414270627900028,1.06127151583072,0.0414270627900028,,0.0414270627900028,0.02929335702345187,0.7981,0.2632075223767405,0.4171938896179199,1.06,0.0292,0.9990000000000001,,,,54.62478139489721,,,,
7137,P35557,S,340,H,NONSYN,0.2629764798769622,0.4975232468010387,0.05899075243594002,-0.9429,100.0,2.0,6.0,1.04561389830839,0.0446968052172288,0.03935852616466044,1.0456,0.0446968052172288,1.04561389830839,0.0446968052172288,,0.0446968052172288,0.03160541406647674,0.4699,0.5757439866377052,0.42374110221862793,1.0424,0.0315,0.998,,,,54.62478139489721,,,,
7138,P35557,S,340,Q,NONSYN,0.3963611118941722,0.8917069801940668,0.03507555332639686,-0.6365333333333333,100.0,2.0,6.0,0.6880808071392172,0.0562276095805004,0.27579882879415263,0.6881,0.0562276095805004,0.6880808071392172,0.0562276095805004,,0.0562276095805004,0.039758924024281515,0.8406,0.1525245710117228,0.4231258034706116,0.6894,0.0396,0.985,,,,54.62478139489721,,,,
7139,P35557,S,340,*,STOP,,,,,100.0,2.0,6.0,0.376556681074024,0.05,0.7022292339108679,0.3766,0.05,0.376556681074024,0.05,,0.05,0.035355339059327376,,,,0.3766,0.0354,,,,,54.62478139489721,,,,
7140,P35557,D,341,S,NONSYN,0.3690767940714815,1.2236977056187899,0.16310359059404536,-0.9239999999999999,100.0,2.0,6.0,0.9907781368464659,0.112474773462494,0.055020957601135484,0.9908,0.112474773462494,0.9907781368464659,0.112474773462494,,0.112474773462494,0.07953167502775024,1.0423,0.05154604852493305,0.6310639977455139,0.9916,0.0789,0.946,,,,16.494673143980847,,,,
7141,P35557,D,341,A,NONSYN,0.4216252277516441,0.8424172786989294,0.057418386451389636,-1.4927333333333335,100.0,2.0,6.0,0.624303973181465,0.10282587708890699,0.3582254432722832,0.6243,0.10282587708890699,0.624303973181465,0.10282587708890699,,0.10282587708890699,0.07270887497102058,0.8648,0.24052097751357282,0.4093344211578369,0.6317,0.0716,0.93,,,,16.494673143980847,,,,
7142,P35557,D,341,V,NONSYN,0.4506084315132353,0.9981386950718135,0.04017965131043146,-2.6115333333333335,100.0,2.0,6.0,0.574438189735177,0.131711161663588,0.428643781229493,0.5744,0.131711161663588,0.574438189735177,0.131711161663588,,0.131711161663588,0.09313385557028071,0.8628,0.28831853939079954,0.3898286819458008,0.59,0.0906,0.983,,,,16.494673143980847,,,,
7143,P35557,D,341,R,NONSYN,0.35823216117602164,0.7979791287008413,0.05410267707065151,-1.472133333333333,100.0,2.0,6.0,0.757618423175729,0.131259463870464,0.19979775950361708,0.7576,0.131259463870464,0.757618423175729,0.131259463870464,,0.131259463870464,0.09281445699771572,0.7464,0.011205907535470239,0.4256103038787842,0.7571,0.0907,0.998,,,,16.494673143980847,,,,
7144,P35557,D,341,D,SYN,,,,,,,,,,,,,,,,,,,,,,,,,,,16.494673143980847,,,,
7145,P35557,D,341,F,NONSYN,0.29646296686588297,0.8984288843201961,0.03680417074309711,-2.6194333333333333,100.0,2.0,6.0,0.8735676219900299,0.148409107614413,0.10872903072473096,0.8736,0.148409107614413,0.8735676219900299,0.148409107614413,,0.148409107614413,0.10494108638399552,0.7981,0.07550362853605042,0.4028931260108948,0.8688,0.1016,0.9990000000000001,,,,16.494673143980847,,,,
7146,P35557,D,341,T,NONSYN,0.33041122774515563,1.0910345418132763,0.15913463810719933,-1.1000666666666665,100.0,2.0,6.0,1.85286178824846,0.205085798209905,0.00015581422129784533,1.8529,0.205085798209905,1.85286178824846,0.205085798209905,,0.205085798209905,0.14501755863927973,0.9105,0.9423473143333598,0.4984143376350403,1.7793,0.1392,0.94,,,,16.494673143980847,,,,
7147,P35557,D,341,I,NONSYN,0.3169485018080975,0.6313057559144868,0.055090303363393676,-2.7128666666666668,100.0,2.0,6.0,0.7314694962913921,0.13743185305929198,0.22650361175482897,0.7315,0.13743185305929198,0.7314694962913921,0.13743185305929198,,0.13743185305929198,0.09717899524925852,0.6786,0.052901490729563516,0.40805715322494507,0.7286,0.0945,0.998,,,,16.494673143980847,,,,
7148,P35557,D,341,L,NONSYN,0.37713817620354506,0.6480725144698302,0.04779090979990156,-2.7055000000000002,100.0,2.0,6.0,0.6811692206253621,0.180013840046654,0.28419651105140786,0.6812,0.180013840046654,0.6811692206253621,0.180013840046654,,0.180013840046654,0.12728900700441953,0.6993,0.018097391904392524,0.40610456466674805,0.6828,0.1215,0.995,,,,16.494673143980847,,,,
7149,P35557,D,341,K,NONSYN,0.3517044245741117,1.0738329275457685,0.12871420532536806,-0.8664,100.0,2.0,6.0,1.44037247106553,0.439645763864228,0.0029399173961112174,1.4404,0.439645763864228,1.44037247106553,0.439645763864228,,0.439645763864228,0.3108765009483352,0.836,0.6043326894950953,0.49914249777793884,1.2715,0.2639,0.998,,,,16.494673143980847,,,,
7150,P35557,D,341,G,NONSYN,0.41616550742326497,1.1969967985045884,0.13162783134070796,-1.2674333333333332,100.0,2.0,6.0,0.7189065202904591,0.0575151724300825,0.24015006897129784,0.7189,0.0575151724300825,0.7189065202904591,0.0575151724300825,,0.0575151724300825,0.040669368446424894,1.0679,0.3490096345709911,0.5558100938796997,0.7208,0.0406,0.9059999999999999,,,,16.494673143980847,,,,
7151,P35557,D,341,Y,NONSYN,0.4224113195979475,0.9768481391892322,0.0480341164680052,-2.560966666666667,100.0,2.0,6.0,0.0688499602338638,0.83882819773534,0.9275670282626178,0.0688,0.83882819773534,0.0688499602338638,0.83882819773534,,0.83882819773534,0.593141106869149,0.8053,0.7364222613313828,0.4028931260108948,0.5728,0.3333,1.0,,,,16.494673143980847,,,,
7152,P35557,D,341,N,NONSYN,0.4295009636980524,1.024060810032907,0.04921461519996706,-0.2961,100.0,2.0,6.0,0.8545661916693771,0.4512700966992921,0.12074843313949005,0.8546,0.4512700966992921,0.8545661916693771,0.4512700966992921,,0.4512700966992921,0.31909614552277843,0.9167,0.06210913753899694,0.4042297303676605,0.8784,0.2505,0.172,,,,16.494673143980847,,,,
7153,P35557,D,341,C,NONSYN,0.3461355508488411,0.6623589688839772,0.06175234001433331,-2.7265333333333337,100.0,2.0,6.0,0.638309857382921,0.0698293257088972,0.33925033209694233,0.6383,0.0698293257088972,0.638309857382921,0.0698293257088972,,0.0698293257088972,0.04937678973444533,0.8461,0.20774582909092543,0.40828782320022583,0.6413,0.049,0.068,,,,16.494673143980847,,,,
7154,P35557,D,341,P,NONSYN,0.2905290433283012,0.7002763055492177,0.04157336414522509,-1.4699,100.0,2.0,6.0,1.0507268926306,0.19699400481496,0.03813164872550547,1.0507,0.19699400481496,1.0507268926306,0.19699400481496,,0.19699400481496,0.1392957966577536,0.7266,0.3241620084448089,0.42365768551826477,1.0191,0.1323,0.982,,,,16.494673143980847,,,,
7155,P35557,D,341,E,NONSYN,0.4869275421620544,0.9874134467409476,0.11609965495330622,-0.3505,100.0,2.0,6.0,0.964508281545255,0.0679541949923736,0.06438608886672342,0.9645,0.0679541949923736,0.964508281545255,0.0679541949923736,,0.0679541949923736,0.048050872089180297,0.9103,0.05416713793716177,0.4650173485279083,0.9639,0.0478,0.748,,,,16.494673143980847,,,,
7156,P35557,D,341,M,NONSYN,0.2886817698329022,0.5056185906530235,0.20317013104041057,-2.5042666666666666,100.0,2.0,6.0,1.4825386058424899,0.0464529964354911,0.00219788601290074,1.4825,0.0464529964354911,1.4825386058424899,0.0464529964354911,,0.0464529964354911,0.032847228785970274,0.5039,0.9786716353033968,0.5532140135765076,1.4791,0.0328,1.0,,,,16.494673143980847,,,,
7157,P35557,D,341,W,NONSYN,0.2933207242208761,0.6836495247665585,0.05586125250844095,-2.7770999999999995,100.0,2.0,6.0,0.39014791534588,0.0544606184145653,0.685831842631503,0.3901,0.0544606184145653,0.39014791534588,0.0544606184145653,,0.0544606184145653,0.038509472588552085,0.6715,0.28137571527316907,0.41270172595977783,0.3926,0.0383,1.0,,,,16.494673143980847,,,,
7158,P35557,D,341,H,NONSYN,0.4359397753198172,1.3373802598681497,0.11514642305700658,-1.1262,100.0,2.0,6.0,1.11382463408384,0.509148899709844,0.025659408219644485,1.1138,0.509148899709844,1.11382463408384,0.509148899709844,,0.509148899709844,0.36002263961850006,0.9911,0.12273600531491913,0.5497328639030457,1.077,0.3012,1.0,,,,16.494673143980847,,,,
7159,P35557,D,341,Q,NONSYN,0.3596090029508326,1.181658413998612,0.16075716234690837,-0.9040333333333331,100.0,2.0,6.0,1.116896011707,0.16226232774293,0.025163469824241724,1.1169,0.16226232774293,1.116896011707,0.16226232774293,,0.16226232774293,0.11473679227813986,0.9821,0.13477585541885295,0.5984348654747009,1.1121,0.1127,0.997,,,,16.494673143980847,,,,
7160,P35557,D,341,*,STOP,,,,,100.0,2.0,6.0,0.159119086623419,0.05,0.8874322465899878,0.1591,0.05,0.159119086623419,0.05,,0.05,0.035355339059327376,,,,0.1591,0.0354,,,,,16.494673143980847,,,,
7161,P35557,T,342,S,NONSYN,0.5112342370012433,0.971022851521694,0.0596427212750272,-0.33873333333333333,100.0,2.0,6.0,0.522184811461623,0.1869657374896,0.504851295597503,0.5222,0.1869657374896,0.522184811461623,0.1869657374896,,0.1869657374896,0.13220474082844005,0.9178,0.39565107978517267,0.3975171744823456,0.5616,0.1254,0.0,,,,121.05486414388687,,,,
7162,P35557,T,342,A,NONSYN,0.4371005638552374,1.1704298884360755,0.033956004097709595,-0.5245,100.0,2.0,6.0,0.319022737243032,0.215262033351327,0.765402354860654,0.319,0.215262033351327,0.319022737243032,0.215262033351327,,0.215262033351327,0.15221324351472806,0.9894,0.670351840756083,0.4461495876312256,0.3889,0.1441,0.0,,,,121.05486414388687,,,,
7163,P35557,T,342,V,NONSYN,0.335359974884157,0.8322178379975863,0.05711741189681797,-0.4691,100.0,2.0,6.0,1.3336588885585,0.09148086962540401,0.0060750743544860705,1.3337,0.09148086962540401,1.3336588885585,0.09148086962540401,,0.09148086962540401,0.06468674326096563,0.8994,0.43423207066451797,0.40355247259140015,1.3228,0.0639,0.016,,,,121.05486414388687,,,,
7164,P35557,T,342,R,NONSYN,0.3928132642818517,0.670329461652987,0.0646494047249522,-1.2489999999999999,100.0,2.0,6.0,1.0036894365546,0.157563325953615,0.05088861975619992,1.0037,0.157563325953615,1.0036894365546,0.157563325953615,,0.157563325953615,0.1114140962481075,0.8377,0.16601112329929002,0.41972339153289795,0.9928,0.1077,0.355,,,,121.05486414388687,,,,
7165,P35557,T,342,D,NONSYN,0.24736015353784535,0.7037340991327743,0.07355518876432536,-1.2412666666666667,100.0,2.0,6.0,0.9034755241152379,0.051685945420371,0.09186858057592123,0.9035,0.051685945420371,0.9034755241152379,0.051685945420371,,0.051685945420371,0.03654748249878211,0.8634,0.04009878747430773,0.4109688997268677,0.9032,0.0364,0.011000000000000001,,,,121.05486414388687,,,,
7166,P35557,T,342,F,NONSYN,0.2626450658678516,0.7743048397383574,0.16503596620432753,-1.4809,100.0,2.0,6.0,0.6943330724063841,0.0526299047192912,0.26832677248146475,0.6943,0.0526299047192912,0.6943330724063841,0.0526299047192912,,0.0526299047192912,0.03721496252021268,0.8631,0.16874415089454975,0.5200358033180237,0.6952,0.0371,0.6709999999999999,,,,121.05486414388687,,,,
7167,P35557,T,342,T,SYN,,,,,100.0,2.0,6.0,1.2151804654571001,0.05,0.01334201515534355,1.2152,0.05,1.2151804654571001,0.05,,0.05,0.035355339059327376,,,,1.2152,0.0354,,,,,121.05486414388687,,,,
7168,P35557,T,342,I,NONSYN,0.39900335367527456,0.9095134727083307,0.020541427607098553,-0.8405666666666667,100.0,2.0,6.0,0.743385797059655,0.0699201692831483,0.21404681053434035,0.7434,0.0699201692831483,0.743385797059655,0.0699201692831483,,0.0699201692831483,0.049441025841825505,0.8996,0.15617250868070143,0.3890899121761322,0.7459,0.049,0.09699999999999999,,,,121.05486414388687,,,,
7169,P35557,T,342,L,NONSYN,0.3692076635094301,0.6265619469264243,0.060501869140809135,-1.2598666666666667,100.0,2.0,6.0,0.7929695671402919,0.159700185818022,0.16738198274774924,0.793,0.159700185818022,0.7929695671402919,0.159700185818022,,0.159700185818022,0.11292508434867506,0.8595,0.06657643858556872,0.4078614413738251,0.7977,0.1088,0.022000000000000002,,,,121.05486414388687,,,,
7170,P35557,T,342,K,NONSYN,0.35305220057868336,0.7844165744720822,0.0235727716155516,-0.8414,100.0,2.0,6.0,1.1186764917684,0.0498174109078442,0.02488014253711394,1.1187,0.0498174109078442,1.1186764917684,0.0498174109078442,,0.0498174109078442,0.03522622907409331,0.8718,0.24692053416494542,0.4023810029029846,1.1168,0.0351,0.094,,,,121.05486414388687,,,,
7171,P35557,T,342,G,NONSYN,0.43600131382643137,0.7293536305571636,0.1646870459233207,-1.4976,100.0,2.0,6.0,0.8291866999499651,0.0695755251477828,0.13849740192970003,0.8292,0.0695755251477828,0.8291866999499651,0.0695755251477828,,0.0695755251477828,0.04919732563661238,0.8818,0.052620865739121836,0.5176629424095154,0.8297,0.049,0.038,,,,121.05486414388687,,,,
7172,P35557,T,342,Y,NONSYN,0.2452402164451186,0.7283955984389844,0.03634064254385067,-1.4882666666666668,100.0,2.0,6.0,0.8320607963045029,0.6850270126058461,0.1363868553953276,0.8321,0.6850270126058461,0.8320607963045029,0.6850270126058461,,0.6850270126058461,0.4843872459095563,0.8511,0.018991964773377945,0.41297051310539246,0.8431,0.3143,0.6709999999999999,,,,121.05486414388687,,,,
7173,P35557,T,342,N,NONSYN,0.4084330644454248,0.856641824595903,0.05665090160604066,-0.5004666666666666,100.0,2.0,6.0,1.26038692876355,0.0965612919842236,0.009907646930545987,1.2604,0.0965612919842236,1.26038692876355,0.0965612919842236,,0.0965612919842236,0.06827914436217872,0.8994,0.36096011086956814,0.40355247259140015,1.2503,0.0673,0.011000000000000001,,,,121.05486414388687,,,,
7174,P35557,T,342,C,NONSYN,0.4354541497454498,0.8561505229943434,0.022712051071540732,-0.9072999999999999,100.0,2.0,6.0,1.72852491016054,0.0219663888639693,0.00038576123988369335,1.7285,0.0219663888639693,1.72852491016054,0.0219663888639693,,0.0219663888639693,0.015532582523893352,0.8994,0.8290980922665581,0.402235209941864,1.7273,0.0155,0.0,,,,121.05486414388687,,,,
7175,P35557,T,342,P,NONSYN,0.34993609822478866,0.670329461652987,0.06464940472495222,-1.2489999999999999,100.0,2.0,6.0,0.661667022960604,0.127125531812643,0.3086389317742574,0.6617,0.127125531812643,0.661667022960604,0.127125531812643,,0.127125531812643,0.08989132560666603,0.8634,0.2017097136803262,0.4078614413738251,0.671,0.0878,0.0,,,,121.05486414388687,,,,
7176,P35557,T,342,E,NONSYN,0.187606014059847,1.1968623996628651,0.02088743208229961,-0.9009666666666667,100.0,2.0,6.0,0.7063892801549749,0.0437546140152994,0.25426160610559373,0.7064,0.0437546140152994,0.7063892801549749,0.0437546140152994,,0.0437546140152994,0.030939184278418155,1.0458,0.3394223729822321,0.5051156282424927,0.7077,0.0309,0.037000000000000005,,,,121.05486414388687,,,,
7177,P35557,T,342,M,NONSYN,0.3518740482942453,0.8515607890661566,0.02287961647289127,-0.8553000000000001,100.0,2.0,6.0,0.9172438479861771,0.055329478942273,0.08489904288991039,0.9172,0.055329478942273,0.9172438479861771,0.055329478942273,,0.055329478942273,0.03912384975959952,0.8818,0.035459528108552574,0.4000081717967987,0.9169,0.0389,0.9079999999999999,,,,121.05486414388687,,,,
7178,P35557,T,342,W,NONSYN,0.2914737870902876,0.7851935228869507,0.16276647698979346,-1.5825333333333333,100.0,2.0,6.0,0.5357232587616261,0.18803699226107298,0.48505898405282294,0.5357,0.18803699226107298,0.5357232587616261,0.18803699226107298,,0.18803699226107298,0.13296223234172705,0.7841,0.2483624918182079,0.5143489241600037,0.5513,0.1287,0.9590000000000001,,,,121.05486414388687,,,,
7179,P35557,T,342,H,NONSYN,0.3614886802674268,0.7860373714053779,0.04963001284110902,-1.2503,100.0,2.0,6.0,0.31454329370343104,0.21692448745801798,0.7698816111882435,0.3145,0.21692448745801798,0.31454329370343104,0.21692448745801798,,0.21692448745801798,0.15338877608698068,0.8696,0.5550214779487906,0.40590882301330566,0.3839,0.1435,0.433,,,,121.05486414388687,,,,
7180,P35557,T,342,Q,NONSYN,0.1843049627657748,0.9264353789380774,0.024073909046665874,-0.8452333333333334,100.0,2.0,6.0,0.692620078370415,0.0452987725760163,0.2703620441512138,0.6926,0.0452987725760163,0.692620078370415,0.0452987725760163,,0.0452987725760163,0.032031069267928335,0.8996,0.2069382273699415,0.3890899121761322,0.694,0.0319,0.15,,,,121.05486414388687,,,,
7181,P35557,T,342,*,STOP,,,,,100.0,2.0,6.0,-0.144124917738727,0.05,0.974852443709362,-0.1441,0.05,-0.144124917738727,0.05,,0.05,0.035355339059327376,,,,-0.1441,0.0354,,,,,121.05486414388687,,,,
7182,P35557,G,343,S,NONSYN,0.36837526824294986,0.8567407986841337,0.055103677738544854,-0.8648000000000001,100.0,2.0,6.0,0.838468980171266,0.151682707058716,0.13177467065744863,0.8385,0.151682707058716,0.838468980171266,0.151682707058716,,0.151682707058716,0.10725587074995067,0.8913,0.05283694329064803,0.40731218457221985,0.8419,0.1037,0.09300000000000001,,,,53.20839049907471,,,,
7183,P35557,G,343,A,NONSYN,0.4089269105168704,0.8435001296326877,0.05866692953739259,-0.9328,100.0,2.0,6.0,0.878190987325604,0.12534178809193902,0.1059620077375879,0.8782,0.12534178809193902,0.878190987325604,0.12534178809193902,,0.12534178809193902,0.08863002832585733,0.8891,0.01092369058043241,0.40548861026763916,0.8787,0.0866,0.406,,,,53.20839049907471,,,,
7184,P35557,G,343,V,NONSYN,0.3988573139738447,0.7061976191125107,0.042230011599327315,-2.7219333333333338,100.0,2.0,6.0,1.0791465961197801,0.0605913142284555,0.03193818136247963,1.0791,0.0605913142284555,1.0791465961197801,0.0605913142284555,,0.0605913142284555,0.042844529171945825,0.7271,0.3520614825943895,0.4107491075992584,1.0754,0.0426,0.985,,,,53.20839049907471,,,,
7185,P35557,G,343,R,NONSYN,0.3362652746103357,0.7595409270810706,0.05276224518611694,-1.9470333333333334,100.0,2.0,6.0,0.207961053118953,0.27712898375946005,0.8579542476293112,0.208,0.27712898375946005,0.207961053118953,0.27712898375946005,,0.27712898375946005,0.19595978367965078,0.8718,0.6637949044845016,0.3981662094593048,0.3374,0.1758,0.12,,,,53.20839049907471,,,,
7186,P35557,G,343,D,NONSYN,0.3623286966209139,0.9604682550579794,0.12766337335682357,-1.5976,100.0,2.0,6.0,1.38109158810552,0.079972646090819,0.004408194833119897,1.3811,0.079972646090819,1.38109158810552,0.079972646090819,,0.079972646090819,0.05654920036024995,0.8553,0.5258266859906517,0.4856785237789154,1.3741,0.0562,0.961,,,,53.20839049907471,,,,
7187,P35557,G,343,F,NONSYN,0.3709207412708021,0.9396574484533172,0.042523061670974645,-2.717866666666667,100.0,2.0,6.0,0.378767108097361,0.0567824203819804,0.6995991214430775,0.3788,0.0567824203819804,0.378767108097361,0.0567824203819804,,0.0567824203819804,0.04015123450428357,0.7981,0.41929688535661847,0.40753763914108276,0.3828,0.04,0.9990000000000001,,,,53.20839049907471,,,,
7188,P35557,G,343,T,NONSYN,0.21962954488217865,1.0954234944168624,0.038270479169046426,-1.5144,100.0,2.0,6.0,0.976225870028871,0.5228720263133639,0.0600436585094687,0.9762,0.5228720263133639,0.976225870028871,0.5228720263133639,,0.5228720263133639,0.3697263554989305,0.88,0.09626867093219127,0.4050089716911316,0.9325,0.2731,0.978,,,,53.20839049907471,,,,
7189,P35557,G,343,I,NONSYN,0.29686370150880703,0.7061976191125107,0.042230011599327315,-2.721933333333333,100.0,2.0,6.0,0.634489114058058,0.0671082912188534,0.3443837361640024,0.6345,0.0671082912188534,0.634489114058058,0.0671082912188534,,0.0671082912188534,0.047452727794692874,0.7034,0.06888658307786732,0.4107491075992584,0.6354,0.0471,0.9940000000000001,,,,53.20839049907471,,,,
7190,P35557,G,343,L,NONSYN,0.33670580158540125,0.6573808581756474,0.027449704412548584,-2.6893,100.0,2.0,6.0,1.2255968789303702,0.149027797045068,0.012461472168341215,1.2256,0.149027797045068,1.2255968789303702,0.149027797045068,,0.149027797045068,0.1053785658758601,0.7249,0.5006507376873892,0.40610456466674805,1.194,0.102,0.9890000000000001,,,,53.20839049907471,,,,
7191,P35557,G,343,K,NONSYN,0.4007452768135149,1.0271537149017926,0.12781233282749693,-1.5245,100.0,2.0,6.0,1.18103520857408,0.0755686750937931,0.01666662483012955,1.181,0.0755686750937931,1.18103520857408,0.0755686750937931,,0.0755686750937931,0.05343512260410406,0.9103,0.2706940649659868,0.47842273116111755,1.1777,0.0531,0.9259999999999999,,,,53.20839049907471,,,,
7192,P35557,G,343,G,SYN,,,,,100.0,2.0,6.0,0.8996250223639859,0.05,0.09390450886958858,0.8996,0.05,0.8996250223639859,0.05,,0.05,0.035355339059327376,,,,0.8996,0.0354,,,,,53.20839049907471,,,,
7193,P35557,G,343,Y,NONSYN,0.28089736795090275,0.8945035277158372,0.04021113369624647,-2.6748999999999996,100.0,2.0,6.0,0.514228870309801,0.0816529379611403,0.516454804220935,0.5142,0.0816529379611403,0.514228870309801,0.0816529379611403,,0.0816529379611403,0.05773734613612677,0.7827,0.2684822779522229,0.4028931260108948,0.5196,0.0572,1.0,,,,53.20839049907471,,,,
7194,P35557,G,343,N,NONSYN,0.382875509440285,1.0325838518674633,0.05006319982754697,-0.8179,100.0,2.0,6.0,0.310939820621277,0.180414210750676,0.7734382525476677,0.3109,0.180414210750676,0.310939820621277,0.180414210750676,,0.180414210750676,0.12757211184422193,0.8628,0.5518169085046996,0.40773239731788635,0.3601,0.1218,0.9890000000000001,,,,53.20839049907471,,,,
7195,P35557,G,343,C,NONSYN,0.3672992043124827,0.686830251482581,0.061341088582411406,-2.438433333333333,100.0,2.0,6.0,0.334344135668808,0.45025054364432593,0.7495962027318089,0.3343,0.45025054364432593,0.334344135668808,0.45025054364432593,,0.45025054364432593,0.3183752126438324,0.6769,0.34260512695021056,0.4036778211593628,0.4657,0.25,0.998,,,,53.20839049907471,,,,
7196,P35557,G,343,P,NONSYN,0.2021261040610908,0.5015856778751924,0.07985256444893066,-1.8968333333333334,100.0,2.0,6.0,0.9818268007365879,0.110154791378852,0.05806317531562552,0.9818,0.110154791378852,0.9818268007365879,0.110154791378852,,0.110154791378852,0.07789119996417568,0.6201,0.3616958445636448,0.4372968375682831,0.9707,0.0767,0.985,,,,53.20839049907471,,,,
7197,P35557,G,343,E,NONSYN,0.4108810729254607,0.72318532878423,0.0802748395499323,-1.9435333333333331,100.0,2.0,6.0,0.317027848009475,0.104484244655244,0.7674051032687673,0.317,0.104484244655244,0.317027848009475,0.104484244655244,,0.104484244655244,0.07388151792287731,0.7499,0.4328770825821083,0.42019137740135193,0.33,0.0728,0.9890000000000001,,,,53.20839049907471,,,,
7198,P35557,G,343,M,NONSYN,0.2878381921366005,0.5830616186510363,0.11011524555881015,-2.275,100.0,2.0,6.0,0.54833023878025,0.24629420607835104,0.4666222453514407,0.5483,0.24629420607835104,0.54833023878025,0.24629420607835104,,0.24629420607835104,0.17415630328495899,0.6093,0.060973950901756835,0.47161737084388733,0.5556,0.1634,1.0,,,,53.20839049907471,,,,
7199,P35557,G,343,W,NONSYN,0.355895468841822,0.6539403235229461,0.12180533088126672,-2.4539666666666666,100.0,2.0,6.0,0.43301391954771296,0.0582836286178005,0.6308195680627225,0.433,0.0582836286178005,0.43301391954771296,0.0582836286178005,,0.0582836286178005,0.04121274902780506,0.6699,0.23689096812852606,0.4675586223602295,0.4348,0.0411,1.0,,,,53.20839049907471,,,,
7200,P35557,G,343,H,NONSYN,0.3218287257213429,0.5022719006216719,0.07448023939439923,-1.9332999999999998,100.0,2.0,6.0,0.9797681324971491,0.164494212246338,0.05878412167946072,0.9798,0.164494212246338,0.9797681324971491,0.164494212246338,,0.164494212246338,0.11631497294532482,0.4984,0.48139471345074714,0.41715335845947266,0.945,0.112,0.9990000000000001,,,,53.20839049907471,,,,
7201,P35557,G,343,Q,NONSYN,0.29754150588632416,0.5004049237190996,0.14163972036312,-1.7754,100.0,2.0,6.0,0.7241436865709872,0.119403030056665,0.23439767766410802,0.7241,0.119403030056665,0.7241436865709872,0.119403030056665,,0.119403030056665,0.08443069224728897,0.617,0.10711479453073447,0.5302591323852539,0.7215,0.0834,0.9890000000000001,,,,53.20839049907471,,,,
7202,P35557,G,343,*,STOP,,,,,100.0,2.0,6.0,-0.0224616442109491,0.05,0.9539615146759444,-0.0225,0.05,-0.0224616442109491,0.05,,0.05,0.035355339059327376,,,,-0.0225,0.0354,,,,,53.20839049907471,,,,
7203,P35557,D,344,S,NONSYN,0.3690767940714815,1.2583475576086334,0.033318106059388015,-0.9239999999999999,100.0,2.0,6.0,1.06261564456672,0.232567940828867,0.0354153950827333,1.0626,0.232567940828867,1.06261564456672,0.232567940828867,,0.232567940828867,0.1644503680466836,1.0804,0.017833698160941047,0.48474380373954773,1.0645,0.1557,0.924,,,,83.87257654884836,,,,
7204,P35557,D,344,A,NONSYN,0.4216252277516441,0.885868330919385,0.04435585278648033,-1.4927333333333335,100.0,2.0,6.0,0.8986410708460709,0.0904055133834851,0.09443098378469814,0.8986,0.0904055133834851,0.8986410708460709,0.0904055133834851,,0.0904055133834851,0.06392635157011349,0.89,0.008604368690004027,0.4050089716911316,0.8984,0.0631,0.902,,,,83.87257654884836,,,,
7205,P35557,D,344,V,NONSYN,0.4506084315132353,0.458275542045299,0.06730895053276126,-2.6115333333333335,100.0,2.0,6.0,0.507042921032531,0.0533078416689753,0.5269049005864805,0.507,0.0533078416689753,0.507042921032531,0.0533078416689753,,0.0533078416689753,0.037694336334551236,0.5991,0.09202107146777416,0.41962122917175293,0.5078,0.0375,0.976,,,,83.87257654884836,,,,
7206,P35557,D,344,R,NONSYN,0.35823216117602164,0.8829008535023853,0.040564300515900424,-1.472133333333333,100.0,2.0,6.0,0.90754350309707,0.118189603821237,0.08975933927486385,0.9075,0.118189603821237,0.90754350309707,0.118189603821237,,0.118189603821237,0.08357267032774816,0.8996,0.007985197356713547,0.3940907120704651,0.9072,0.0818,0.24100000000000002,,,,83.87257654884836,,,,
7207,P35557,D,344,D,SYN,,,,,100.0,2.0,6.0,0.748883271271943,0.05,0.2084615186251261,0.7489,0.05,0.748883271271943,0.05,,0.05,0.035355339059327376,,,,0.7489,0.0354,,,,,83.87257654884836,,,,
7208,P35557,D,344,F,NONSYN,0.29646296686588297,0.5014069105019053,0.04786579746628868,-2.6194333333333333,100.0,2.0,6.0,0.377648815662712,0.207726287620723,0.7009315435883878,0.3776,0.207726287620723,0.377648815662712,0.207726287620723,,0.207726287620723,0.1468846666073204,0.483,0.10532926008000953,0.405708372592926,0.3899,0.1381,0.9990000000000001,,,,83.87257654884836,,,,
7209,P35557,D,344,T,NONSYN,0.33041122774515563,1.1590452071097113,0.039382445909056825,-1.1000666666666665,100.0,2.0,6.0,0.165549319472453,0.27203644228638,0.8838970798579607,0.1655,0.27203644228638,0.165549319472453,0.27203644228638,,0.27203644228638,0.19235881307056216,0.9386,0.7730624859665424,0.39375922083854675,0.3145,0.1728,0.95,,,,83.87257654884836,,,,
7210,P35557,D,344,I,NONSYN,0.3169485018080975,0.7365339614340857,0.06247463196159981,-2.7128666666666668,100.0,2.0,6.0,0.332959849633514,0.419766877026113,0.7510550758205512,0.333,0.419766877026113,0.332959849633514,0.419766877026113,,0.419766877026113,0.29682000526266406,0.7757,0.4427127053362736,0.40805715322494507,0.4861,0.24,0.997,,,,83.87257654884836,,,,
7211,P35557,D,344,L,NONSYN,0.37713817620354506,0.4130193497796304,0.10750317204876114,-2.7055000000000002,100.0,2.0,6.0,1.30350368459688,0.19604817911857397,0.007436886437465068,1.3035,0.19604817911857397,1.30350368459688,0.19604817911857397,,0.19604817911857397,0.13862699689401856,0.4793,0.8242145999239521,0.46895691752433777,1.2373,0.1329,0.9940000000000001,,,,83.87257654884836,,,,
7212,P35557,D,344,K,NONSYN,0.3517044245741117,0.8634146487272734,0.06226114960696869,-0.8664,100.0,2.0,6.0,2.2474143712108,0.0655245376896214,7.800707381928817e-06,2.2474,0.0655245376896214,2.2474143712108,0.0655245376896214,,0.0655245376896214,0.0463328449344448,0.8324,1.4150613753383023,0.4286569654941559,2.2311,0.0461,0.956,,,,83.87257654884836,,,,
7213,P35557,D,344,G,NONSYN,0.41616550742326497,0.5473228147724943,0.07102081739032325,-1.2674333333333332,100.0,2.0,6.0,0.651943196119375,0.12251484610587599,0.32121540539447946,0.6519,0.12251484610587599,0.651943196119375,0.12251484610587599,,0.12251484610587599,0.08663107847749119,0.7555,0.10356570356934569,0.42413729429244995,0.6561,0.0849,0.87,,,,83.87257654884836,,,,
7214,P35557,D,344,Y,NONSYN,0.4224113195979475,0.4942714228318607,0.05548363812774792,-2.560966666666667,100.0,2.0,6.0,0.181412890311151,0.22036540749334,0.874739343194051,0.1814,0.22036540749334,0.181412890311151,0.22036540749334,,0.22036540749334,0.15582187397747754,0.4288,0.24740789854917006,0.40360593795776367,0.2135,0.1454,1.0,,,,83.87257654884836,,,,
7215,P35557,D,344,N,NONSYN,0.4295009636980524,0.7748091218167087,0.14022422099406254,-0.2961,100.0,2.0,6.0,0.627541271199592,0.6498064861876129,0.3538018781838381,0.6275,0.6498064861876129,0.627541271199592,0.6498064861876129,,0.6498064861876129,0.45948257284226374,0.7841,0.15654447938024196,0.5232855081558228,0.6957,0.3453,0.9590000000000001,,,,83.87257654884836,,,,
7216,P35557,D,344,C,NONSYN,0.3461355508488411,0.7145021517543083,0.1099193758997346,-2.7265333333333337,100.0,2.0,6.0,0.399055278672846,0.17023166267812603,0.6747994701748206,0.3991,0.17023166267812603,0.399055278672846,0.17023166267812603,,0.17023166267812603,0.12037196305236382,0.7339,0.3348905678847712,0.4772334396839142,0.4191,0.1167,0.997,,,,83.87257654884836,,,,
7217,P35557,D,344,P,NONSYN,0.2905290433283012,0.8193759233541721,0.04543116087854418,-1.4699,100.0,2.0,6.0,1.09811829354171,0.0802201982528032,0.02834330412913746,1.0981,0.0802201982528032,1.09811829354171,0.0802201982528032,,0.0802201982528032,0.05672424617268637,0.8265,0.2716343882263108,0.41924378275871277,1.0932,0.0562,0.9490000000000001,,,,83.87257654884836,,,,
7218,P35557,D,344,E,NONSYN,0.4869275421620544,0.8800023877941511,0.1638784015207796,-0.3505,100.0,2.0,6.0,0.311961473267265,0.541081416722509,0.7724341052993288,0.312,0.541081416722509,0.311961473267265,0.541081416722509,,0.541081416722509,0.38260233893851026,0.8913,0.5793444501946491,0.5116857886314392,0.5197,0.3064,0.3,,,,83.87257654884836,,,,
7219,P35557,D,344,M,NONSYN,0.2886817698329022,0.35536820900213134,0.07247714174973363,-2.5042666666666666,100.0,2.0,6.0,0.598122531800339,0.0970560520830309,0.39473008224222705,0.5981,0.0970560520830309,0.598122531800339,0.0970560520830309,,0.0970560520830309,0.0686289925831059,0.3914,0.2067196315813754,0.4055752754211426,0.5924,0.0677,0.9990000000000001,,,,83.87257654884836,,,,
7220,P35557,D,344,W,NONSYN,0.2933207242208761,0.6785062709677466,0.11633713904045423,-2.7770999999999995,100.0,2.0,6.0,0.309565936297024,0.0613982095225216,0.7747833215845663,0.3096,0.0613982095225216,0.309565936297024,0.0613982095225216,,0.0613982095225216,0.04341509030608748,0.6699,0.360338951379215,0.4824869632720947,0.3125,0.0432,1.0,,,,83.87257654884836,,,,
7221,P35557,D,344,H,NONSYN,0.4359397753198172,1.0216356289342092,0.07199813982458778,-1.1262,100.0,2.0,6.0,0.577778053998959,0.0928128992557127,0.42382225503268645,0.5778,0.0928128992557127,0.577778053998959,0.0928128992557127,,0.0928128992557127,0.06562863044529832,0.7999,0.22213231253622778,0.4209258556365967,0.583,0.0648,0.9990000000000001,,,,83.87257654884836,,,,
7222,P35557,D,344,Q,NONSYN,0.3596090029508326,1.2959360232588264,0.061007989644831256,-0.9040333333333331,100.0,2.0,6.0,0.949850247616141,0.084107265662567,0.0702153480837548,0.9499,0.084107265662567,0.949850247616141,0.084107265662567,,0.084107265662567,0.059472817897059584,1.0452,0.09535582233014805,0.5189430713653564,0.9511,0.0591,0.983,,,,83.87257654884836,,,,
7223,P35557,D,344,*,STOP,,,,,100.0,2.0,6.0,-0.0622887180223099,0.05,0.9622416523396001,-0.0623,0.05,-0.0622887180223099,0.05,,0.05,0.035355339059327376,,,,-0.0623,0.0354,,,,,83.87257654884836,,,,
7224,P35557,R,345,S,NONSYN,0.4030125793742561,1.025978487398863,0.13295628076100383,-0.8416666666666667,100.0,2.0,6.0,0.8602865784939991,0.1040414205618,0.11701862109696516,0.8603,0.1040414205618,0.8602865784939991,0.1040414205618,,0.1040414205618,0.07356839400353028,0.8628,0.002470150631977419,0.48853442072868347,0.8603,0.0727,0.992,,,,82.20270648651147,,,,
7225,P35557,R,345,A,NONSYN,0.3189859929557896,0.953779839454132,0.06934714630876966,-1.0746,100.0,2.0,6.0,1.5014090135784501,0.0851855549723158,0.0019282168851037207,1.5014,0.0851855549723158,1.5014090135784501,0.0851855549723158,,0.0851855549723158,0.060235283580063914,0.852,0.6493934586735124,0.4078614413738251,1.4875,0.0596,0.968,,,,82.20270648651147,,,,
7226,P35557,R,345,V,NONSYN,0.398009908378716,1.18272136107496,0.0403626422046979,-1.9711666666666667,100.0,2.0,6.0,0.802533590544783,0.205599800596476,0.15933568881178772,0.8025,0.205599800596476,0.802533590544783,0.205599800596476,,0.205599800596476,0.14538101321237015,1.0294,0.22689965988246308,0.49566027522087097,0.8205,0.1395,0.902,,,,82.20270648651147,,,,
7227,P35557,R,345,R,SYN,,,,,100.0,2.0,6.0,1.1489180400031,0.05,0.020506217037336547,1.1489,0.05,1.1489180400031,0.05,,0.05,0.035355339059327376,,,,1.1489,0.0354,,,,,82.20270648651147,,,,
7228,P35557,R,345,D,NONSYN,0.1122725979085614,0.935087938458636,0.0506085630097487,-1.7069333333333334,100.0,2.0,6.0,1.9654278693809097,0.0595236207960664,6.752879915608334e-05,1.9654,0.0595236207960664,1.9654278693809097,0.0595236207960664,,0.0595236207960664,0.042089555905675154,0.7981,1.1673638759269303,0.4204462170600891,1.9538,0.0419,0.9990000000000001,,,,82.20270648651147,,,,
7229,P35557,R,345,F,NONSYN,0.3436253892885596,1.0269302337782715,0.0664058663886888,-2.1555666666666666,100.0,2.0,6.0,1.13595648832772,0.0399820934473765,0.0222830276053947,1.136,0.0399820934473765,1.13595648832772,0.0399820934473765,,0.0399820934473765,0.028271609402674147,0.9167,0.21928115911934598,0.37643203139305115,1.1347,0.0282,0.037000000000000005,,,,82.20270648651147,,,,
7230,P35557,R,345,T,NONSYN,0.292232657128476,1.0674438793002923,0.033822469888766464,-1.0614333333333332,100.0,2.0,6.0,1.16041689403997,0.270606335750334,0.019043557009421137,1.1604,0.270606335750334,1.16041689403997,0.270606335750334,,0.270606335750334,0.1913475750411048,0.8672,0.29324703701482346,0.40590882301330566,1.1071,0.1731,0.9840000000000001,,,,82.20270648651147,,,,
7231,P35557,R,345,I,NONSYN,0.35928103966798514,1.2697748887947276,0.049973168853425544,-2.1296999999999997,100.0,2.0,6.0,0.40742252327835204,0.18979503296151898,0.6642376745694846,0.4074,0.18979503296151898,0.40742252327835204,0.18979503296151898,,0.18979503296151898,0.13420535484261437,1.0363,0.6288833811100757,0.48735669255256653,0.4517,0.1294,0.9570000000000001,,,,82.20270648651147,,,,
7232,P35557,R,345,L,NONSYN,0.3775202648814329,0.7313012466569203,0.05418733559451405,-1.8647666666666665,100.0,2.0,6.0,1.4055507391629498,0.145480376725573,0.0037317866832109613,1.4056,0.145480376725573,1.4055507391629498,0.145480376725573,,0.145480376725573,0.10287016091222626,0.8508,0.5547450989423077,0.4074386656284332,1.3723,0.0997,0.924,,,,82.20270648651147,,,,
7233,P35557,R,345,K,NONSYN,0.4996982892545154,0.800624933919173,0.13791725908741176,-0.31583333333333335,100.0,2.0,6.0,1.3397149916330802,0.0534196848751306,0.005832337596611558,1.3397,0.0534196848751306,1.3397149916330802,0.0534196848751306,,0.0534196848751306,0.037773421424053294,0.8549,0.4847780342737662,0.5153698325157166,1.3371,0.0377,0.903,,,,82.20270648651147,,,,
7234,P35557,R,345,G,NONSYN,0.4710347881166008,0.8642658744665002,0.061217230679155354,-1.865,100.0,2.0,6.0,1.00665685573421,0.0810028649786592,0.04997997303989394,1.0067,0.0810028649786592,1.00665685573421,0.0810028649786592,,0.0810028649786592,0.05727767512194822,0.8302,0.1764523688872861,0.41371193528175354,1.0033,0.0567,0.992,,,,82.20270648651147,,,,
7235,P35557,R,345,Y,NONSYN,0.3907391645635834,1.461992797021683,0.050346064158295296,-1.6721666666666666,100.0,2.0,6.0,0.384713293691768,0.0634040216305182,0.6924528117261161,0.3847,0.0634040216305182,0.384713293691768,0.0634040216305182,,0.0634040216305182,0.04483341364943796,1.0452,0.6604927762545211,0.5095299482345581,0.3898,0.0447,0.956,,,,82.20270648651147,,,,
7236,P35557,R,345,N,NONSYN,0.4070897773431755,1.032372403999421,0.03667652030443736,-0.6592999999999999,100.0,2.0,6.0,0.594508605664895,0.550786512492592,0.39985830603867223,0.5945,0.550786512492592,0.594508605664895,0.550786512492592,,0.550786512492592,0.3894648779696009,0.824,0.2294835274756689,0.4195943772792816,0.7007,0.2855,0.9990000000000001,,,,82.20270648651147,,,,
7237,P35557,R,345,C,NONSYN,0.3945781846907973,1.1380711997059174,0.046369646097723975,-2.1973999999999996,100.0,2.0,6.0,0.797508259257153,0.0504728484231504,0.16352554966028246,0.7975,0.0504728484231504,0.797508259257153,0.0504728484231504,,0.0504728484231504,0.035689693385810385,0.8492,0.05170176462285192,0.39731132984161377,0.7979,0.0355,1.0,,,,82.20270648651147,,,,
7238,P35557,R,345,P,NONSYN,0.180066694070857,1.1189326729356293,0.028012492774899183,-1.7161666666666668,100.0,2.0,6.0,1.41389366594993,0.188468951301631,0.003525023824805212,1.4139,0.188468951301631,1.41389366594993,0.188468951301631,,0.188468951301631,0.13326767350850047,0.8506,0.5633417030974519,0.4103694558143616,1.3601,0.1268,0.9990000000000001,,,,82.20270648651147,,,,
7239,P35557,R,345,E,NONSYN,0.2774716424939038,0.9854013992457814,0.13363444713766545,-0.8858,100.0,2.0,6.0,0.982017842953244,0.0870077328097117,0.05799668110861688,0.982,0.0870077328097117,0.982017842953244,0.0870077328097117,,0.0870077328097117,0.0615237578854144,0.8628,0.11926111382726745,0.5062890648841858,0.9803,0.0611,0.983,,,,82.20270648651147,,,,
7240,P35557,R,345,M,NONSYN,0.37044865400284027,1.1740374953708064,0.07122303970106914,-1.0532666666666668,100.0,2.0,6.0,0.8406360458284271,0.0501006435120197,0.1302439578154155,0.8406,0.0501006435120197,0.8406360458284271,0.0501006435120197,,0.0501006435120197,0.03542650476915893,0.9506,0.10994252453747866,0.39571183919906616,0.8415,0.0353,0.9890000000000001,,,,82.20270648651147,,,,
7241,P35557,R,345,W,NONSYN,0.38841440406711497,0.7819708673836182,0.06662165161008907,-2.1376333333333335,100.0,2.0,6.0,1.8708345875116799,0.0328918089014304,0.00013647553148441504,1.8708,0.0328918089014304,1.8708345875116799,0.0328918089014304,,0.0328918089014304,0.023258021119693478,0.731,1.1398059710833046,0.4036778211593628,1.8671,0.0232,1.0,,,,82.20270648651147,,,,
7242,P35557,R,345,H,NONSYN,0.3580838527509595,0.7096932847199143,0.13826973762172534,-0.45376666666666665,100.0,2.0,6.0,1.25481279055102,0.0762761154513586,0.010279816633638186,1.2548,0.0762761154513586,1.25481279055102,0.0762761154513586,,0.0762761154513586,0.05393535847822366,0.7089,0.5459541217468513,0.5178318023681641,1.249,0.0536,0.9990000000000001,,,,82.20270648651147,,,,
7243,P35557,R,345,Q,NONSYN,0.3675437003413988,0.9437797463897196,0.13265539602476858,-0.5823,100.0,2.0,6.0,0.552553405541604,0.18220109287053,0.4604539175375491,0.5526,0.18220109287053,0.552553405541604,0.18220109287053,,0.18220109287053,0.12883562830835166,0.8124,0.2598476507480688,0.49806922674179077,0.5688,0.1247,0.998,,,,82.20270648651147,,,,
7244,P35557,R,345,*,STOP,,,,,100.0,2.0,6.0,0.28093230821813103,0.05,0.8014439275432326,0.2809,0.05,0.28093230821813103,0.05,,0.05,0.035355339059327376,,,,0.2809,0.0354,,,,,82.20270648651147,H,354.0,,
7245,P35557,K,346,S,NONSYN,0.39799365034538775,1.3062777239839214,0.09905780983666003,-0.8266,100.0,2.0,6.0,3.1570284165284104,0.5805842185080171,3.972410103539455e-09,3.157,0.5805842185080171,3.1570284165284104,0.5805842185080171,,0.5805842185080171,0.4105350379569111,1.0881,2.0689272679230637,0.49697598814964294,2.3179,0.3165,0.24100000000000002,,,,133.2460277396658,,,,
7246,P35557,K,346,A,NONSYN,0.4253782567817681,0.7397740351768198,0.07918162774822497,-0.8658,100.0,2.0,6.0,2.15508792836204,0.26605181831408,1.5973266122607713e-05,2.1551,0.26605181831408,2.15508792836204,0.26605181831408,,0.26605181831408,0.18812704487689724,0.8718,1.2833319707585855,0.4192890524864197,1.94,0.1716,0.13699999999999998,,,,133.2460277396658,,,,
7247,P35557,K,346,V,NONSYN,0.4018371367991864,0.9416974063686657,0.047126697536758334,-1.8981333333333332,100.0,2.0,6.0,1.38634596235842,0.23728194460569002,0.004253523627775943,1.3863,0.23728194460569002,1.38634596235842,0.23728194460569002,,0.23728194460569002,0.16778367208381414,0.9077,0.4786667621859957,0.38524365425109863,1.31,0.1538,0.040999999999999995,,,,133.2460277396658,,,,
7248,P35557,K,346,R,NONSYN,0.4425642104838123,1.8099103291687368,0.17463855050005286,-0.07929999999999998,100.0,2.0,6.0,1.41249449497673,0.0639380946306337,0.0035589048351916176,1.4125,0.0639380946306337,1.41249449497673,0.0639380946306337,,0.0639380946306337,0.045211060289468266,1.2246,0.18788631206962547,0.5909900665283203,1.4114,0.0451,0.0,,,,133.2460277396658,,,,
7249,P35557,K,346,D,NONSYN,0.3868073539125079,1.3062777239839212,0.09905780983666003,-0.8266,100.0,2.0,6.0,0.45557686194073604,0.0837533206878059,0.6001157623976394,0.4556,0.0837533206878059,0.45557686194073604,0.0837533206878059,,0.0837533206878059,0.059222541005239104,1.0859,0.6303331007133777,0.5004844069480896,0.4643,0.0588,0.527,,,,133.2460277396658,,,,
7250,P35557,K,346,F,NONSYN,0.39391394066408775,1.1442029241973624,0.0691519360214994,-1.9194666666666667,100.0,2.0,6.0,1.04812418894269,0.11124023205822099,0.03875165444787265,1.0481,0.11124023205822099,1.04812418894269,0.11124023205822099,,0.11124023205822099,0.07865872242913323,0.9619,0.08626758532025347,0.3987320363521576,1.0449,0.0772,0.473,,,,133.2460277396658,,,,
7251,P35557,K,346,T,NONSYN,0.4423640368257771,1.0613323201817766,0.07437296678914425,-0.8377,100.0,2.0,6.0,1.1904130733471698,0.28995624797085495,0.015681927339107532,1.1904,0.28995624797085495,1.1904130733471698,0.28995624797085495,,0.28995624797085495,0.20503002918759963,0.9115,0.27888543968017765,0.39950138330459595,1.1323,0.1824,0.067,,,,133.2460277396658,,,,
7252,P35557,K,346,I,NONSYN,0.4603939774498695,1.2932338285161469,0.0720307409162604,-1.9278666666666666,100.0,2.0,6.0,0.6010314759863371,0.0711232476953699,0.39061636680198125,0.601,0.0711232476953699,0.6010314759863371,0.0711232476953699,,0.0711232476953699,0.05029173074540654,1.0881,0.4870696726190096,0.47113972902297974,0.6065,0.05,0.062,,,,133.2460277396658,,,,
7253,P35557,K,346,L,NONSYN,0.4356747906628182,0.9220689490723624,0.0630541193508686,-1.8765,100.0,2.0,6.0,1.4452313342473302,0.15720873703707802,0.0028433336834215164,1.4452,0.15720873703707802,1.4452313342473302,0.15720873703707802,,0.15720873703707802,0.11116336402069062,0.9077,0.5375521340749059,0.38888293504714966,1.4046,0.1069,0.009000000000000001,,,,133.2460277396658,,,,
7254,P35557,K,346,K,SYN,,,,,100.0,2.0,6.0,1.8310833283206298,0.05,0.00018286438994711212,1.8311,0.05,1.8310833283206298,0.05,,0.05,0.035355339059327376,,,,1.8311,0.0354,,,,,133.2460277396658,,,,
7255,P35557,K,346,G,NONSYN,0.3929842999811576,0.9776981940464688,0.0716042284820716,-1.5884666666666665,100.0,2.0,6.0,1.26267327180681,0.27075647708649,0.009758780984173482,1.2627,0.27075647708649,1.26267327180681,0.27075647708649,,0.27075647708649,0.19145374099803714,0.9149,0.3477366100865342,0.3960433304309845,1.1968,0.1724,0.24100000000000002,,,,133.2460277396658,,,,
7256,P35557,K,346,Y,NONSYN,0.3944793974738757,1.3647501894708534,0.09259420971845612,-1.7455,100.0,2.0,6.0,0.7788294088723299,0.101012661629371,0.1798400358216116,0.7788,0.101012661629371,0.7788294088723299,0.101012661629371,,0.101012661629371,0.0714267380238304,1.0881,0.3092717397330168,0.5144084095954895,0.7847,0.0707,0.095,,,,133.2460277396658,,,,
7257,P35557,K,346,N,NONSYN,0.4560364383708069,2.1013446032812397,0.16454437782440068,-0.5051666666666667,,,,,,,,,,,,,,1.2825,,0.6583619713783264,1.2825,0.6584,0.457,,,,133.2460277396658,,,,
7258,P35557,K,346,C,NONSYN,0.4535515939759026,0.7996113526503553,0.03283656122036692,-2.2871333333333332,100.0,2.0,6.0,0.877544025935376,0.0679987476145837,0.10634557644653164,0.8775,0.0679987476145837,0.877544025935376,0.0679987476145837,,0.0679987476145837,0.048082375550464705,0.7841,0.09345827535554196,0.3985137939453125,0.8762,0.0477,0.963,,,,133.2460277396658,,,,
7259,P35557,K,346,P,NONSYN,0.27870648767165224,0.8046363820655209,0.08057844524143733,-0.9779666666666667,100.0,2.0,6.0,1.34507400143635,0.0793109322599051,0.005625400663646548,1.3451,0.0793109322599051,1.34507400143635,0.0793109322599051,,0.0793109322599051,0.05608129802320581,0.8859,0.45913511860859124,0.411237895488739,1.3367,0.0556,0.001,,,,133.2460277396658,,,,
7260,P35557,K,346,E,NONSYN,0.4020218445230145,2.1976338169716603,0.17324886622773938,-0.3035,100.0,2.0,6.0,0.9919174649532699,0.28193214807175,0.054644344378674756,0.9919,0.28193214807175,0.9919174649532699,0.28193214807175,,0.28193214807175,0.19935613373602423,1.2688,0.2768672964755631,0.6651148796081543,1.0147,0.191,0.035,,,,133.2460277396658,,,,
7261,P35557,K,346,M,NONSYN,0.43998119930382734,0.9970213122414187,0.07355250144530384,-0.9419333333333334,100.0,2.0,6.0,0.767919210908657,0.16056992436917097,0.18991458778700587,0.7679,0.16056992436917097,0.767919210908657,0.16056992436917097,,0.16056992436917097,0.11354008237605186,0.9124,0.14448890257095726,0.39767780900001526,0.7788,0.1092,0.701,,,,133.2460277396658,,,,
7262,P35557,K,346,W,NONSYN,0.4169292295856069,0.8422332302881342,0.035005345042861076,-2.216833333333333,100.0,2.0,6.0,0.7496783930220391,0.0444455842454173,0.20766217422850144,0.7497,0.0444455842454173,0.7496783930220391,0.0444455842454173,,0.0444455842454173,0.031427774013732555,0.8324,0.08267460285045847,0.39731132984161377,0.7502,0.0313,0.975,,,,133.2460277396658,,,,
7263,P35557,K,346,H,NONSYN,0.4436698866414692,1.267025954549982,0.09483108213256482,-0.8412999999999999,100.0,2.0,6.0,0.5733321702425539,0.147532703655434,0.43024281133082964,0.5733,0.147532703655434,0.5733321702425539,0.147532703655434,,0.147532703655434,0.10432137520154272,1.0804,0.5071171724851072,0.5034788250923157,0.5942,0.1022,0.78,,,,133.2460277396658,,,,
7264,P35557,K,346,Q,NONSYN,0.4867518824335938,1.8538134588194701,0.15287101513692877,0.10200000000000002,100.0,2.0,6.0,1.28078510602453,0.363883839812591,0.008653383523209355,1.2808,0.363883839812591,1.28078510602453,0.363883839812591,,0.363883839812591,0.25730473069568244,1.2212,0.05962624391057747,0.6210962533950806,1.2721,0.2377,0.092,,,,133.2460277396658,,,,
7265,P35557,K,346,*,STOP,,,,,100.0,2.0,6.0,0.862472176639897,0.05,0.11561914665818085,0.8625,0.05,0.862472176639897,0.05,,0.05,0.035355339059327376,,,,0.8625,0.0354,,,,,133.2460277396658,,,,
7266,P35557,Q,347,S,NONSYN,0.4409447200841817,1.0284104743490956,0.034415388670355956,-0.6639,100.0,2.0,6.0,1.8316304039978,0.410952064626448,0.00018213174750949902,1.8316,0.410952064626448,1.8316304039978,0.410952064626448,,0.410952064626448,0.2905869916399737,0.9103,0.9212892603897067,0.39444130659103394,1.5075,0.234,0.8109999999999999,,,,69.5694019548997,,,,
7267,P35557,Q,347,A,NONSYN,0.4409062194732345,1.2562385366722524,0.10111547572092798,-0.7354333333333333,100.0,2.0,6.0,1.04311690162832,0.0830277494542012,0.03997094575756858,1.0431,0.0830277494542012,1.04311690162832,0.0830277494542012,,0.0830277494542012,0.05870948466572334,1.0804,0.037332441099341196,0.5066285133361816,1.0436,0.0583,0.639,,,,69.5694019548997,,,,
7268,P35557,Q,347,V,NONSYN,0.3518917047261823,1.23561226301267,0.029586583300122492,-1.6304999999999998,100.0,2.0,6.0,1.24880582081374,0.0369239822779763,0.01069596055771666,1.2488,0.0369239822779763,1.24880582081374,0.0369239822779763,,0.0369239822779763,0.026109198257168946,1.08,0.16885536896284892,0.4836157262325287,1.2483,0.0261,0.509,,,,69.5694019548997,,,,
7269,P35557,Q,347,R,NONSYN,0.4495753804079927,0.9806840297866838,0.06644406511630892,0.14876666666666669,100.0,2.0,6.0,1.22950045743668,0.0857944139885631,0.012146097258808233,1.2295,0.0857944139885631,1.22950045743668,0.0857944139885631,,0.0857944139885631,0.06066581191923896,0.9178,0.31166456618988425,0.36831486225128174,1.2213,0.0599,0.003,,,,69.5694019548997,,,,
7270,P35557,Q,347,D,NONSYN,0.3761251669021567,1.1596898517789755,0.10132554274949694,-0.7075333333333332,100.0,2.0,6.0,1.3327629563081498,0.0782824110617425,0.0061118055397169965,1.3328,0.0782824110617425,1.3327629563081498,0.0782824110617425,,0.0782824110617425,0.055354023709390916,0.983,0.34972262351396033,0.4796825647354126,1.3282,0.055,0.723,,,,69.5694019548997,,,,
7271,P35557,Q,347,F,NONSYN,0.46856681542106005,1.2508977264998633,0.06585572621791884,-2.0619666666666667,100.0,2.0,6.0,1.09738530167884,0.0563677194860555,0.02847481202382084,1.0974,0.0563677194860555,1.09738530167884,0.0563677194860555,,0.0563677194860555,0.03985799668861093,1.0363,0.06107939729041223,0.4922932982444763,1.097,0.0397,0.981,,,,69.5694019548997,,,,
7272,P35557,Q,347,T,NONSYN,0.4922881604041325,1.4025034206447566,0.10052731593447334,-0.6848333333333333,100.0,2.0,6.0,0.604322249710807,0.0950177585637151,0.3859786222010389,0.6043,0.0950177585637151,0.604322249710807,0.0950177585637151,,0.0950177585637151,0.06718770141354909,1.0881,0.48377889889453973,0.48618412017822266,0.6134,0.0666,0.142,,,,69.5694019548997,,,,
7273,P35557,Q,347,I,NONSYN,0.4593577312581562,1.1271006065894367,0.06644960944550912,-2.0460000000000003,100.0,2.0,6.0,1.46877666141012,0.0419879654684153,0.0024173696519517993,1.4688,0.0419879654684153,1.46877666141012,0.0419879654684153,,0.0419879654684153,0.02968997511094305,0.9466,0.5222197356364995,0.3805575370788574,1.4656,0.0296,0.924,,,,69.5694019548997,,,,
7274,P35557,Q,347,L,NONSYN,0.47697605168164703,1.2297450482004666,0.025372159282505632,-1.5785,100.0,2.0,6.0,1.1842048585123002,0.117566330415296,0.016327366220534507,1.1842,0.117566330415296,1.1842048585123002,0.117566330415296,,0.117566330415296,0.08313194947587405,1.08,0.10425440666140906,0.48086538910865784,1.1812,0.0819,0.563,,,,69.5694019548997,,,,
7275,P35557,Q,347,K,NONSYN,0.3813325671505154,1.1539887965354765,0.04769766828326636,0.2974666666666667,100.0,2.0,6.0,0.647761628974381,0.21144269986176503,0.3266986099810329,0.6478,0.21144269986176503,0.647761628974381,0.21144269986176503,,0.21144269986176503,0.14951256690464593,0.9894,0.34161294902473394,0.4177166819572449,0.6866,0.1408,0.21,,,,69.5694019548997,,,,
7276,P35557,Q,347,G,NONSYN,0.4132083883745238,1.2608607505379033,0.029902705416990805,-1.6385666666666667,100.0,2.0,6.0,1.1730603582380401,0.0320136631677775,0.017550270032792265,1.1731,0.0320136631677775,1.1730603582380401,0.0320136631677775,,0.0320136631677775,0.022637078316557476,1.0804,0.09261101551037898,0.4836157262325287,1.1729,0.0226,0.8109999999999999,,,,69.5694019548997,,,,
7277,P35557,Q,347,Y,NONSYN,0.4840075968099441,1.3992334820511199,0.04319362341655463,-1.4618333333333335,100.0,2.0,6.0,1.16660321407569,0.0982481147014539,0.018298363314076138,1.1666,0.0982481147014539,1.16660321407569,0.0982481147014539,,0.0982481147014539,0.06947190814419178,1.0452,0.12139714412940084,0.5095299482345581,1.1644,0.0688,0.981,,,,69.5694019548997,,,,
7278,P35557,Q,347,N,NONSYN,0.4518295354764143,1.256827475515099,0.10125327962405355,-0.35083333333333333,100.0,2.0,6.0,1.06322217800853,0.0545896118412051,0.035281785257768594,1.0632,0.0545896118412051,1.06322217800853,0.0545896118412051,,0.0545896118412051,0.03860068471525758,1.0825,0.01930331370594751,0.5021107792854309,1.0633,0.0385,0.563,,,,69.5694019548997,,,,
7279,P35557,Q,347,C,NONSYN,0.4511413301447636,1.2716559279675665,0.018713764262197466,-1.9530666666666667,100.0,2.0,6.0,1.03511069727573,0.273750270229948,0.04199479023217462,1.0351,0.273750270229948,1.03511069727573,0.273750270229948,,0.273750270229948,0.1935706724312461,1.0363,0.001195207112697716,0.49537062644958496,1.0353,0.1803,0.991,,,,69.5694019548997,,,,
7280,P35557,Q,347,P,NONSYN,0.4853050517411639,0.9850434407662657,0.042493730604369444,-1.2671333333333334,100.0,2.0,6.0,1.66392401535339,0.137297822611973,0.0006134747024638922,1.6639,0.137297822611973,1.66392401535339,0.137297822611973,,0.137297822611973,0.09708422141107381,0.8628,0.8011672862274135,0.40590882301330566,1.6206,0.0944,0.955,,,,69.5694019548997,,,,
7281,P35557,Q,347,E,NONSYN,0.4564313440073604,1.0361101229294003,0.06825088683018173,0.2536666666666667,100.0,2.0,6.0,1.00139764979261,0.0425667410404976,0.05160072208730393,1.0014,0.0425667410404976,1.00139764979261,0.0425667410404976,,0.0425667410404976,0.030099231242747566,0.9167,0.08472232058423601,0.36831486225128174,1.0008,0.03,0.35600000000000004,,,,69.5694019548997,,,,
7282,P35557,Q,347,M,NONSYN,0.4050622568485636,1.3126564945448835,0.09965363134408861,-0.5147333333333333,100.0,2.0,6.0,0.709351565110817,0.0910922528588504,0.25087625619746073,0.7094,0.0910922528588504,0.709351565110817,0.0910922528588504,,0.0910922528588504,0.06441194971005279,1.0452,0.3358545048354721,0.5157507658004761,0.7145,0.0639,0.9740000000000001,,,,69.5694019548997,,,,
7283,P35557,Q,347,W,NONSYN,0.4710687255935087,1.2020236791880268,0.03000934775106914,-1.6665666666666665,100.0,2.0,6.0,1.3495715722876698,0.0301640469435569,0.005457236857741912,1.3496,0.0301640469435569,1.3495715722876698,0.0301640469435569,,0.0301640469435569,0.021329202141818434,0.9977,0.35186211918174326,0.5301014184951782,1.349,0.0213,0.998,,,,69.5694019548997,,,,
7284,P35557,Q,347,H,NONSYN,0.4843682171858765,0.9595532454012238,0.054711680775620976,0.3949666666666667,100.0,2.0,6.0,1.23106828237714,0.178265552363432,0.012021603026054387,1.2311,0.178265552363432,1.23106828237714,0.178265552363432,,0.178265552363432,0.12605278092814834,0.9028,0.3282189061755103,0.3761376738548279,1.1979,0.1195,0.902,,,,69.5694019548997,,,,
7285,P35557,Q,347,Q,SYN,,,,,100.0,2.0,6.0,0.7050799847195959,0.05,0.2557668414126517,0.7051,0.05,0.7050799847195959,0.05,,0.05,0.035355339059327376,,,,0.7051,0.0354,,,,,69.5694019548997,,,,
7286,P35557,Q,347,*,STOP,,,,,100.0,2.0,6.0,0.0198362522116861,0.05,0.9431821043352575,0.0198,0.05,0.0198362522116861,0.05,,0.05,0.035355339059327376,,,,0.0198,0.0354,,,,,69.5694019548997,,,,
7287,P35557,I,348,S,NONSYN,0.3569880228913576,0.5422963273212381,0.07366102231881962,-2.078,100.0,2.0,6.0,1.2092345359041898,0.0678267984242407,0.013871120121662068,1.2092,0.0678267984242407,1.2092345359041898,0.0678267984242407,,0.0678267984242407,0.04796078911195364,0.6734,0.5358614327624052,0.4067853093147278,1.2019,0.0476,0.965,,,,2.898406109867918,,,,
7288,P35557,I,348,A,NONSYN,0.28919971369701003,1.0527348006895065,0.06173247948127702,-1.0550333333333333,100.0,2.0,6.0,0.89755767803182,0.13838264548890303,0.09501361252792943,0.8976,0.13838264548890303,0.89755767803182,0.13838264548890303,,0.13838264548890303,0.09785130702373733,0.8934,0.004175963210958145,0.40548861026763916,0.8973,0.0951,0.938,,,,2.898406109867918,,,,
7289,P35557,I,348,V,NONSYN,0.5093217990682584,0.8586712238089705,0.03179812588715016,0.12380000000000002,100.0,2.0,6.0,0.580748884034195,0.0864513850606516,0.4195429903402002,0.5807,0.0864513850606516,0.580748884034195,0.0864513850606516,,0.0864513850606516,0.06113036061935613,0.8913,0.31055703942771906,0.3860543668270111,0.5883,0.0604,0.163,,,,2.898406109867918,,,,
7290,P35557,I,348,R,NONSYN,0.3272410050264404,0.49838696493451834,0.046123684106296046,-2.2922666666666665,100.0,2.0,6.0,1.0517252430044302,0.19224340758041103,0.03789628756801786,1.0517,0.19224340758041103,1.0517252430044302,0.19224340758041103,,0.19224340758041103,0.13593661713851796,0.4447,0.6070680364690908,0.397273987531662,0.9881,0.1286,1.0,,,,2.898406109867918,,,,
7291,P35557,I,348,D,NONSYN,0.16544784150713826,0.43196867735133165,0.05212300330632716,-2.5876333333333332,100.0,2.0,6.0,0.572027773156775,0.0831518510349369,0.4321300741901265,0.572,0.0831518510349369,0.572027773156775,0.0831518510349369,,0.0831518510349369,0.058797237735017514,0.4015,0.170504153266562,0.40135467052459717,0.5684,0.0582,1.0,,,,2.898406109867918,,,,
7292,P35557,I,348,F,NONSYN,0.4538389948012209,1.0527348006895063,0.061732479481277004,-1.0550333333333333,100.0,2.0,6.0,0.210218332967522,0.0991159725197591,0.8564392100495826,0.2102,0.0991159725197591,0.210218332967522,0.0991159725197591,,0.0991159725197591,0.07008557629262115,0.8316,0.6214082610990979,0.41972339153289795,0.2271,0.0691,0.998,,,,2.898406109867918,,,,
7293,P35557,I,348,T,NONSYN,0.4688475184602092,0.6523233479259404,0.030023873358178327,-0.9611333333333333,100.0,2.0,6.0,1.4114526912582201,0.24938798073513502,0.0035843375550035877,1.4115,0.24938798073513502,1.4114526912582201,0.24938798073513502,,0.24938798073513502,0.17634393232423404,0.8595,0.5519066855323596,0.4033077657222748,1.3229,0.1616,0.022000000000000002,,,,2.898406109867918,,,,
7294,P35557,I,348,I,SYN,,,,,100.0,2.0,6.0,0.71162830226539,0.05,0.24829354734239398,0.7116,0.05,0.71162830226539,0.05,,0.05,0.035355339059327376,,,,0.7116,0.0354,,,,,2.898406109867918,,,,
7295,P35557,I,348,L,NONSYN,0.4687676623700352,0.6618023080188057,0.032200426122631916,0.3612333333333333,100.0,2.0,6.0,1.17135563140469,0.0837281469585502,0.017744883041794116,1.1714,0.0837281469585502,1.17135563140469,0.0837281469585502,,0.0837281469585502,0.05920474049057465,0.8595,0.3118096256788294,0.3705454468727112,1.1636,0.0585,0.023,,,,2.898406109867918,,,,
7296,P35557,I,348,K,NONSYN,0.25092304942959986,0.526367452635352,0.07893187451394104,-2.1344,100.0,2.0,6.0,0.5650444284688211,0.0696988338922602,0.44225796928222083,0.565,0.0696988338922602,0.5650444284688211,0.0696988338922602,,0.0696988338922602,0.049284518086011954,0.6016,0.03659746491801974,0.42484593391418457,0.5655,0.049,0.996,,,,2.898406109867918,,,,
7297,P35557,I,348,G,NONSYN,0.2286457322751229,0.40127249738369136,0.04906930979760077,-2.4901666666666666,100.0,2.0,6.0,0.664116313059696,0.11169787779715801,0.30551076139814437,0.6641,0.11169787779715801,0.664116313059696,0.11169787779715801,,0.11169787779715801,0.07898232683451673,0.5815,0.08264683683670404,0.41554105281829834,0.6612,0.0776,0.987,,,,2.898406109867918,,,,
7298,P35557,I,348,Y,NONSYN,0.13155243779361564,1.2425935554930534,0.06778729303749602,-1.0679999999999998,100.0,2.0,6.0,0.32798141362117894,0.0709494977607042,0.7562512850027918,0.328,0.0709494977607042,0.32798141362117894,0.0709494977607042,,0.0709494977607042,0.0501688709883737,1.0337,0.7057495701129519,0.5100095272064209,0.3347,0.0499,0.987,,,,2.898406109867918,,,,
7299,P35557,I,348,N,NONSYN,0.35592577166482897,0.8084764517746245,0.062444749676533344,-2.2975999999999996,100.0,2.0,6.0,0.117994348533624,0.10524559506324198,0.9077901983528881,0.118,0.10524559506324198,0.117994348533624,0.10524559506324198,,0.10524559506324198,0.07441987395923183,0.731,0.6130342678947512,0.4036778211593628,0.1381,0.0732,1.0,,,,2.898406109867918,,,,
7300,P35557,I,348,C,NONSYN,0.3956709195432079,0.8789972609704063,0.06927319216140286,-1.1501666666666666,100.0,2.0,6.0,1.41877029718912,0.036986298066567,0.003409369267503359,1.4188,0.036986298066567,1.41877029718912,0.036986298066567,,0.036986298066567,0.02615326217385642,0.7769,0.6418469983533657,0.4220011830329895,1.4163,0.0261,1.0,,,,2.898406109867918,,,,
7301,P35557,I,348,P,NONSYN,0.14199266304317096,0.8025421724296923,0.08565442407270779,-2.2159,100.0,2.0,6.0,0.517257804411163,0.13905117885187804,0.5120407375260685,0.5173,0.13905117885187804,0.517257804411163,0.13905117885187804,,0.13905117885187804,0.0983240314981464,0.731,0.21377081201721226,0.4328821897506714,0.5277,0.0959,1.0,,,,2.898406109867918,,,,
7302,P35557,I,348,E,NONSYN,0.17211454446743213,0.6765427777989407,0.05573518420855298,-2.2968999999999995,100.0,2.0,6.0,0.513795370460675,0.159215210772967,0.5170861353763512,0.5138,0.159215210772967,0.513795370460675,0.159215210772967,,0.159215210772967,0.1125821552056104,0.6699,0.156109517215564,0.4036778211593628,0.5251,0.1084,1.0,,,,2.898406109867918,,,,
7303,P35557,I,348,M,NONSYN,0.42718435575891617,0.654107616135469,0.036748560501327625,0.4004666666666667,100.0,2.0,6.0,1.1944397070547,0.0369566770310951,0.01527643489932021,1.1944,0.0369566770310951,1.1944397070547,0.0369566770310951,,0.0369566770310951,0.026132316938808468,0.7249,0.46949356581171897,0.40398699045181274,1.1925,0.0261,0.9590000000000001,,,,2.898406109867918,,,,
7304,P35557,I,348,W,NONSYN,0.174286826410949,0.5493847513163327,0.040675391101349864,-2.117266666666666,100.0,2.0,6.0,0.49599253242587893,0.29533284301039503,0.5428971502147313,0.496,0.29533284301039503,0.49599253242587893,0.29533284301039503,,0.29533284301039503,0.20883185599975237,0.5801,0.08411563331508787,0.41328927874565125,0.5131,0.1864,1.0,,,,2.898406109867918,,,,
7305,P35557,I,348,H,NONSYN,0.28548817071874943,0.5611716539995765,0.0638503660390727,-2.3060999999999994,100.0,2.0,6.0,0.859908741858768,0.0887762953685277,0.1172619833340386,0.8599,0.0887762953685277,0.859908741858768,0.0887762953685277,,0.0887762953685277,0.06277432046370582,0.6093,0.25060455217676114,0.41524189710617065,0.8543,0.0621,1.0,,,,2.898406109867918,,,,
7306,P35557,I,348,Q,NONSYN,0.19562317673292887,0.5260982551019543,0.07867466271037415,-2.121633333333333,100.0,2.0,6.0,0.5658520210690141,0.0747503589049714,0.44108480268171535,0.5659,0.0747503589049714,0.5658520210690141,0.0747503589049714,,0.0747503589049714,0.052856485677833506,0.5707,0.004855061679398975,0.417755663394928,0.5659,0.0524,1.0,,,,2.898406109867918,,,,
7307,P35557,I,348,*,STOP,,,,,100.0,2.0,6.0,-0.328644841304245,0.05,0.9898008026065003,-0.3286,0.05,-0.328644841304245,0.05,,0.05,0.035355339059327376,,,,-0.3286,0.0354,,,,,2.898406109867918,,,,
7308,P35557,Y,349,S,NONSYN,0.38834274260646795,0.8763920277926215,0.06165909622711766,-1.5604666666666667,100.0,2.0,6.0,0.9257917347402971,0.0895358261895828,0.08080875173069449,0.9258,0.0895358261895828,0.9257917347402971,0.0895358261895828,,0.0895358261895828,0.06331138985779408,0.8891,0.0366770568342607,0.406961590051651,0.9249,0.0626,0.365,,,,87.34547637196394,,,,
7309,P35557,Y,349,A,NONSYN,0.20972259918765807,0.8788433074255755,0.10513133763477962,-1.7107666666666665,100.0,2.0,6.0,0.805187380868669,0.36684976689605,0.15715687744554419,0.8052,0.36684976689605,0.805187380868669,0.36684976689605,,0.36684976689605,0.25940195784890113,0.8913,0.08611854259324503,0.4540785551071167,0.8264,0.2252,0.136,,,,87.34547637196394,,,,
7310,P35557,Y,349,V,NONSYN,0.299959060462427,0.9335066773162121,0.06354756514986111,-1.5651000000000002,100.0,2.0,6.0,0.7544477861695251,0.0613236020688221,0.20291250517458903,0.7544,0.0613236020688221,0.7544477861695251,0.0613236020688221,,0.0613236020688221,0.0433623348696495,0.8996,0.14511051957083132,0.3960433304309845,0.7562,0.0431,0.276,,,,87.34547637196394,,,,
7311,P35557,Y,349,R,NONSYN,0.1371352939524294,0.8923808572609556,0.13515160923529299,-1.7367666666666663,100.0,2.0,6.0,0.7645747313625291,0.0688351916063491,0.1930838979195231,0.7646,0.0688351916063491,0.7645747313625291,0.0688351916063491,,0.0688351916063491,0.048673830769124765,0.8996,0.13498357437782738,0.5010220408439636,0.7658,0.0484,0.13699999999999998,,,,87.34547637196394,,,,
7312,P35557,Y,349,D,NONSYN,0.2808273038865437,1.0799425304383157,0.049751190960928116,-2.4846,100.0,2.0,6.0,0.262291167702,0.107497898851276,0.8174085134376052,0.2623,0.107497898851276,0.262291167702,0.107497898851276,,0.107497898851276,0.07601249324104284,0.9168,0.6545301928860737,0.37673118710517883,0.2879,0.0745,0.6679999999999999,,,,87.34547637196394,,,,
7313,P35557,Y,349,F,NONSYN,0.4872780854634644,0.6999423363800754,0.06550164090425849,-0.06290000000000003,100.0,2.0,6.0,0.8655360121978891,0.0700429887106936,0.11368090353853377,0.8655,0.0700429887106936,0.8655360121978891,0.0700429887106936,,0.0700429887106936,0.04952787229190424,0.8613,0.004236676241315629,0.40080565214157104,0.8655,0.0492,0.033,,,,87.34547637196394,,,,
7314,P35557,Y,349,T,NONSYN,0.3050153834687861,0.8423986774310704,0.041878769801016756,-1.5653333333333332,100.0,2.0,6.0,1.02777178582495,0.21185111363035702,0.04393302548123504,1.0278,0.21185111363035702,1.02777178582495,0.21185111363035702,,0.21185111363035702,0.14980135904994726,0.8891,0.1386571079189136,0.4050089716911316,1.0111,0.1405,0.4320000000000001,,,,87.34547637196394,,,,
7315,P35557,Y,349,I,NONSYN,0.28896106325248155,0.8778315419695204,0.05078067367990044,-1.4040666666666668,100.0,2.0,6.0,-0.0047932657167798,0.176509708987022,0.9497301294092952,-0.0048,0.176509708987022,-0.0047932657167798,0.176509708987022,,0.176509708987022,0.12481121216998735,0.8994,0.9042200836107618,0.40012603998184204,0.0754,0.1191,0.015,,,,87.34547637196394,,,,
7316,P35557,Y,349,L,NONSYN,0.28126980143421565,0.5099497924689237,0.05760069624694817,-1.3954666666666666,100.0,2.0,6.0,1.09885198278501,0.133606647922951,0.028212244794369783,1.0989,0.133606647922951,1.09885198278501,0.133606647922951,,0.133606647922951,0.0944741667579222,0.7822,0.31663221521451446,0.4223988354206085,1.0838,0.0922,0.0,,,,87.34547637196394,,,,
7317,P35557,Y,349,K,NONSYN,0.19614719212003395,0.703508675331492,0.11832770267756677,-1.7127333333333334,100.0,2.0,6.0,1.3311912771509198,0.285481180196487,0.006176761176801598,1.3312,0.285481180196487,1.3311912771509198,0.285481180196487,,0.285481180196487,0.20186567841807465,0.8542,0.4770146366403607,0.4707992672920227,1.2571,0.1855,0.044000000000000004,,,,87.34547637196394,,,,
7318,P35557,Y,349,G,NONSYN,0.19871662093811185,0.8398232182590532,0.04711399584345258,-2.3432,100.0,2.0,6.0,0.9826491042397879,0.12709815661892498,0.05777745582162608,0.9826,0.12709815661892498,0.9826491042397879,0.12709815661892498,,0.12709815661892498,0.08987196842155173,0.8891,0.09353442633375153,0.3830765187740326,0.9778,0.0875,0.4320000000000001,,,,87.34547637196394,,,,
7319,P35557,Y,349,Y,SYN,,,,,,,,,,,,,,,,,,,,,,,,,,,87.34547637196394,,,,
7320,P35557,Y,349,N,NONSYN,0.3952363274633001,0.9669844631273726,0.1107591328869262,-1.7366333333333335,100.0,2.0,6.0,0.5407639137632779,0.335721579440379,0.47768515532562245,0.5408,0.335721579440379,0.5407639137632779,0.335721579440379,,0.335721579440379,0.2373910054129502,0.9124,0.37160706602264126,0.4553826153278351,0.6202,0.2105,0.223,,,,87.34547637196394,,,,
7321,P35557,Y,349,C,NONSYN,0.4586734907533599,0.8923808572609556,0.13515160923529299,-1.7367666666666668,100.0,2.0,6.0,0.673569699606937,0.138922856406586,0.2935926638077547,0.6736,0.138922856406586,0.673569699606937,0.138922856406586,,0.138922856406586,0.09823329382690196,0.8406,0.16703567854400292,0.5142812132835388,0.6794,0.0965,0.9790000000000001,,,,87.34547637196394,,,,
7322,P35557,Y,349,P,NONSYN,0.23460250402828794,0.756112285811846,0.04045304797202783,-2.446166666666667,100.0,2.0,6.0,1.2337819015814098,0.163257381670487,0.011809020744087574,1.2338,0.163257381670487,1.2337819015814098,0.163257381670487,,0.163257381670487,0.11544040165796172,0.8549,0.3788449442220958,0.3877011239528656,1.2029,0.1106,0.8440000000000001,,,,87.34547637196394,,,,
7323,P35557,Y,349,E,NONSYN,0.2834825200829025,0.7232142562967822,0.056523510820968785,-2.2428666666666666,100.0,2.0,6.0,1.02339658549375,0.0417892803326568,0.045127578757325676,1.0234,0.0417892803326568,1.02339658549375,0.0417892803326568,,0.0417892803326568,0.029549483504127245,0.8577,0.16568860819882802,0.3874019682407379,1.0224,0.0295,0.276,,,,87.34547637196394,,,,
7324,P35557,Y,349,M,NONSYN,0.28510862464089565,0.9026704355782574,0.056104140611984966,-1.5896,100.0,2.0,6.0,0.8469565113833891,0.140683034295865,0.1258622779091145,0.847,0.140683034295865,0.8469565113833891,0.140683034295865,,0.140683034295865,0.09947792754850578,0.8996,0.052601794356967324,0.3960433304309845,0.8501,0.0965,0.28600000000000003,,,,87.34547637196394,,,,
7325,P35557,Y,349,W,NONSYN,0.3374643971404331,0.41411481991744514,0.06694840851256216,0.17450000000000002,100.0,2.0,6.0,1.72301856158578,0.0381677917315865,0.0004013972154436119,1.723,0.0381677917315865,1.72301856158578,0.0381677917315865,,0.0381677917315865,0.026988704356320652,0.5883,1.134688471539851,0.4145497679710388,1.7182,0.0269,0.972,,,,87.34547637196394,,,,
7326,P35557,Y,349,H,NONSYN,0.37993420185509386,0.8612537693556298,0.04565479040210063,0.2750666666666666,100.0,2.0,6.0,0.381601713271226,0.21122478928468302,0.6962052791752819,0.3816,0.21122478928468302,0.381601713271226,0.21122478928468302,,0.21122478928468302,0.14935848085789896,0.8994,0.517825104622756,0.3799622058868408,0.4509,0.139,0.001,,,,87.34547637196394,,,,
7327,P35557,Y,349,Q,NONSYN,0.2421324616458889,0.6470050761505398,0.06182328304421946,-1.3627666666666667,100.0,2.0,6.0,0.6876861317401619,0.0936681922587528,0.2762745035541816,0.6877,0.0936681922587528,0.6876861317401619,0.0936681922587528,,0.0936681922587528,0.06623341392764938,0.8634,0.17569060490076827,0.4093344211578369,0.6922,0.0654,0.003,,,,87.34547637196394,,,,
7328,P35557,Y,349,*,STOP,,,,,100.0,2.0,6.0,-0.4530584438573089,0.05,0.9943584930823267,-0.4531,0.05,-0.4530584438573089,0.05,,0.05,0.035355339059327376,,,,-0.4531,0.0354,,,,,87.34547637196394,,,,
7329,P35557,N,350,S,NONSYN,0.4614809963725863,0.614781738365544,0.08648956868748797,-0.21126666666666663,100.0,2.0,6.0,1.5167506917178797,0.16713887000089903,0.0017329913940118734,1.5168,0.16713887000089903,1.5167506917178797,0.16713887000089903,,0.16713887000089903,0.11818502837749251,0.6921,0.8246244772136377,0.4533168375492096,1.4643,0.1144,0.996,,,,82.67447340234978,,,,
7330,P35557,N,350,A,NONSYN,0.4106254114956999,0.9836450391294257,0.1526124267249638,-1.0525333333333333,100.0,2.0,6.0,1.4962192667967298,0.102326626545511,0.0019989858361113507,1.4962,0.102326626545511,1.4962192667967298,0.102326626545511,,0.102326626545511,0.0723558515262742,0.8628,0.6334625376707532,0.5056701302528381,1.4835,0.0716,0.991,,,,82.67447340234978,,,,
7331,P35557,N,350,V,NONSYN,0.4102202219640225,1.5270633045154067,0.08732466121697625,-2.3712,100.0,2.0,6.0,0.874223837101671,0.21903844930594102,0.10833261022181379,0.8742,0.21903844930594102,0.874223837101671,0.21903844930594102,,0.21903844930594102,0.1548835728448167,1.0141,0.1398521573899062,0.5081675052642822,0.8861,0.1482,0.998,,,,82.67447340234978,,,,
7332,P35557,N,350,R,NONSYN,0.3307848248630052,0.8346054959745506,0.08577787071002092,-0.6087666666666667,100.0,2.0,6.0,1.40057086715395,0.324634161452236,0.0038607700762572105,1.4006,0.324634161452236,1.40057086715395,0.324634161452236,,0.324634161452236,0.22955101696768457,0.7769,0.6236475683181957,0.44933533668518066,1.2715,0.2044,1.0,,,,82.67447340234978,,,,
7333,P35557,N,350,D,NONSYN,0.4678114494578813,0.9651274780908795,0.08368516170271408,-0.12283333333333335,,,,,,,,,,,,,,0.8536,,0.41978341341018677,0.8536,0.4198,0.996,,,,82.67447340234978,,,,
7334,P35557,N,350,F,NONSYN,0.4766309376333202,1.0986661214382802,0.07922460301620124,-2.3051,100.0,2.0,6.0,2.15941538633305,0.268813875160642,1.5448961001249818e-05,2.1594,0.268813875160642,2.15941538633305,0.268813875160642,,0.268813875160642,0.19008011400312397,0.8258,1.3335756284137386,0.4088679850101471,1.9224,0.1724,1.0,,,,82.67447340234978,,,,
7335,P35557,N,350,T,NONSYN,0.41339841489256257,1.0383263432662044,0.1051696676653484,-0.23133333333333336,100.0,2.0,6.0,0.465713472541873,0.19111699953396802,0.585999038987335,0.4657,0.19111699953396802,0.465713472541873,0.19111699953396802,,0.19111699953396802,0.13514012637049502,0.8316,0.36591312152474686,0.4740407466888428,0.4932,0.13,0.998,,,,82.67447340234978,,,,
7336,P35557,N,350,I,NONSYN,0.408580276197032,1.4271340043589305,0.09922772085036723,-2.3165333333333336,100.0,2.0,6.0,1.1740117375711001,0.0894876972626641,0.017442547972990125,1.174,0.0894876972626641,1.1740117375711001,0.0894876972626641,,0.0894876972626641,0.06327735756719863,0.9911,0.1829231088021792,0.5081675052642822,1.1712,0.0628,1.0,,,,82.67447340234978,,,,
7337,P35557,N,350,L,NONSYN,0.3056093223191409,1.4025503203352738,0.0844086586246428,-2.2992666666666666,100.0,2.0,6.0,1.24776278964207,0.23872953059816202,0.010769852886409397,1.2478,0.23872953059816202,1.24776278964207,0.23872953059816202,,0.23872953059816202,0.16880726995544174,0.9911,0.2566741608731491,0.507062554359436,1.2222,0.1602,1.0,,,,82.67447340234978,,,,
7338,P35557,N,350,K,NONSYN,0.42687331501914416,0.6176578885641206,0.08915926387396499,-0.41683333333333333,100.0,2.0,6.0,1.0168594367711399,0.300976237747234,0.04696838237062093,1.0169,0.300976237747234,1.0168594367711399,0.300976237747234,,0.300976237747234,0.21282233868708367,0.6715,0.3453358061520908,0.4490632712841034,0.9535,0.1923,1.0,,,,82.67447340234978,,,,
7339,P35557,N,350,G,NONSYN,0.3767377141694753,1.2342271419305249,0.088772913600285,-0.8320333333333334,100.0,2.0,6.0,0.6810657593116171,0.125941311942534,0.28432329895279074,0.6811,0.125941311942534,0.6810657593116171,0.125941311942534,,0.125941311942534,0.0890539557060961,0.9796,0.29854778324514564,0.4660874605178833,0.6916,0.0875,1.0,,,,82.67447340234978,,,,
7340,P35557,N,350,Y,NONSYN,0.484545468725929,0.28000017605288735,0.12309257427604231,-1.7925666666666666,100.0,2.0,6.0,0.86929849092271,0.54587672362932,0.11133803550936723,0.8693,0.54587672362932,0.86929849092271,0.54587672362932,,0.54587672362932,0.38599313297018706,0.3005,0.568759533803722,0.40330421924591064,0.5974,0.2789,1.0,,,,82.67447340234978,,,,
7341,P35557,N,350,N,SYN,,,,,100.0,2.0,6.0,1.0079247173641102,0.05,0.049596303741017825,1.0079,0.05,1.0079247173641102,0.05,,0.05,0.035355339059327376,,,,1.0079,0.0354,,,,,82.67447340234978,,,,
7342,P35557,N,350,C,NONSYN,0.3246931060135203,0.621492898614849,0.16759710180704804,-1.7648,100.0,2.0,6.0,-0.15517967676317498,0.255176952212261,0.976191149075234,-0.1552,0.255176952212261,-0.15517967676317498,0.255176952212261,,0.255176952212261,0.18043735331180533,0.6715,0.8266802999893408,0.5315877199172974,-0.0698,0.1709,1.0,,,,82.67447340234978,,,,
7343,P35557,N,350,P,NONSYN,0.19454249209923347,0.3109005745770034,0.15912953078863415,-1.746833333333333,100.0,2.0,6.0,0.776597295350362,0.33898928347713203,0.18186832163209815,0.7766,0.33898928347713203,0.776597295350362,0.33898928347713203,,0.33898928347713203,0.2397016210962489,0.3905,0.38610843235902903,0.5050235390663147,0.7056,0.2165,0.9990000000000001,,,,82.67447340234978,,,,
7344,P35557,N,350,E,NONSYN,0.4910285186421727,1.0328320210789024,0.1084832932667726,-0.6100333333333333,100.0,2.0,6.0,0.8058912918408949,0.161224272743049,0.15658285736025762,0.8059,0.161224272743049,0.8058912918408949,0.161224272743049,,0.161224272743049,0.11400277654847941,0.824,0.018100841299669046,0.4721953570842743,0.8069,0.1108,0.9990000000000001,,,,82.67447340234978,,,,
7345,P35557,N,350,M,NONSYN,0.37063326035798777,0.49690536983663236,0.1629605283927776,-1.7604999999999997,100.0,2.0,6.0,0.21858290957147503,0.304471775213362,0.8507010974188347,0.2186,0.304471775213362,0.21858290957147503,0.304471775213362,,0.304471775213362,0.21529405693327444,0.433,0.2144462056285677,0.5101701021194458,0.251,0.1984,1.0,,,,82.67447340234978,,,,
7346,P35557,N,350,W,NONSYN,0.5592228368220948,1.5270633045154067,0.08732466121697625,-2.3712,100.0,2.0,6.0,0.340526227479852,0.24069023478132,0.7430067132807786,0.3405,0.24069023478132,0.340526227479852,0.24069023478132,,0.24069023478132,0.1701936971792536,0.9911,0.650562401289069,0.5081675052642822,0.4061,0.1614,1.0,,,,82.67447340234978,,,,
7347,P35557,N,350,H,NONSYN,0.4549298465836239,0.854611021856449,0.08976230146754387,-0.22196666666666665,100.0,2.0,6.0,0.797262841245165,0.13248602549375502,0.16373231768057925,0.7973,0.13248602549375502,0.797262841245165,0.13248602549375502,,0.13248602549375502,0.09368176703908798,0.7769,0.020339542409410605,0.45118069648742676,0.7964,0.0917,1.0,,,,82.67447340234978,,,,
7348,P35557,N,350,Q,NONSYN,0.3943650294167221,0.9997745336769642,0.09281038168238019,-0.25233333333333335,100.0,2.0,6.0,0.581368901309594,0.283848136138781,0.41865109217312313,0.5814,0.283848136138781,0.581368901309594,0.283848136138781,,0.283848136138781,0.20071094189089436,0.8086,0.22727038663901444,0.4582682251930237,0.6179,0.1839,1.0,,,,82.67447340234978,,,,
7349,P35557,N,350,*,STOP,,,,,100.0,2.0,6.0,0.5829643714672329,0.05,0.4163579649482744,0.583,0.05,0.5829643714672329,0.05,,0.05,0.035355339059327376,,,,0.583,0.0354,,,,,82.67447340234978,,,,
7350,P35557,I,351,S,NONSYN,0.3569880228913576,1.035419003304094,0.03481716664522421,-2.078,100.0,2.0,6.0,1.03641044348132,0.181800536657838,0.04165989599642384,1.0364,0.181800536657838,1.03641044348132,0.181800536657838,,0.181800536657838,0.12855239229411075,0.8934,0.14302872866045813,0.3830765187740326,1.0219,0.1219,0.935,,,,9.95971128012597,,,,
7351,P35557,I,351,A,NONSYN,0.28919971369701003,1.027267366748391,0.0766893125450791,-1.0550333333333333,100.0,2.0,6.0,0.9149398176614209,0.0724702383251496,0.08603214840926468,0.9149,0.0724702383251496,0.9149398176614209,0.0724702383251496,,0.0724702383251496,0.0512441969539185,0.9145,0.0004556744042797378,0.407562792301178,0.9149,0.0508,0.529,,,,9.95971128012597,,,,
7352,P35557,I,351,V,NONSYN,0.5093217990682584,0.5198362335067832,0.05254137148199082,0.12380000000000002,100.0,2.0,6.0,0.819125114712535,0.05656497056890599,0.14609330920136787,0.8191,0.05656497056890599,0.819125114712535,0.05656497056890599,,0.05656497056890599,0.0399974742668909,0.8112,0.007879077229319686,0.40247002243995667,0.819,0.0398,0.0,,,,9.95971128012597,,,,
7353,P35557,I,351,R,NONSYN,0.3272410050264404,0.4771828512120296,0.05021560963424814,-2.2922666666666665,100.0,2.0,6.0,0.48544745196740596,0.0590922444010865,0.5580444386218475,0.4854,0.0590922444010865,0.48544745196740596,0.0590922444010865,,0.0590922444010865,0.04178452673154106,0.6657,0.18027313004095585,0.42563295364379883,0.4872,0.0416,0.9390000000000001,,,,9.95971128012597,,,,
7354,P35557,I,351,D,NONSYN,0.16544784150713826,1.1649044227567986,0.15781791159295916,-2.5876333333333332,100.0,2.0,6.0,1.07707565101875,0.0679614174374528,0.03235554979597925,1.0771,0.0679614174374528,1.07707565101875,0.0679614174374528,,0.0679614174374528,0.04805597912907256,0.9389,0.1381704715181702,0.534565806388855,1.076,0.0479,0.992,,,,9.95971128012597,,,,
7355,P35557,I,351,F,NONSYN,0.4538389948012209,1.027267366748391,0.0766893125450791,-1.0550333333333333,100.0,2.0,6.0,0.0446774386517676,0.0793054674407949,0.9357297096733709,0.0447,0.0793054674407949,0.0446774386517676,0.0793054674407949,,0.0793054674407949,0.056077433812555026,0.9103,0.8656637049563256,0.407562792301178,0.0608,0.0556,0.741,,,,9.95971128012597,,,,
7356,P35557,I,351,T,NONSYN,0.4688475184602092,0.6342897855494934,0.04898194944205056,-0.9611333333333333,100.0,2.0,6.0,1.22361018224846,0.262613221946042,0.01262498745185206,1.2236,0.262613221946042,1.22361018224846,0.262613221946042,,0.262613221946042,0.18569559006729414,0.8354,0.38817073866020313,0.4177708029747009,1.1596,0.1697,0.552,,,,9.95971128012597,,,,
7357,P35557,I,351,I,SYN,,,,,100.0,2.0,6.0,1.2943745958045902,0.05,0.007904418813014121,1.2944,0.05,1.2943745958045902,0.05,,0.05,0.035355339059327376,,,,1.2944,0.0354,,,,,9.95971128012597,,,,
7358,P35557,I,351,L,NONSYN,0.4687676623700352,0.4377360366375949,0.048185050867803,0.3612333333333333,100.0,2.0,6.0,1.0654257053201,0.10534673472313,0.03480033917287956,1.0654,0.10534673472313,1.0654257053201,0.10534673472313,,0.10534673472313,0.07449139049858555,0.7429,0.3225714677636424,0.40398699045181274,1.0548,0.0733,0.0,,,,9.95971128012597,,,,
7359,P35557,I,351,K,NONSYN,0.25092304942959986,0.6564955595981897,0.04973910220603037,-2.1344,100.0,2.0,6.0,1.4242939663461298,0.0673810037311994,0.003282823361979687,1.4243,0.0673810037311994,1.4242939663461298,0.0673810037311994,,0.0673810037311994,0.04764556466148715,0.8354,0.588854522757873,0.39731132984161377,1.4159,0.0473,0.532,,,,9.95971128012597,,,,
7360,P35557,I,351,G,NONSYN,0.2286457322751229,0.9646715713629453,0.15629371894495406,-2.4901666666666666,100.0,2.0,6.0,1.67777420520031,0.11505022269707199,0.0005556215845918878,1.6778,0.11505022269707199,1.67777420520031,0.11505022269707199,,0.11505022269707199,0.08135279264612204,0.8587,0.8190599822922899,0.4967578649520874,1.6564,0.0803,0.975,,,,9.95971128012597,,,,
7361,P35557,I,351,Y,NONSYN,0.13155243779361564,1.0106783827794823,0.0750679492340162,-1.0679999999999998,100.0,2.0,6.0,0.9647067695681469,0.0983915710757373,0.06431023172067908,0.9647,0.0983915710757373,0.9647067695681469,0.0983915710757373,,0.0983915710757373,0.069573347119252,0.9124,0.05229865608853268,0.39767780900001526,0.9632,0.0685,0.643,,,,9.95971128012597,,,,
7362,P35557,I,351,N,NONSYN,0.35592577166482897,0.735189934521484,0.15749322471042784,-2.2975999999999996,100.0,2.0,6.0,0.620420814940356,0.0715384147344277,0.36355983154412563,0.6204,0.0715384147344277,0.620420814940356,0.0715384147344277,,0.0715384147344277,0.05058529817404945,0.7791,0.15870559077558644,0.501711905002594,0.622,0.0503,0.9890000000000001,,,,9.95971128012597,,,,
7363,P35557,I,351,C,NONSYN,0.3956709195432079,1.0344189231593426,0.06827173688957033,-1.1501666666666666,100.0,2.0,6.0,0.8934851484285659,0.16497244089795698,0.09723155662470846,0.8935,0.16497244089795698,0.8934851484285659,0.16497244089795698,,0.16497244089795698,0.1166531316678423,0.8316,0.06185855436194598,0.41972339153289795,0.889,0.1124,0.998,,,,9.95971128012597,,,,
7364,P35557,I,351,P,NONSYN,0.14199266304317096,0.5176373718855447,0.03819531810850459,-2.2159,100.0,2.0,6.0,0.287523635228417,0.165080517248145,0.7955379370679676,0.2875,0.165080517248145,0.287523635228417,0.165080517248145,,0.165080517248145,0.11672955318794613,0.6009,0.31340347925827733,0.41328927874565125,0.3107,0.1123,0.992,,,,9.95971128012597,,,,
7365,P35557,I,351,E,NONSYN,0.17211454446743213,0.5431574567916927,0.03466446330365512,-2.2968999999999995,100.0,2.0,6.0,1.1965182481297298,0.655715318889817,0.015071069910916087,1.1965,0.655715318889817,1.1965182481297298,0.655715318889817,,0.655715318889817,0.4636607485148891,0.6734,0.5231451449879452,0.40172523260116577,0.8977,0.3036,0.966,,,,9.95971128012597,,,,
7366,P35557,I,351,M,NONSYN,0.42718435575891617,0.6430760862281343,0.033818870125591864,0.4004666666666667,100.0,2.0,6.0,0.449405556548482,0.179731553231272,0.6086173529227317,0.4494,0.179731553231272,0.449405556548482,0.179731553231272,,0.179731553231272,0.12708940008302336,0.8377,0.38827275670682804,0.4007755517959595,0.4849,0.1211,0.462,,,,9.95971128012597,,,,
7367,P35557,I,351,W,NONSYN,0.174286826410949,0.9499733616395957,0.04674008064866957,-2.117266666666666,100.0,2.0,6.0,0.5438605602219121,0.0987338662756822,0.4731561795086035,0.5439,0.0987338662756822,0.5438605602219121,0.0987338662756822,,0.0987338662756822,0.06981538637630065,0.8193,0.2753966395423396,0.3985137939453125,0.5521,0.0688,0.998,,,,9.95971128012597,,,,
7368,P35557,I,351,H,NONSYN,0.28548817071874943,0.7674621716791639,0.1560933156725751,-2.3060999999999994,100.0,2.0,6.0,0.523604103467316,0.114103515104818,0.5027784865272863,0.5236,0.114103515104818,0.523604103467316,0.114103515104818,,0.114103515104818,0.08068336928783845,0.7773,0.25366418705239835,0.501711905002594,0.53,0.0797,0.995,,,,9.95971128012597,,,,
7369,P35557,I,351,Q,NONSYN,0.19562317673292887,0.7518927205988196,0.0480394243122154,-2.121633333333333,100.0,2.0,6.0,1.1381024833442401,0.0867851119954076,0.021979071664278826,1.1381,0.0867851119954076,1.1381024833442401,0.0867851119954076,,0.0867851119954076,0.0613663411979867,0.7841,0.35401673276440615,0.3985137939453125,1.1299,0.0607,0.98,,,,9.95971128012597,,,,
7370,P35557,I,351,*,STOP,,,,,100.0,2.0,6.0,0.410598326622269,0.05,0.6601800793762236,0.4106,0.05,0.410598326622269,0.05,,0.05,0.035355339059327376,,,,0.4106,0.0354,,,,,9.95971128012597,,,,
7371,P35557,L,352,S,NONSYN,0.3696688568840947,0.5650848340173796,0.027462921631691603,-1.8501333333333332,100.0,2.0,6.0,0.7504151567544691,0.114294977566545,0.20692341268058642,0.7504,0.114294977566545,0.7504151567544691,0.114294977566545,,0.114294977566545,0.08081875369286828,0.5918,0.15863777247331068,0.4277372658252716,0.7449,0.0794,1.0,,,,0.14806566612362462,,,,
7372,P35557,L,352,A,NONSYN,0.2800117097075371,0.6186684966499646,0.0466168560781664,-1.3620666666666665,100.0,2.0,6.0,0.618251767094224,0.20098267654330398,0.3665525328716351,0.6183,0.20098267654330398,0.618251767094224,0.20098267654330398,,0.20098267654330398,0.1421162134847927,0.6769,0.05869749552479453,0.42218467593193054,0.6242,0.1347,0.998,,,,0.14806566612362462,,,,
7373,P35557,L,352,V,NONSYN,0.45006845647116095,0.5639541026813113,0.05602918918925446,0.4434,100.0,2.0,6.0,0.36534098925259395,0.151128982829962,0.7153496056512811,0.3653,0.151128982829962,0.36534098925259395,0.151128982829962,,0.151128982829962,0.10686432859289144,0.8041,0.43879862485263066,0.4027281701564789,0.3942,0.1033,0.69,,,,0.14806566612362462,,,,
7374,P35557,L,352,R,NONSYN,0.2792328090176149,0.8687579105386507,0.032636200337271874,-1.8351333333333333,100.0,2.0,6.0,-0.160604072809344,0.0864116355280181,0.9768211940703526,-0.1606,0.0864116355280181,-0.160604072809344,0.0864116355280181,,0.0864116355280181,0.06110225345528199,0.7769,0.9375273716450984,0.4140371084213257,-0.1406,0.0604,1.0,,,,0.14806566612362462,,,,
7375,P35557,L,352,D,NONSYN,0.15709418040401155,0.48709645950427566,0.03635748510548086,-2.512333333333333,100.0,2.0,6.0,0.24597325037941198,0.329031935868433,0.8305036353445368,0.246,0.329031935868433,0.24597325037941198,0.329031935868433,,0.329031935868433,0.23266071307950617,0.4288,0.18284753848090907,0.40165331959724426,0.2919,0.2013,1.0,,,,0.14806566612362462,,,,
7376,P35557,L,352,F,NONSYN,0.463424518412456,0.5259962848608982,0.04785795238563841,0.48950000000000005,100.0,2.0,6.0,0.47921444271383296,0.195243246426311,0.5669343476112384,0.4792,0.195243246426311,0.47921444271383296,0.195243246426311,,0.195243246426311,0.13805782352892065,0.5859,0.1066698899430274,0.4155510365962982,0.4898,0.131,0.998,,,,0.14806566612362462,,,,
7377,P35557,L,352,T,NONSYN,0.3205067496312658,0.3670874804755693,0.052815641901944634,-1.3817666666666666,100.0,2.0,6.0,1.3729948156174099,0.17117109163137,0.004657281112663902,1.373,0.17117109163137,1.3729948156174099,0.17117109163137,,0.17117109163137,0.12103623963564562,0.3482,1.0247823946770107,0.38354378938674927,1.2802,0.1154,1.0,,,,0.14806566612362462,,,,
7378,P35557,L,352,I,NONSYN,0.3599458773266949,0.458585460492642,0.0652576243447484,0.27723333333333333,100.0,2.0,6.0,0.681446915818602,0.0518921435358802,0.28385636246029783,0.6814,0.0518921435358802,0.681446915818602,0.0518921435358802,,0.0518921435358802,0.03669328658452656,0.7237,0.04223364000186314,0.39659133553504944,0.6818,0.0365,0.09,,,,0.14806566612362462,,,,
7379,P35557,L,352,L,SYN,,,,,100.0,2.0,6.0,0.6613281597534201,0.05,0.3090729979140574,0.6613,0.05,0.6613281597534201,0.05,,0.05,0.035355339059327376,,,,0.6613,0.0354,,,,,0.14806566612362462,,,,
7380,P35557,L,352,K,NONSYN,0.16637828819819184,0.2849005954013394,0.03667521288539992,-1.8327,100.0,2.0,6.0,1.59096787260259,0.0492734891741956,0.0010298409864262102,1.591,0.0492734891741956,1.59096787260259,0.0492734891741956,,0.0492734891741956,0.03484161832779564,0.3053,1.2856826870271048,0.36730653047561646,1.5795,0.0347,1.0,,,,0.14806566612362462,,,,
7381,P35557,L,352,G,NONSYN,0.3375782897720982,0.317812869559924,0.08151496180077344,-2.5354666666666663,100.0,2.0,6.0,0.753824020212467,0.11158500744264599,0.20352929900390596,0.7538,0.11158500744264599,0.753824020212467,0.11158500744264599,,0.11158500744264599,0.07890251544144634,0.3482,0.4056115992720678,0.36962890625,0.7361,0.0772,1.0,,,,0.14806566612362462,,,,
7382,P35557,L,352,Y,NONSYN,0.3932294491632085,0.779191383457809,0.06315837891597582,-1.3710666666666667,100.0,2.0,6.0,0.136683106670691,0.0877994547263441,0.8990055528692986,0.1367,0.0877994547263441,0.136683106670691,0.0877994547263441,,0.0877994547263441,0.06208358982147918,0.731,0.5943455097576842,0.4256103038787842,0.1491,0.0614,1.0,,,,0.14806566612362462,,,,
7383,P35557,L,352,N,NONSYN,0.1790631080953343,0.2692499866524736,0.053439413087812894,-2.4369,100.0,2.0,6.0,0.47274194087669497,0.0732116784722597,0.5761088849205778,0.4727,0.0732116784722597,0.47274194087669497,0.0732116784722597,,0.0732116784722597,0.05176847430978401,0.2875,0.18527309026405459,0.3444974422454834,0.4687,0.0512,1.0,,,,0.14806566612362462,,,,
7384,P35557,L,352,C,NONSYN,0.3444819501115762,0.249029018124758,0.05958537287535572,-1.3948999999999998,100.0,2.0,6.0,0.346327567661793,0.0459137888929504,0.7367130955882477,0.3463,0.0459137888929504,0.346327567661793,0.0459137888929504,,0.0459137888929504,0.03246595147617281,0.2643,0.08201202210286357,0.36015820503234863,0.3457,0.0323,1.0,,,,0.14806566612362462,,,,
7385,P35557,L,352,P,NONSYN,0.3101239067988947,0.33424211971206436,0.04007163499753529,-2.2839666666666667,100.0,2.0,6.0,-0.18079747767871104,0.18157704846226896,0.9790205779023451,-0.1808,0.18157704846226896,-0.18079747767871104,0.18157704846226896,,0.18157704846226896,0.12839436227550874,0.3482,0.5290098986191102,0.36261481046676636,-0.1219,0.121,1.0,,,,0.14806566612362462,,,,
7386,P35557,L,352,E,NONSYN,0.22335052551716408,0.34858949447015036,0.053114858916508086,-2.4328000000000003,100.0,2.0,6.0,0.234723417423665,0.0773462168875365,0.8390648798343762,0.2347,0.0773462168875365,0.234723417423665,0.0773462168875365,,0.0773462168875365,0.05469203446030251,0.3434,0.10869696889072708,0.3551052510738373,0.2372,0.0541,1.0,,,,0.14806566612362462,,,,
7387,P35557,L,352,M,NONSYN,0.4855550162170784,0.5086674492616763,0.05946646547380602,0.15566666666666665,100.0,2.0,6.0,0.531200949511499,0.125276258348744,0.4916739898353931,0.5312,0.125276258348744,0.531200949511499,0.125276258348744,,0.125276258348744,0.08858369180007472,0.5718,0.04059493128302616,0.4074594974517822,0.533,0.0866,0.992,,,,0.14806566612362462,,,,
7388,P35557,L,352,W,NONSYN,0.28885364138641745,0.7269263188492383,0.035713512371963976,-1.8677333333333335,100.0,2.0,6.0,0.264890702258893,0.0606709953094987,0.8152471171771268,0.2649,0.0606709953094987,0.264890702258893,0.0606709953094987,,0.0606709953094987,0.04290087220468375,0.6871,0.42222818564241316,0.41617321968078613,0.2693,0.0427,1.0,,,,0.14806566612362462,,,,
7389,P35557,L,352,H,NONSYN,0.29725486605293433,0.4165221073715116,0.048799517312216524,-1.9786333333333335,100.0,2.0,6.0,0.295261000835833,0.132517393700688,0.7884292032893591,0.2953,0.132517393700688,0.295261000835833,0.132517393700688,,0.132517393700688,0.09370394771092395,0.345,0.04975160435444409,0.3668358325958252,0.2983,0.0908,1.0,,,,0.14806566612362462,,,,
7390,P35557,L,352,Q,NONSYN,0.3225298006389851,0.40982334567163664,0.05065300361438597,-1.5422,100.0,2.0,6.0,-0.007847819390641001,0.125716822151053,0.9504883213703273,-0.0078,0.125716822151053,-0.007847819390641001,0.125716822151053,,0.125716822151053,0.08889521745223275,0.3726,0.3804070687917335,0.3836509883403778,0.0115,0.0866,1.0,,,,0.14806566612362462,,,,
7391,P35557,L,352,*,STOP,,,,,100.0,2.0,6.0,0.0131295932642442,0.05,0.9450442183702031,0.0131,0.05,0.0131295932642442,0.05,,0.05,0.035355339059327376,,,,0.0131,0.0354,,,,,0.14806566612362462,,,,
7392,P35557,S,353,S,SYN,,,,,100.0,2.0,6.0,1.00934825160604,0.05,0.04916875081412059,1.0093,0.05,1.00934825160604,0.05,,0.05,0.035355339059327376,,,,1.0093,0.0354,,,,,39.83275086324151,,,,
7393,P35557,S,353,A,NONSYN,0.4563330621977513,0.9917452804349307,0.0639548494593644,-0.01466666666666668,100.0,2.0,6.0,0.8810631824216899,0.20862018386141104,0.10427330186393359,0.8811,0.20862018386141104,0.8810631824216899,0.20862018386141104,,0.20862018386141104,0.14751674670078807,0.9167,0.03561214678668412,0.36831486225128174,0.886,0.1369,0.011000000000000001,,,,39.83275086324151,,,,
7394,P35557,S,353,V,NONSYN,0.3566796973350173,0.662803312375109,0.10577940752408661,-1.3498999999999999,100.0,2.0,6.0,1.16749216019379,0.0384863821740609,0.018193596551421633,1.1675,0.0384863821740609,1.16749216019379,0.0384863821740609,,0.0384863821740609,0.02721398181861552,0.8377,0.3298138469384799,0.46684035658836365,1.1664,0.0272,0.32799999999999996,,,,39.83275086324151,,,,
7395,P35557,S,353,R,NONSYN,0.5078165034060199,0.402891312356989,0.13604730627837855,-0.9542999999999999,100.0,2.0,6.0,1.1011713405547,0.0687770919108805,0.027801686075040962,1.1012,0.0687770919108805,1.1011713405547,0.0687770919108805,,0.0687770919108805,0.04863274808047404,0.7189,0.38222261866901874,0.5160873532295227,1.0978,0.0484,0.006,,,,39.83275086324151,,,,
7396,P35557,S,353,D,NONSYN,0.26426002389568154,1.1408898755516297,0.029470154238332418,-0.6365333333333334,100.0,2.0,6.0,0.9037919352424909,0.0706824607480541,0.09170299333738659,0.9038,0.0706824607480541,0.9037919352424909,0.0706824607480541,,0.0706824607480541,0.04998004730590102,0.9551,0.05126294394604669,0.3945188522338867,0.9046,0.0496,0.41100000000000003,,,,39.83275086324151,,,,
7397,P35557,S,353,F,NONSYN,0.4400921079880442,0.6364145529397637,0.05007227745195547,-1.7383,,,,,,,,,,,,,,0.7397,,0.4247923791408539,0.7397,0.4248,0.9490000000000001,,,,39.83275086324151,,,,
7398,P35557,S,353,T,NONSYN,0.5032644910640633,1.07165791626557,0.05935970700296389,-0.06083333333333333,100.0,2.0,6.0,0.641325274929772,0.23178016369920298,0.3352227491457457,0.6413,0.23178016369920298,0.641325274929772,0.23178016369920298,,0.23178016369920298,0.16389332549623448,0.9211,0.2797633013870615,0.385224312543869,0.6842,0.1508,0.0,,,,39.83275086324151,,,,
7399,P35557,S,353,I,NONSYN,0.40690641070991895,0.7981308535300382,0.08315621566756151,-1.6343333333333334,100.0,2.0,6.0,0.5972289547602261,0.060379011816075995,0.3959963086415016,0.5972,0.060379011816075995,0.5972289547602261,0.060379011816075995,,0.060379011816075995,0.042694408696490015,0.8578,0.26059394028982275,0.41508373618125916,0.6,0.0425,0.775,,,,39.83275086324151,,,,
7400,P35557,S,353,L,NONSYN,0.393745075519064,0.7331540134116613,0.07906937311474964,-1.6160666666666668,100.0,2.0,6.0,0.792159475115357,0.12481767894378999,0.16807754635688937,0.7922,0.12481767894378999,0.792159475115357,0.12481767894378999,,0.12481767894378999,0.08825942719311924,0.8632,0.07103510973113958,0.41893845796585083,0.7952,0.0864,0.5660000000000001,,,,39.83275086324151,,,,
7401,P35557,S,353,K,NONSYN,0.33912790346884786,1.0019516022638364,0.0325719130555956,-0.6167666666666666,100.0,2.0,6.0,1.29006324528067,0.0812855085568751,0.00813497550286009,1.2901,0.0812855085568751,1.29006324528067,0.0812855085568751,,0.0812855085568751,0.057477534312763506,0.9145,0.37557910202352884,0.3979727327823639,1.2824,0.0569,0.5660000000000001,,,,39.83275086324151,,,,
7402,P35557,S,353,G,NONSYN,0.4188135801978989,1.00520852698944,0.028579229687552155,-0.6509999999999999,100.0,2.0,6.0,1.3108359809290602,0.0769865406467294,0.0070808492224126,1.3108,0.0769865406467294,1.3108359809290602,0.0769865406467294,,0.0769865406467294,0.054437704951396125,0.9167,0.39416065172068615,0.40376800298690796,1.3038,0.0539,0.287,,,,39.83275086324151,,,,
7403,P35557,S,353,Y,NONSYN,0.3987520148682556,0.8239220954688777,0.07535461400800803,-1.6947999999999999,100.0,2.0,6.0,0.519855228943708,0.160950661388079,0.5082518976658845,0.5199,0.160950661388079,0.519855228943708,0.160950661388079,,0.160950661388079,0.11380930410397049,0.8265,0.3066286763716912,0.42430388927459717,0.5404,0.1099,0.9490000000000001,,,,39.83275086324151,,,,
7404,P35557,S,353,N,NONSYN,0.3577198430860929,0.8586940027613797,0.05612099282178018,-0.23683333333333337,100.0,2.0,6.0,1.46066214095773,0.0991499880787539,0.0025566360994086594,1.4607,0.0991499880787539,1.46066214095773,0.0991499880787539,,0.0991499880787539,0.07010962892505222,0.8994,0.5612353230637481,0.4122176170349121,1.4449,0.0691,0.057999999999999996,,,,39.83275086324151,,,,
7405,P35557,S,353,C,NONSYN,0.4413057931247456,0.6412228086583659,0.11675534817151094,-0.9221333333333334,100.0,2.0,6.0,0.386176851650569,0.304166625902411,0.6906781079945735,0.3862,0.304166625902411,0.386176851650569,0.304166625902411,,0.304166625902411,0.2150782837862266,0.7851,0.39889434252133654,0.47653210163116455,0.4537,0.196,0.934,,,,39.83275086324151,,,,
7406,P35557,S,353,P,NONSYN,0.3754690196139504,0.5734106461600587,0.12119882360189611,-0.9290666666666666,100.0,2.0,6.0,0.589613339145491,0.27108145091073105,0.4068339784930423,0.5896,0.27108145091073105,0.589613339145491,0.27108145091073105,,0.27108145091073105,0.1916835321928661,0.7702,0.18057415799348608,0.4797435402870178,0.6145,0.178,0.8320000000000001,,,,39.83275086324151,,,,
7407,P35557,S,353,E,NONSYN,0.32956968841657797,1.1580492172090067,0.035438136057637536,-0.6321,100.0,2.0,6.0,0.821770400445159,0.0556646970068059,0.14406481915473984,0.8218,0.0556646970068059,0.821770400445159,0.0556646970068059,,0.0556646970068059,0.03936088472620697,0.9872,0.16541293199807827,0.4485577344894409,0.823,0.0392,0.494,,,,39.83275086324151,,,,
7408,P35557,S,353,M,NONSYN,0.4679817126368144,0.761525447965908,0.041521040236643735,-1.5698666666666667,100.0,2.0,6.0,1.08237785653105,0.288070552636893,0.03129705189729515,1.0824,0.288070552636893,1.08237785653105,0.288070552636893,,0.288070552636893,0.20369664122970332,0.7977,0.2847270424746535,0.4204462170600891,1.0283,0.1833,0.9490000000000001,,,,39.83275086324151,,,,
7409,P35557,S,353,W,NONSYN,0.3832492129242465,0.6364145529397637,0.05007227745195547,-1.7383,100.0,2.0,6.0,0.630544293680506,0.0998251923801127,0.3497182334336478,0.6305,0.0998251923801127,0.630544293680506,0.0998251923801127,,0.0998251923801127,0.07058707046522936,0.6993,0.06872231884924862,0.4247923791408539,0.6324,0.0696,0.995,,,,39.83275086324151,,,,
7410,P35557,S,353,H,NONSYN,0.2629764798769622,0.6923205104502532,0.0973917569271542,-0.9429,100.0,2.0,6.0,0.232883746274907,0.4088485813600539,0.8404293045004834,0.2329,0.4088485813600539,0.232883746274907,0.4088485813600539,,0.4088485813600539,0.289099604358194,0.7381,0.5051864436779434,0.454240083694458,0.3785,0.2439,0.9490000000000001,,,,39.83275086324151,,,,
7411,P35557,S,353,Q,NONSYN,0.3963611118941722,1.1408898755516297,0.029470154238332418,-0.6365333333333333,100.0,2.0,6.0,0.8732484254172901,0.10035559490239199,0.10892230061143837,0.8732,0.10035559490239199,0.8732484254172901,0.10035559490239199,,0.10035559490239199,0.07096212168549149,0.9509,0.07766345412219966,0.3945188522338867,0.8757,0.0698,0.9009999999999999,,,,39.83275086324151,,,,
7412,P35557,S,353,*,STOP,,,,,100.0,2.0,6.0,-0.0211870706260185,0.05,0.9536684926622997,-0.0212,0.05,-0.0211870706260185,0.05,,0.05,0.035355339059327376,,,,-0.0212,0.0354,,,,,39.83275086324151,,,,
7413,P35557,T,354,S,NONSYN,0.5112342370012433,1.38228177118372,0.0834531527484948,-0.33873333333333333,100.0,2.0,6.0,1.19244811712551,0.163251374433169,0.015475721739296008,1.1924,0.163251374433169,1.19244811712551,0.163251374433169,,0.163251374433169,0.11543615389971797,1.0881,0.10434696852016323,0.48016810417175293,1.1867,0.1122,0.0,,,,97.71924022023407,,,,
7414,P35557,T,354,A,NONSYN,0.4371005638552374,1.3073494263542538,0.05887983349019193,-0.5245,100.0,2.0,6.0,1.10804456417495,0.257723033838033,0.02661789451537806,1.108,0.257723033838033,1.10804456417495,0.257723033838033,,0.257723033838033,0.1822377048948432,1.0881,0.019943415569603218,0.4840228259563446,1.1056,0.1705,0.0,,,,97.71924022023407,,,,
7415,P35557,T,354,V,NONSYN,0.335359974884157,1.0255713054081037,0.06607983484069475,-0.4691,100.0,2.0,6.0,1.9533789270133999,0.22411244079110398,7.390248695500553e-05,1.9534,0.22411244079110398,1.9533789270133999,0.22411244079110398,,0.22411244079110398,0.15847142663165825,0.9167,1.0367035978050259,0.3975171744823456,1.8112,0.1472,0.046,,,,97.71924022023407,,,,
7416,P35557,T,354,R,NONSYN,0.3928132642818517,0.8667256119979699,0.06749773962187042,-1.2489999999999999,100.0,2.0,6.0,0.722695259962804,0.10333736289103801,0.23597954901336954,0.7227,0.10333736289103801,0.722695259962804,0.10333736289103801,,0.10333736289103801,0.07307055005018806,0.8994,0.1767315579311779,0.4006056487560272,0.7284,0.0719,0.026000000000000002,,,,97.71924022023407,,,,
7417,P35557,T,354,D,NONSYN,0.24736015353784535,0.7826101771683023,0.07013589246981351,-1.2412666666666667,100.0,2.0,6.0,0.975041564451807,0.0643648702066304,0.06047019130596252,0.975,0.0643648702066304,0.975041564451807,0.0643648702066304,,0.0643648702066304,0.04551283619330033,0.8859,0.08910268162404822,0.40548861026763916,0.9739,0.0452,0.027999999999999997,,,,97.71924022023407,,,,
7418,P35557,T,354,F,NONSYN,0.2626450658678516,1.3522581608144932,0.04889813723759548,-1.4809,100.0,2.0,6.0,0.748172074742989,0.0854016957602861,0.20917830907079568,0.7482,0.0854016957602861,0.748172074742989,0.0854016957602861,,0.0854016957602861,0.06038811819692872,1.0838,0.33566185813359795,0.4841045141220093,0.7533,0.0599,0.7170000000000001,,,,97.71924022023407,,,,
7419,P35557,T,354,T,SYN,,,,,100.0,2.0,6.0,2.2762913139287795,0.05,6.221729592813071e-06,2.2763,0.05,2.2762913139287795,0.05,,0.05,0.035355339059327376,,,,2.2763,0.0354,,,,,97.71924022023407,,,,
7420,P35557,T,354,I,NONSYN,0.39900335367527456,0.8247075349058629,0.08774925328346621,-0.8405666666666667,100.0,2.0,6.0,0.494812032504401,0.11036591072766401,0.5445989026388152,0.4948,0.11036591072766401,0.494812032504401,0.11036591072766401,,0.11036591072766401,0.07804048388736035,0.8836,0.38882170029131435,0.4304937422275543,0.5072,0.0768,0.11800000000000001,,,,97.71924022023407,,,,
7421,P35557,T,354,L,NONSYN,0.3692076635094301,0.99573510564707,0.06947964013147546,-1.2598666666666667,100.0,2.0,6.0,1.11150198900404,0.158688440245836,0.02604057336196127,1.1115,0.158688440245836,1.11150198900404,0.158688440245836,,0.158688440245836,0.11220967219374688,0.9167,0.19482665979566605,0.39457035064697266,1.0969,0.1079,0.027000000000000003,,,,97.71924022023407,,,,
7422,P35557,T,354,K,NONSYN,0.35305220057868336,0.660987851184908,0.037798506560678014,-0.8414,100.0,2.0,6.0,0.9859710836672659,0.3536415029593329,0.05663615745700887,0.986,0.3536415029593329,0.9859710836672659,0.3536415029593329,,0.3536415029593329,0.2500623048515468,0.865,0.1209756040835257,0.40773239731788635,0.9529,0.2132,0.001,,,,97.71924022023407,,,,
7423,P35557,T,354,G,NONSYN,0.43600131382643137,1.2384262726318929,0.046440497548760735,-1.4976,100.0,2.0,6.0,1.08966773929079,0.10728929987597699,0.029894785307058476,1.0897,0.10728929987597699,1.08966773929079,0.10728929987597699,,0.10728929987597699,0.07586499149106034,1.0821,0.007526101488666059,0.4927402436733246,1.0895,0.075,0.047,,,,97.71924022023407,,,,
7424,P35557,T,354,Y,NONSYN,0.2452402164451186,1.1121234279950396,0.05210727410914559,-1.4882666666666668,100.0,2.0,6.0,1.4685762732013499,0.0381958927466297,0.0024207181505727284,1.4686,0.0381958927466297,1.4685762732013499,0.0381958927466297,,0.0381958927466297,0.02700857477461592,0.9308,0.5377420990451609,0.42824187874794006,1.4664,0.027,0.885,,,,97.71924022023407,,,,
7425,P35557,T,354,N,NONSYN,0.4084330644454248,1.3148903402916337,0.08168775919647737,-0.5004666666666666,100.0,2.0,6.0,1.08542182236281,0.0933389970908134,0.030704162908693187,1.0854,0.0933389970908134,1.08542182236281,0.0933389970908134,,0.0933389970908134,0.06600063779206558,1.0881,0.0026793262425366393,0.48016810417175293,1.0855,0.0654,0.013999999999999999,,,,97.71924022023407,,,,
7426,P35557,T,354,C,NONSYN,0.4354541497454498,0.862697790215909,0.09091721446381716,-0.9072999999999999,100.0,2.0,6.0,1.5766499957341498,0.12306559312560601,0.0011391985066339805,1.5766,0.12306559312560601,1.5766499957341498,0.12306559312560601,,0.12306559312560601,0.08702051542986057,0.8994,0.6772231778401678,0.43272078037261963,1.5503,0.0853,0.001,,,,97.71924022023407,,,,
7427,P35557,T,354,P,NONSYN,0.34993609822478866,0.8667256119979699,0.06749773962187042,-1.2489999999999999,100.0,2.0,6.0,1.49853046995134,0.173402943357175,0.0019671624282656215,1.4985,0.173402943357175,1.49853046995134,0.173402943357175,,0.173402943357175,0.12261439712556522,0.8994,0.599103652057358,0.4006056487560272,1.4472,0.1172,0.042,,,,97.71924022023407,,,,
7428,P35557,T,354,E,NONSYN,0.187606014059847,1.0191443706352723,0.09201089521157557,-0.9009666666666667,100.0,2.0,6.0,1.10731025447606,0.10744287356261699,0.02674205716340679,1.1073,0.10744287356261699,1.10731025447606,0.10744287356261699,,0.10744287356261699,0.07597358448629529,0.9167,0.190634925267686,0.43272078037261963,1.1016,0.0748,0.046,,,,97.71924022023407,,,,
7429,P35557,T,354,M,NONSYN,0.3518740482942453,0.6952290358451463,0.09046636226475711,-0.8553000000000001,100.0,2.0,6.0,0.883247529686551,0.0588597634868178,0.10300439354748296,0.8832,0.0588597634868178,0.883247529686551,0.0588597634868178,,0.0588597634868178,0.04162013790056521,0.8036,0.07959810417995916,0.4447285830974579,0.8826,0.0414,0.925,,,,97.71924022023407,,,,
7430,P35557,T,354,W,NONSYN,0.2914737870902876,1.102138695745043,0.033552090288685464,-1.5825333333333333,100.0,2.0,6.0,0.941135051804949,0.10620920169630499,0.0739009267443636,0.9411,0.10620920169630499,0.941135051804949,0.10620920169630499,,0.10620920169630499,0.07510124674386702,0.88,0.061177852708269365,0.4050089716911316,0.9391,0.0738,0.9670000000000001,,,,97.71924022023407,,,,
7431,P35557,T,354,H,NONSYN,0.3614886802674268,1.1950246744690622,0.057442453497828914,-1.2503,100.0,2.0,6.0,0.513633282538063,0.229525924001495,0.517322165793538,0.5136,0.229525924001495,0.513633282538063,0.229525924001495,,0.229525924001495,0.16229933731956525,1.0365,0.5228831454557115,0.5100095272064209,0.5617,0.1547,0.48700000000000004,,,,97.71924022023407,,,,
7432,P35557,T,354,Q,NONSYN,0.1843049627657748,0.7880102152860727,0.08841424552883831,-0.8452333333333334,100.0,2.0,6.0,0.604903991363772,0.100359263446113,0.38516058021973765,0.6049,0.100359263446113,0.604903991363772,0.100359263446113,,0.100359263446113,0.0709647157376337,0.8718,0.26685196623968255,0.43286657333374023,0.6119,0.07,0.18,,,,97.71924022023407,,,,
7433,P35557,T,354,*,STOP,,,,,100.0,2.0,6.0,-0.19859978989039603,0.05,0.9807819003492354,-0.1986,0.05,-0.19859978989039603,0.05,,0.05,0.035355339059327376,,,,-0.1986,0.0354,,,,,97.71924022023407,,,,
7434,P35557,L,355,S,NONSYN,0.3696688568840947,0.31480572319074734,0.06036228009525954,-1.8501333333333332,100.0,2.0,6.0,0.81862362871749,0.12059411533165801,0.14648041088031863,0.8186,0.12059411533165801,0.81862362871749,0.12059411533165801,,0.12059411533165801,0.08527291672220796,0.3883,0.4302992189942081,0.41564393043518066,0.8012,0.0835,0.9990000000000001,,,,8.174313412434948,,,,
7435,P35557,L,355,A,NONSYN,0.2800117097075371,0.847704605504502,0.04936037189719065,-1.3620666666666665,100.0,2.0,6.0,0.8459904810690201,0.0955254096541485,0.1265240429603398,0.846,0.0955254096541485,0.8459904810690201,0.0955254096541485,,0.0955254096541485,0.0675466649420713,0.8818,0.03579383880860443,0.40353599190711975,0.847,0.0666,0.762,,,,8.174313412434948,,,,
7436,P35557,L,355,V,NONSYN,0.45006845647116095,0.8941687763863225,0.08708501872877998,0.4434,100.0,2.0,6.0,0.73242098172335,0.281719715749757,0.22549144928869494,0.7324,0.281719715749757,0.73242098172335,0.281719715749757,,0.281719715749757,0.19920592140059978,0.9077,0.1752582184490743,0.3960062861442566,0.7678,0.178,0.001,,,,8.174313412434948,,,,
7437,P35557,L,355,R,NONSYN,0.2792328090176149,0.4487866306835513,0.050044964984228446,-1.8351333333333333,100.0,2.0,6.0,0.416680906239078,0.18720805200923302,0.6523356865317106,0.4167,0.18720805200923302,0.416680906239078,0.18720805200923302,,0.18720805200923302,0.13237608306845253,0.4433,0.026578630980923224,0.41172197461128235,0.4192,0.126,0.998,,,,8.174313412434948,,,,
7438,P35557,L,355,D,NONSYN,0.15709418040401155,0.6924616366734436,0.05426974564974361,-2.512333333333333,100.0,2.0,6.0,-0.101270256797639,0.11842049819445301,0.9688960303398746,-0.1013,0.11842049819445301,-0.101270256797639,0.11842049819445301,,0.11842049819445301,0.08373593730478703,0.6699,0.771175144473878,0.40805715322494507,-0.0701,0.082,1.0,,,,8.174313412434948,,,,
7439,P35557,L,355,F,NONSYN,0.463424518412456,0.8138245007903323,0.08531629917285571,0.48950000000000005,100.0,2.0,6.0,0.9734538085113209,0.291298353455764,0.06104633307387776,0.9735,0.291298353455764,0.9734538085113209,0.291298353455764,,0.291298353455764,0.20597904107704648,0.8946,0.07883577414852794,0.4177152216434479,0.958,0.1847,0.018000000000000002,,,,8.174313412434948,,,,
7440,P35557,L,355,T,NONSYN,0.3205067496312658,0.723644846479242,0.029953056268430537,-1.3817666666666666,100.0,2.0,6.0,1.2181697581448,0.191916119963276,0.013083383379237527,1.2182,0.191916119963276,1.2181697581448,0.191916119963276,,0.191916119963276,0.1357051898450434,0.8506,0.3675218318142337,0.4103694558143616,1.1819,0.1288,0.6579999999999999,,,,8.174313412434948,,,,
7441,P35557,L,355,I,NONSYN,0.3599458773266949,0.7497614889109627,0.10782077975281124,0.27723333333333333,100.0,2.0,6.0,1.16564284414943,0.0813550070426096,0.0184121947032367,1.1656,0.0813550070426096,1.16564284414943,0.0813550070426096,,0.0813550070426096,0.05752667716330858,0.8859,0.2797039613216712,0.4286348521709442,1.1607,0.057,0.013000000000000001,,,,8.174313412434948,,,,
7442,P35557,L,355,L,SYN,,,,,100.0,2.0,6.0,0.82347022610456,0.05,0.14277322132362835,0.8235,0.05,0.82347022610456,0.05,,0.05,0.035355339059327376,,,,0.8235,0.0354,,,,,8.174313412434948,,,,
7443,P35557,L,355,K,NONSYN,0.16637828819819184,0.5220634416330243,0.055753045006605106,-1.8327,100.0,2.0,6.0,0.19685047339065898,0.15548823623298902,0.8652079357958627,0.1969,0.15548823623298902,0.19685047339065898,0.15548823623298902,,0.15548823623298902,0.10994678623508237,0.6698,0.47298968364135396,0.422357976436615,0.2269,0.1064,0.976,,,,8.174313412434948,,,,
7444,P35557,L,355,G,NONSYN,0.3375782897720982,0.49304627452681865,0.058545687336690126,-2.5354666666666663,100.0,2.0,6.0,0.496975829642236,0.0730777295866902,0.5414786071517019,0.497,0.0730777295866902,0.496975829642236,0.0730777295866902,,0.0730777295866902,0.05167375814446544,0.4625,0.03452571276944855,0.40766096115112305,0.4964,0.0513,0.9990000000000001,,,,8.174313412434948,,,,
7445,P35557,L,355,Y,NONSYN,0.3932294491632085,0.8474227902065463,0.05166867781607362,-1.3710666666666667,100.0,2.0,6.0,0.846835926962887,0.0701954181397361,0.12594472681225566,0.8468,0.0701954181397361,0.846835926962887,0.0701954181397361,,0.0701954181397361,0.04963565617483257,0.8913,0.044469996499027054,0.4050089716911316,0.8475,0.0493,0.344,,,,8.174313412434948,,,,
7446,P35557,L,355,N,NONSYN,0.1790631080953343,0.43113887849077165,0.06861550002749887,-2.4369,100.0,2.0,6.0,1.33734671667356,0.0684181817415595,0.005926120979006487,1.3373,0.0684181817415595,1.33734671667356,0.0684181817415595,,0.0684181817415595,0.048378960265910355,0.4003,0.9370230574919651,0.3911169767379761,1.3232,0.048,1.0,,,,8.174313412434948,,,,
7447,P35557,L,355,C,NONSYN,0.3444819501115762,0.9865442201027323,0.12587647245597217,-1.3948999999999998,100.0,2.0,6.0,0.478108131405819,0.0457912635701452,0.5685067741144417,0.4781,0.0457912635701452,0.478108131405819,0.0457912635701452,,0.0457912635701452,0.032379312989550185,0.8316,0.3535184626608009,0.4904749393463135,0.4796,0.0323,0.998,,,,8.174313412434948,,,,
7448,P35557,L,355,P,NONSYN,0.3101239067988947,0.5149228883064091,0.0629207931837916,-2.2839666666666667,100.0,2.0,6.0,0.553378442125544,0.19082168512322198,0.45924963640839095,0.5534,0.19082168512322198,0.553378442125544,0.19082168512322198,,0.19082168512322198,0.1349313075480744,0.5137,0.03967449982665483,0.40328162908554077,0.5494,0.128,1.0,,,,8.174313412434948,,,,
7449,P35557,L,355,E,NONSYN,0.22335052551716408,0.7959003294804466,0.05079059277925859,-2.4328000000000003,100.0,2.0,6.0,0.243062363704535,0.20734582975699103,0.8327549614673693,0.2431,0.20734582975699103,0.243062363704535,0.20734582975699103,,0.20734582975699103,0.14661564227191978,0.7439,0.5008854998742613,0.40172523260116577,0.3019,0.1377,0.9990000000000001,,,,8.174313412434948,,,,
7450,P35557,L,355,M,NONSYN,0.4855550162170784,0.9571725447947003,0.09742215300748996,0.15566666666666665,100.0,2.0,6.0,0.543409676498217,0.21221461040398001,0.4738155291735193,0.5434,0.21221461040398001,0.543409676498217,0.21221461040398001,,0.21221461040398001,0.1500583900835155,0.9028,0.3594396997034126,0.4093219041824341,0.586,0.1409,0.804,,,,8.174313412434948,,,,
7451,P35557,L,355,W,NONSYN,0.28885364138641745,0.4773850027824089,0.06401665885470868,-1.8677333333333335,100.0,2.0,6.0,0.330885789942505,0.0797586428259452,0.753229466909083,0.3309,0.0797586428259452,0.330885789942505,0.0797586428259452,,0.0797586428259452,0.05639787720046163,0.445,0.11410648410343921,0.41367459297180176,0.333,0.0559,0.9990000000000001,,,,8.174313412434948,,,,
7452,P35557,L,355,H,NONSYN,0.29725486605293433,0.38896994058509365,0.0728912286512519,-1.9786333333333335,100.0,2.0,6.0,-0.0356404154588677,0.15358753581381002,0.9568850799384867,-0.0356,0.15358753581381002,-0.0356404154588677,0.15358753581381002,,0.15358753581381002,0.10860278807967678,0.4643,0.49997520139713064,0.4146926999092102,-0.0036,0.1051,0.995,,,,8.174313412434948,,,,
7453,P35557,L,355,Q,NONSYN,0.3225298006389851,0.551661467472448,0.03125467504086397,-1.5422,100.0,2.0,6.0,1.26680625227629,0.520725890566101,0.009495135000061014,1.2668,0.520725890566101,1.26680625227629,0.520725890566101,,0.520725890566101,0.368208808358694,0.5953,0.6715208366268759,0.432620644569397,0.9847,0.2804,0.9990000000000001,,,,8.174313412434948,,,,
7454,P35557,L,355,*,STOP,,,,,100.0,2.0,6.0,-0.0460393192640588,0.05,0.9590604622761945,-0.046,0.05,-0.0460393192640588,0.05,,0.05,0.035355339059327376,,,,-0.046,0.0354,,,,,8.174313412434948,C,362.0,,
7455,P35557,G,356,S,NONSYN,0.36837526824294986,0.5166975420778069,0.15257126960128164,-0.8648000000000001,100.0,2.0,6.0,1.2717702392603503,0.162038248385675,0.009187553863977517,1.2718,0.162038248385675,1.2717702392603503,0.162038248385675,,0.162038248385675,0.11457834424510091,0.6515,0.6202908162142382,0.5282725691795349,1.2439,0.112,0.988,,,,44.044887060223644,,,,
7456,P35557,G,356,A,NONSYN,0.4089269105168704,0.7595651758271135,0.15489835198154414,-0.9328,100.0,2.0,6.0,0.543167338012431,0.115660129001195,0.4741699266936075,0.5432,0.115660129001195,0.543167338012431,0.115660129001195,,0.115660129001195,0.08178406152965585,0.8549,0.31176961934688296,0.5056701302528381,0.5511,0.0807,0.899,,,,44.044887060223644,,,,
7457,P35557,G,356,V,NONSYN,0.3988573139738447,0.728167461087294,0.03736757070491847,-2.7219333333333338,100.0,2.0,6.0,0.6707617407568199,0.143501982857295,0.2971065410164721,0.6708,0.143501982857295,0.6707617407568199,0.143501982857295,,0.143501982857295,0.101471225192109,0.7444,0.07361342852037123,0.4107491075992584,0.675,0.0985,0.9940000000000001,,,,44.044887060223644,,,,
7458,P35557,G,356,R,NONSYN,0.3362652746103357,1.060067511286703,0.15986501238070963,-1.9470333333333334,100.0,2.0,6.0,0.838909274621972,0.13121966101111399,0.13146248693037843,0.8389,0.13121966101111399,0.838909274621972,0.13121966101111399,,0.13121966101111399,0.09278631212595871,0.8662,0.027296715692511686,0.5013410449028015,0.8398,0.0912,0.997,,,,44.044887060223644,,,,
7459,P35557,G,356,D,NONSYN,0.3623286966209139,0.6803926015042004,0.08126446859023277,-1.5976,100.0,2.0,6.0,0.12402277278934401,0.6328449318742679,0.9050380151668395,0.124,0.6328449318742679,0.12402277278934401,0.6328449318742679,,0.6328449318742679,0.4474889427678335,0.6786,0.5545452327724846,0.43135958909988403,0.4115,0.3106,0.998,,,,44.044887060223644,,,,
7460,P35557,G,356,F,NONSYN,0.3709207412708021,0.7724767554476434,0.04846552250756736,-2.717866666666667,100.0,2.0,6.0,0.537833857675772,0.058707167502576,0.48197135631356064,0.5378,0.058707167502576,0.537833857675772,0.058707167502576,,0.058707167502576,0.041512236245326,0.7773,0.23946697697998975,0.40753763914108276,0.5403,0.0413,0.992,,,,44.044887060223644,,,,
7461,P35557,G,356,T,NONSYN,0.21962954488217865,0.5242356937198677,0.16322605668067294,-1.5144,100.0,2.0,6.0,0.592493496142342,0.199483675427587,0.4027258592882479,0.5925,0.199483675427587,0.592493496142342,0.199483675427587,,0.199483675427587,0.14105625963086302,0.5901,0.0024008967504047796,0.5291244387626648,0.5923,0.1363,0.998,,,,44.044887060223644,,,,
7462,P35557,G,356,I,NONSYN,0.29686370150880703,0.728167461087294,0.03736757070491847,-2.721933333333333,100.0,2.0,6.0,0.0177563954529908,0.43910092518413596,0.9437661273335587,0.0178,0.43910092518413596,0.0177563954529908,0.43910092518413596,,0.43910092518413596,0.3104912418229894,0.7444,0.7266187738242004,0.4107491075992584,0.282,0.2477,0.996,,,,44.044887060223644,,,,
7463,P35557,G,356,L,NONSYN,0.33670580158540125,0.5085957526143007,0.046370657738061836,-2.6893,100.0,2.0,6.0,1.3294768661758,0.0838007937185223,0.006248378265578394,1.3295,0.0838007937185223,1.3294768661758,0.0838007937185223,,0.0838007937185223,0.059256109507182145,0.5718,0.7576809853812749,0.41057831048965454,1.314,0.0586,0.992,,,,44.044887060223644,,,,
7464,P35557,G,356,K,NONSYN,0.4007452768135149,0.41288611445435763,0.15794755209630987,-1.5245,100.0,2.0,6.0,0.926542233938872,0.265159256590454,0.08045804430400612,0.9265,0.265159256590454,0.926542233938872,0.265159256590454,,0.265159256590454,0.18749590842949374,0.4249,0.5016279334971301,0.49380987882614136,0.8633,0.1753,0.998,,,,44.044887060223644,,,,
7465,P35557,G,356,G,SYN,,,,,100.0,2.0,6.0,0.370092689820134,0.05,0.7098371458676678,0.3701,0.05,0.370092689820134,0.05,,0.05,0.035355339059327376,,,,0.3701,0.0354,,,,,44.044887060223644,,,,
7466,P35557,G,356,Y,NONSYN,0.28089736795090275,0.8460241548694639,0.04154109319430663,-2.6748999999999996,100.0,2.0,6.0,0.31719165941031,0.121098850460843,0.7672411271225661,0.3172,0.121098850460843,0.31719165941031,0.121098850460843,,0.121098850460843,0.08562981835475775,0.8913,0.574114264051604,0.38745585083961487,0.3439,0.0836,0.327,,,,44.044887060223644,,,,
7467,P35557,G,356,N,NONSYN,0.382875509440285,0.646320116687375,0.1563696416933318,-0.8179,100.0,2.0,6.0,0.882902515431646,0.0716511570033982,0.10320393634111048,0.8829,0.0716511570033982,0.882902515431646,0.0716511570033982,,0.0716511570033982,0.05066501899696485,0.6785,0.20435751726270068,0.516708493232727,0.881,0.0504,0.998,,,,44.044887060223644,,,,
7468,P35557,G,356,C,NONSYN,0.3672992043124827,0.6709752025195126,0.04267995156797056,-2.438433333333333,100.0,2.0,6.0,0.13468507990133802,0.188686605931524,0.8999807884855135,0.1347,0.188686605931524,0.13468507990133802,0.188686605931524,,0.188686605931524,0.13342157857325446,0.6715,0.536838550717711,0.40172523260116577,0.188,0.1266,1.0,,,,44.044887060223644,,,,
7469,P35557,G,356,P,NONSYN,0.2021261040610908,1.2402156862467038,0.16015062119834036,-1.8968333333333334,100.0,2.0,6.0,0.29846474974196996,0.124793478494407,0.7854299137696663,0.2985,0.124793478494407,0.29846474974196996,0.124793478494407,,0.124793478494407,0.08824231489125277,1.0061,0.7075853601213113,0.6308941841125488,0.312,0.0874,0.998,,,,44.044887060223644,,,,
7470,P35557,G,356,E,NONSYN,0.4108810729254607,0.9722899559593973,0.1622389289880812,-1.9435333333333331,100.0,2.0,6.0,1.10224194060389,0.0587787147953894,0.027614082466887624,1.1022,0.0587787147953894,1.10224194060389,0.0587787147953894,,0.0587787147953894,0.0415628278212499,0.8628,0.2394029570681233,0.5013410449028015,1.1006,0.0414,0.997,,,,44.044887060223644,,,,
7471,P35557,G,356,M,NONSYN,0.2878381921366005,0.31394127143253164,0.05589787743255792,-2.275,100.0,2.0,6.0,0.8334898821474309,0.0844353516457394,0.13534713510585994,0.8335,0.0844353516457394,0.8334898821474309,0.0844353516457394,,0.0844353516457394,0.05970480972057304,0.3451,0.4883559517027135,0.3645673990249634,0.8207,0.0589,1.0,,,,44.044887060223644,,,,
7472,P35557,G,356,W,NONSYN,0.355895468841822,0.5463122342685297,0.05931309718091748,-2.4539666666666666,100.0,2.0,6.0,0.508673984654287,0.0711776727189262,0.524535972857798,0.5087,0.0711776727189262,0.508673984654287,0.0711776727189262,,0.0711776727189262,0.05033021504862943,0.5905,0.08181939636911995,0.41749364137649536,0.5098,0.05,0.9990000000000001,,,,44.044887060223644,,,,
7473,P35557,G,356,H,NONSYN,0.3218287257213429,0.7465386549892773,0.04487448484607026,-1.9332999999999998,100.0,2.0,6.0,1.7794958435142498,0.6640741296835679,0.0002665997230396178,1.7795,0.6640741296835679,1.7794958435142498,0.6640741296835679,,0.6640741296835679,0.46957132030980564,0.7439,1.0355479799354534,0.41248947381973267,1.195,0.3099,0.9990000000000001,,,,44.044887060223644,,,,
7474,P35557,G,356,Q,NONSYN,0.29754150588632416,0.8445482371227347,0.05795940797516457,-1.7754,100.0,2.0,6.0,0.522142074431387,0.0936337614156968,0.5049136998496679,0.5221,0.0936337614156968,0.522142074431387,0.0936337614156968,,0.0936337614156968,0.06620906764504252,0.7974,0.27530405727485074,0.42353355884552,0.5287,0.0654,0.998,,,,44.044887060223644,,,,
7475,P35557,G,356,*,STOP,,,,,100.0,2.0,6.0,-0.158223782248918,0.05,0.9765468470753662,-0.1582,0.05,-0.158223782248918,0.05,,0.05,0.035355339059327376,,,,-0.1582,0.0354,,,,,44.044887060223644,,,,
7476,P35557,L,357,S,NONSYN,0.3696688568840947,0.578713574328094,0.044771682334683004,-1.8501333333333332,100.0,2.0,6.0,0.365958123541586,0.15529882930645802,0.7146375354496827,0.366,0.15529882930645802,0.365958123541586,0.15529882930645802,,0.15529882930645802,0.1098128553129286,0.7615,0.3955031343929843,0.41617321968078613,0.3917,0.1062,0.9309999999999999,,,,9.74267089100056,,,,
7477,P35557,L,357,A,NONSYN,0.2800117097075371,0.526454558520043,0.07366675927918158,-1.3620666666666665,100.0,2.0,6.0,0.47534200004406196,0.0983330736647113,0.5724307377651503,0.4753,0.0983330736647113,0.47534200004406196,0.0983330736647113,,0.0983330736647113,0.06953198320323367,0.7807,0.30533180185489434,0.42403334379196167,0.4833,0.0686,0.737,,,,9.74267089100056,,,,
7478,P35557,L,357,V,NONSYN,0.45006845647116095,0.8019413696545551,0.048140916664093314,0.4434,100.0,2.0,6.0,0.247059149866446,0.0584748611876199,0.8296572767631392,0.2471,0.0584748611876199,0.247059149866446,0.0584748611876199,,0.0584748611876199,0.04134797087470808,0.8859,0.6388797329613127,0.3889135718345642,0.2542,0.0411,0.001,,,,9.74267089100056,,,,
7479,P35557,L,357,R,NONSYN,0.2792328090176149,0.4507242238121474,0.048049094036689804,-1.8351333333333333,100.0,2.0,6.0,0.7499261750894259,0.13653538811574198,0.20741351467234634,0.7499,0.13653538811574198,0.7499261750894259,0.13653538811574198,,0.13653538811574198,0.0965450988085783,0.5973,0.15259488961274137,0.4277372658252716,0.7425,0.0942,0.9670000000000001,,,,9.74267089100056,,,,
7480,P35557,L,357,D,NONSYN,0.15709418040401155,0.745616057401147,0.05825812333542273,-2.512333333333333,100.0,2.0,6.0,0.5580767449571121,0.38469976066903705,0.45239746835544914,0.5581,0.38469976066903705,0.5580767449571121,0.38469976066903705,,0.38469976066903705,0.27202380948991794,0.7757,0.21759581001267547,0.40805715322494507,0.625,0.2263,0.997,,,,9.74267089100056,,,,
7481,P35557,L,357,F,NONSYN,0.463424518412456,0.69573877740998,0.0288933712945614,0.48950000000000005,100.0,2.0,6.0,0.565666926600171,0.17351739548471698,0.44135364274747635,0.5657,0.17351739548471698,0.565666926600171,0.17351739548471698,,0.17351739548471698,0.12269532700107139,0.7268,0.16108738114671617,0.3856188654899597,0.5805,0.1169,0.95,,,,9.74267089100056,,,,
7482,P35557,L,357,T,NONSYN,0.3205067496312658,0.516766387152093,0.07187317762984127,-1.3817666666666666,100.0,2.0,6.0,0.504406514147912,0.119866897256501,0.5307297614836318,0.5044,0.119866897256501,0.504406514147912,0.119866897256501,,0.119866897256501,0.08475869588986303,0.7426,0.23818009855350397,0.4256103038787842,0.5135,0.0831,0.8029999999999999,,,,9.74267089100056,,,,
7483,P35557,L,357,I,NONSYN,0.3599458773266949,0.3282268979066837,0.047228746681903196,0.27723333333333333,100.0,2.0,6.0,1.66820256511006,0.0706058750033998,0.0005950017910146724,1.6682,0.0706058750033998,1.66820256511006,0.0706058750033998,,0.0706058750033998,0.04992589300651375,0.7558,0.9123717407349075,0.40398699045181274,1.6545,0.0495,0.001,,,,9.74267089100056,,,,
7484,P35557,L,357,L,SYN,,,,,100.0,2.0,6.0,1.1093992233541201,0.05,0.02639026665702456,1.1094,0.05,1.1093992233541201,0.05,,0.05,0.035355339059327376,,,,1.1094,0.0354,,,,,9.74267089100056,,,,
7485,P35557,L,357,K,NONSYN,0.16637828819819184,0.5881404013568677,0.05540662294970694,-1.8327,100.0,2.0,6.0,0.337677642455265,0.0702901165664015,0.7460580822247518,0.3377,0.0702901165664015,0.337677642455265,0.0702901165664015,,0.0702901165664015,0.04970261807449538,0.8074,0.46972997511370473,0.41914650797843933,0.3442,0.0494,0.74,,,,9.74267089100056,,,,
7486,P35557,L,357,G,NONSYN,0.3375782897720982,0.5948041076928411,0.10441702869779967,-2.5354666666666663,100.0,2.0,6.0,1.01051259408203,0.113285395367638,0.048821565900705674,1.0105,0.113285395367638,1.01051259408203,0.113285395367638,,0.113285395367638,0.08010487127385592,0.6839,0.32658887276855353,0.4682677090167999,1.0012,0.079,0.99,,,,9.74267089100056,,,,
7487,P35557,L,357,Y,NONSYN,0.3932294491632085,0.48730948875864427,0.07217757703299214,-1.3710666666666667,100.0,2.0,6.0,0.592777209328258,0.116528072628574,0.40232178826024306,0.5928,0.116528072628574,0.592777209328258,0.116528072628574,,0.116528072628574,0.08239779035426319,0.7459,0.15310434813634166,0.4256103038787842,0.5983,0.0809,0.8190000000000001,,,,9.74267089100056,,,,
7488,P35557,L,357,N,NONSYN,0.1790631080953343,0.7773967001124437,0.08411584225937045,-2.4369,100.0,2.0,6.0,0.25702563896060104,0.21643559306274698,0.8217228116876831,0.257,0.21643559306274698,0.25702563896060104,0.21643559306274698,,0.21643559306274698,0.15304307554480046,0.7757,0.5186469160091866,0.42663508653640747,0.3162,0.1441,0.997,,,,9.74267089100056,,,,
7489,P35557,L,357,C,NONSYN,0.3444819501115762,0.7583585155995634,0.039828316960297115,-1.3948999999999998,100.0,2.0,6.0,0.482179952083959,0.264074574391616,0.5627111274159768,0.4822,0.264074574391616,0.482179952083959,0.264074574391616,,0.264074574391616,0.1867289222912631,0.8718,0.3895760055194956,0.4073818325996399,0.5498,0.1697,0.09,,,,9.74267089100056,,,,
7490,P35557,L,357,P,NONSYN,0.3101239067988947,0.4685137733849334,0.13406778756177742,-2.2839666666666667,100.0,2.0,6.0,0.3523675670944911,0.336319422074174,0.7300481911665715,0.3524,0.336319422074174,0.3523675670944911,0.336319422074174,,0.336319422074174,0.23781374399338903,0.4657,0.1133590767062444,0.49621254205703735,0.3735,0.2145,0.996,,,,9.74267089100056,,,,
7491,P35557,L,357,E,NONSYN,0.22335052551716408,0.5399686000457075,0.09797638616079653,-2.4328000000000003,100.0,2.0,6.0,0.9693099391608101,0.0376060377353268,0.06257346337674667,0.9693,0.0376060377353268,0.9693099391608101,0.0376060377353268,,0.0376060377353268,0.026591484296206776,0.6686,0.3007288706450325,0.44501975178718567,0.9682,0.0265,0.986,,,,9.74267089100056,,,,
7492,P35557,L,357,M,NONSYN,0.4855550162170784,0.8269762138588924,0.046255801745238655,0.15566666666666665,100.0,2.0,6.0,0.171954617253434,0.0813780394816058,0.8802751821914374,0.172,0.0813780394816058,0.171954617253434,0.0813780394816058,,0.0813780394816058,0.05754296355711005,0.8719,0.699984863051284,0.388655424118042,0.187,0.0569,0.8109999999999999,,,,9.74267089100056,,,,
7493,P35557,L,357,W,NONSYN,0.28885364138641745,0.484520647028759,0.05147833367262979,-1.8677333333333335,100.0,2.0,6.0,0.6485369054395911,0.11179647136008,0.3256786959295873,0.6485,0.11179647136008,0.6485369054395911,0.11179647136008,,0.11179647136008,0.07905204301144021,0.4696,0.17890875020811525,0.4157770276069641,0.6423,0.0777,0.9990000000000001,,,,9.74267089100056,,,,
7494,P35557,L,357,H,NONSYN,0.29725486605293433,0.47999046154639396,0.0871439952540688,-1.9786333333333335,100.0,2.0,6.0,0.179205742033389,0.524667999683804,0.8760514604530742,0.1792,0.524667999683804,0.179205742033389,0.524667999683804,,0.524667999683804,0.37099630044799914,0.4498,0.2705785666385623,0.43032175302505493,0.2946,0.281,0.998,,,,9.74267089100056,,,,
7495,P35557,L,357,Q,NONSYN,0.3225298006389851,0.5353529525225373,0.07145442417879924,-1.5422,100.0,2.0,6.0,1.20695633742637,0.0728362676634263,0.014079135921698582,1.207,0.0728362676634263,1.20695633742637,0.0728362676634263,,0.0728362676634263,0.05150301878112718,0.6734,0.5335832342845854,0.4256103038787842,1.1993,0.0511,0.9890000000000001,,,,9.74267089100056,,,,
7496,P35557,L,357,*,STOP,,,,,100.0,2.0,6.0,0.136813543521106,0.05,0.8989415796709478,0.1368,0.05,0.136813543521106,0.05,,0.05,0.035355339059327376,,,,0.1368,0.0354,,,,,9.74267089100056,,,,
7497,P35557,R,358,S,NONSYN,0.4030125793742561,0.770622010670477,0.07083466626175118,-0.8416666666666667,100.0,2.0,6.0,0.8180695744671221,0.123943330151554,0.14690903607039704,0.8181,0.123943330151554,0.8180695744671221,0.123943330151554,,0.123943330151554,0.08764116923300691,0.8827,0.06467068470341009,0.40731218457221985,0.8209,0.0857,0.055999999999999994,,,,192.68825799709515,,,,
7498,P35557,R,358,A,NONSYN,0.3189859929557896,1.1758584443793774,0.053859586751806264,-1.0746,100.0,2.0,6.0,1.2747292929648602,0.19489559290004502,0.009008801222371828,1.2747,0.19489559290004502,1.2747292929648602,0.19489559290004502,,0.19489559290004502,0.13781199536299457,1.0256,0.2491779738425457,0.5100095272064209,1.2578,0.133,0.025,,,,192.68825799709515,,,,
7499,P35557,R,358,V,NONSYN,0.398009908378716,1.08813140456912,0.0650618408098038,-1.9711666666666667,100.0,2.0,6.0,0.816353530704014,0.136709625096831,0.14824290332838394,0.8164,0.136709625096831,0.816353530704014,0.136709625096831,,0.136709625096831,0.0966683029594398,0.9262,0.10984238880968844,0.3858771026134491,0.8228,0.0938,0.001,,,,192.68825799709515,,,,
7500,P35557,R,358,R,SYN,,,,,100.0,2.0,6.0,0.7812073829268951,0.05,0.1776977680294513,0.7812,0.05,0.7812073829268951,0.05,,0.05,0.035355339059327376,,,,0.7812,0.0354,,,,,192.68825799709515,,,,
7501,P35557,R,358,D,NONSYN,0.1122725979085614,0.4078432014332673,0.12551677919796608,-1.7069333333333334,100.0,2.0,6.0,0.571673442013592,0.380593315311807,0.4326429974106306,0.5717,0.380593315311807,0.571673442013592,0.380593315311807,,0.380593315311807,0.2691201141312486,0.7033,0.13166440617290087,0.4948888123035431,0.6017,0.2364,0.055999999999999994,,,,192.68825799709515,,,,
7502,P35557,R,358,F,NONSYN,0.3436253892885596,0.666991099662588,0.06486057703387312,-2.1555666666666666,100.0,2.0,6.0,1.18261915500501,0.0483431262834331,0.016496255376588383,1.1826,0.0483431262834331,1.18261915500501,0.0483431262834331,,0.0483431262834331,0.03418375241877316,0.8595,0.32307314927914943,0.3874019682407379,1.1801,0.0341,0.027999999999999997,,,,192.68825799709515,,,,
7503,P35557,R,358,T,NONSYN,0.292232657128476,1.2196282318726541,0.06076527297518428,-1.0614333333333332,100.0,2.0,6.0,1.1434199304850299,0.154065416196304,0.02124280273544464,1.1434,0.154065416196304,1.1434199304850299,0.154065416196304,,0.154065416196304,0.10894070053873431,1.0811,0.062334248569746675,0.49321985244750977,1.1405,0.1064,0.055999999999999994,,,,192.68825799709515,,,,
7504,P35557,R,358,I,NONSYN,0.35928103966798514,0.7731008129806406,0.043715226359974886,-2.1296999999999997,100.0,2.0,6.0,0.864290015050852,0.20895640629852102,0.11446583704944659,0.8643,0.20895640629852102,0.864290015050852,0.20895640629852102,,0.20895640629852102,0.1477544918660556,0.8859,0.021648867776906777,0.3830765187740326,0.8671,0.1379,0.0,,,,192.68825799709515,,,,
7505,P35557,R,358,L,NONSYN,0.3775202648814329,0.63217579232012,0.1255906959841391,-1.8647666666666665,100.0,2.0,6.0,1.35461953693608,0.203639856294192,0.005274297606549245,1.3546,0.203639856294192,1.35461953693608,0.203639856294192,,0.203639856294192,0.1439951233054772,0.865,0.4896240573523398,0.4769870936870575,1.3137,0.1379,0.0,,,,192.68825799709515,,,,
7506,P35557,R,358,K,NONSYN,0.4996982892545154,0.4606411491033276,0.07147498875238374,-0.31583333333333335,100.0,2.0,6.0,0.9551993646682649,0.37685005151487,0.06803542026245593,0.9552,0.37685005151487,0.9551993646682649,0.37685005151487,,0.37685005151487,0.2664732269166643,0.7446,0.2106124200881868,0.432634562253952,0.8973,0.2269,0.002,,,,192.68825799709515,,,,
7507,P35557,R,358,G,NONSYN,0.4710347881166008,0.8413304640433901,0.12758332270626083,-1.865,100.0,2.0,6.0,0.72715552176627,0.17996812884983104,0.23113060815775582,0.7272,0.17996812884983104,0.72715552176627,0.17996812884983104,,0.17996812884983104,0.12725668430716985,0.8913,0.1641504016956441,0.46605128049850464,0.7385,0.1228,0.102,,,,192.68825799709515,,,,
7508,P35557,R,358,Y,NONSYN,0.3907391645635834,0.4807282406077727,0.1042420318350966,-1.6721666666666666,100.0,2.0,6.0,0.35301832449007603,0.48253120471553207,0.729323302155967,0.353,0.48253120471553207,0.35301832449007603,0.48253120471553207,,0.48253120471553207,0.3412010869884669,0.7126,0.35953225601148037,0.47164180874824524,0.4765,0.2764,0.10300000000000001,,,,192.68825799709515,,,,
7509,P35557,R,358,N,NONSYN,0.4070897773431755,0.6656055236931078,0.041006235656752106,-0.6592999999999999,100.0,2.0,6.0,0.644063973858057,0.21076575351314,0.331583423651878,0.6441,0.21076575351314,0.644063973858057,0.21076575351314,,0.21076575351314,0.1490338935510337,0.8393,0.1952330823400631,0.4195943772792816,0.6659,0.1404,0.125,,,,192.68825799709515,,,,
7510,P35557,R,358,C,NONSYN,0.3945781846907973,0.7890796410962534,0.057431909646576594,-2.1973999999999996,100.0,2.0,6.0,0.6014778325620551,0.0587879314494588,0.3899863009668313,0.6015,0.0587879314494588,0.6014778325620551,0.0587879314494588,,0.0587879314494588,0.041569344979842215,0.8578,0.2563450624879937,0.3874019682407379,0.6044,0.0413,0.7559999999999999,,,,192.68825799709515,,,,
7511,P35557,R,358,P,NONSYN,0.180066694070857,0.550615762756646,0.1509371029023467,-1.7161666666666668,100.0,2.0,6.0,0.143355758043456,0.135482185390646,0.8956841523265309,0.1434,0.135482185390646,0.143355758043456,0.135482185390646,,0.135482185390646,0.09580037201969878,0.7945,0.6511295129335642,0.5143489241600037,0.1652,0.0942,0.35700000000000004,,,,192.68825799709515,,,,
7512,P35557,R,358,E,NONSYN,0.2774716424939038,0.9122876137633464,0.07369925526341606,-0.8858,100.0,2.0,6.0,0.393072765188514,0.0889348301489597,0.6822337015947516,0.3931,0.0889348301489597,0.393072765188514,0.0889348301489597,,0.0889348301489597,0.06288642148200321,0.9077,0.5146064349839103,0.4066113829612732,0.4051,0.0621,0.001,,,,192.68825799709515,,,,
7513,P35557,R,358,M,NONSYN,0.37044865400284027,1.0787395993056708,0.06543970663844254,-1.0532666666666668,100.0,2.0,6.0,1.56608582818598,0.11453073812107699,0.0012270704893895873,1.5661,0.11453073812107699,1.56608582818598,0.11453073812107699,,0.11453073812107699,0.08098546157971416,0.9211,0.6449972518691465,0.39571183919906616,1.5402,0.0793,0.094,,,,192.68825799709515,,,,
7514,P35557,R,358,W,NONSYN,0.38841440406711497,0.9544209002532921,0.059948755517694075,-2.1376333333333335,100.0,2.0,6.0,0.32032975323289803,0.115636494367899,0.7640832759168702,0.3203,0.115636494367899,0.32032975323289803,0.115636494367899,,0.115636494367899,0.08176734932018138,0.8603,0.539952548669873,0.3874019682407379,0.3434,0.08,0.946,,,,192.68825799709515,,,,
7515,P35557,R,358,H,NONSYN,0.3580838527509595,0.32977399369160326,0.07182915103671698,-0.45376666666666665,100.0,2.0,6.0,0.7856742314236871,0.0836412065108231,0.17372533989318256,0.7857,0.0836412065108231,0.7856742314236871,0.0836412065108231,,0.0836412065108231,0.05914326431042742,0.6746,0.11104782141621028,0.42588168382644653,0.7836,0.0586,0.297,,,,192.68825799709515,,,,
7516,P35557,R,358,Q,NONSYN,0.3675437003413988,0.6076036568234193,0.05741053827679885,-0.5823,100.0,2.0,6.0,-0.0478147579717613,0.20134070137012303,0.959420736225435,-0.0478,0.20134070137012303,-0.0478147579717613,0.20134070137012303,,0.20134070137012303,0.14236937526766957,0.857,0.9048347784566856,0.4132164418697357,0.0482,0.1346,0.003,,,,192.68825799709515,,,,
7517,P35557,R,358,*,STOP,,,,,100.0,2.0,6.0,0.0248159838537835,0.05,0.941759456817104,0.0248,0.05,0.0248159838537835,0.05,,0.05,0.035355339059327376,,,,0.0248,0.0354,,,,,192.68825799709515,,,,
7518,P35557,P,359,S,NONSYN,0.4256921542014803,1.1427540671943344,0.29066981293503097,-1.0001,100.0,2.0,6.0,0.8542310602485891,0.281606823254209,0.12096997174626722,0.8542,0.281606823254209,0.8542310602485891,0.281606823254209,,0.281606823254209,0.1991260943514527,0.9772,0.12297499110105081,0.7115151882171631,0.8632,0.1918,0.501,,,,13.278497664950411,,,,
7519,P35557,P,359,A,NONSYN,0.4817034186214992,0.7607586295240507,0.2754849532170919,-1.0804,100.0,2.0,6.0,2.00021737325944,0.48378513366085796,5.1997842102632956e-05,2.0002,0.48378513366085796,2.00021737325944,0.48378513366085796,,0.48378513366085796,0.3420877486488329,0.8859,1.1142784904316811,0.571499764919281,1.7063,0.2935,0.002,,,,13.278497664950411,,,,
7520,P35557,P,359,V,NONSYN,0.4383577870550538,0.7382820446615517,0.0994714427430408,-1.9204333333333334,100.0,2.0,6.0,0.8041530356574631,0.0952103777205142,0.1580033252391767,0.8042,0.0952103777205142,0.8041530356574631,0.0952103777205142,,0.0952103777205142,0.06732390372550817,0.8696,0.06541173599475858,0.4319527745246887,0.8057,0.0665,0.455,,,,13.278497664950411,,,,
7521,P35557,P,359,R,NONSYN,0.33291698217037546,0.35051220480885287,0.1566860463527266,-1.6794333333333331,100.0,2.0,6.0,0.835109700181918,0.33270680596307695,0.13417641252218465,0.8351,0.33270680596307695,0.835109700181918,0.33270680596307695,,0.33270680596307695,0.23525923864340856,0.5569,0.2781798734454678,0.5220341682434082,0.7882,0.2145,0.9620000000000001,,,,13.278497664950411,,,,
7522,P35557,P,359,D,NONSYN,0.13167158673135695,0.5911274233985365,0.15185638773087384,-1.6679666666666666,100.0,2.0,6.0,0.11326404441286698,0.370832309837991,0.9098969617591974,0.1133,0.370832309837991,0.11326404441286698,0.370832309837991,,0.370832309837991,0.2622180409695143,0.8386,0.725328484884008,0.5131465196609497,0.2634,0.2335,0.001,,,,13.278497664950411,,,,
7523,P35557,P,359,F,NONSYN,0.305723171027891,1.2053112324183823,0.1428654303486558,-2.4105666666666665,100.0,2.0,6.0,0.649512413392481,0.24362606674489398,0.32439749670026574,0.6495,0.24362606674489398,0.649512413392481,0.24362606674489398,,0.24362606674489398,0.17226964386912097,1.0288,0.3793271747728022,0.5992751121520996,0.6785,0.1656,0.985,,,,13.278497664950411,,,,
7524,P35557,P,359,T,NONSYN,0.3905683468454612,0.7543848428351603,0.2786322432798836,-1.2782,100.0,2.0,6.0,0.670152442836489,0.220784312188608,0.29787196514767894,0.6702,0.220784312188608,0.670152442836489,0.220784312188608,,0.220784312188608,0.15611808432817242,0.8718,0.20160351476696559,0.5738725662231445,0.684,0.1506,0.309,,,,13.278497664950411,,,,
7525,P35557,P,359,I,NONSYN,0.29395116310669084,0.832936273334946,0.06614264094250662,-2.1981333333333333,100.0,2.0,6.0,0.963075919820033,0.35626806098010705,0.06493589508947152,0.9631,0.35626806098010705,0.963075919820033,0.35626806098010705,,0.35626806098010705,0.2519195618392161,0.8324,0.13072292394753549,0.3992639482021332,0.9259,0.2131,0.971,,,,13.278497664950411,,,,
7526,P35557,P,359,L,NONSYN,0.3804758514067072,0.9142927721029267,0.09183518280436477,-2.2145666666666664,100.0,2.0,6.0,0.719006423516091,0.232093942137691,0.24003949281142867,0.719,0.232093942137691,0.719006423516091,0.232093942137691,,0.232093942137691,0.16411520035787946,0.89,0.17103027863997589,0.4142335057258606,0.7422,0.1526,0.927,,,,13.278497664950411,,,,
7527,P35557,P,359,K,NONSYN,0.2878654235137882,0.7402055869320133,0.2729158162749349,-1.1556666666666668,100.0,2.0,6.0,0.7318115706126009,0.272224562956328,0.226139374427652,0.7318,0.272224562956328,0.7318115706126009,0.272224562956328,,0.272224562956328,0.19249183447196375,0.8549,0.12312538674671303,0.5541034936904907,0.7451,0.1818,0.905,,,,13.278497664950411,,,,
7528,P35557,P,359,G,NONSYN,0.4312798460663611,0.8287451263311957,0.10270225175428836,-2.113766666666667,,,,,,,,,,,,,,0.8885,,0.43708348274230957,0.8885,0.4371,0.49,,,,13.278497664950411,,,,
7529,P35557,P,359,Y,NONSYN,0.20942896620986876,1.096598916605448,0.15109389183214578,-2.4152666666666667,100.0,2.0,6.0,0.9756493608312841,0.12575638000750303,0.06025094920067702,0.9756,0.12575638000750303,0.9756493608312841,0.12575638000750303,,0.12575638000750303,0.08892318908077776,0.88,0.09569216173460438,0.4921332597732544,0.9726,0.0875,0.995,,,,13.278497664950411,,,,
7530,P35557,P,359,N,NONSYN,0.21903311575636186,0.5808085352237183,0.13196332028163932,-1.8017666666666665,100.0,2.0,6.0,0.6569976258615721,0.287415347950985,0.31464720224070486,0.657,0.287415347950985,0.6569976258615721,0.287415347950985,,0.287415347950985,0.20323334155323255,0.7993,0.1423498940130007,0.49035754799842834,0.6779,0.1877,0.675,,,,13.278497664950411,,,,
7531,P35557,P,359,C,NONSYN,0.4219649037795377,0.9000223613277782,0.13200145153903678,-2.593,100.0,2.0,6.0,1.6772084166038301,0.473970424192905,0.0005578768194390278,1.6772,0.473970424192905,1.6772084166038301,0.473970424192905,,0.473970424192905,0.3351477010286676,0.8406,0.8366030384528902,0.5129263401031494,1.4269,0.2806,0.9540000000000001,,,,13.278497664950411,,,,
7532,P35557,P,359,P,SYN,,,,,100.0,2.0,6.0,1.14459417133147,0.05,0.021083405670032127,1.1446,0.05,1.14459417133147,0.05,,0.05,0.035355339059327376,,,,1.1446,0.0354,,,,,13.278497664950411,,,,
7533,P35557,P,359,E,NONSYN,0.187686271514566,0.6993990903866839,0.2723864268611873,-1.1939,,,,,,,,,,,,,,0.8556,,0.5541034936904907,0.8556,0.5541,0.13,,,,13.278497664950411,,,,
7534,P35557,P,359,M,NONSYN,0.2411349625055221,0.2898973852270462,0.1637901516604888,-1.6978,100.0,2.0,6.0,0.8388420846069921,0.20402706283745103,0.13151008795796437,0.8388,0.20402706283745103,0.8388420846069921,0.20402706283745103,,0.20402706283745103,0.14426891967793545,0.4196,0.4192133750523198,0.4992515444755554,0.8065,0.1386,0.99,,,,13.278497664950411,,,,
7535,P35557,P,359,W,NONSYN,0.30546275679376184,1.1007900636091985,0.12905991083381507,-2.4996333333333336,100.0,2.0,6.0,1.07490530975957,0.488334486024947,0.03279843897137341,1.0749,0.488334486024947,1.07490530975957,0.488334486024947,,0.488334486024947,0.3453046265554873,0.8412,0.2337127066483029,0.49312031269073486,0.998,0.2829,0.9990000000000001,,,,13.278497664950411,,,,
7536,P35557,P,359,H,NONSYN,0.3015928613207122,0.5957386097339257,0.12689397654998125,-1.6375666666666666,100.0,2.0,6.0,0.0994304854066996,0.512606734056256,0.9157998576701695,0.0994,0.512606734056256,0.0994304854066996,0.512606734056256,,0.512606734056256,0.36246769773306775,0.6733,0.5738350909559102,0.49609580636024475,0.2991,0.2927,0.995,,,,13.278497664950411,,,,
7537,P35557,P,359,Q,NONSYN,0.32572451857320683,0.752065024565893,0.10597545001049581,-1.1129333333333333,100.0,2.0,6.0,0.696233257710962,1.1012023676429,0.26607970877687015,0.6962,1.1012023676429,0.696233257710962,1.1012023676429,,1.1012023676429,0.778667661618976,0.7841,0.08785249286887198,0.46804279088974,0.7608,0.4012,0.9620000000000001,,,,13.278497664950411,,,,
7538,P35557,P,359,*,STOP,,,,,100.0,2.0,6.0,0.653000689186093,0.05,0.3198357466787726,0.653,0.05,0.653000689186093,0.05,,0.05,0.035355339059327376,,,,0.653,0.0354,,,,,13.278497664950411,,,,
7539,P35557,S,360,S,SYN,,,,,100.0,2.0,6.0,1.20381265969052,0.05,0.014371095128642543,1.2038,0.05,1.20381265969052,0.05,,0.05,0.035355339059327376,,,,1.2038,0.0354,,,,,52.528257498213264,,,,
7540,P35557,S,360,A,NONSYN,0.4563330621977513,0.8907905357346947,0.061204846807494044,-0.01466666666666668,100.0,2.0,6.0,1.1861856139066203,0.0911719944750299,0.016118724084845066,1.1862,0.0911719944750299,1.1861856139066203,0.0911719944750299,,0.0911719944750299,0.06446833554759608,0.8996,0.2866273081662638,0.3731837868690491,1.1779,0.0635,0.124,,,,52.528257498213264,,,,
7541,P35557,S,360,V,NONSYN,0.3566796973350173,1.355866827260357,0.06220027353400398,-1.3498999999999999,100.0,2.0,6.0,0.9506869077904259,0.16308850131158403,0.06987031349537018,0.9507,0.16308850131158403,0.9506869077904259,0.16308850131158403,,0.16308850131158403,0.11532098521097221,1.0838,0.13314702508616105,0.48458412289619446,0.9578,0.1122,0.895,,,,52.528257498213264,,,,
7542,P35557,S,360,R,NONSYN,0.5078165034060199,1.5829249199868867,0.11315505632152868,-0.9542999999999999,100.0,2.0,6.0,0.993092769895164,0.185308110273745,0.054258304863541044,0.9931,0.185308110273745,0.993092769895164,0.185308110273745,,0.185308110273745,0.1310326213834296,1.0938,0.10069943019333694,0.5898447632789612,0.9978,0.1279,0.9940000000000001,,,,52.528257498213264,,,,
7543,P35557,S,360,D,NONSYN,0.26426002389568154,0.6650149894929797,0.030743853322785095,-0.6365333333333334,100.0,2.0,6.0,1.3918435500427901,0.0651884130754896,0.004097337549893423,1.3918,0.0651884130754896,1.3918435500427901,0.0651884130754896,,0.0651884130754896,0.046095168940468494,0.802,0.5898129270836532,0.4205247163772583,1.3848,0.0458,0.924,,,,52.528257498213264,,,,
7544,P35557,S,360,F,NONSYN,0.4400921079880442,1.2141891521324168,0.0813222220100964,-1.7383,100.0,2.0,6.0,0.9426390492886599,0.11526321433422598,0.07325285273606078,0.9426,0.11526321433422598,0.9426390492886599,0.11526321433422598,,0.11526321433422598,0.08150340047708965,1.0288,0.08620053887662327,0.5087624788284302,0.9448,0.0805,0.997,,,,52.528257498213264,,,,
7545,P35557,S,360,T,NONSYN,0.5032644910640633,0.9481114257744014,0.04307809026492146,-0.06083333333333333,100.0,2.0,6.0,1.0142229437874999,0.205761847751143,0.04773019169851963,1.0142,0.205761847751143,1.0142229437874999,0.205761847751143,,0.205761847751143,0.14549559785430718,0.912,0.10220208168499134,0.3868202567100525,1.0016,0.1362,0.003,,,,52.528257498213264,,,,
7546,P35557,S,360,I,NONSYN,0.40690641070991895,1.0835000039517435,0.08418195728842316,-1.7275666666666665,100.0,2.0,6.0,1.3347064938306799,0.0690379754493769,0.006032396110647051,1.3347,0.0690379754493769,1.3347064938306799,0.0690379754493769,,0.0690379754493769,0.04881722059964479,0.8723,0.4624292340040197,0.42626890540122986,1.3287,0.0485,0.9940000000000001,,,,52.528257498213264,,,,
7547,P35557,S,360,L,NONSYN,0.393745075519064,1.1502494252975666,0.06444712857070964,-1.7093,100.0,2.0,6.0,1.13445822979321,0.23992351695562197,0.022497601434759495,1.1345,0.23992351695562197,1.13445822979321,0.23992351695562197,,0.23992351695562197,0.1696515458054459,0.9355,0.19900231148113723,0.397184818983078,1.1038,0.156,0.99,,,,52.528257498213264,,,,
7548,P35557,S,360,K,NONSYN,0.33912790346884786,0.7128244621475176,0.042197296575605274,-0.6167666666666666,100.0,2.0,6.0,0.584443693099506,0.0825953462149557,0.414234370528469,0.5844,0.0825953462149557,0.584443693099506,0.0825953462149557,,0.0825953462149557,0.05840372940304581,0.7499,0.1654612374920773,0.42633724212646484,0.5875,0.0579,0.9790000000000001,,,,52.528257498213264,,,,
7549,P35557,S,360,G,NONSYN,0.4188135801978989,0.7762941642241997,0.03207482299642688,-0.6509999999999999,100.0,2.0,6.0,1.05800602584913,0.0523884876967758,0.03644638247952548,1.058,0.0523884876967758,1.05800602584913,0.0523884876967758,,0.0523884876967758,0.03704425490649818,0.7841,0.27392027526929597,0.42892104387283325,1.056,0.0369,0.958,,,,52.528257498213264,,,,
7550,P35557,S,360,Y,NONSYN,0.3987520148682556,1.3286992252497367,0.04044369852328485,-1.6658,100.0,2.0,6.0,1.1734027327733603,0.238138472795485,0.01751143090861181,1.1734,0.238138472795485,1.1734027327733603,0.238138472795485,,0.238138472795485,0.1683893289750956,1.0064,0.16696113960319425,0.5139299631118774,1.1572,0.16,0.9990000000000001,,,,52.528257498213264,,,,
7551,P35557,S,360,N,NONSYN,0.3577198430860929,0.7555509915000145,0.04571578381855795,-0.23683333333333337,100.0,2.0,6.0,0.9302765523534641,0.0568416917584773,0.07873287718603784,0.9303,0.0568416917584773,0.9302765523534641,0.0568416917584773,,0.0568416917584773,0.04019314569653479,0.8652,0.06502668014582247,0.41752082109451294,0.9297,0.04,0.589,,,,52.528257498213264,,,,
7552,P35557,S,360,C,NONSYN,0.4413057931247456,1.5188073044926613,0.12093917576198045,-0.9221333333333334,100.0,2.0,6.0,1.18544561637784,0.0392324024470421,0.016196371177964002,1.1854,0.0392324024470421,1.18544561637784,0.0392324024470421,,0.0392324024470421,0.027741497812543165,1.0064,0.17900402320767395,0.5585634708404541,1.185,0.0277,0.9990000000000001,,,,52.528257498213264,,,,
7553,P35557,S,360,P,NONSYN,0.3754690196139504,1.348612460984928,0.04545644658550102,-0.9290666666666666,100.0,2.0,6.0,1.6960301469010401,0.477094439248968,0.0004874482255459623,1.696,0.477094439248968,1.6960301469010401,0.477094439248968,,0.477094439248968,0.3373567132593386,1.0452,0.6508240769547511,0.5080569386482239,1.4969,0.281,0.985,,,,52.528257498213264,,,,
7554,P35557,S,360,E,NONSYN,0.32956968841657797,0.7901072766705853,0.04178398673648925,-0.6321,100.0,2.0,6.0,0.35259524953030297,0.0862947069574317,0.7297947221410865,0.3526,0.0862947069574317,0.35259524953030297,0.0862947069574317,,0.0862947069574317,0.06101957247010589,0.809,0.4563754998479014,0.4231258034706116,0.3619,0.0604,0.945,,,,52.528257498213264,,,,
7555,P35557,S,360,M,NONSYN,0.4679817126368144,1.0222428966174821,0.07325503398101814,-1.5591333333333335,100.0,2.0,6.0,1.7087521326298702,0.10672684231980199,0.00044484738548772025,1.7088,0.10672684231980199,1.7087521326298702,0.10672684231980199,,0.10672684231980199,0.07546727393895938,0.8086,0.9001128446812618,0.4255063235759735,1.6813,0.0743,1.0,,,,52.528257498213264,,,,
7556,P35557,S,360,W,NONSYN,0.3832492129242465,1.1372679243041832,0.06481389795284868,-1.7880333333333336,100.0,2.0,6.0,0.47872584788991795,0.0519994918677544,0.5676290095797777,0.4787,0.0519994918677544,0.47872584788991795,0.0519994918677544,,0.0519994918677544,0.036769193317943864,0.8492,0.37048417599008693,0.417944073677063,0.4816,0.0366,1.0,,,,52.528257498213264,,,,
7557,P35557,S,360,H,NONSYN,0.2629764798769622,1.291522844391348,0.12099067482369602,-0.9429,100.0,2.0,6.0,1.86729899668178,0.036261777621292,0.0001400842125559461,1.8673,0.036261777621292,1.86729899668178,0.036261777621292,,0.036261777621292,0.025640948853894164,0.9911,0.876210367912859,0.5585634708404541,1.8655,0.0256,1.0,,,,52.528257498213264,,,,
7558,P35557,S,360,Q,NONSYN,0.3963611118941722,0.6650149894929797,0.030743853322785095,-0.6365333333333333,100.0,2.0,6.0,0.7278721110631201,0.147850204589606,0.23035772854395015,0.7279,0.147850204589606,0.7278721110631201,0.147850204589606,,0.147850204589606,0.1045458822651288,0.69,0.03785906003010009,0.42373618483543396,0.7257,0.1015,0.997,,,,52.528257498213264,,,,
7559,P35557,S,360,*,STOP,,,,,100.0,2.0,6.0,0.23024761159421803,0.05,0.842367189097602,0.2302,0.05,0.23024761159421803,0.05,,0.05,0.035355339059327376,,,,0.2302,0.0354,,,,,52.528257498213264,,,,
7560,P35557,T,361,S,NONSYN,0.5112342370012433,0.9766270058641972,0.07476523811618703,-0.33873333333333333,100.0,2.0,6.0,1.36695441121821,0.14339639361798,0.004851949234169369,1.367,0.14339639361798,1.36695441121821,0.14339639361798,,0.14339639361798,0.10139656232496902,0.9178,0.4491185199714143,0.4006246328353882,1.3399,0.0983,0.0,,,,77.49071335761164,,,,
7561,P35557,T,361,A,NONSYN,0.4371005638552374,0.9354146716239704,0.030090431037084638,-0.5245,100.0,2.0,6.0,1.19161916682326,0.295575505397374,0.015559401721436696,1.1916,0.295575505397374,1.19161916682326,0.295575505397374,,0.295575505397374,0.20900344421912412,0.9077,0.28393996665083576,0.3929634988307953,1.129,0.1845,0.0,,,,77.49071335761164,,,,
7562,P35557,T,361,V,NONSYN,0.335359974884157,1.0432197763428313,0.07351941675675625,-0.4691,100.0,2.0,6.0,0.868203852666678,0.0798173451469284,0.1120154342647075,0.8682,0.0798173451469284,0.868203852666678,0.0798173451469284,,0.0798173451469284,0.056439386009700235,0.9167,0.048471476541696035,0.4006246328353882,0.8691,0.0559,0.0,,,,77.49071335761164,,,,
7563,P35557,T,361,R,NONSYN,0.3928132642818517,0.9540527273819625,0.031933530079465255,-1.2489999999999999,100.0,2.0,6.0,0.6173749838771839,0.0964013411454413,0.3677648450513382,0.6174,0.0964013411454413,0.6173749838771839,0.0964013411454413,,0.0964013411454413,0.06816604203941928,0.9091,0.29174664869880484,0.39001667499542236,0.626,0.0671,0.07,,,,77.49071335761164,,,,
7564,P35557,T,361,D,NONSYN,0.24736015353784535,1.0709856622176233,0.03611327132504384,-1.2412666666666667,100.0,2.0,6.0,0.266576179370201,0.0646041343131968,0.8138345496595454,0.2666,0.0646041343131968,0.266576179370201,0.0646041343131968,,0.0646041343131968,0.04568202146554797,0.9211,0.6545123969466324,0.39375922083854675,0.2753,0.0454,0.001,,,,77.49071335761164,,,,
7565,P35557,T,361,F,NONSYN,0.2626450658678516,0.9391748671975884,0.027679780705404954,-1.4809,100.0,2.0,6.0,0.7966975846677851,0.0665626670009569,0.1642093178430364,0.7967,0.0665626670009569,0.7966975846677851,0.0665626670009569,,0.0665626670009569,0.04706691321023865,0.8996,0.10286072107257138,0.3914896547794342,0.7982,0.0467,0.155,,,,77.49071335761164,,,,
7566,P35557,T,361,T,SYN,,,,,100.0,2.0,6.0,1.53657944410867,0.05,0.0015090104402820897,1.5366,0.05,1.53657944410867,0.05,,0.05,0.035355339059327376,,,,1.5366,0.0354,,,,,77.49071335761164,,,,
7567,P35557,T,361,I,NONSYN,0.39900335367527456,1.0967431001554833,0.04752352399880163,-0.8405666666666667,100.0,2.0,6.0,0.6813915930615378,0.136164191108366,0.28392410908149124,0.6814,0.136164191108366,0.6813915930615378,0.136164191108366,,0.136164191108366,0.0962826228875066,0.9339,0.2524842657221841,0.39558279514312744,0.6955,0.0936,0.0,,,,77.49071335761164,,,,
7568,P35557,T,361,L,NONSYN,0.3692076635094301,1.1307125604852504,0.02874948289107508,-1.2598666666666667,100.0,2.0,6.0,0.855349038085486,0.0887948800421498,0.12023224301508614,0.8553,0.0887948800421498,0.855349038085486,0.0887948800421498,,0.0887948800421498,0.06278746181245015,0.9572,0.1018970270542845,0.39454385638237,0.8579,0.062,0.003,,,,77.49071335761164,,,,
7569,P35557,T,361,K,NONSYN,0.35305220057868336,0.9872377123097461,0.053928610613076265,-0.8414,100.0,2.0,6.0,1.00990775659875,0.0827291494646073,0.04900163477608754,1.0099,0.0827291494646073,1.00990775659875,0.0827291494646073,,0.0827291494646073,0.05849834258821925,0.9167,0.09323242739037596,0.39639392495155334,1.0079,0.0579,0.013999999999999999,,,,77.49071335761164,,,,
7570,P35557,T,361,G,NONSYN,0.43600131382643137,1.043646165374235,0.028169956275518385,-1.4976,100.0,2.0,6.0,0.483283690137845,0.0627520315073919,0.5611362886801131,0.4833,0.0627520315073919,0.483283690137845,0.0627520315073919,,0.0627520315073919,0.0443723870121087,0.9167,0.433391639070529,0.3914896547794342,0.4888,0.0441,0.0,,,,77.49071335761164,,,,
7571,P35557,T,361,Y,NONSYN,0.2452402164451186,0.8884366040669933,0.026640633579501433,-1.4882666666666668,100.0,2.0,6.0,0.94891237405957,0.0738013067713381,0.0706039322189551,0.9489,0.0738013067713381,0.94891237405957,0.0738013067713381,,0.0738013067713381,0.05218540447844183,0.8996,0.04935406831921352,0.37962350249290466,0.948,0.0517,0.271,,,,77.49071335761164,,,,
7572,P35557,T,361,N,NONSYN,0.4084330644454248,1.0426017278641728,0.07332622887473608,-0.5004666666666666,100.0,2.0,6.0,0.870057998102653,0.0829544873593084,0.11087005562865222,0.8701,0.0829544873593084,0.870057998102653,0.0829544873593084,,0.0829544873593084,0.0586576805416207,0.9167,0.04661733110572097,0.4006246328353882,0.871,0.058,0.005,,,,77.49071335761164,,,,
7573,P35557,T,361,C,NONSYN,0.4354541497454498,0.9395168082086327,0.040450331906902816,-0.9072999999999999,100.0,2.0,6.0,1.07505550305789,0.0385154904273169,0.03276760766046233,1.0751,0.0385154904273169,1.07505550305789,0.0385154904273169,,0.0385154904273169,0.02723456446188133,0.8996,0.17549719731753366,0.4015513062477112,1.0743,0.0272,0.266,,,,77.49071335761164,,,,
7574,P35557,T,361,P,NONSYN,0.34993609822478866,0.9540527273819625,0.031933530079465255,-1.2489999999999999,100.0,2.0,6.0,1.3853285373953501,0.0663823345380809,0.004283055868521681,1.3853,0.0663823345380809,1.3853285373953501,0.0663823345380809,,0.0663823345380809,0.046939398902870966,0.912,0.47330767529284157,0.39001667499542236,1.3786,0.0466,0.0,,,,77.49071335761164,,,,
7575,P35557,T,361,E,NONSYN,0.187606014059847,0.9221182842393927,0.03863521861533829,-0.9009666666666667,100.0,2.0,6.0,1.1272510749656102,0.0637756161356506,0.023557478758058574,1.1273,0.0637756161356506,1.1272510749656102,0.0637756161356506,,0.0637756161356506,0.045096170643868734,0.9077,0.21957187479318585,0.4015513062477112,1.1245,0.0448,0.0,,,,77.49071335761164,,,,
7576,P35557,T,361,M,NONSYN,0.3518740482942453,0.9678795764751359,0.05585092547644303,-0.8553000000000001,100.0,2.0,6.0,1.06798216410258,0.0551865668492459,0.03424948545451139,1.068,0.0551865668492459,1.06798216410258,0.0551865668492459,,0.0551865668492459,0.039022795649506496,0.9124,0.15561118431666077,0.39639392495155334,1.0665,0.0388,0.19399999999999998,,,,77.49071335761164,,,,
7577,P35557,T,361,W,NONSYN,0.2914737870902876,0.7429645496217333,0.02770382943620103,-1.5825333333333333,100.0,2.0,6.0,0.5944962710074599,0.111797087342549,0.399875841326191,0.5945,0.111797087342549,0.5944962710074599,0.111797087342549,,0.111797087342549,0.07905247857682114,0.838,0.24348131716926735,0.4166427254676819,0.603,0.0777,0.937,,,,77.49071335761164,,,,
7578,P35557,T,361,H,NONSYN,0.3614886802674268,0.8357512516170124,0.030244227392992817,-1.2503,100.0,2.0,6.0,1.7402329646902002,0.07935541120801201,0.0003544679852732703,1.7402,0.07935541120801201,1.7402329646902002,0.07935541120801201,,0.07935541120801201,0.05611274938903225,0.8913,0.8489270412282861,0.40093493461608887,1.7239,0.0556,0.327,,,,77.49071335761164,,,,
7579,P35557,T,361,Q,NONSYN,0.1843049627657748,0.9197605045876225,0.03974247397092886,-0.8452333333333334,100.0,2.0,6.0,1.21233937976512,0.175394032586689,0.013592368978965097,1.2123,0.175394032586689,1.21233937976512,0.175394032586689,,0.175394032586689,0.12402230982170208,0.9077,0.30466017959269576,0.39444130659103394,1.1849,0.1183,0.016,,,,77.49071335761164,,,,
7580,P35557,T,361,*,STOP,,,,,100.0,2.0,6.0,0.0982327645661488,0.05,0.9162932844733942,0.0982,0.05,0.0982327645661488,0.05,,0.05,0.035355339059327376,,,,0.0982,0.0354,,,,,77.49071335761164,,,,
7581,P35557,T,362,S,NONSYN,0.5112342370012433,0.9859221162021834,0.07127477098238834,-0.33873333333333333,100.0,2.0,6.0,0.7235417986555129,0.161948910393759,0.23505417569182446,0.7235,0.161948910393759,0.7235417986555129,0.161948910393759,,0.161948910393759,0.11451517274519953,0.9167,0.1931335305528611,0.3975171744823456,0.7383,0.11,0.0,,,,54.60666218483043,,,,
7582,P35557,T,362,A,NONSYN,0.4371005638552374,1.0691814099092423,0.06243174593743392,-0.5245,100.0,2.0,6.0,0.820864622463593,0.15293026512807,0.14475685994196738,0.8209,0.15293026512807,0.820864622463593,0.15293026512807,,0.15293026512807,0.10813802752071489,0.9211,0.10022395385324046,0.3966643512248993,0.8278,0.1043,0.0,,,,54.60666218483043,,,,
7583,P35557,T,362,V,NONSYN,0.335359974884157,0.9520050722204768,0.05728558481881139,-0.4691,100.0,2.0,6.0,1.1723936355298898,0.18568034387591198,0.01762613963984484,1.1724,0.18568034387591198,1.1723936355298898,0.18568034387591198,,0.18568034387591198,0.1312958302877074,0.912,0.2603727734273813,0.3975171744823456,1.1468,0.1247,0.01,,,,54.60666218483043,,,,
7584,P35557,T,362,R,NONSYN,0.3928132642818517,1.0269344196747734,0.03098849698843206,-1.2489999999999999,100.0,2.0,6.0,1.2132884013803502,0.0680075054159867,0.01350824466090276,1.2133,0.0680075054159867,1.2132884013803502,0.0680075054159867,,0.0680075054159867,0.048088568251225046,0.9167,0.2966130721719762,0.39001667499542236,1.2088,0.0477,0.151,,,,54.60666218483043,,,,
7585,P35557,T,362,D,NONSYN,0.24736015353784535,0.9529670605557968,0.03334492115925284,-1.2412666666666667,100.0,2.0,6.0,1.43519047873728,0.0435462743026359,0.0030464407762816016,1.4352,0.0435462743026359,1.43519047873728,0.0435462743026359,,0.0435462743026359,0.030791865854803337,0.912,0.5231696166347715,0.39261773228645325,1.432,0.0307,0.0,,,,54.60666218483043,,,,
7586,P35557,T,362,F,NONSYN,0.2626450658678516,0.8134820149351247,0.07335732527545501,-1.4809,100.0,2.0,6.0,1.74203868139216,0.27329367099582397,0.0003498680254596075,1.742,0.27329367099582397,1.74203868139216,0.27329367099582397,,0.27329367099582397,0.1932478080165124,0.8836,0.8584049485964447,0.410069078207016,1.586,0.1748,0.151,,,,54.60666218483043,,,,
7587,P35557,T,362,T,SYN,,,,,100.0,2.0,6.0,0.667905285389305,0.05,0.30070394499102265,0.6679,0.05,0.667905285389305,0.05,,0.05,0.035355339059327376,,,,0.6679,0.0354,,,,,54.60666218483043,,,,
7588,P35557,T,362,I,NONSYN,0.39900335367527456,1.0224541302120054,0.0941456748562113,-0.8405666666666667,100.0,2.0,6.0,0.46763419520584293,0.20832882901368802,0.5833041713503623,0.4676,0.20832882901368802,0.46763419520584293,0.20832882901368802,,0.20832882901368802,0.14731072771223155,0.9167,0.4490411340025311,0.43253201246261597,0.5143,0.1394,0.01,,,,54.60666218483043,,,,
7589,P35557,T,362,L,NONSYN,0.3692076635094301,1.1485954829463467,0.05457378033232923,-1.2598666666666667,100.0,2.0,6.0,0.6601807513141801,0.0911041464965524,0.3105450602698177,0.6602,0.0911041464965524,0.6601807513141801,0.0911041464965524,,0.0911041464965524,0.06442035978192484,0.964,0.30386709786413413,0.41022342443466187,0.6675,0.0636,0.0,,,,54.60666218483043,,,,
7590,P35557,T,362,K,NONSYN,0.35305220057868336,0.8713846405163611,0.1018202054818813,-0.8414,100.0,2.0,6.0,0.9208426642927758,0.127788380903254,0.08315532009114385,0.9208,0.127788380903254,0.9208426642927758,0.127788380903254,,0.127788380903254,0.09036003069354041,0.8994,0.021415846398793903,0.43920594453811646,0.92,0.0885,0.013999999999999999,,,,54.60666218483043,,,,
7591,P35557,T,362,G,NONSYN,0.43600131382643137,1.1859535959580985,0.08452395249669219,-1.4976,100.0,2.0,6.0,0.624623938323239,0.207256859651686,0.3577872627482811,0.6246,0.207256859651686,0.624623938323239,0.207256859651686,,0.207256859651686,0.14655273090713572,1.0387,0.4140836756217683,0.5188129544258118,0.6552,0.141,0.0,,,,54.60666218483043,,,,
7592,P35557,T,362,Y,NONSYN,0.2452402164451186,1.1306088536147663,0.09494705892197221,-1.4882666666666668,100.0,2.0,6.0,0.790658165353235,0.0963524142501357,0.16937242113280965,0.7907,0.0963524142501357,0.790658165353235,0.0963524142501357,,0.0963524142501357,0.06813144549996629,0.9572,0.16658789978653554,0.43670862913131714,0.7946,0.0673,0.08199999999999999,,,,54.60666218483043,,,,
7593,P35557,T,362,N,NONSYN,0.4084330644454248,1.0213002538594178,0.057720524313203236,-0.5004666666666666,100.0,2.0,6.0,0.964508090613067,0.183239781490362,0.06438616187500826,0.9645,0.183239781490362,0.964508090613067,0.183239781490362,,0.183239781490362,0.12957009207497616,0.9167,0.04783276140469295,0.3975171744823456,0.9599,0.1232,0.002,,,,54.60666218483043,,,,
7594,P35557,T,362,C,NONSYN,0.4354541497454498,0.6778048205225783,0.17178860096508797,-0.9072999999999999,100.0,2.0,6.0,0.959328023350098,0.0878413366423238,0.06639455468950047,0.9593,0.0878413366423238,0.959328023350098,0.0878413366423238,,0.0878413366423238,0.062113204808277506,0.8393,0.12003096715197792,0.5334997177124023,0.9577,0.0617,0.261,,,,54.60666218483043,,,,
7595,P35557,T,362,P,NONSYN,0.34993609822478866,1.0269344196747734,0.03098849698843206,-1.2489999999999999,100.0,2.0,6.0,1.0251639411289,0.21124430284325302,0.04464147236510587,1.0252,0.21124430284325302,1.0251639411289,0.21124430284325302,,0.21124430284325302,0.14937227902748887,0.9167,0.10848861192052595,0.39001667499542236,1.0113,0.1395,0.011000000000000001,,,,54.60666218483043,,,,
7596,P35557,T,362,E,NONSYN,0.187606014059847,0.782601627616239,0.06121313934624006,-0.9009666666666667,100.0,2.0,6.0,0.644937602069116,0.6866389519213649,0.33042629758214914,0.6449,0.6866389519213649,0.644937602069116,0.6866389519213649,,0.6866389519213649,0.4855270591304209,0.8859,0.2410012807586428,0.4144221544265747,0.7844,0.3152,0.019,,,,54.60666218483043,,,,
7597,P35557,T,362,M,NONSYN,0.3518740482942453,0.8214513607523629,0.10562965758324376,-0.8553000000000001,100.0,2.0,6.0,1.07064250358477,0.0458803290291257,0.033684922617367156,1.0706,0.0458803290291257,1.07064250358477,0.0458803290291257,,0.0458803290291257,0.032442291779564786,0.8836,0.18700877078905465,0.45442914962768555,1.0697,0.0324,0.19,,,,54.60666218483043,,,,
7598,P35557,T,362,W,NONSYN,0.2914737870902876,1.0524402616895447,0.08397374729007806,-1.5825333333333333,100.0,2.0,6.0,1.28899506537633,0.0416592206800099,0.008193094948530136,1.289,0.0416592206800099,1.28899506537633,0.0416592206800099,,0.0416592206800099,0.029457517441781853,0.8934,0.3956133505554682,0.4208095967769623,1.2871,0.0294,0.9359999999999999,,,,54.60666218483043,,,,
7599,P35557,T,362,H,NONSYN,0.3614886802674268,1.0401783903934534,0.05518675313990048,-1.2503,100.0,2.0,6.0,0.98543202897286,0.0841957333024153,0.05681994984341632,0.9854,0.0841957333024153,0.98543202897286,0.0841957333024153,,0.0841957333024153,0.05953537396511188,0.9167,0.06875669976448595,0.39457035064697266,0.9839,0.0589,0.0,,,,54.60666218483043,,,,
7600,P35557,T,362,Q,NONSYN,0.1843049627657748,0.8197064543611295,0.05861161047471283,-0.8452333333333334,100.0,2.0,6.0,1.07587722275847,0.37564141253151295,0.03259940770289381,1.0759,0.37564141253151295,1.07587722275847,0.37564141253151295,,0.37564141253151295,0.26561859009552613,0.8946,0.18125918839567712,0.40731218457221985,1.0218,0.2225,0.03,,,,54.60666218483043,,,,
7601,P35557,T,362,*,STOP,,,,,100.0,2.0,6.0,0.38054401859697207,0.05,0.6974744003227867,0.3805,0.05,0.38054401859697207,0.05,,0.05,0.035355339059327376,,,,0.3805,0.0354,,,,,54.60666218483043,,,,
7602,P35557,D,363,S,NONSYN,0.3690767940714815,1.1955820007438396,0.07398694992561965,-0.9239999999999999,100.0,2.0,6.0,0.6472402192640401,0.0810203699510659,0.3273853885261944,0.6472,0.0810203699510659,0.6472402192640401,0.0810203699510659,,0.0810203699510659,0.05729005300664148,0.9686,0.3213582061242961,0.4628395736217499,0.6521,0.0569,0.975,,,,11.542155327512633,,,,
7603,P35557,D,363,A,NONSYN,0.4216252277516441,0.28192847466832277,0.06928673486932173,-1.4927333333333335,100.0,2.0,6.0,0.655316815842202,0.04845045105949299,0.3168240563746912,0.6553,0.04845045105949299,0.655316815842202,0.04845045105949299,,0.04845045105949299,0.03425964249571444,0.5492,0.10614828871588977,0.4267677664756775,0.6546,0.0341,0.9359999999999999,,,,11.542155327512633,,,,
7604,P35557,D,363,V,NONSYN,0.4506084315132353,0.7006545846510481,0.03441884943654276,-2.6115333333333335,100.0,2.0,6.0,-0.176196798318022,0.201019184437918,0.9785390433041367,-0.1762,0.201019184437918,-0.176196798318022,0.201019184437918,,0.201019184437918,0.1421420284646411,0.7057,0.8819193091326888,0.40610456466674805,-0.0799,0.1342,0.992,,,,11.542155327512633,,,,
7605,P35557,D,363,R,NONSYN,0.35823216117602164,0.4759318831623263,0.06606212071186045,-1.472133333333333,100.0,2.0,6.0,0.0733065903601914,0.10101241138655699,0.9259562834461118,0.0733,0.10101241138655699,0.0733065903601914,0.10101241138655699,,0.10101241138655699,0.07142656107543967,0.445,0.37168568368575283,0.4211590588092804,0.0837,0.0704,0.9990000000000001,,,,11.542155327512633,,,,
7606,P35557,D,363,D,SYN,,,,,,,,,,,,,,,,,,,,,,,,,,,11.542155327512633,,,,
7607,P35557,D,363,F,NONSYN,0.29646296686588297,0.5163834018652874,0.05392946561823225,-2.6194333333333333,100.0,2.0,6.0,0.37661675003926004,0.0968585119444708,0.7021579508272565,0.3766,0.0968585119444708,0.37661675003926004,0.0968585119444708,,0.0968585119444708,0.06848931061157351,0.5268,0.1501514575107888,0.4092146158218384,0.3807,0.0675,1.0,,,,11.542155327512633,,,,
7608,P35557,D,363,T,NONSYN,0.33041122774515563,0.672403747017284,0.08491584251798352,-1.1000666666666665,100.0,2.0,6.0,0.565247090626965,0.202698816950487,0.44196352398559535,0.5652,0.202698816950487,0.565247090626965,0.202698816950487,,0.202698816950487,0.14332970800418005,0.7073,0.14209416313051182,0.4410717785358429,0.5788,0.1363,0.992,,,,11.542155327512633,,,,
7609,P35557,D,363,I,NONSYN,0.3169485018080975,0.2830841423555587,0.058512573329151434,-2.7128666666666668,100.0,2.0,6.0,0.32386560399977804,0.0773344501305029,0.760487373221863,0.3239,0.0773344501305029,0.32386560399977804,0.0773344501305029,,0.0773344501305029,0.054683714106611485,0.3053,0.01858041842429281,0.35948458313941956,0.3234,0.0541,1.0,,,,11.542155327512633,,,,
7610,P35557,D,363,L,NONSYN,0.37713817620354506,0.28922742692732667,0.051737996333671606,-2.7055000000000002,100.0,2.0,6.0,0.305435750284474,0.13937300560209198,0.7787904603207881,0.3054,0.13937300560209198,0.305435750284474,0.13937300560209198,,0.13937300560209198,0.09855159737558991,0.3398,0.03440031071634997,0.35753196477890015,0.3079,0.095,0.9990000000000001,,,,11.542155327512633,,,,
7611,P35557,D,363,K,NONSYN,0.3517044245741117,1.1610902987220733,0.07462400811310825,-0.8664,100.0,2.0,6.0,0.7507153253293399,0.0697149298985794,0.2066229584006487,0.7507,0.0697149298985794,0.7507153253293399,0.0697149298985794,,0.0697149298985794,0.04929589968123028,0.8847,0.1339787740969296,0.4175296425819397,0.7526,0.049,0.998,,,,11.542155327512633,,,,
7612,P35557,D,363,G,NONSYN,0.41616550742326497,0.5364417888455186,0.0870637057909613,-1.2674333333333332,100.0,2.0,6.0,0.877734455655123,0.17867593892559197,0.10623255285383847,0.8777,0.17867593892559197,0.877734455655123,0.17867593892559197,,0.17867593892559197,0.12634296804915948,0.8157,0.06199416835119842,0.44410744309425354,0.8731,0.1215,0.027000000000000003,,,,11.542155327512633,,,,
7613,P35557,D,363,Y,NONSYN,0.4224113195979475,0.4019178268449661,0.05770572231184968,-2.560966666666667,100.0,2.0,6.0,0.0608197303216929,0.359451632495696,0.9303843290305694,0.0608,0.359451632495696,0.0608197303216929,0.359451632495696,,0.359451632495696,0.2541706868462814,0.3678,0.30694748445339254,0.3714963495731354,0.1587,0.2098,1.0,,,,11.542155327512633,,,,
7614,P35557,D,363,N,NONSYN,0.4295009636980524,1.5234280954213169,0.022531839829738613,-0.2961,100.0,2.0,6.0,0.813665965235357,0.22084394063624402,0.1503511445872954,0.8137,0.22084394063624402,0.813665965235357,0.22084394063624402,,0.22084394063624402,0.15616024800784747,1.0452,0.23154010471093212,0.5021530389785767,0.8341,0.1491,0.987,,,,11.542155327512633,,,,
7615,P35557,D,363,C,NONSYN,0.3461355508488411,0.15103485198874333,0.060467697703279595,-2.7265333333333337,100.0,2.0,6.0,0.7200134751002242,0.0423489678049108,0.23892668536586692,0.72,0.0423489678049108,0.7200134751002242,0.0423489678049108,,0.0423489678049108,0.029945242311103203,0.262,0.458052491823857,0.345561146736145,0.7166,0.0298,0.9990000000000001,,,,11.542155327512633,,,,
7616,P35557,D,363,P,NONSYN,0.2905290433283012,0.5354526206191722,0.04970806139234763,-1.4699,100.0,2.0,6.0,-0.105255622010346,0.21043557426029802,0.96950578113121,-0.1053,0.21043557426029802,-0.105255622010346,0.21043557426029802,,0.21043557426029802,0.14880042156234202,0.6686,0.7738366905261236,0.42887401580810547,-0.0221,0.1406,0.983,,,,11.542155327512633,,,,
7617,P35557,D,363,E,NONSYN,0.4869275421620544,1.3027251337780623,0.05577836582369916,-0.3505,100.0,2.0,6.0,1.47577485016512,0.0436839207770478,0.002303217190144278,1.4758,0.0436839207770478,1.47577485016512,0.0436839207770478,,0.0436839207770478,0.030889196610266414,1.0838,0.3919409172885331,0.48753124475479126,1.4742,0.0308,0.87,,,,11.542155327512633,,,,
7618,P35557,D,363,M,NONSYN,0.2886817698329022,0.08707989401431031,0.09972065426090242,-2.5042666666666666,100.0,2.0,6.0,1.00533352881366,0.100741367508083,0.05038333102365,1.0053,0.100741367508083,1.00533352881366,0.100741367508083,,0.100741367508083,0.07123490411097161,0.1691,0.8362779775231479,0.3497256636619568,0.972,0.0698,1.0,,,,11.542155327512633,,,,
7619,P35557,D,363,W,NONSYN,0.2933207242208761,0.44977160979482544,0.03887221725780893,-2.7770999999999995,100.0,2.0,6.0,-0.0275136683927854,0.0787580883480007,0.9551049172604148,-0.0275,0.0787580883480007,-0.0275136683927854,0.0787580883480007,,0.0787580883480007,0.055690378344160504,0.4047,0.43221055016387305,0.3981882333755493,-0.0192,0.0552,1.0,,,,11.542155327512633,,,,
7620,P35557,D,363,H,NONSYN,0.4359397753198172,0.7312322905371427,0.06577405474418242,-1.1262,100.0,2.0,6.0,0.388761460067389,0.304971052705,0.687528984695062,0.3888,0.304971052705,0.388761460067389,0.304971052705,,0.304971052705,0.21564709943330548,0.7223,0.3335108764156127,0.42413729429244995,0.4573,0.1922,1.0,,,,11.542155327512633,,,,
7621,P35557,D,363,Q,NONSYN,0.3596090029508326,0.595572334886923,0.07616933430257995,-0.9040333333333331,100.0,2.0,6.0,2.44726921683479,0.0258016129063853,1.5990012841072806e-06,2.4473,0.0258016129063853,2.44726921683479,0.0258016129063853,,0.0258016129063853,0.01824449545165539,0.6593,1.7879711545102661,0.4653801918029785,2.4445,0.0182,0.9990000000000001,,,,11.542155327512633,,,,
7622,P35557,D,363,*,STOP,,,,,100.0,2.0,6.0,-0.0436325930247058,0.05,0.9585669666487888,-0.0436,0.05,-0.0436325930247058,0.05,,0.05,0.035355339059327376,,,,-0.0436,0.0354,,,,,11.542155327512633,H,373.0,,
7623,P35557,C,364,S,NONSYN,0.3604904794435106,1.153435061806552,0.04116181208378019,-0.9790999999999999,100.0,2.0,6.0,0.934625681590312,0.0953161345923981,0.076764940000335,0.9346,0.0953161345923981,0.934625681590312,0.0953161345923981,,0.0953161345923981,0.06739868512677435,0.8967,0.0379344784729414,0.40353599190711975,0.9336,0.0665,0.9990000000000001,,,,2.468423533870436,,,,
7624,P35557,C,364,A,NONSYN,0.3068439069280049,0.8189890790492528,0.04641093285263087,-0.9634666666666667,100.0,2.0,6.0,0.7453250190699929,0.0920877097991594,0.212064927383169,0.7453,0.0920877097991594,0.7453250190699929,0.0920877097991594,,0.0920877097991594,0.06511584406292449,0.7742,0.028854201129592028,0.42218467593193054,0.746,0.0644,0.9990000000000001,,,,2.468423533870436,,,,
7625,P35557,C,364,V,NONSYN,0.3179103570647324,1.1931310389087917,0.029889225446978893,-0.9982333333333333,100.0,2.0,6.0,0.8155377502835931,0.153303252037385,0.14888035344096734,0.8155,0.153303252037385,0.8155377502835931,0.153303252037385,,0.153303252037385,0.10840176909358534,0.9341,0.1185747985445319,0.39115816354751587,0.824,0.1045,1.0,,,,2.468423533870436,,,,
7626,P35557,C,364,R,NONSYN,0.23801989209795835,0.6021126264062074,0.04764059161450442,-2.6622333333333335,100.0,2.0,6.0,0.614002599132301,0.123435350459929,0.3724413496383342,0.614,0.123435350459929,0.614002599132301,0.123435350459929,,0.123435350459929,0.08728197334835382,0.6439,0.029934750187156967,0.4176686108112335,0.6153,0.0854,1.0,,,,2.468423533870436,,,,
7627,P35557,C,364,D,NONSYN,0.10680431653988344,0.5401165023009837,0.046741259219765185,-2.6273,100.0,2.0,6.0,0.799990971447972,0.129476397655782,0.1614451061174562,0.8,0.129476397655782,0.799990971447972,0.129476397655782,,0.129476397655782,0.09155363878600946,0.5753,0.22467478072836755,0.4176686108112335,0.7897,0.0894,1.0,,,,2.468423533870436,,,,
7628,P35557,C,364,F,NONSYN,0.3827796558639093,0.743407355455792,0.036913957551463795,-1.5911666666666668,100.0,2.0,6.0,0.555617809339766,0.109183336447342,0.4559823634797294,0.5556,0.109183336447342,0.555617809339766,0.109183336447342,,0.109183336447342,0.07720427759448785,0.731,0.17541080708860923,0.42365768551826477,0.5613,0.076,1.0,,,,2.468423533870436,,,,
7629,P35557,C,364,T,NONSYN,0.21098713877231906,1.2293756872453716,0.04307485710065462,-0.9784999999999999,100.0,2.0,6.0,0.7068038052738531,0.0786415398479154,0.2537861872980493,0.7068,0.0786415398479154,0.7068038052738531,0.0786415398479154,,0.0786415398479154,0.05560796610941307,0.9796,0.2728097372829096,0.453875869512558,0.7108,0.0552,1.0,,,,2.468423533870436,,,,
7630,P35557,C,364,I,NONSYN,0.3827538054181146,0.8189890790492527,0.04641093285263087,-0.9634666666666667,100.0,2.0,6.0,1.9379636298622098,0.028476781023819,8.292151283532117e-05,1.938,0.028476781023819,1.9379636298622098,0.028476781023819,,0.028476781023819,0.020136124968306808,0.7613,1.1766728412116971,0.42218467593193054,1.9353,0.0201,1.0,,,,2.468423533870436,,,,
7631,P35557,C,364,L,NONSYN,0.4158145620941803,0.7420023587444229,0.03187733658444331,-1.554,100.0,2.0,6.0,0.5598327994738729,0.134750002214673,0.44983925676160447,0.5598,0.134750002214673,0.5598327994738729,0.134750002214673,,0.134750002214673,0.09528264033089758,0.731,0.17119581695450237,0.4210566282272339,0.5682,0.0929,1.0,,,,2.468423533870436,,,,
7632,P35557,C,364,K,NONSYN,0.0,0.7657322752619583,0.052421167405941826,-2.5341,100.0,2.0,6.0,1.31131002538073,0.231256535953867,0.007058407367684849,1.3113,0.231256535953867,1.31131002538073,0.231256535953867,,0.231256535953867,0.16352306476668999,0.731,0.5802814089523547,0.40805715322494507,1.231,0.1518,1.0,,,,2.468423533870436,,,,
7633,P35557,C,364,G,NONSYN,0.4785067081693568,0.7794513766289516,0.0604295426174137,-2.4234666666666667,100.0,2.0,6.0,0.633620994179304,0.138713622308017,0.3455547166981873,0.6336,0.138713622308017,0.633620994179304,0.138713622308017,,0.138713622308017,0.09808534297694838,0.731,0.09740762224907129,0.4036778211593628,0.6391,0.0953,1.0,,,,2.468423533870436,,,,
7634,P35557,C,364,Y,NONSYN,0.18775280364475316,0.743407355455792,0.036913957551463795,-1.5911666666666668,100.0,2.0,6.0,-0.27929350053455393,0.7861807380976591,0.9870493424146031,-0.2793,0.7861807380976591,-0.27929350053455393,0.7861807380976591,,0.7861807380976591,0.5559137311470999,0.731,1.010322116962929,0.42365768551826477,0.3598,0.337,1.0,,,,2.468423533870436,,,,
7635,P35557,C,364,N,NONSYN,0.3555954207344509,0.3767129358349637,0.18859813121321814,-1.6354333333333333,100.0,2.0,6.0,0.8207897583279309,0.0485910066334734,0.1448141765065899,0.8208,0.0485910066334734,0.8207897583279309,0.0485910066334734,,0.0485910066334734,0.03435903029520955,0.3744,0.44641086852881284,0.4465567469596863,0.8182,0.0343,1.0,,,,2.468423533870436,,,,
7636,P35557,C,364,C,SYN,,,,,100.0,2.0,6.0,0.533362750316429,0.05,0.4885120399944257,0.5334,0.05,0.533362750316429,0.05,,0.05,0.035355339059327376,,,,0.5334,0.0354,,,,,2.468423533870436,,,,
7637,P35557,C,364,P,NONSYN,0.23278771184927005,0.852977872897445,0.06990364009690564,-2.5291333333333337,100.0,2.0,6.0,1.04957323247427,0.12241676152657902,0.03840532013893948,1.0496,0.12241676152657902,1.04957323247427,0.12241676152657902,,0.12241676152657902,0.08656172220634047,0.7769,0.27264993363851553,0.4059210419654846,1.0377,0.0847,1.0,,,,2.468423533870436,,,,
7638,P35557,C,364,E,NONSYN,0.09400502805141753,0.4569224152922178,0.04778638211954322,-2.6934333333333336,100.0,2.0,6.0,0.882383120314517,0.0913470375917388,0.1035049554863464,0.8824,0.0913470375917388,0.882383120314517,0.0913470375917388,,0.0913470375917388,0.06459210972242098,0.4042,0.47819818283740523,0.39354369044303894,0.8698,0.0637,1.0,,,,2.468423533870436,,,,
7639,P35557,C,364,M,NONSYN,,0.6454134557138566,0.04245235890598235,-1.5635333333333332,100.0,2.0,6.0,0.8495995085655721,0.0633156828557842,0.12406626765095753,0.8496,0.0633156828557842,0.8495995085655721,0.0633156828557842,,0.0633156828557842,0.04477094870278184,0.6715,0.17807587794652302,0.42365768551826477,0.8476,0.0445,1.0,,,,2.468423533870436,,,,
7640,P35557,C,364,W,NONSYN,0.3650350897967528,0.9001127766848306,0.06607344591283144,-2.438333333333333,100.0,2.0,6.0,0.271636794011667,0.0799374605837739,0.8095403236630287,0.2716,0.0799374605837739,0.271636794011667,0.0799374605837739,,0.0799374605837739,0.05652432044961888,0.7827,0.5110743542503569,0.4004663825035095,0.2816,0.056,1.0,,,,2.468423533870436,,,,
7641,P35557,C,364,H,NONSYN,0.2472156663565278,0.8211889343515143,0.05109157725525748,-2.6413333333333333,100.0,2.0,6.0,-0.0432263247036198,0.0954110391740196,0.9584830763435556,-0.0432,0.0954110391740196,-0.0432263247036198,0.0954110391740196,,0.0954110391740196,0.06746579280000459,0.7613,0.8045171133541325,0.40610456466674805,-0.0216,0.0666,1.0,,,,2.468423533870436,,,,
7642,P35557,C,364,Q,NONSYN,0.31620129737801284,0.7388559378572337,0.06629523698316651,-2.441966666666667,100.0,2.0,6.0,0.7554073104944581,0.0765607611713217,0.2019662880347425,0.7554,0.0765607611713217,0.7554073104944581,0.0765607611713217,,0.0765607611713217,0.05413663339704529,0.731,0.02437869406608284,0.4036778211593628,0.755,0.0537,1.0,,,,2.468423533870436,,,,
7643,P35557,C,364,*,STOP,,,,,100.0,2.0,6.0,-0.33878755134128996,0.05,0.9902867875489636,-0.3388,0.05,-0.33878755134128996,0.05,,0.05,0.035355339059327376,,,,-0.3388,0.0354,,,,,2.468423533870436,,,,
7644,P35557,D,365,S,NONSYN,0.3690767940714815,1.191285635485709,0.0765339217412933,-0.9239999999999999,100.0,2.0,6.0,0.7247896720606389,0.093811455165279,0.23369441509394584,0.7248,0.093811455165279,0.7247896720606389,0.093811455165279,,0.093811455165279,0.06633471610034655,1.0324,0.3075836370747981,0.5100095272064209,0.7299,0.0658,0.927,,,,40.09599975508996,,,,
7645,P35557,D,365,A,NONSYN,0.4216252277516441,0.9002475102679254,0.054913511363437945,-1.4927333333333335,100.0,2.0,6.0,1.25640626347545,0.124008904225432,0.010172071339947802,1.2564,0.124008904225432,1.25640626347545,0.124008904225432,,0.124008904225432,0.08768753710531607,0.89,0.36636956131938314,0.406961590051651,1.2402,0.0857,0.9059999999999999,,,,40.09599975508996,,,,
7646,P35557,D,365,V,NONSYN,0.4506084315132353,0.7080617291552219,0.23294085645893833,-2.6115333333333335,100.0,2.0,6.0,0.793618582207325,0.0935860629089794,0.16682630906332177,0.7936,0.0935860629089794,0.793618582207325,0.0935860629089794,,0.0935860629089794,0.06617533970749016,0.8079,0.014299429934856445,0.9788239002227783,0.7937,0.066,0.925,,,,40.09599975508996,,,,
7647,P35557,D,365,R,NONSYN,0.35823216117602164,0.9167056485231987,0.05227414439518093,-1.472133333333333,100.0,2.0,6.0,1.2070318487096299,0.143075310139269,0.014072193504023875,1.207,0.143075310139269,1.2070318487096299,0.143075310139269,,0.143075310139269,0.1011695220198455,0.8368,0.37020331887488256,0.45225346088409424,1.1894,0.0987,0.9940000000000001,,,,40.09599975508996,,,,
7648,P35557,D,365,D,SYN,,,,,,,,,,,,,,,,,,,,,,,,,,,40.09599975508996,,,,
7649,P35557,D,365,F,NONSYN,0.29646296686588297,0.8198442864131216,0.13784110508664132,-2.6194333333333333,100.0,2.0,6.0,0.458270910433626,0.8021603665006851,0.5963818266705049,0.4583,0.8021603665006851,0.458270910433626,0.8021603665006851,,0.8021603665006851,0.5672130347517207,0.8078,0.3495030372821333,0.5330880284309387,0.6439,0.3885,0.997,,,,40.09599975508996,,,,
7650,P35557,D,365,T,NONSYN,0.33041122774515563,1.115939248829104,0.06777992951574857,-1.1000666666666665,100.0,2.0,6.0,0.8025818988212629,0.0905784296078443,0.1592958186133107,0.8026,0.0905784296078443,0.8025818988212629,0.0905784296078443,,0.0905784296078443,0.06404862180493505,0.9308,0.1282522753349261,0.39571183919906616,0.8059,0.0632,0.92,,,,40.09599975508996,,,,
7651,P35557,D,365,I,NONSYN,0.3169485018080975,0.8531542724721284,0.05230984827611208,-2.7128666666666668,100.0,2.0,6.0,1.8144496570768798,0.0318996993385098,0.0002065702148285373,1.8144,0.0318996993385098,1.8144496570768798,0.0318996993385098,,0.0318996993385098,0.022556493720072304,0.8818,0.9326653371992553,0.42046552896499634,1.8118,0.0225,0.892,,,,40.09599975508996,,,,
7652,P35557,D,365,L,NONSYN,0.37713817620354506,1.0542125240386848,0.02719496971214513,-2.7055000000000002,100.0,2.0,6.0,1.21127490237721,0.192247653042486,0.013687325992587757,1.2113,0.192247653042486,1.21127490237721,0.192247653042486,,0.192247653042486,0.13593961913354044,0.8628,0.34851817325123347,0.3898286819458008,1.1735,0.1284,0.9790000000000001,,,,40.09599975508996,,,,
7653,P35557,D,365,K,NONSYN,0.3517044245741117,1.0151120481592186,0.06747701823028372,-0.8664,100.0,2.0,6.0,1.2533104340401102,0.179660419963802,0.010382407670739236,1.2533,0.179660419963802,1.2533104340401102,0.179660419963802,,0.179660419963802,0.12703910126722737,0.8628,0.39055370491413366,0.4167949855327606,1.2201,0.1215,0.9940000000000001,,,,40.09599975508996,,,,
7654,P35557,D,365,G,NONSYN,0.41616550742326497,1.1580926798766575,0.06103294424349435,-1.2674333333333332,100.0,2.0,6.0,0.6792174351139421,0.0833580701203682,0.2865936612961808,0.6792,0.0833580701203682,0.6792174351139421,0.0833580701203682,,0.0833580701203682,0.05894305664873607,0.983,0.3038228976802474,0.4558284878730774,0.6842,0.0585,0.8740000000000001,,,,40.09599975508996,,,,
7655,P35557,D,365,Y,NONSYN,0.4224113195979475,0.7877448122803803,0.23356275213202227,-2.560966666666667,100.0,2.0,6.0,0.348556330529431,0.170413710919868,0.7342670433728455,0.3486,0.170413710919868,0.348556330529431,0.170413710919868,,0.170413710919868,0.12050069059860266,0.7773,0.42871195999028333,0.9018782377243042,0.3561,0.1194,0.9940000000000001,,,,40.09599975508996,,,,
7656,P35557,D,365,N,NONSYN,0.4295009636980524,0.9471197174473885,0.05346199310128417,-0.2961,100.0,2.0,6.0,0.974908217964624,0.10413343121590302,0.06051838809904317,0.9749,0.10413343121590302,0.974908217964624,0.10413343121590302,,0.10413343121590302,0.07363345536098792,0.852,0.12289266305968627,0.41947340965270996,0.9712,0.0725,0.96,,,,40.09599975508996,,,,
7657,P35557,D,365,C,NONSYN,0.3461355508488411,1.2731143805538048,0.05095482862793218,-2.7265333333333337,100.0,2.0,6.0,0.55456933283185,0.0594664006722289,0.4575118306995949,0.5546,0.0594664006722289,0.55456933283185,0.0594664006722289,,0.0594664006722289,0.04204909516808932,1.0363,0.4817365715565778,0.5230459570884705,0.5577,0.0419,0.997,,,,40.09599975508996,,,,
7658,P35557,D,365,P,NONSYN,0.2905290433283012,1.047551849099674,0.048760936410223,-1.4699,100.0,2.0,6.0,0.8144932469802041,0.16388952046754998,0.149699685553388,0.8145,0.16388952046754998,0.8144932469802041,0.16388952046754998,,0.16388952046754998,0.11588739128801606,0.871,0.05653016953896095,0.4073818325996399,0.8187,0.1115,0.951,,,,40.09599975508996,,,,
7659,P35557,D,365,E,NONSYN,0.4869275421620544,0.8683181617030066,0.052351764507131464,-0.3505,100.0,2.0,6.0,1.21131288519777,0.113834817894729,0.013683926797549623,1.2113,0.113834817894729,1.21131288519777,0.113834817894729,,0.113834817894729,0.08049337166849863,0.8891,0.32219820729173354,0.43949252367019653,1.2009,0.0792,0.52,,,,40.09599975508996,,,,
7660,P35557,D,365,M,NONSYN,0.2886817698329022,0.533481941056794,0.19454511582218278,-2.5042666666666666,100.0,2.0,6.0,1.11134494420019,0.5742024560618001,0.02606653803251295,1.1113,0.5742024560618001,1.11134494420019,0.5742024560618001,,0.5742024560618001,0.4060224504552694,0.608,0.5033107506844123,0.5416516065597534,0.9303,0.3249,0.9990000000000001,,,,40.09599975508996,,,,
7661,P35557,D,365,W,NONSYN,0.2933207242208761,1.1934312974286465,0.048023723146390807,-2.7770999999999995,100.0,2.0,6.0,1.08843640907068,0.11846988696279799,0.030127416834775662,1.0884,0.11846988696279799,1.08843640907068,0.11846988696279799,,0.11846988696279799,0.08377086043779822,0.9341,0.15432386024255496,0.3922128975391388,1.0817,0.0819,1.0,,,,40.09599975508996,,,,
7662,P35557,D,365,H,NONSYN,0.4359397753198172,0.9117032559917716,0.051332730659874044,-1.1262,100.0,2.0,6.0,1.4152898773332598,0.20848910009186397,0.003491527113441549,1.4153,0.20848910009186397,1.4152898773332598,0.20848910009186397,,0.20848910009186397,0.14742405647843784,0.8996,0.5157315715929034,0.39261773228645325,1.3516,0.138,0.192,,,,40.09599975508996,,,,
7663,P35557,D,365,Q,NONSYN,0.3596090029508326,1.1311299944780029,0.0685347278063838,-0.9040333333333331,100.0,2.0,6.0,0.905256595083757,0.172303133544223,0.09093986173282986,0.9053,0.172303133544223,0.905256595083757,0.172303133544223,,0.172303133544223,0.12183671414881136,0.9033,0.0019292492356735025,0.4035038948059082,0.9051,0.1166,0.9840000000000001,,,,40.09599975508996,,,,
7664,P35557,D,365,*,STOP,,,,,100.0,2.0,6.0,0.512437257000765,0.05,0.5190633254543237,0.5124,0.05,0.512437257000765,0.05,,0.05,0.035355339059327376,,,,0.5124,0.0354,,,,,40.09599975508996,,,,
7665,P35557,I,366,S,NONSYN,0.3569880228913576,0.6958623826122707,0.040798710850617516,-2.078,100.0,2.0,6.0,0.7341805490484921,0.0427195764441776,0.22362765799813855,0.7342,0.0427195764441776,0.7341805490484921,0.0427195764441776,,0.0427195764441776,0.030207302193095076,0.7266,0.007615664862701044,0.40172523260116577,0.7341,0.0301,0.983,,,,12.471354982753557,,,,
7666,P35557,I,366,A,NONSYN,0.28919971369701003,0.7367491831653622,0.06425340437929951,-1.0550333333333333,100.0,2.0,6.0,2.5280290058280097,0.23004863455424696,8.319284018875716e-07,2.528,0.23004863455424696,2.5280290058280097,0.23004863455424696,,0.23004863455424696,0.16266894949601393,0.8718,1.6562730482245551,0.4078614413738251,2.3007,0.1511,0.171,,,,12.471354982753557,,,,
7667,P35557,I,366,V,NONSYN,0.5093217990682584,0.900781206633531,0.044098657888025396,0.12380000000000002,100.0,2.0,6.0,0.998932495320442,0.0897935880699765,0.05237687382766632,0.9989,0.0897935880699765,0.998932495320442,0.0897935880699765,,0.0897935880699765,0.06349365503135186,0.8996,0.09937418958008559,0.37392690777778625,0.9961,0.0626,0.293,,,,12.471354982753557,,,,
7668,P35557,I,366,R,NONSYN,0.3272410050264404,0.42509676438635474,0.06983500899003443,-2.2922666666666665,100.0,2.0,6.0,1.4442088728158102,0.156077762194989,0.0028633980269548963,1.4442,0.156077762194989,1.4442088728158102,0.156077762194989,,0.156077762194989,0.11036364404049809,0.4149,1.0293442433087454,0.3911169767379761,1.3683,0.1062,0.998,,,,12.471354982753557,,,,
7669,P35557,I,366,D,NONSYN,0.16544784150713826,0.7577905614157436,0.058577457153740846,-2.5876333333333332,100.0,2.0,6.0,1.4899658567495702,0.048484267841112,0.0020876256796198483,1.49,0.048484267841112,1.4899658567495702,0.048484267841112,,0.048484267841112,0.03428355457131514,0.7439,0.7460179931707738,0.40805715322494507,1.4847,0.0342,0.9990000000000001,,,,12.471354982753557,,,,
7670,P35557,I,366,F,NONSYN,0.4538389948012209,0.7367491831653622,0.06425340437929951,-1.0550333333333333,100.0,2.0,6.0,0.7985345061669041,0.108113775274968,0.16266309638094745,0.7985,0.108113775274968,0.7985345061669041,0.108113775274968,,0.108113775274968,0.07644798363660836,0.7757,0.022861951197116537,0.42413729429244995,0.7978,0.0752,0.997,,,,12.471354982753557,,,,
7671,P35557,I,366,T,NONSYN,0.4688475184602092,0.7301840882748216,0.0588874108958617,-0.9611333333333333,100.0,2.0,6.0,0.8182297908385259,0.153565943574145,0.14678498805938286,0.8182,0.153565943574145,0.8182297908385259,0.153565943574145,,0.153565943574145,0.10858752006058864,0.7767,0.04153638711767016,0.42413729429244995,0.8157,0.1052,0.973,,,,12.471354982753557,,,,
7672,P35557,I,366,I,SYN,,,,,,,,,,,,,,,,,,,,,,,,,,,12.471354982753557,,,,
7673,P35557,I,366,L,NONSYN,0.4687676623700352,0.8616930180433783,0.04131304070476722,0.3612333333333333,100.0,2.0,6.0,1.1161970610908998,0.111110421531938,0.02527552627372527,1.1162,0.111110421531938,1.1161970610908998,0.111110421531938,,0.111110421531938,0.07856693252572913,0.8913,0.22489113762898572,0.3889135718345642,1.1074,0.077,0.239,,,,12.471354982753557,,,,
7674,P35557,I,366,K,NONSYN,0.25092304942959986,0.5114489133311697,0.06358481955698705,-2.1344,100.0,2.0,6.0,0.5715529785665561,0.0636981031777801,0.43281740298943266,0.5716,0.0636981031777801,0.5715529785665561,0.0636981031777801,,0.0636981031777801,0.04504136070572868,0.6943,0.12273479838046542,0.4036778211593628,0.5731,0.0448,0.9420000000000001,,,,12.471354982753557,,,,
7675,P35557,I,366,G,NONSYN,0.2286457322751229,1.0872155305432385,0.04987090914057226,-2.4901666666666666,100.0,2.0,6.0,0.501690949367086,0.139091770330703,0.5346636191072716,0.5017,0.139091770330703,0.501690949367086,0.139091770330703,,0.139091770330703,0.09835273400808192,0.8723,0.37058631045957413,0.3877011239528656,0.5241,0.0953,0.987,,,,12.471354982753557,,,,
7676,P35557,I,366,Y,NONSYN,0.13155243779361564,1.4108455413553471,0.0807748391793381,-1.0679999999999998,100.0,2.0,6.0,0.5057399312580549,0.0989597402894066,0.5287959298024127,0.5057,0.0989597402894066,0.5057399312580549,0.0989597402894066,,0.0989597402894066,0.069975103423099,1.0452,0.5394661386882341,0.5061547756195068,0.5159,0.0693,0.9940000000000001,,,,12.471354982753557,,,,
7677,P35557,I,366,N,NONSYN,0.35592577166482897,1.137933689222172,0.042006640197175406,-2.2975999999999996,100.0,2.0,6.0,0.529533131232625,0.19484584046071696,0.4941129729395773,0.5295,0.19484584046071696,0.529533131232625,0.19484584046071696,,0.19484584046071696,0.1377768150757651,0.8646,0.3350296186300459,0.3854493498802185,0.5675,0.1297,0.9990000000000001,,,,12.471354982753557,,,,
7678,P35557,I,366,C,NONSYN,0.3956709195432079,1.2839995759748635,0.06924108586198328,-1.1501666666666666,100.0,2.0,6.0,0.886277827399506,0.202330102342612,0.10126588421338555,0.8863,0.202330102342612,0.886277827399506,0.202330102342612,,0.202330102342612,0.14306898740462912,0.9875,0.10126885495828208,0.4558284878730774,0.8954,0.1365,1.0,,,,12.471354982753557,,,,
7679,P35557,I,366,P,NONSYN,0.14199266304317096,0.9418866497906397,0.052970911895096257,-2.2159,100.0,2.0,6.0,0.0183125707232533,0.21649560925535802,0.9436105346043158,0.0183,0.21649560925535802,0.0183125707232533,0.21649560925535802,,0.21649560925535802,0.15308551340157672,0.7981,0.7797514227307262,0.4004663825035095,0.1177,0.143,0.9990000000000001,,,,12.471354982753557,,,,
7680,P35557,I,366,E,NONSYN,0.17211454446743213,0.9003955317505404,0.0602193359849523,-2.2968999999999995,100.0,2.0,6.0,1.2421476036475199,0.0667256370535195,0.011176178313751279,1.2421,0.0667256370535195,1.2421476036475199,0.0667256370535195,,0.0667256370535195,0.047182150439536,0.8057,0.43644914926748446,0.4004663825035095,1.2362,0.0469,0.998,,,,12.471354982753557,,,,
7681,P35557,I,366,M,NONSYN,0.42718435575891617,0.9712213541927487,0.04222755987615188,0.4004666666666667,100.0,2.0,6.0,0.787612052642789,0.10473936756654902,0.1720229375426465,0.7876,0.10473936756654902,0.787612052642789,0.10473936756654902,,0.10473936756654902,0.07406191706349714,0.8206,0.03301301411441315,0.4007755517959595,0.7887,0.0728,0.9990000000000001,,,,12.471354982753557,,,,
7682,P35557,I,366,W,NONSYN,0.174286826410949,0.4839644110690475,0.05458692881785295,-2.117266666666666,100.0,2.0,6.0,0.6540064853529229,0.152304907978613,0.31852619507781144,0.654,0.152304907978613,0.6540064853529229,0.152304907978613,,0.152304907978613,0.10769583323967036,0.424,0.22997773111860897,0.3911169767379761,0.6378,0.1038,1.0,,,,12.471354982753557,,,,
7683,P35557,I,366,H,NONSYN,0.28548817071874943,1.0719632025653183,0.06090862009639098,-2.3060999999999994,100.0,2.0,6.0,0.7274445912031859,0.0543089521146891,0.2308186259008596,0.7274,0.0543089521146891,0.7274445912031859,0.0543089521146891,,0.0543089521146891,0.03840222831943215,0.8131,0.08560794385388193,0.4004663825035095,0.7282,0.0382,1.0,,,,12.471354982753557,,,,
7684,P35557,I,366,Q,NONSYN,0.19562317673292887,0.4146240115475774,0.0641718968299942,-2.121633333333333,100.0,2.0,6.0,0.8620276839173331,0.0520326165446293,0.11590262440200866,0.862,0.0520326165446293,0.8620276839173331,0.0520326165446293,,0.0520326165446293,0.03679261600158672,0.4111,0.450905779067327,0.3911169767379761,0.8581,0.0366,0.998,,,,12.471354982753557,,,,
7685,P35557,I,366,*,STOP,,,,,100.0,2.0,6.0,-0.262199570707273,0.05,0.9859257300556923,-0.2622,0.05,-0.262199570707273,0.05,,0.05,0.035355339059327376,,,,-0.2622,0.0354,,,,,12.471354982753557,,,,
7686,P35557,V,367,S,NONSYN,0.33699392667600697,0.3196760455896497,0.04019260314155293,-1.4466,100.0,2.0,6.0,0.897998239827528,0.154711332777998,0.09477631323385405,0.898,0.154711332777998,0.897998239827528,0.154711332777998,,0.154711332777998,0.10939743253373096,0.3434,0.5545778535131359,0.37212902307510376,0.8539,0.105,1.0,,,,0.12239027208719795,,,,
7687,P35557,V,367,A,NONSYN,0.4716545268994549,1.0664896967435051,0.042521135612517545,-0.7901333333333334,100.0,2.0,6.0,0.8485642205495841,0.05113314547134,0.12476725116827174,0.8486,0.05113314547134,0.8485642205495841,0.05113314547134,,0.05113314547134,0.03615659390618271,0.8284,0.02015895950985025,0.4195943772792816,0.8484,0.036,0.9990000000000001,,,,0.12239027208719795,,,,
7688,P35557,V,367,V,SYN,,,,,100.0,2.0,6.0,1.01884093047268,0.05,0.046403225395395604,1.0188,0.05,1.01884093047268,0.05,,0.05,0.035355339059327376,,,,1.0188,0.0354,,,,,0.12239027208719795,,,,
7689,P35557,V,367,R,NONSYN,0.17643841508486408,0.007880197182612311,0.08549473479861701,-1.9857333333333334,100.0,2.0,6.0,-0.290367204115746,0.18227479824832302,0.9877273342176788,-0.2904,0.18227479824832302,-0.290367204115746,0.18227479824832302,,0.18227479824832302,0.12888774588079904,0.1067,0.3970236958721852,0.28370481729507446,-0.2224,0.1173,1.0,,,,0.12239027208719795,,,,
7690,P35557,V,367,D,NONSYN,0.27348180848279724,-0.0598590714301663,0.07478079430502337,-2.3809,100.0,2.0,6.0,0.30621540024022,1.09139522119082,0.7780382220116725,0.3062,1.09139522119082,0.30621540024022,1.09139522119082,,1.09139522119082,0.7717329618586207,0.1067,0.19955890848378077,0.2668485939502716,0.128,0.2522,1.0,,,,0.12239027208719795,,,,
7691,P35557,V,367,F,NONSYN,0.4053248813429461,0.881826098190138,0.04316519926192495,-0.9184666666666667,100.0,2.0,6.0,0.9404910794532231,0.0582589688874051,0.07417997072190051,0.9405,0.0582589688874051,0.9404910794532231,0.0582589688874051,,0.0582589688874051,0.041195311965220235,0.7827,0.15777993119119915,0.4267043471336365,0.939,0.041,1.0,,,,0.12239027208719795,,,,
7692,P35557,V,367,T,NONSYN,0.3185872156759129,0.8744719367907857,0.06304925034269819,-0.1374,100.0,2.0,6.0,1.3600621765839898,0.148871466158326,0.005083719377859982,1.3601,0.148871466158326,1.3600621765839898,0.148871466158326,,0.148871466158326,0.10526802324573593,0.7769,0.5831388777482354,0.4188727140426636,1.3254,0.1021,1.0,,,,0.12239027208719795,,,,
7693,P35557,V,367,I,NONSYN,0.4306262074024321,1.044971255468921,0.07114221215608622,-0.1123,100.0,2.0,6.0,0.628568802346396,0.16973170894957698,0.35240242284498924,0.6286,0.16973170894957698,0.628568802346396,0.16973170894957698,,0.16973170894957698,0.1200184423806273,0.824,0.19542333079416796,0.4126676321029663,0.6438,0.1152,0.9990000000000001,,,,0.12239027208719795,,,,
7694,P35557,V,367,L,NONSYN,0.4667115524229356,0.8994221289658323,0.04113750356096879,-0.29109999999999997,100.0,2.0,6.0,1.28521160005885,0.251505787782279,0.008402196813140117,1.2852,0.251505787782279,1.28521160005885,0.251505787782279,,0.251505787782279,0.1778414480485142,0.8057,0.47951314567881465,0.4293828010559082,1.215,0.1643,0.998,,,,0.12239027208719795,,,,
7695,P35557,V,367,K,NONSYN,0.1909141340536438,0.03999912053250102,0.04575901995907885,-1.7571333333333332,100.0,2.0,6.0,0.5749620406778579,0.07717423987165,0.4278868205201039,0.575,0.07717423987165,0.5749620406778579,0.07717423987165,,0.07717423987165,0.05457042834616094,0.1146,0.46040748645384366,0.2816014885902405,0.5583,0.0536,1.0,,,,0.12239027208719795,,,,
7696,P35557,V,367,G,NONSYN,0.3807983932718594,0.03596353771025499,0.26709735312705196,-2.365066666666667,100.0,2.0,6.0,0.0187475728189561,0.0875477556970763,0.9434885454935483,0.0187,0.0875477556970763,0.0187475728189561,0.0875477556970763,,0.0875477556970763,0.06190561173106585,0.1637,0.14498662479762103,0.33910274505615234,0.0234,0.0609,1.0,,,,0.12239027208719795,,,,
7697,P35557,V,367,Y,NONSYN,0.33250944557826595,0.03999912053250102,0.045759019959078856,-1.7571333333333332,100.0,2.0,6.0,0.286149466106608,0.0894763963246945,0.7967805712591676,0.2861,0.0894763963246945,0.286149466106608,0.0894763963246945,,0.0894763963246945,0.06326936659732654,0.1211,0.16508158452244054,0.28418272733688354,0.2784,0.0618,1.0,,,,0.12239027208719795,,,,
7698,P35557,V,367,N,NONSYN,0.2445312890805706,-0.09546145831448867,0.07142596518879017,-2.1033666666666666,100.0,2.0,6.0,-0.376814532705878,0.282843507920519,0.9919046952517563,-0.3768,0.282843507920519,-0.376814532705878,0.282843507920519,,0.282843507920519,0.20000056246518993,0.0872,0.463993031212424,0.2668485939502716,-0.2099,0.16,1.0,,,,0.12239027208719795,,,,
7699,P35557,V,367,C,NONSYN,0.4349501020449153,0.8956845132767784,0.04078691409941925,-0.9503666666666666,100.0,2.0,6.0,0.8989158341933019,0.08359440553082902,0.09428371243415956,0.8989,0.08359440553082902,0.8989158341933019,0.08359440553082902,,0.08359440553082902,0.059110171020107426,0.7827,0.11620468593127797,0.41897323727607727,0.8966,0.0585,1.0,,,,0.12239027208719795,,,,
7700,P35557,V,367,P,NONSYN,0.17175025849116904,0.324274246464516,0.04836406535368143,-1.883333333333333,100.0,2.0,6.0,-0.174506916424143,0.21356961613626999,0.978359340310162,-0.1745,0.21356961613626999,-0.174506916424143,0.21356961613626999,,0.21356961613626999,0.1510165238253644,0.3434,0.5179273027385352,0.3628227710723877,-0.098,0.1394,1.0,,,,0.12239027208719795,,,,
7701,P35557,V,367,E,NONSYN,0.32079411141973807,0.3318591782394707,0.03841098796451883,-1.7854,100.0,2.0,6.0,-0.300618132443051,0.130723271460962,0.9883222046192454,-0.3006,0.130723271460962,-0.300618132443051,0.130723271460962,,0.130723271460962,0.0924353117089361,0.3434,0.6440385187574431,0.3696122169494629,-0.2627,0.0897,1.0,,,,0.12239027208719795,,,,
7702,P35557,V,367,M,NONSYN,0.4348220015603004,1.164612665730808,0.06993348954935984,-0.2969,100.0,2.0,6.0,0.489639989763923,0.07539219843056799,0.5520372360744261,0.4896,0.07539219843056799,0.489639989763923,0.07539219843056799,,0.07539219843056799,0.053310334758816406,0.8813,0.3916984873707816,0.429692804813385,0.4956,0.0529,1.0,,,,0.12239027208719795,,,,
7703,P35557,V,367,W,NONSYN,0.20407639127029992,0.0022438331479749754,0.04756417903880828,-1.7649666666666668,100.0,2.0,6.0,0.6882279028314361,0.0540696341711241,0.27562166527380705,0.6882,0.0540696341711241,0.6882279028314361,0.0540696341711241,,0.0540696341711241,0.038233004978677716,0.1067,0.5815714110749969,0.2775508761405945,0.6774,0.0379,1.0,,,,0.12239027208719795,,,,
7704,P35557,V,367,H,NONSYN,0.2484595230317529,-0.12032211219380134,0.2691930411110843,-2.2657666666666665,100.0,2.0,6.0,0.178489745596423,0.113991008608768,0.8764744384063792,0.1785,0.113991008608768,0.178489745596423,0.113991008608768,,0.113991008608768,0.08060381518155396,0.144,0.034473747948183864,0.36488282680511475,0.1769,0.0787,1.0,,,,0.12239027208719795,,,,
7705,P35557,V,367,Q,NONSYN,0.31633139311143543,0.32085727035541434,0.03798242454713797,-1.7866,100.0,2.0,6.0,-0.267612408790882,0.132958201312372,0.9862920374081992,-0.2676,0.132958201312372,-0.267612408790882,0.132958201312372,,0.132958201312372,0.09401564576234435,0.3434,0.6110327951052741,0.3696122169494629,-0.2305,0.0911,1.0,,,,0.12239027208719795,,,,
7706,P35557,V,367,*,STOP,,,,,100.0,2.0,6.0,0.590853324549655,0.05,0.40506396881638557,0.5909,0.05,0.590853324549655,0.05,,0.05,0.035355339059327376,,,,0.5909,0.0354,,,,,0.12239027208719795,,,,
7707,P35557,R,368,S,NONSYN,0.4030125793742561,0.8875083309721746,0.07229014168158397,-0.8416666666666667,100.0,2.0,6.0,0.79558544186156,0.125276874922014,0.165150927714641,0.7956,0.125276874922014,0.79558544186156,0.125276874922014,,0.125276874922014,0.08858412778321503,0.8406,0.04501993628937995,0.421546995639801,0.7975,0.0867,0.981,,,,59.920668741321364,,,,
7708,P35557,R,368,A,NONSYN,0.3189859929557896,0.6835145483184837,0.05744123965773535,-1.0746,100.0,2.0,6.0,0.923913759966053,0.121707945588605,0.08169223226706303,0.9239,0.121707945588605,0.923913759966053,0.121707945588605,,0.121707945588605,0.08606051364998595,0.8036,0.12026433445946116,0.4209258556365967,0.9191,0.0843,0.917,,,,59.920668741321364,,,,
7709,P35557,R,368,V,NONSYN,0.398009908378716,0.6986602981941209,0.028139467113124792,-1.9711666666666667,100.0,2.0,6.0,1.23169416030558,0.32997672834180297,0.011972248239070482,1.2317,0.32997672834180297,1.23169416030558,0.32997672834180297,,0.32997672834180297,0.23332878224424008,0.7266,0.505129276119789,0.4100288152694702,1.1081,0.2028,0.983,,,,59.920668741321364,,,,
7710,P35557,R,368,R,SYN,,,,,100.0,2.0,6.0,0.865574467025803,0.05,0.11365675033239826,0.8656,0.05,0.865574467025803,0.05,,0.05,0.035355339059327376,,,,0.8656,0.0354,,,,,59.920668741321364,,,,
7711,P35557,R,368,D,NONSYN,0.1122725979085614,0.43492251059882464,0.05520365124851529,-1.7069333333333334,100.0,2.0,6.0,1.3977452738973102,0.141941519980505,0.003935870993781055,1.3977,0.141941519980505,1.3977452738973102,0.141941519980505,,0.141941519980505,0.1003678113101409,0.5925,0.8052060230466327,0.43717435002326965,1.3574,0.0978,0.9640000000000001,,,,59.920668741321364,,,,
7712,P35557,R,368,F,NONSYN,0.3436253892885596,1.212938005036024,0.08655518568893118,-2.1555666666666666,100.0,2.0,6.0,0.812221834357419,0.0610830820233827,0.15149370189152228,0.8122,0.0610830820233827,0.812221834357419,0.0610830820233827,,0.0610830820233827,0.043192261514508,1.0288,0.2166177538078642,0.5037674903869629,0.8138,0.043,0.987,,,,59.920668741321364,,,,
7713,P35557,R,368,T,NONSYN,0.292232657128476,0.7677486070362477,0.05269929835696305,-1.0614333333333332,100.0,2.0,6.0,0.671211583812761,0.155608044166168,0.2965421028005888,0.6712,0.155608044166168,0.671211583812761,0.155608044166168,,0.155608044166168,0.11003150323707317,0.7841,0.11287416676707296,0.4209258556365967,0.6784,0.1065,0.982,,,,59.920668741321364,,,,
7714,P35557,R,368,I,NONSYN,0.35928103966798514,1.2113259396481797,0.07993333714202222,-2.1296999999999997,100.0,2.0,6.0,0.817058030520952,0.153543007015,0.14769414614881543,0.8171,0.153543007015,0.817058030520952,0.153543007015,,0.153543007015,0.10857130146408013,1.0288,0.21178155764433115,0.48930931091308594,0.827,0.106,0.987,,,,59.920668741321364,,,,
7715,P35557,R,368,L,NONSYN,0.3775202648814329,0.939999084615032,0.0798392104359087,-1.8647666666666665,100.0,2.0,6.0,0.717538091108508,0.0820770410720815,0.24166798520315413,0.7175,0.0820770410720815,0.717538091108508,0.0820770410720815,,0.0820770410720815,0.0580372323217956,0.8406,0.12306728704243197,0.42331600189208984,0.7198,0.0575,0.955,,,,59.920668741321364,,,,
7716,P35557,R,368,K,NONSYN,0.4996982892545154,0.980113965855541,0.0629256038652968,-0.31583333333333335,100.0,2.0,6.0,0.7958421875740009,0.22661706192433,0.1649331841742661,0.7958,0.22661706192433,0.7958421875740009,0.22661706192433,,0.22661706192433,0.1602424612192655,0.9127,0.11690322859039726,0.4042700529098511,0.8117,0.149,0.568,,,,59.920668741321364,,,,
7717,P35557,R,368,G,NONSYN,0.4710347881166008,0.9904381252790561,0.08085957742246323,-1.865,100.0,2.0,6.0,0.566220969116436,0.0615235677506427,0.44054899924498736,0.5662,0.0615235677506427,0.566220969116436,0.0615235677506427,,0.0615235677506427,0.04350373195926944,0.8628,0.2965357600095405,0.4075992703437805,0.5696,0.0433,0.981,,,,59.920668741321364,,,,
7718,P35557,R,368,Y,NONSYN,0.3907391645635834,0.560143560423568,0.06365434885937361,-1.6721666666666666,100.0,2.0,6.0,1.02208212442308,0.0454708783574684,0.04549228301646445,1.0221,0.0454708783574684,1.02208212442308,0.0454708783574684,,0.0454708783574684,0.03215276643307453,0.7034,0.31871089763551286,0.4256103038787842,1.0203,0.0321,0.9490000000000001,,,,59.920668741321364,,,,
7719,P35557,R,368,N,NONSYN,0.4070897773431755,0.9533161206139127,0.04500614230935098,-0.6592999999999999,100.0,2.0,6.0,0.801075006592903,0.247305778951875,0.16054314186240354,0.8011,0.247305778951875,0.801075006592903,0.247305778951875,,0.247305778951875,0.17487159332349214,0.852,0.05094054831203476,0.40773239731788635,0.809,0.1607,0.9640000000000001,,,,59.920668741321364,,,,
7720,P35557,R,368,C,NONSYN,0.3945781846907973,1.073113896386637,0.04061944301544638,-2.1973999999999996,100.0,2.0,6.0,0.397989950821438,0.184751641704526,0.6761305665666723,0.398,0.184751641704526,0.397989950821438,0.184751641704526,,0.184751641704526,0.13063913868461768,0.8131,0.41506258423562986,0.3985137939453125,0.4383,0.1241,1.0,,,,59.920668741321364,,,,
7721,P35557,R,368,P,NONSYN,0.180066694070857,0.9953494558122754,0.038005953672303985,-1.7161666666666668,100.0,2.0,6.0,-0.283535561743042,0.221362205070448,0.9873135331947344,-0.2835,0.221362205070448,-0.283535561743042,0.221362205070448,,0.221362205070448,0.15652671630372092,0.824,1.107527694883606,0.4204462170600891,-0.1487,0.1467,0.9990000000000001,,,,59.920668741321364,,,,
7722,P35557,R,368,E,NONSYN,0.2774716424939038,0.8401914028068386,0.07136263717124218,-0.8858,100.0,2.0,6.0,0.9375362263575681,0.134508699331271,0.07547239815766621,0.9375,0.134508699331271,0.9375362263575681,0.134508699331271,,0.134508699331271,0.09511201342572415,0.8818,0.05575190647994355,0.4144221544265747,0.9347,0.0927,0.768,,,,59.920668741321364,,,,
7723,P35557,R,368,M,NONSYN,0.37044865400284027,0.796903595213458,0.05513669015317239,-1.0532666666666668,100.0,2.0,6.0,0.58374661928113,0.139580691508772,0.4152347169901361,0.5837,0.139580691508772,0.58374661928113,0.139580691508772,,0.139580691508772,0.09869845348856023,0.7757,0.19192593568865757,0.42413729429244995,0.5936,0.0961,0.996,,,,59.920668741321364,,,,
7724,P35557,R,368,W,NONSYN,0.38841440406711497,0.9536580083946503,0.08698379132530754,-2.1376333333333335,100.0,2.0,6.0,1.5900618242815399,0.048911213471433,0.0010364464845524252,1.5901,0.048911213471433,1.5900618242815399,0.048911213471433,,0.048911213471433,0.03458545072171309,0.7963,0.7937919306352996,0.4296707212924957,1.585,0.0345,1.0,,,,59.920668741321364,,,,
7725,P35557,R,368,H,NONSYN,0.3580838527509595,0.9170171434338603,0.06939936509242682,-0.45376666666666665,100.0,2.0,6.0,1.1268266936226101,0.0517016985623852,0.023621342187595668,1.1268,0.0517016985623852,1.1268266936226101,0.0517016985623852,,0.0517016985623852,0.036558621652325346,0.8996,0.22726838788225368,0.3975171744823456,1.1249,0.0364,0.128,,,,59.920668741321364,,,,
7726,P35557,R,368,Q,NONSYN,0.3675437003413988,0.9551459755243603,0.06746431325482781,-0.5823,100.0,2.0,6.0,1.01244019735111,0.0862563345812423,0.04825174183840672,1.0124,0.0862563345812423,1.01244019735111,0.0862563345812423,,0.0862563345812423,0.06099243910269212,0.9081,0.10433649289859526,0.3999253511428833,1.0101,0.0603,0.605,,,,59.920668741321364,,,,
7727,P35557,R,368,*,STOP,,,,,100.0,2.0,6.0,-0.279475621318638,0.05,0.9870608008431087,-0.2795,0.05,-0.279475621318638,0.05,,0.05,0.035355339059327376,,,,-0.2795,0.0354,,,,,59.920668741321364,,,,
7728,P35557,R,369,S,NONSYN,0.4030125793742561,0.9060815681843793,0.031313919081724956,-0.8416666666666667,100.0,2.0,6.0,2.06185581481357,0.297379319765286,3.261400947192915e-05,2.0619,0.297379319765286,2.06185581481357,0.297379319765286,,0.297379319765286,0.2102789335906764,0.8974,1.1644887546290912,0.40275850892066956,1.8124,0.1864,0.527,,,0.0,82.0170744867944,,,,
7729,P35557,R,369,A,NONSYN,0.3189859929557896,1.5053140496025168,0.07519498895678099,-1.0746,100.0,2.0,6.0,0.5555438075128281,0.07879862959439099,0.4560902971469629,0.5555,0.07879862959439099,0.5555438075128281,0.07879862959439099,,0.07879862959439099,0.055719045334400835,1.0881,0.5325573410925186,0.4810757040977478,0.5626,0.0553,0.113,,,,82.0170744867944,,,,
7730,P35557,R,369,V,NONSYN,0.398009908378716,0.7529380417151507,0.03697369629854124,-1.9711666666666667,100.0,2.0,6.0,0.919728353298222,0.0576815033756593,0.08369184549010382,0.9197,0.0576815033756593,0.919728353298222,0.0576815033756593,,0.0576815033756593,0.04078698218596342,0.8859,0.03378947047046321,0.39138010144233704,0.9194,0.0406,0.037000000000000005,,,,82.0170744867944,,,,
7731,P35557,R,369,R,SYN,,,,,100.0,2.0,6.0,0.81352463519403,0.05,0.15046266072261041,0.8135,0.05,0.81352463519403,0.05,,0.05,0.035355339059327376,,,,0.8135,0.0354,,,,,82.0170744867944,,,,
7732,P35557,R,369,D,NONSYN,0.1122725979085614,0.8056899263244645,0.055731204196043,-1.7069333333333334,100.0,2.0,6.0,0.7054514992538381,0.0550906368392709,0.25533917284708274,0.7055,0.0550906368392709,0.7054514992538381,0.0550906368392709,,0.0550906368392709,0.03895496288893388,0.864,0.15857480880585428,0.4093344211578369,0.7069,0.0388,0.741,,,,82.0170744867944,,,,
7733,P35557,R,369,F,NONSYN,0.3436253892885596,0.8233016302328736,0.12585513037750173,-2.1555666666666666,100.0,2.0,6.0,1.05761313146463,0.0835452303008327,0.03653554146484835,1.0576,0.0835452303008327,1.05761313146463,0.0835452303008327,,0.0835452303008327,0.05907539888151063,0.8836,0.17397939866891465,0.46618905663490295,1.0549,0.0586,0.21899999999999997,,,,82.0170744867944,,,,
7734,P35557,R,369,T,NONSYN,0.292232657128476,1.3058596904089959,0.07479134492282453,-1.0614333333333332,100.0,2.0,6.0,1.1539068850933898,0.0854339723129685,0.019858951928160153,1.1539,0.0854339723129685,1.1539068850933898,0.0854339723129685,,0.0854339723129685,0.06041094116620377,1.0859,0.06799692243927602,0.48458412289619446,1.1529,0.0599,0.368,,,,82.0170744867944,,,,
7735,P35557,R,369,I,NONSYN,0.35928103966798514,0.93540725183788,0.05991393850002399,-2.1296999999999997,100.0,2.0,6.0,0.721296266649611,0.47694529475567604,0.23751401029912553,0.7213,0.47694529475567604,0.721296266649611,0.47694529475567604,,0.47694529475567604,0.3372512521767552,0.8996,0.17826203909074545,0.37643203139305115,0.8007,0.2512,0.10800000000000001,,,,82.0170744867944,,,,
7736,P35557,R,369,L,NONSYN,0.3775202648814329,1.0973347062189927,0.05161614819631887,-1.8647666666666665,100.0,2.0,6.0,0.549257126726096,0.0804691855651962,0.4652679334547945,0.5493,0.0804691855651962,0.549257126726096,0.0804691855651962,,0.0804691855651962,0.05690030678970887,0.9339,0.384618732057626,0.390068918466568,0.5573,0.0563,0.0,,,,82.0170744867944,,,,
7737,P35557,R,369,K,NONSYN,0.4996982892545154,1.098580696703312,0.06311781097941539,-0.31583333333333335,100.0,2.0,6.0,0.160164479822942,0.10215807839706098,0.8868643086690975,0.1602,0.10215807839706098,0.160164479822942,0.10215807839706098,,0.10215807839706098,0.07223666998754877,0.9339,0.7737113789607799,0.4034172296524048,0.1842,0.0711,0.065,,,,82.0170744867944,,,,
7738,P35557,R,369,G,NONSYN,0.4710347881166008,1.0631057928094494,0.049034846349151284,-1.865,100.0,2.0,6.0,0.6519438669547261,0.10560246489564801,0.3212145292838067,0.6519,0.10560246489564801,0.6519438669547261,0.10560246489564801,,0.10560246489564801,0.07467221903772704,0.9189,0.2669535234108745,0.3889274299144745,0.6614,0.0733,0.527,,,,82.0170744867944,,,,
7739,P35557,R,369,Y,NONSYN,0.3907391645635834,0.4673964599410673,0.03761304537905965,-1.6721666666666666,100.0,2.0,6.0,1.72033189840403,0.18296733358587697,0.000409249577448849,1.7203,0.18296733358587697,1.72033189840403,0.18296733358587697,,0.18296733358587697,0.12937744231419473,0.7103,1.010020127964882,0.42365768551826477,1.6342,0.1237,0.532,,,,82.0170744867944,,,,
7740,P35557,R,369,N,NONSYN,0.4070897773431755,1.347116596746052,0.09539730119875921,-0.6592999999999999,100.0,2.0,6.0,1.01284492543478,0.0540112184709684,0.04813287886252372,1.0128,0.0540112184709684,1.01284492543478,0.0540112184709684,,0.0540112184709684,0.038191698840969866,1.0838,0.07098900744180692,0.4896925389766693,1.0133,0.0381,0.741,,,,82.0170744867944,,,,
7741,P35557,R,369,C,NONSYN,0.3945781846907973,0.8692632229550096,0.12665874949740308,-2.1973999999999996,100.0,2.0,6.0,1.06872829383117,0.06290937761971,0.03409025822252085,1.0687,0.06290937761971,1.06872829383117,0.06290937761971,,0.06290937761971,0.04448364751512216,0.8302,0.23852380698424613,0.4745652377605438,1.0667,0.0443,0.992,,,,82.0170744867944,,,,
7742,P35557,R,369,P,NONSYN,0.180066694070857,1.025909088204198,0.051458669509789105,-1.7161666666666668,100.0,2.0,6.0,0.0447940136146377,0.10620019975958901,0.9356925777795854,0.0448,0.10620019975958901,0.0447940136146377,0.10620019975958901,,0.10620019975958901,0.07509488141337134,0.8742,0.8294288014221359,0.4073818325996399,0.0721,0.0739,0.943,,,,82.0170744867944,,,,
7743,P35557,R,369,E,NONSYN,0.2774716424939038,1.2100815159203926,0.07362098718388546,-0.8858,100.0,2.0,6.0,1.14985597160553,0.09232373347059801,0.02038301408780785,1.1499,0.09232373347059801,1.14985597160553,0.09232373347059801,,0.09232373347059801,0.06528273800151928,1.0793,0.07053864029144319,0.5021533966064453,1.1487,0.0647,0.261,,,,82.0170744867944,,,,
7744,P35557,R,369,M,NONSYN,0.37044865400284027,1.2571021691399293,0.0752560988577564,-1.0532666666666668,100.0,2.0,6.0,1.30017944890059,0.077741437512759,0.007603949910924269,1.3002,0.077741437512759,1.30017944890059,0.077741437512759,,0.077741437512759,0.05497149764446213,1.0847,0.21546277123487956,0.48458412289619446,1.2974,0.0546,0.008,,,,82.0170744867944,,,,
7745,P35557,R,369,W,NONSYN,0.38841440406711497,0.8995459171374877,0.11493567658266612,-2.1376333333333335,100.0,2.0,6.0,0.828880270750788,0.23303922232282798,0.1387239662538252,0.8289,0.23303922232282798,0.828880270750788,0.23303922232282798,,0.23303922232282798,0.1647836143869111,0.8368,0.007948259083959353,0.46089300513267517,0.8298,0.1552,0.9940000000000001,,,,82.0170744867944,,,,
7746,P35557,R,369,H,NONSYN,0.3580838527509595,1.2053200192988032,0.027263770333987896,-0.45376666666666665,100.0,2.0,6.0,0.8296380038190558,0.258560398711999,0.13816426398653603,0.8296,0.258560398711999,0.8296380038190558,0.258560398711999,,0.258560398711999,0.18282981127555195,1.0793,0.24967932749503108,0.4794485569000244,0.8613,0.1708,0.162,,,,82.0170744867944,,,,
7747,P35557,R,369,Q,NONSYN,0.3675437003413988,0.9974463002864553,0.06595215574977928,-0.5823,100.0,2.0,6.0,1.4532591608561,0.0440312801105214,0.002690482609173964,1.4533,0.0440312801105214,1.4532591608561,0.0440312801105214,,0.0440312801105214,0.031134816750474033,0.9145,0.538775017598959,0.3999253511428833,1.45,0.031,0.51,,,,82.0170744867944,,,,
7748,P35557,R,369,*,STOP,,,,,100.0,2.0,6.0,-0.348779751347987,0.05,0.9907420674872444,-0.3488,0.05,-0.348779751347987,0.05,,0.05,0.035355339059327376,,,,-0.3488,0.0354,,,,,82.0170744867944,,,,
7749,P35557,A,370,S,NONSYN,0.46929375853615796,0.6819323967531203,0.05155899123239349,-0.41050000000000003,100.0,2.0,6.0,1.2193013522479699,0.109227685829456,0.012986740503937388,1.2193,0.109227685829456,1.2193013522479699,0.109227685829456,,0.109227685829456,0.07723563734332209,0.7249,0.4943552110049889,0.4239290654659271,1.2034,0.076,0.97,,,,0.07300478668483294,,,,
7750,P35557,A,370,A,SYN,,,,,100.0,2.0,6.0,3.1793824381894398,0.05,3.2579824159226613e-09,3.1794,0.05,3.1793824381894398,0.05,,0.05,0.035355339059327376,,,,3.1794,0.0354,,,,,0.07300478668483294,,,,
7751,P35557,A,370,V,NONSYN,0.41129671784225785,0.35557270442425004,0.03993184419631537,-0.6206999999999999,100.0,2.0,6.0,1.16670347617436,0.0687712328612139,0.018286518175221447,1.1667,0.0687712328612139,1.16670347617436,0.0687712328612139,,0.0687712328612139,0.048628605106723476,0.7324,0.4343220131235177,0.42633724212646484,1.1611,0.0483,0.026000000000000002,,,,0.07300478668483294,,,,
7752,P35557,A,370,R,NONSYN,0.3190441200491768,0.271799470596286,0.07535372764779912,-1.2165666666666668,100.0,2.0,6.0,0.13541859939526,0.11406624704166198,0.8996237822278947,0.1354,0.11406624704166198,0.13541859939526,0.11406624704166198,,0.11406624704166198,0.08065701678765914,0.3032,0.16775461480189882,0.3706945776939392,0.143,0.0788,1.0,,,,0.07300478668483294,,,,
7753,P35557,A,370,D,NONSYN,0.4810824638550644,0.35541963362280615,0.05093808142582399,-1.3432333333333333,100.0,2.0,6.0,0.40629894269651706,0.148912449519913,0.6656668633656285,0.4063,0.148912449519913,0.40629894269651706,0.148912449519913,,0.148912449519913,0.10529700285862992,0.3866,0.01968807710356052,0.4025440216064453,0.405,0.1019,0.9990000000000001,,,,0.07300478668483294,,,,
7754,P35557,A,370,F,NONSYN,0.3975861635372093,0.15382949734598259,0.05943552593537693,-1.7862,100.0,2.0,6.0,0.165871290122413,0.237001080346113,0.8837174304385305,0.1659,0.237001080346113,0.165871290122413,0.237001080346113,,0.237001080346113,0.1675850710612743,0.3148,0.14897862299785677,0.3715648055076599,0.1911,0.1528,0.99,,,,0.07300478668483294,,,,
7755,P35557,A,370,T,NONSYN,0.4593194656393701,0.6412307265837627,0.035076278758542016,-0.5557333333333333,100.0,2.0,6.0,0.394174129150895,0.19075603538147604,0.6808725641362207,0.3942,0.19075603538147604,0.394174129150895,0.19075603538147604,,0.19075603538147604,0.13488488617050268,0.69,0.295838921882125,0.4239290654659271,0.4214,0.1285,0.997,,,,0.07300478668483294,,,,
7756,P35557,A,370,I,NONSYN,0.2533067127168299,0.007722280761990145,0.0864731614150997,-1.3021,100.0,2.0,6.0,0.561016170949006,0.074645496341157,0.44811632136918117,0.561,0.074645496341157,0.561016170949006,0.074645496341157,,0.074645496341157,0.05278233664786773,0.2246,0.33640217658903593,0.37344199419021606,0.5544,0.0523,0.925,,,,0.07300478668483294,,,,
7757,P35557,A,370,L,NONSYN,0.33775241979079834,-0.0009252198279411927,0.08632544133517123,-1.2974666666666668,100.0,2.0,6.0,0.5869586727188001,0.0776621847838063,0.4106300238756539,0.587,0.0776621847838063,0.5869586727188001,0.0776621847838063,,0.0776621847838063,0.05491545750239214,0.2201,0.36684375615576603,0.37344199419021606,0.5792,0.0543,0.851,,,,0.07300478668483294,,,,
7758,P35557,A,370,K,NONSYN,0.13783323133742972,0.2215486432416139,0.07415191653422654,-0.7036666666666666,100.0,2.0,6.0,-0.032601040515048994,0.210546382595231,0.95622770687072,-0.0326,0.210546382595231,-0.032601040515048994,0.210546382595231,,0.210546382595231,0.14887877488738513,0.2801,0.3127409636107521,0.3626219630241394,0.0125,0.1377,1.0,,,,0.07300478668483294,,,,
7759,P35557,A,370,G,NONSYN,0.5077306515769983,0.6109822413226923,0.05364569782987555,-0.48503333333333326,100.0,2.0,6.0,0.48491958493410603,0.0820523301346543,0.5587992665296173,0.4849,0.0820523301346543,0.48491958493410603,0.0820523301346543,,0.0820523301346543,0.05801975905037135,0.8297,0.3447832692223881,0.42267024517059326,0.4913,0.0575,0.353,,,,0.07300478668483294,,,,
7760,P35557,A,370,Y,NONSYN,0.2413102682766479,0.22951394648069537,0.06949841292698344,-1.7924666666666667,100.0,2.0,6.0,-0.0611820572817253,0.181150363716006,0.9620330998045923,-0.0612,0.181150363716006,-0.0611820572817253,0.181150363716006,,0.181150363716006,0.12809265059799735,0.2601,0.32128277959465257,0.35533571243286133,-0.0242,0.1205,1.0,,,,0.07300478668483294,,,,
7761,P35557,A,370,N,NONSYN,0.2596281291448914,0.47763096627252005,0.034764225188869624,-1.1920666666666666,100.0,2.0,6.0,-0.482075887633442,0.305719644818618,0.9950754311374971,-0.4821,0.305719644818618,-0.482075887633442,0.305719644818618,,0.305719644818618,0.21617643399318753,0.484,0.9660587188731423,0.4217884838581085,-0.2811,0.1924,0.995,,,,0.07300478668483294,,,,
7762,P35557,A,370,C,NONSYN,0.4521425054357098,0.10743849317132355,0.0856406233203524,-0.7297666666666668,100.0,2.0,6.0,0.309729409695822,0.106231849075241,0.7746235939032227,0.3097,0.106231849075241,0.309729409695822,0.106231849075241,,0.106231849075241,0.07511726085908878,0.3121,0.0023834879386842034,0.38614365458488464,0.3098,0.0737,0.995,,,,0.07300478668483294,,,,
7763,P35557,A,370,P,NONSYN,0.3737321559264451,0.18306582927453166,0.06069007497109557,-0.7215666666666666,100.0,2.0,6.0,0.0828474013861977,0.27749552552531,0.9223912222578324,0.0828,0.27749552552531,0.0828474013861977,0.27749552552531,,0.27749552552531,0.19621896784787138,0.48,0.39714817714125283,0.4243622422218323,0.1528,0.1781,0.579,,,,0.07300478668483294,,,,
7764,P35557,A,370,E,NONSYN,0.3924454343376217,0.11999192352232357,0.08583535650316254,-0.73,100.0,2.0,6.0,-0.250477076453751,0.0805099061079471,0.9850973459323956,-0.2505,0.0805099061079471,-0.250477076453751,0.0805099061079471,,0.0805099061079471,0.056929100561621634,0.2422,0.4926709243484196,0.3740631341934204,-0.2393,0.0563,0.9990000000000001,,,,0.07300478668483294,,,,
7765,P35557,A,370,M,NONSYN,0.19919007049311416,0.07145296090360802,0.07889781016050272,-1.2075333333333333,100.0,2.0,6.0,0.7364581284732941,0.0563104387791174,0.22123059142182602,0.7365,0.0563104387791174,0.7364581284732941,0.0563104387791174,,0.0563104387791174,0.03981749311230384,0.2109,0.52556351401521,0.3632221221923828,0.7302,0.0396,0.99,,,,0.07300478668483294,,,,
7766,P35557,A,370,W,NONSYN,0.17944660888741126,0.17032939184573492,0.07858466205369659,-1.6895,100.0,2.0,6.0,0.116371606623156,0.0927151523830148,0.9085181088455905,0.1164,0.0927151523830148,0.116371606623156,0.0927151523830148,,0.0927151523830148,0.06555951296877385,0.242,0.12559389587737807,0.36312490701675415,0.1203,0.0645,1.0,,,,0.07300478668483294,,,,
7767,P35557,A,370,H,NONSYN,0.3663343704598138,0.5180912621214411,0.04331940974476837,-1.3876666666666668,100.0,2.0,6.0,-0.0817159427993876,0.18735266595054897,0.9657206189378822,-0.0817,0.18735266595054897,-0.0817159427993876,0.18735266595054897,,0.18735266595054897,0.13247834056701116,0.5392,0.6209098114364726,0.4248151481151581,-0.0267,0.1265,1.0,,,,0.07300478668483294,,,,
7768,P35557,A,370,Q,NONSYN,0.3707092191809771,0.11999192352232357,0.08583535650316254,-0.73,100.0,2.0,6.0,0.27206911864282196,0.103364155383128,0.809169771778666,0.2721,0.103364155383128,0.27206911864282196,0.103364155383128,,0.103364155383128,0.07308949520302978,0.2788,0.006772347068771667,0.37553584575653076,0.2723,0.0717,1.0,,,,0.07300478668483294,,,,
7769,P35557,A,370,*,STOP,,,,,100.0,2.0,6.0,0.153616726687048,0.05,0.8903786507132754,0.1536,0.05,0.153616726687048,0.05,,0.05,0.035355339059327376,,,,0.1536,0.0354,,,,,0.07300478668483294,,,,
7770,P35557,C,371,S,NONSYN,0.3604904794435106,0.81953415906908,0.10456211267014774,-0.9790999999999999,100.0,2.0,6.0,0.602431503901625,0.160569668341504,0.3886411726699576,0.6024,0.160569668341504,0.602431503901625,0.160569668341504,,0.160569668341504,0.11353990133715236,0.7589,0.15647331081852878,0.47125422954559326,0.611,0.1104,1.0,,,,0.146809702466581,,,,
7771,P35557,C,371,A,NONSYN,0.3068439069280049,0.9024038190565197,0.10862548070295848,-0.9634666666666667,100.0,2.0,6.0,1.1089243129491002,0.0997624582357875,0.026469857179498665,1.1089,0.0997624582357875,1.1089243129491002,0.0997624582357875,,0.0997624582357875,0.07054271072636507,0.7981,0.3108603194951207,0.46804279088974,1.102,0.0698,0.9990000000000001,,,,0.146809702466581,,,,
7772,P35557,C,371,V,NONSYN,0.3179103570647324,0.8860331338596804,0.09960435935179078,-0.9982333333333333,100.0,2.0,6.0,0.402934579529824,0.20976735796174897,0.6699261814923752,0.4029,0.20976735796174897,0.402934579529824,0.20976735796174897,,0.20976735796174897,0.14832792128633862,0.7827,0.37977656873219995,0.45102864503860474,0.44,0.1409,1.0,,,,0.146809702466581,,,,
7773,P35557,C,371,R,NONSYN,0.23801989209795835,-0.032694387617764976,0.12368450224028404,-2.6622333333333335,100.0,2.0,6.0,0.276536070014723,0.211260101906406,0.8053068519465664,0.2765,0.211260101906406,0.276536070014723,0.211260101906406,,0.211260101906406,0.14938345065218075,0.1067,0.16987957825828381,0.2947961091995239,0.2418,0.1333,1.0,,,,0.146809702466581,,,,
7774,P35557,C,371,D,NONSYN,0.10680431653988344,0.14155606033658472,0.12780912251878027,-2.6273,100.0,2.0,6.0,-0.24621527384832603,0.16111842841468302,0.9847838429110142,-0.2462,0.16111842841468302,-0.24621527384832603,0.16111842841468302,,0.16111842841468302,0.11392793330614168,0.242,0.4881807763488601,0.398079514503479,-0.2093,0.1095,1.0,,,,0.146809702466581,,,,
7775,P35557,C,371,F,NONSYN,0.3827796558639093,0.40918692063727197,0.04925071668168998,-1.5911666666666668,100.0,2.0,6.0,-0.5744450900286221,0.674041405800647,0.9967862816769191,-0.5744,0.674041405800647,-0.5744450900286221,0.674041405800647,,0.674041405800647,0.47661924884215096,0.3678,0.9422123048037075,0.3836509883403778,-0.0027,0.2989,1.0,,,,0.146809702466581,,,,
7776,P35557,C,371,T,NONSYN,0.21098713877231906,0.453062869123585,0.06665621064444502,-0.9784999999999999,100.0,2.0,6.0,1.70184537373811,0.377632027489096,0.0004675023631904268,1.7018,0.377632027489096,1.70184537373811,0.377632027489096,,0.377632027489096,0.2670261674307645,0.409,1.2928684016349912,0.41157642006874084,1.3189,0.224,1.0,,,,0.146809702466581,,,,
7777,P35557,C,371,I,NONSYN,0.3827538054181146,0.9024038190565196,0.10862548070295848,-0.9634666666666667,100.0,2.0,6.0,0.3538225239393061,0.10094525574303201,0.7284256699776388,0.3538,0.10094525574303201,0.3538225239393061,0.10094525574303201,,0.10094525574303201,0.07137907486450822,0.7827,0.42888862432271785,0.46804279088974,0.3636,0.0706,1.0,,,,0.146809702466581,,,,
7778,P35557,C,371,L,NONSYN,0.4158145620941803,0.24759618566313632,0.16412226033339125,-1.554,100.0,2.0,6.0,-0.0896728851062151,0.114643440085545,0.9670505040192584,-0.0897,0.114643440085545,-0.0896728851062151,0.114643440085545,,0.114643440085545,0.08106515390304253,0.2689,0.35855891482652147,0.4153486490249634,-0.0765,0.0796,1.0,,,,0.146809702466581,,,,
7779,P35557,C,371,K,NONSYN,0.0,0.4498168706229897,0.10011202632902327,-2.5341,100.0,2.0,6.0,0.263203159790518,0.20611206699125198,0.8166526092623986,0.2632,0.20611206699125198,0.263203159790518,0.20611206699125198,,0.20611206699125198,0.14574324025389024,0.3999,0.13670171715688495,0.4357043504714966,0.277,0.1382,1.0,,,,0.146809702466581,,,,
7780,P35557,C,371,G,NONSYN,0.4785067081693568,-0.024144407880531998,0.1365287114831911,-2.4234666666666667,100.0,2.0,6.0,0.842011777405646,0.265959479064995,0.12927975662326077,0.842,0.265959479064995,0.842011777405646,0.265959479064995,,0.265959479064995,0.18806175116769958,0.1148,0.7272156455563571,0.30333006381988525,0.6401,0.1598,1.0,,,,0.146809702466581,,,,
7781,P35557,C,371,Y,NONSYN,0.18775280364475316,0.40918692063727197,0.04925071668168998,-1.5911666666666668,100.0,2.0,6.0,0.28904680267754806,0.679702015231166,0.7941535672077037,0.289,0.679702015231166,0.28904680267754806,0.679702015231166,,0.679702015231166,0.4806219041561195,0.3678,0.07872041209753738,0.3836509883403778,0.3371,0.2998,1.0,,,,0.146809702466581,,,,
7782,P35557,C,371,N,NONSYN,0.3555954207344509,0.23540047925166732,0.1639522772758947,-1.6354333333333333,100.0,2.0,6.0,0.810406126834362,0.14768188502337198,0.15293991190187164,0.8104,0.14768188502337198,0.810406126834362,0.14768188502337198,,0.14768188502337198,0.10442686235843836,0.2713,0.5391341231836967,0.4153486490249634,0.7784,0.1013,1.0,,,,0.146809702466581,,,,
7783,P35557,C,371,C,SYN,,,,,100.0,2.0,6.0,2.1824728704189096,0.05,1.2927459405543834e-05,2.1825,0.05,2.1824728704189096,0.05,,0.05,0.035355339059327376,,,,2.1825,0.0354,,,,,0.146809702466581,,,,
7784,P35557,C,371,P,NONSYN,0.23278771184927005,0.46058366907029563,0.09364455828095551,-2.5291333333333337,100.0,2.0,6.0,0.2309027644486,0.25502597028660895,0.8418874633626341,0.2309,0.25502597028660895,0.2309027644486,0.25502597028660895,,0.25502597028660895,0.18033059296834014,0.4042,0.17328217302851182,0.432534396648407,0.2566,0.1664,1.0,,,,0.146809702466581,,,,
7785,P35557,C,371,E,NONSYN,0.09400502805141753,-0.017483285762390628,0.11901306997239179,-2.6934333333333336,100.0,2.0,6.0,1.23342343946128,0.0904240003220713,0.011836893624373759,1.2334,0.0904240003220713,1.23342343946128,0.0904240003220713,,0.0904240003220713,0.06393942380975118,0.1067,1.1267669477048408,0.2947961091995239,1.1828,0.0625,1.0,,,,0.146809702466581,,,,
7786,P35557,C,371,M,NONSYN,,0.048762717233174935,0.16487114063420302,-1.5635333333333332,100.0,2.0,6.0,0.5068275201836691,0.0933184770941817,0.5272176000006011,0.5068,0.0933184770941817,0.5068275201836691,0.0933184770941817,,0.0933184770941817,0.06598612796329738,0.1471,0.3597396779576406,0.36517274379730225,0.4955,0.0649,1.0,,,,0.146809702466581,,,,
7787,P35557,C,371,W,NONSYN,0.3650350897967528,0.42312563357926436,0.11232538549407473,-2.438333333333333,100.0,2.0,6.0,-0.499798346973743,0.42326137019121707,0.9954657818470801,-0.4998,0.42326137019121707,-0.499798346973743,0.42326137019121707,,0.42326137019121707,0.2992909850765192,0.3678,0.8675655617488285,0.410292387008667,-0.1985,0.2418,1.0,,,,0.146809702466581,,,,
7788,P35557,C,371,H,NONSYN,0.2472156663565278,0.08707452020499899,0.0868038094891606,-2.6413333333333333,100.0,2.0,6.0,-0.0827706534535689,0.429376310716182,0.9658999680072132,-0.0828,0.429376310716182,-0.0827706534535689,0.429376310716182,,0.429376310716182,0.3036149009882743,0.1674,0.25020743199894857,0.3465557098388672,0.0259,0.2284,1.0,,,,0.146809702466581,,,,
7789,P35557,C,371,Q,NONSYN,0.31620129737801284,0.20180553007414037,0.12744646286885336,-2.441966666666667,100.0,2.0,6.0,0.16416196354162899,0.33747478633393496,0.8846682865704191,0.1642,0.33747478633393496,0.16416196354162899,0.33747478633393496,,0.33747478633393496,0.2386307098962066,0.2585,0.0943200158284882,0.37845784425735474,0.191,0.2019,1.0,,,,0.146809702466581,,,,
7790,P35557,C,371,*,STOP,,,,,100.0,2.0,6.0,-0.0082932799716678,0.05,0.9505979406673577,-0.0083,0.05,-0.0082932799716678,0.05,,0.05,0.035355339059327376,,,,-0.0083,0.0354,,,,,0.146809702466581,,,,
7791,P35557,E,372,S,NONSYN,0.4382670271083193,1.0912816613019551,0.046073898968688014,-0.6747666666666666,100.0,2.0,6.0,1.27936548413099,0.14864114730818698,0.008735466343439373,1.2794,0.14864114730818698,1.27936548413099,0.14864114730818698,,0.14864114730818698,0.10510516322496755,0.8377,0.4416900318986292,0.4195943772792816,1.2533,0.102,0.9990000000000001,,,,38.74896543043194,,,,
7792,P35557,E,372,A,NONSYN,0.4725389201357859,0.8440473371276805,0.07146174035404725,-0.8022,100.0,2.0,6.0,0.7392297696851858,0.166480439739939,0.21833706735647854,0.7392,0.166480439739939,0.7392297696851858,0.166480439739939,,0.166480439739939,0.11771944787502925,0.8438,0.1045894313073984,0.421546995639801,0.7468,0.1134,0.943,,,,38.74896543043194,,,,
7793,P35557,E,372,V,NONSYN,0.5148579282991502,0.9159244378949327,0.033168807680964245,-1.9732333333333332,100.0,2.0,6.0,1.30305763118874,0.15646384800076998,0.007459095437802035,1.3031,0.15646384800076998,1.30305763118874,0.15646384800076998,,0.15646384800076998,0.11063664793188568,0.7981,0.5049936377347606,0.40681734681129456,1.2683,0.1068,0.9990000000000001,,,,38.74896543043194,,,,
7794,P35557,E,372,R,NONSYN,0.4513055748960305,0.967785782713677,0.05729153637141123,-0.7211333333333333,100.0,2.0,6.0,1.10971740545002,0.0827311869299957,0.02633706892601758,1.1097,0.0827311869299957,1.10971740545002,0.0827311869299957,,0.0827311869299957,0.05849978329381183,0.7995,0.3101982241984942,0.421546995639801,1.1039,0.0579,1.0,,,,38.74896543043194,,,,
7795,P35557,E,372,D,NONSYN,0.4800060668498122,0.5313071266568649,0.14957619898026928,-0.020166666666666666,100.0,2.0,6.0,0.26781579459482996,0.417185013979214,0.8127900291982623,0.2678,0.417185013979214,0.26781579459482996,0.417185013979214,,0.417185013979214,0.2949943523941068,0.6127,0.3448523620290104,0.5064998865127563,0.3552,0.2549,0.9940000000000001,,,,38.74896543043194,,,,
7796,P35557,E,372,F,NONSYN,0.4134101209643438,0.8079909742063442,0.030644368646138884,-2.4431333333333334,100.0,2.0,6.0,1.10500101324933,0.0358369211383469,0.02713609662583021,1.105,0.0358369211383469,1.10500101324933,0.0358369211383469,,0.0358369211383469,0.025340529953772617,0.731,0.37397239682095473,0.40172523260116577,1.1035,0.0253,1.0,,,,38.74896543043194,,,,
7797,P35557,E,372,T,NONSYN,0.4070866311137473,0.8685425049395871,0.048707284876319056,-0.7653333333333333,100.0,2.0,6.0,0.6657442662494661,0.277370852894312,0.3034406353611673,0.6657,0.277370852894312,0.6657442662494661,0.277370852894312,,0.277370852894312,0.19613081098506432,0.7769,0.11117903258628825,0.42066970467567444,0.6856,0.1778,1.0,,,,38.74896543043194,,,,
7798,P35557,E,372,I,NONSYN,0.377366298627538,0.5863975066701946,0.031914792224157044,-2.3962999999999997,100.0,2.0,6.0,1.42937555622488,0.0404442888576972,0.0031704470514429778,1.4294,0.0404442888576972,1.42937555622488,0.0404442888576972,,0.0404442888576972,0.028598430911545215,0.6423,0.7870266706886861,0.41328927874565125,1.4256,0.0285,1.0,,,,38.74896543043194,,,,
7799,P35557,E,372,L,NONSYN,0.4309220950052253,0.9534655872467216,0.02542044749245301,-2.375633333333333,100.0,2.0,6.0,0.328171314495299,0.0913133457776399,0.7560545279951332,0.3282,0.0913133457776399,0.328171314495299,0.0913133457776399,,0.0913133457776399,0.06456828601220117,0.8116,0.4834514243428968,0.39576345682144165,0.3407,0.0637,0.9990000000000001,,,,38.74896543043194,,,,
7800,P35557,E,372,K,NONSYN,0.4890082107053284,1.1478310208622784,0.054497816660360056,-0.6217666666666667,100.0,2.0,6.0,0.226896949632648,0.5695313591748481,0.8448011715603658,0.2269,0.5695313591748481,0.226896949632648,0.5695313591748481,,0.5695313591748481,0.4027194861709263,0.856,0.6291147986812557,0.4132164418697357,0.5334,0.2884,1.0,,,,38.74896543043194,,,,
7801,P35557,E,372,G,NONSYN,0.4522640708552875,1.042090568797567,0.04754437790123195,-1.9225,100.0,2.0,6.0,0.9245592384808371,0.0599630763430093,0.0813876172126163,0.9246,0.0599630763430093,0.9245592384808371,0.0599630763430093,,0.0599630763430093,0.04240029790294852,0.8086,0.1159199505322287,0.4092780351638794,0.9233,0.0422,1.0,,,,38.74896543043194,,,,
7802,P35557,E,372,Y,NONSYN,0.4671477233180428,0.8940353697336721,0.027456468720533315,-2.2137666666666664,100.0,2.0,6.0,0.7645951536164309,0.0553743613510498,0.19306442983136451,0.7646,0.0553743613510498,0.7645951536164309,0.0553743613510498,,0.0553743613510498,0.03915558641520158,0.7827,0.018115994645592992,0.3985137939453125,0.7648,0.039,1.0,,,,38.74896543043194,,,,
7803,P35557,E,372,N,NONSYN,0.4945297857128286,1.2655100427844335,0.05383186735398931,-0.6558999999999999,100.0,2.0,6.0,0.7566803396835551,0.0902386097718866,0.20071574562521477,0.7567,0.0902386097718866,0.7566803396835551,0.0902386097718866,,0.0902386097718866,0.06380833289454765,0.9822,0.22550818313214926,0.4654301404953003,0.7608,0.0632,1.0,,,,38.74896543043194,,,,
7804,P35557,E,372,C,NONSYN,0.4263241553322161,0.6998661265478275,0.030324116136647126,-2.5622,100.0,2.0,6.0,0.6514310593435619,0.0652127252515678,0.32188458998101804,0.6514,0.0652127252515678,0.6514310593435619,0.0652127252515678,,0.0652127252515678,0.046112360245038786,0.6699,0.018473828332677078,0.40610456466674805,0.6517,0.0458,1.0,,,,38.74896543043194,,,,
7805,P35557,E,372,P,NONSYN,0.2784783599621833,0.902677222374464,0.08469922686992339,-1.2109666666666667,,,,,,,,,,,,,,0.7981,,0.4378603398799896,0.7981,0.4379,0.9990000000000001,,,,38.74896543043194,,,,
7806,P35557,E,372,E,SYN,,,,,100.0,2.0,6.0,1.10523302900142,0.05,0.027096259979992404,1.1052,0.05,1.10523302900142,0.05,,0.05,0.035355339059327376,,,,1.1052,0.0354,,,,,38.74896543043194,,,,
7807,P35557,E,372,M,NONSYN,0.4318399535430367,0.9974040077620027,0.04159515606865396,-1.9440333333333335,100.0,2.0,6.0,1.0586189215875301,0.114634925018635,0.036307704421482956,1.0586,0.114634925018635,1.0586189215875301,0.114634925018635,,0.114634925018635,0.08105913284148822,0.8086,0.24997963363892173,0.4092780351638794,1.0492,0.0795,1.0,,,,38.74896543043194,,,,
7808,P35557,E,372,W,NONSYN,0.3886512979012191,0.9541826279898364,0.02500905673172085,-2.4843333333333333,100.0,2.0,6.0,0.666426051898854,0.0832437644310768,0.3025758337767094,0.6664,0.0832437644310768,0.666426051898854,0.0832437644310768,,0.0832437644310768,0.058862230320709925,0.7963,0.12984384174738628,0.39801523089408875,0.6692,0.0582,1.0,,,,38.74896543043194,,,,
7809,P35557,E,372,H,NONSYN,0.3874690850586482,1.0485877430881885,0.04538823064377351,-0.6659666666666667,100.0,2.0,6.0,1.40744723877229,0.15239100697473904,0.0036837748896639344,1.4074,0.15239100697473904,1.40744723877229,0.15239100697473904,,0.15239100697473904,0.10775671442368442,0.8086,0.5988079508236817,0.4195943772792816,1.3704,0.1044,1.0,,,,38.74896543043194,,,,
7810,P35557,E,372,Q,NONSYN,0.4979236622050323,0.5913594094528226,0.17004958356077612,-0.02876666666666668,100.0,2.0,6.0,0.0876589462069567,0.23718041164541398,0.9205313746786575,0.0877,0.23718041164541398,0.0876589462069567,0.23718041164541398,,0.23718041164541398,0.167711877439089,0.6506,0.5629278972836439,0.5193925499916077,0.1408,0.1596,1.0,,,,38.74896543043194,,,,
7811,P35557,E,372,*,STOP,,,,,100.0,2.0,6.0,-0.293377335740318,0.05,0.9879052017619893,-0.2934,0.05,-0.293377335740318,0.05,,0.05,0.035355339059327376,,,,-0.2934,0.0354,,,,,38.74896543043194,,,,
7812,P35557,S,373,S,SYN,,,,,100.0,2.0,6.0,1.20435127068607,0.05,0.014320664499217118,1.2044,0.05,1.20435127068607,0.05,,0.05,0.035355339059327376,,,,1.2044,0.0354,,,,,13.76009955773294,,,,
7813,P35557,S,373,A,NONSYN,0.4563330621977513,1.384176607919061,0.03698380499832701,-0.01466666666666668,100.0,2.0,6.0,1.27004168778558,0.09297733721316401,0.009293552027726748,1.27,0.09297733721316401,1.27004168778558,0.09297733721316401,,0.09297733721316401,0.0657449056400966,1.0881,0.18194053918023334,0.4460029602050781,1.2662,0.065,0.096,,,,13.76009955773294,,,,
7814,P35557,S,373,V,NONSYN,0.3566796973350173,0.8204231351736375,0.26656991438284,-1.3498999999999999,100.0,2.0,6.0,1.32893966030498,0.147149412558722,0.006270984303009238,1.3289,0.147149412558722,1.32893966030498,0.147149412558722,,0.147149412558722,0.10405034746788923,0.8772,0.45174585174937687,0.5433385968208313,1.313,0.1022,0.6679999999999999,,,,13.76009955773294,,,,
7815,P35557,S,373,R,NONSYN,0.5078165034060199,0.7139178673493157,0.12509971697685002,-0.9542999999999999,100.0,2.0,6.0,0.739463406981125,0.0524072267776682,0.21809433809647374,0.7395,0.0524072267776682,0.739463406981125,0.0524072267776682,,0.0524072267776682,0.0370575054376704,0.8645,0.1250031409848784,0.4829985499382019,0.7402,0.0369,0.07200000000000001,,,,13.76009955773294,,,,
7816,P35557,S,373,D,NONSYN,0.26426002389568154,0.804389105188592,0.14844272214991205,-0.6365333333333334,100.0,2.0,6.0,0.384741922156927,0.0921751528261585,0.6924181562858941,0.3847,0.0921751528261585,0.384741922156927,0.0921751528261585,,0.0921751528261585,0.06517767562028304,0.8578,0.47308097289312184,0.5110251307487488,0.3923,0.0647,0.777,,,,13.76009955773294,,,,
7817,P35557,S,373,F,NONSYN,0.4400921079880442,0.7190914746809867,0.33840136074110916,-1.7383,100.0,2.0,6.0,0.909816437927422,0.0708690456201196,0.0885992560840448,0.9098,0.0708690456201196,0.909816437927422,0.0708690456201196,,0.0708690456201196,0.05011198273420536,0.7489,0.16089587804430427,0.5527553558349609,0.9085,0.0499,0.996,,,,13.76009955773294,,,,
7818,P35557,S,373,T,NONSYN,0.5032644910640633,1.4783747154025437,0.03401136988941674,-0.06083333333333333,100.0,2.0,6.0,0.987447365335132,0.11154953671998101,0.05613558138996198,0.9874,0.11154953671998101,0.987447365335132,0.11154953671998101,,0.11154953671998101,0.07887743385291636,1.0881,0.10065378327021468,0.4572417438030243,0.9904,0.0777,0.235,,,,13.76009955773294,,,,
7819,P35557,S,373,I,NONSYN,0.40690641070991895,0.6984410504358727,0.2634209364256232,-1.7275666666666665,100.0,2.0,6.0,0.971767710662764,0.904030123005082,0.06166359346511375,0.9718,0.904030123005082,0.971767710662764,0.904030123005082,,0.904030123005082,0.6392458303738021,0.843,0.12872217795936436,0.5129688382148743,0.8935,0.4001,0.433,,,,13.76009955773294,,,,
7820,P35557,S,373,L,NONSYN,0.393745075519064,0.8454029484028,0.33847007608807406,-1.7093,100.0,2.0,6.0,0.5308820167619821,0.0646932409585762,0.4921404249614623,0.5309,0.0646932409585762,0.5308820167619821,0.0646932409585762,,0.0646932409585762,0.045745029378744535,0.8818,0.3509023031156424,0.5682659149169922,0.5331,0.0456,0.843,,,,13.76009955773294,,,,
7821,P35557,S,373,K,NONSYN,0.33912790346884786,0.986187169069546,0.10835164660576212,-0.6167666666666666,100.0,2.0,6.0,0.29901177285297903,0.43915525384060494,0.7849145256779493,0.299,0.43915525384060494,0.29901177285297903,0.43915525384060494,,0.43915525384060494,0.31052965798439136,0.9103,0.6113293707551142,0.45307761430740356,0.4944,0.2561,0.867,,,,13.76009955773294,,,,
7822,P35557,S,373,G,NONSYN,0.4188135801978989,0.6596327468179654,0.14821678451734754,-0.6509999999999999,100.0,2.0,6.0,0.819010997268807,0.0985024702105508,0.1461813260755367,0.819,0.0985024702105508,0.819010997268807,0.0985024702105508,,0.0985024702105508,0.06965176464950636,0.802,0.016980374309670032,0.5254248380661011,0.8187,0.069,0.83,,,,13.76009955773294,,,,
7823,P35557,S,373,Y,NONSYN,0.3987520148682556,0.908117296459185,0.21492857362012827,-1.6658,100.0,2.0,6.0,0.654624696618214,1.11347338468394,0.3177225752778714,0.6546,1.11347338468394,0.654624696618214,1.11347338468394,,1.11347338468394,0.7873445809807511,0.8368,0.18220383321653333,0.5599831938743591,0.7756,0.4563,0.996,,,,13.76009955773294,,,,
7824,P35557,S,373,N,NONSYN,0.3577198430860929,1.1365307325751368,0.10808008255119318,-0.23683333333333337,100.0,2.0,6.0,2.32067649392621,0.0680640927968414,4.386618093955437e-06,2.3207,0.0680640927968414,2.32067649392621,0.0680640927968414,,0.0680640927968414,0.048128581571957,0.9572,1.3634304287864394,0.4667761027812958,2.3063,0.0479,0.235,,,,13.76009955773294,,,,
7825,P35557,S,373,C,NONSYN,0.4413057931247456,0.6391133469712473,0.1188840287718051,-0.9221333333333334,100.0,2.0,6.0,0.9638769681153299,0.17333205546185798,0.06462789718668015,0.9639,0.17333205546185798,0.9638769681153299,0.17333205546185798,,0.17333205546185798,0.12256427181408253,0.6976,0.2662290985283853,0.4797435402870178,0.9476,0.1188,0.995,,,,13.76009955773294,,,,
7826,P35557,S,373,P,NONSYN,0.3754690196139504,0.905269308198315,0.04414376921165925,-0.9290666666666666,100.0,2.0,6.0,0.165409084434127,0.49936892205371497,0.8839752473619573,0.1654,0.49936892205371497,0.165409084434127,0.49936892205371497,,0.49936892205371497,0.35310715109799834,0.8406,0.675196293716813,0.4177708029747009,0.4468,0.2697,0.961,,,,13.76009955773294,,,,
7827,P35557,S,373,E,NONSYN,0.32956968841657797,0.6541429115392089,0.10803921271707688,-0.6321,100.0,2.0,6.0,1.2951445454439898,0.440538622658197,0.007863914582340576,1.2951,0.440538622658197,1.2951445454439898,0.440538622658197,,0.440538622658197,0.3115078474561927,0.8312,0.4639538401446124,0.4721953570842743,1.1545,0.26,0.7090000000000001,,,,13.76009955773294,,,,
7828,P35557,S,373,M,NONSYN,0.4679817126368144,0.9644602649502053,0.2652565162717227,-1.5591333333333335,100.0,2.0,6.0,0.842767740787369,0.0959393908840458,0.12875241736464893,0.8428,0.0959393908840458,0.842767740787369,0.0959393908840458,,0.0959393908840458,0.06783939387701561,0.8619,0.019102190433639255,0.5364007949829102,0.8431,0.0673,0.996,,,,13.76009955773294,,,,
7829,P35557,S,373,W,NONSYN,0.3832492129242465,0.8041553884507228,0.21427890708054806,-1.7880333333333336,100.0,2.0,6.0,0.419359532838079,0.060005251847569996,0.6488514376419802,0.4194,0.060005251847569996,0.419359532838079,0.060005251847569996,,0.060005251847569996,0.04243012048822335,0.7455,0.32618406629064417,0.5304605960845947,0.4214,0.0423,0.9990000000000001,,,,13.76009955773294,,,,
7830,P35557,S,373,H,NONSYN,0.2629764798769622,0.6229164865101939,0.12520202323139987,-0.9429,100.0,2.0,6.0,1.01246754949849,0.0478077777632645,0.04824370039476128,1.0125,0.0478077777632645,1.01246754949849,0.0478077777632645,,0.0478077777632645,0.03380520384986376,0.7249,0.2875214082555091,0.49341583251953125,1.0111,0.0337,0.9890000000000001,,,,13.76009955773294,,,,
7831,P35557,S,373,Q,NONSYN,0.3963611118941722,0.804389105188592,0.14844272214991205,-0.6365333333333333,100.0,2.0,6.0,0.8444059644958409,0.0868585810848737,0.12761567718829608,0.8444,0.0868585810848737,0.8444059644958409,0.0868585810848737,,0.0868585810848737,0.061418291689355774,0.7841,0.06032021391600695,0.5170285105705261,0.8436,0.061,0.9790000000000001,,,,13.76009955773294,,,,
7832,P35557,S,373,*,STOP,,,,,100.0,2.0,6.0,-0.11888166405897699,0.05,0.971500462825419,-0.1189,0.05,-0.11888166405897699,0.05,,0.05,0.035355339059327376,,,,-0.1189,0.0354,,,,,13.76009955773294,,,,
7833,P35557,V,374,S,NONSYN,0.33699392667600697,0.121583857813925,0.1164623013044503,-1.4466,100.0,2.0,6.0,0.341845387432767,0.0970198607972024,0.7415849443147959,0.3418,0.0970198607972024,0.341845387432767,0.0970198607972024,,0.0970198607972024,0.06860340147947669,0.21,0.1318195404746066,0.394209086894989,0.338,0.0676,1.0,,,,0.6444279479476799,,,,
7834,P35557,V,374,A,NONSYN,0.4716545268994549,0.38586065105179806,0.06436555924604609,-0.7901333333333334,100.0,2.0,6.0,0.4322538029468279,0.0809866688328217,0.6318348858884043,0.4323,0.0809866688328217,0.4322538029468279,0.0809866688328217,,0.0809866688328217,0.05726622271739744,0.4124,0.019808704785130526,0.4121975600719452,0.4319,0.0567,0.9990000000000001,,,,0.6444279479476799,,,,
7835,P35557,V,374,V,SYN,,,,,100.0,2.0,6.0,0.806710633975634,0.05,0.1559167639672945,0.8067,0.05,0.806710633975634,0.05,,0.05,0.035355339059327376,,,,0.8067,0.0354,,,,,0.6444279479476799,,,,
7836,P35557,V,374,R,NONSYN,0.17643841508486408,0.7692543752296599,0.06809177307740417,-1.9857333333333334,100.0,2.0,6.0,-0.313247029991405,0.06257139363658701,0.9890142206079616,-0.3132,0.06257139363658701,-0.313247029991405,0.06257139363658701,,0.06257139363658701,0.04424465674872346,0.731,1.0442756464197802,0.41198140382766724,-0.3013,0.044,1.0,,,,0.6444279479476799,,,,
7837,P35557,V,374,D,NONSYN,0.27348180848279724,0.22630435045817832,0.03944230910380379,-2.3809,100.0,2.0,6.0,-0.131044118604439,0.823802058032465,0.9731687950569217,-0.131,0.823802058032465,-0.131044118604439,0.823802058032465,,0.823802058032465,0.5825160215901897,0.2601,0.39114484091736623,0.33922919631004333,0.161,0.2931,1.0,,,,0.6444279479476799,,,,
7838,P35557,V,374,F,NONSYN,0.4053248813429461,0.678616884570225,0.037348774201534714,-0.9184666666666667,100.0,2.0,6.0,-0.25033888024028195,0.102865067756001,0.9850872853627001,-0.2503,0.102865067756001,-0.25033888024028195,0.102865067756001,,0.102865067756001,0.07273658695748197,0.6699,0.920243767916521,0.42991578578948975,-0.2247,0.0717,1.0,,,,0.6444279479476799,,,,
7839,P35557,V,374,T,NONSYN,0.3185872156759129,0.5704526828535657,0.0338897914055818,-0.1374,100.0,2.0,6.0,0.14616937006459602,0.234210095516572,0.8942534901827517,0.1462,0.234210095516572,0.14616937006459602,0.234210095516572,,0.234210095516572,0.16561154676211706,0.6141,0.4679268542434179,0.43331602215766907,0.2058,0.1547,1.0,,,,0.6444279479476799,,,,
7840,P35557,V,374,I,NONSYN,0.4306262074024321,0.47509120522615506,0.06189994238935296,-0.1123,100.0,2.0,6.0,1.29415657342347,0.11801697003533099,0.007915924756750915,1.2942,0.11801697003533099,1.29415657342347,0.11801697003533099,,0.11801697003533099,0.08345059980707212,0.4513,0.8428263586846241,0.41548287868499756,1.2615,0.0818,0.9990000000000001,,,,0.6444279479476799,,,,
7841,P35557,V,374,L,NONSYN,0.4667115524229356,0.410476471706543,0.06090636257196246,-0.29109999999999997,100.0,2.0,6.0,0.6260980035056639,0.0935690232805639,0.35577131502280845,0.6261,0.0935690232805639,0.6260980035056639,0.0935690232805639,,0.0935690232805639,0.06616329087068867,0.4237,0.20237037193675522,0.4219859838485718,0.6212,0.0654,0.998,,,,0.6444279479476799,,,,
7842,P35557,V,374,K,NONSYN,0.1909141340536438,0.09454599888043087,0.11888511080413718,-1.7571333333333332,100.0,2.0,6.0,1.2342363092056898,0.16537179915882,0.011773778178017901,1.2342,0.16537179915882,1.2342363092056898,0.16537179915882,,0.16537179915882,0.11693552060222141,0.1883,1.0458992215744642,0.3756216764450073,1.1418,0.1117,1.0,,,,0.6444279479476799,,,,
7843,P35557,V,374,G,NONSYN,0.3807983932718594,0.16997520326739668,0.19773882074143537,-2.365066666666667,100.0,2.0,6.0,0.037943322967906,0.0532992698317859,0.9378395420957482,0.0379,0.0532992698317859,0.037943322967906,0.0532992698317859,,0.0532992698317859,0.037688275130347386,0.2473,0.2093599542861986,0.4158286452293396,0.0396,0.0375,1.0,,,,0.6444279479476799,,,,
7844,P35557,V,374,Y,NONSYN,0.33250944557826595,0.09454599888043087,0.11888511080413718,-1.7571333333333332,100.0,2.0,6.0,0.23458013377920697,0.0802118045432381,0.8391715051462418,0.2346,0.0802118045432381,0.23458013377920697,0.0802118045432381,,0.0802118045432381,0.056718310923733584,0.1925,0.04206106506125043,0.3756216764450073,0.2336,0.0561,1.0,,,,0.6444279479476799,,,,
7845,P35557,V,374,N,NONSYN,0.2445312890805706,0.171288928727072,0.05526279458644989,-2.1033666666666666,100.0,2.0,6.0,0.443691364358649,0.122911135276036,0.6164218164538879,0.4437,0.122911135276036,0.443691364358649,0.122911135276036,,0.122911135276036,0.08691129723702212,0.2403,0.20334460480092498,0.34118181467056274,0.4313,0.0842,1.0,,,,0.6444279479476799,,,,
7846,P35557,V,374,C,NONSYN,0.4349501020449153,0.17458677004643763,0.038407837801238444,-0.9503666666666666,100.0,2.0,6.0,1.26175146333108,0.0955879851272344,0.009818539465452886,1.2618,0.0955879851272344,1.26175146333108,0.0955879851272344,,0.0955879851272344,0.06759091248342629,0.2606,1.0011933945787912,0.3567326068878174,1.2271,0.0664,1.0,,,,0.6444279479476799,,,,
7847,P35557,V,374,P,NONSYN,0.17175025849116904,0.3204957351884388,0.048797846530900725,-1.883333333333333,100.0,2.0,6.0,0.629835452124641,0.202489093442031,0.3506804010470653,0.6298,0.202489093442031,0.629835452124641,0.202489093442031,,0.202489093442031,0.1431814110891766,0.3394,0.2904247298689342,0.3628227710723877,0.5907,0.1332,1.0,,,,0.6444279479476799,,,,
7848,P35557,V,374,E,NONSYN,0.32079411141973807,0.5517481851531905,0.12158084166218154,-1.7854,100.0,2.0,6.0,-0.137370249612589,0.125218469749156,0.973996923552993,-0.1374,0.125218469749156,-0.137370249612589,0.125218469749156,,0.125218469749156,0.08854282908943076,0.5753,0.7126864403321935,0.49183398485183716,-0.115,0.0871,1.0,,,,0.6444279479476799,,,,
7849,P35557,V,374,M,NONSYN,0.4348220015603004,0.40150705883902926,0.06243591002344262,-0.2969,100.0,2.0,6.0,0.653006242108205,0.0732073811916079,0.3198285096096916,0.653,0.0732073811916079,0.653006242108205,0.0732073811916079,,0.0732073811916079,0.05176543567349446,0.3804,0.2726332708118946,0.44274550676345825,0.6493,0.0514,1.0,,,,0.6444279479476799,,,,
7850,P35557,V,374,W,NONSYN,0.20407639127029992,0.4924587931653169,0.12250958207946437,-1.7649666666666668,100.0,2.0,6.0,0.0404979263510317,0.10769923681396401,0.9370472549468757,0.0405,0.10769923681396401,0.0404979263510317,0.10769923681396401,,0.10769923681396401,0.07615486067976981,0.424,0.38353082788328224,0.4657166600227356,0.0505,0.0752,1.0,,,,0.6444279479476799,,,,
7851,P35557,V,374,H,NONSYN,0.2484595230317529,-0.00019992807906501117,0.19687448868293297,-2.2657666666666665,100.0,2.0,6.0,0.19727836404798002,0.100272449428916,0.8649347738017473,0.1973,0.100272449428916,0.19727836404798002,0.100272449428916,,0.100272449428916,0.07090332895737166,0.1189,0.07837866102216215,0.35030287504196167,0.1942,0.0695,1.0,,,,0.6444279479476799,,,,
7852,P35557,V,374,Q,NONSYN,0.31633139311143543,0.37912132864804415,0.05508913117931688,-1.7866,100.0,2.0,6.0,0.38051031990284995,0.47657870441280203,0.6975147813582108,0.3805,0.47657870441280203,0.38051031990284995,0.47657870441280203,,0.47657870441280203,0.3369920336593915,0.363,0.017517735197497164,0.38684284687042236,0.373,0.2541,1.0,,,,0.6444279479476799,,,,
7853,P35557,V,374,*,STOP,,,,,100.0,2.0,6.0,-0.455484107878611,0.05,0.9944224099407438,-0.4555,0.05,-0.455484107878611,0.05,,0.05,0.035355339059327376,,,,-0.4555,0.0354,,,,,0.6444279479476799,C,375.0,,
7854,P35557,S,375,S,SYN,,,,,100.0,2.0,6.0,0.960689511331515,0.05,0.06586129895737591,0.9607,0.05,0.960689511331515,0.05,,0.05,0.035355339059327376,,,,0.9607,0.0354,,,,,0.7339916929153483,,,,
7855,P35557,S,375,A,NONSYN,0.4563330621977513,0.8521009912207966,0.14717147071762537,-0.01466666666666668,100.0,2.0,6.0,0.610105560390089,0.11302179469938099,0.3778714178663183,0.6101,0.11302179469938099,0.610105560390089,0.11302179469938099,,0.11302179469938099,0.07991847745380609,0.7898,0.17970611039009288,0.4917243719100952,0.6147,0.0789,0.9990000000000001,,,,0.7339916929153483,,,,
7856,P35557,S,375,V,NONSYN,0.3566796973350173,0.2605042517376454,0.032727712172117056,-1.3429666666666666,100.0,2.0,6.0,0.756895332403556,0.17256590450655,0.20050509450506157,0.7569,0.17256590450655,0.756895332403556,0.17256590450655,,0.17256590450655,0.12202252127817169,0.2895,0.4674235571102058,0.3687419593334198,0.7108,0.1158,1.0,,,,0.7339916929153483,,,,
7857,P35557,S,375,R,NONSYN,0.5078165034060199,-0.24050553564043264,0.040755508919360146,-0.8665666666666666,100.0,2.0,6.0,0.34842191630543,0.13925030747046302,0.7344150036703132,0.3484,0.13925030747046302,0.34842191630543,0.13925030747046302,,0.13925030747046302,0.09846483669467615,0.1197,0.22874911123455294,0.29408472776412964,0.3254,0.0934,1.0,,,,0.7339916929153483,,,,
7858,P35557,S,375,D,NONSYN,0.26426002389568154,0.3138397795607643,0.028022003899460742,-0.6365333333333334,100.0,2.0,6.0,-0.25765935404124396,0.0693564042585629,0.9856106816685213,-0.2577,0.0693564042585629,-0.25765935404124396,0.0693564042585629,,0.0693564042585629,0.049042383769945366,0.3591,0.6167627356750025,0.3874855935573578,-0.2479,0.0487,1.0,,,,0.7339916929153483,,,,
7859,P35557,S,375,F,NONSYN,0.4400921079880442,-0.065817026932777,0.027798838390212178,-1.7383,100.0,2.0,6.0,0.6476605754221441,0.0478628690884563,0.3268316608082095,0.6477,0.0478628690884563,0.6476605754221441,0.0478628690884563,,0.0478628690884563,0.03384415929949144,0.1048,0.5428750734652044,0.2775508761405945,0.6397,0.0336,1.0,,,,0.7339916929153483,,,,
7860,P35557,S,375,T,NONSYN,0.5032644910640633,0.7096758812782163,0.14885078184755576,-0.06083333333333333,100.0,2.0,6.0,1.0373808902178299,0.0618537285468954,0.041411466720189055,1.0374,0.0618537285468954,1.0373808902178299,0.0618537285468954,,0.0618537285468954,0.04373719089718167,0.7088,0.32854522880654446,0.5078291296958923,1.035,0.0436,0.998,,,,0.7339916929153483,,,,
7861,P35557,S,375,I,NONSYN,0.40690641070991895,0.21382558479025968,0.02650754426633105,-1.7275666666666665,100.0,2.0,6.0,-0.19126725974696598,0.0596079983561277,0.9800755695671569,-0.1913,0.0596079983561277,-0.19126725974696598,0.0596079983561277,,0.0596079983561277,0.042149219850574474,0.2585,0.4497492391170832,0.3421681523323059,-0.1845,0.0418,1.0,,,,0.7339916929153483,,,,
7862,P35557,S,375,L,NONSYN,0.393745075519064,0.232439667088603,0.023861488481850174,-1.7093,100.0,2.0,6.0,-0.24710950664199602,0.07715011559512201,0.9848501831984521,-0.2471,0.07715011559512201,-0.24710950664199602,0.07715011559512201,,0.07715011559512201,0.054553369906636784,0.2585,0.5055914860121132,0.351283997297287,-0.2352,0.0539,1.0,,,,0.7339916929153483,,,,
7863,P35557,S,375,K,NONSYN,0.33912790346884786,0.4705075536758323,0.14673438268971958,-0.6167666666666666,100.0,2.0,6.0,-0.21107985595157397,0.0800063300754132,0.9819255289109438,-0.2111,0.0800063300754132,-0.21107985595157397,0.0800063300754132,,0.0800063300754132,0.056573018534173895,0.4104,0.6215029559462334,0.49648943543434143,-0.2031,0.0562,1.0,,,,0.7339916929153483,,,,
7864,P35557,S,375,G,NONSYN,0.4188135801978989,-0.05526396375281132,0.028001706598165633,-0.6509999999999999,100.0,2.0,6.0,0.849651875899483,0.0695038067593907,0.1240308966727431,0.8497,0.0695038067593907,0.849651875899483,0.0695038067593907,,0.0695038067593907,0.04914661307784456,0.2237,0.6259307889205706,0.36116302013397217,0.8383,0.0487,1.0,,,,0.7339916929153483,,,,
7865,P35557,S,375,Y,NONSYN,0.3987520148682556,0.342050710848226,0.02501204600388383,-1.6658,100.0,2.0,6.0,0.24092568559063102,0.0663679416649907,0.8343913947856133,0.2409,0.0663679416649907,0.24092568559063102,0.0663679416649907,,0.0663679416649907,0.046929221604708124,0.3434,0.10249470072376107,0.3652074337005615,0.2426,0.0465,1.0,,,,0.7339916929153483,,,,
7866,P35557,S,375,N,NONSYN,0.3577198430860929,0.39065878183936764,0.14823044560245033,-0.23683333333333337,100.0,2.0,6.0,1.2599986170509299,0.0788645750375932,0.009933146823527562,1.26,0.0788645750375932,1.2599986170509299,0.0788645750375932,,0.0788645750375932,0.05576567580447747,0.3908,0.8692368541934927,0.5128253698348999,1.2498,0.0554,1.0,,,,0.7339916929153483,,,,
7867,P35557,S,375,C,NONSYN,0.4413057931247456,-0.03847844552487464,0.0497094583275379,-0.9221333333333334,,,,,,,,,,,,,,0.1485,,0.3177112340927124,0.1485,0.3177,1.0,,,,0.7339916929153483,,,,
7868,P35557,S,375,P,NONSYN,0.3754690196139504,-0.11464098112289099,0.04704051366172591,-0.8413333333333334,100.0,2.0,6.0,-0.0291717472471949,0.0972536714038339,0.9554739783996501,-0.0292,0.0972536714038339,-0.0291717472471949,0.0972536714038339,,0.0972536714038339,0.06876873054493916,0.1269,0.15606425432345833,0.2869747579097748,-0.0207,0.0669,1.0,,,,0.7339916929153483,,,,
7869,P35557,S,375,E,NONSYN,0.32956968841657797,0.2991651621138463,0.14739520558925343,-0.6321,100.0,2.0,6.0,0.30294731873438396,0.0538738957154797,0.7811783821248202,0.3029,0.0538738957154797,0.30294731873438396,0.0538738957154797,,0.0538738957154797,0.03809459698935258,0.3625,0.0595420239551302,0.4394744634628296,0.3034,0.038,1.0,,,,0.7339916929153483,,,,
7870,P35557,S,375,M,NONSYN,0.4679817126368144,0.5484938644721103,0.045015151348302244,-1.5591333333333335,100.0,2.0,6.0,0.5697588168695,0.0735994314516382,0.43541643413754144,0.5698,0.0735994314516382,0.5697588168695,0.0735994314516382,,0.0735994314516382,0.05204265707092784,0.5801,0.010349348871466768,0.43522173166275024,0.5699,0.0517,1.0,,,,0.7339916929153483,,,,
7871,P35557,S,375,W,NONSYN,0.3832492129242465,0.06976126967772735,0.02559959639627972,-1.7880333333333336,100.0,2.0,6.0,-0.19926779348317702,0.0651849117493947,0.9808449571025425,-0.1993,0.0651849117493947,-0.19926779348317702,0.0651849117493947,,0.0651849117493947,0.04609269312904364,0.1318,0.3310536332792433,0.2784838080406189,-0.1904,0.0455,1.0,,,,0.7339916929153483,,,,
7872,P35557,S,375,H,NONSYN,0.2629764798769622,0.020530271672330385,0.043243005564047636,-0.8551666666666667,100.0,2.0,6.0,-0.434685505632859,0.125018477505394,0.9938487837346761,-0.4347,0.125018477505394,-0.434685505632859,0.125018477505394,,0.125018477505394,0.08840141321768194,0.1485,0.58316720247696,0.31833237409591675,-0.3929,0.0852,1.0,,,,0.7339916929153483,,,,
7873,P35557,S,375,Q,NONSYN,0.3963611118941722,0.3138397795607643,0.028022003899460735,-0.6365333333333333,100.0,2.0,6.0,0.25892346639363,0.6162989918427471,0.8201776412006201,0.2589,0.6162989918427471,0.25892346639363,0.6162989918427471,,0.6162989918427471,0.43578919637043917,0.3602,0.101230923941453,0.3874855935573578,0.3155,0.2896,1.0,,,,0.7339916929153483,,,,
7874,P35557,S,375,*,STOP,,,,,100.0,2.0,6.0,-0.19664933196489,0.05,0.980596562810709,-0.1966,0.05,-0.19664933196489,0.05,,0.05,0.035355339059327376,,,,-0.1966,0.0354,,,,,0.7339916929153483,,,,
7875,P35557,T,376,S,NONSYN,0.5112342370012433,1.069212319853161,0.05195600605836592,-0.33873333333333333,100.0,2.0,6.0,0.9460231580494108,0.15316608560893,0.07181310481250006,0.946,0.15316608560893,0.9460231580494108,0.15316608560893,,0.15316608560893,0.10830477778187367,0.9168,0.02920179746133711,0.39556455612182617,0.944,0.1045,0.591,,,,35.55207751732389,,,,
7876,P35557,T,376,A,NONSYN,0.4371005638552374,0.9556094326286576,0.040469836654170095,-0.5245,100.0,2.0,6.0,1.4902995726266899,0.15268855542590398,0.002082800161952492,1.4903,0.15268855542590398,1.4902995726266899,0.15268855542590398,,0.15268855542590398,0.10796711295123472,0.9124,0.5779285928407707,0.39556455612182617,1.4502,0.1042,0.23,,,,35.55207751732389,,,,
7877,P35557,T,376,V,NONSYN,0.335359974884157,1.0205640730826542,0.049715700936027445,-0.4691,100.0,2.0,6.0,1.2954356512647,0.0911296692885131,0.007848652895464672,1.2954,0.0911296692885131,1.2954356512647,0.0911296692885131,,0.0911296692885131,0.06443840712119507,0.8628,0.4326789221387235,0.4088556468486786,1.2849,0.0637,0.976,,,,35.55207751732389,,,,
7878,P35557,T,376,R,NONSYN,0.3928132642818517,0.8408031125174626,0.03623299490073522,-1.2489999999999999,100.0,2.0,6.0,1.00052761999748,0.0404302775674554,0.05187343945950891,1.0005,0.0404302775674554,1.00052761999748,0.0404302775674554,,0.0404302775674554,0.028588523433202066,0.7898,0.21071594921729808,0.41897323727607727,0.9996,0.0285,0.9990000000000001,,,,35.55207751732389,,,,
7879,P35557,T,376,D,NONSYN,0.24736015353784535,0.9614484946443183,0.03139307620494775,-1.2412666666666667,100.0,2.0,6.0,0.6385914736169129,0.0867530500316176,0.33887328863820954,0.6386,0.0867530500316176,0.6385914736169129,0.0867530500316176,,0.0867530500316176,0.06134366996597263,0.8553,0.21667342849795523,0.4033077657222748,0.6435,0.0606,0.977,,,,35.55207751732389,,,,
7880,P35557,T,376,F,NONSYN,0.2626450658678516,0.6870455390541054,0.07404507633033801,-1.4809,100.0,2.0,6.0,0.940691353061575,0.0549925327571311,0.0740930886269238,0.9407,0.0549925327571311,0.940691353061575,0.0549925327571311,,0.0549925327571311,0.03888559282719074,0.802,0.13866073010243807,0.4255063235759735,0.9395,0.0387,0.851,,,,35.55207751732389,,,,
7881,P35557,T,376,T,SYN,,,,,100.0,2.0,6.0,0.9350383943454641,0.05,0.07658047309478064,0.935,0.05,0.9350383943454641,0.05,,0.05,0.035355339059327376,,,,0.935,0.0354,,,,,35.55207751732389,,,,
7882,P35557,T,376,I,NONSYN,0.39900335367527456,0.8796161312809083,0.04241944600751208,-0.8405666666666667,100.0,2.0,6.0,0.95520601591451,0.12061971715859698,0.06803274784402928,0.9552,0.12061971715859698,0.95520601591451,0.12061971715859698,,0.12061971715859698,0.08529101994764729,0.8286,0.12662980875356034,0.4195943772792816,0.9502,0.0836,0.995,,,,35.55207751732389,,,,
7883,P35557,T,376,L,NONSYN,0.3692076635094301,0.6311767390440303,0.05789246593363623,-1.2598666666666667,100.0,2.0,6.0,0.927309126460442,0.10528779470439699,0.08010106246692333,0.9273,0.10528779470439699,0.927309126460442,0.10528779470439699,,0.10528779470439699,0.07444971361165617,0.7249,0.202362985217461,0.42413729429244995,0.9213,0.0733,0.965,,,,35.55207751732389,,,,
7884,P35557,T,376,K,NONSYN,0.35305220057868336,1.0094164777186798,0.04355323804144288,-0.8414,100.0,2.0,6.0,0.565804976601195,0.113113056584258,0.44115312996688893,0.5658,0.113113056584258,0.565804976601195,0.113113056584258,,0.113113056584258,0.07998300935146649,0.8628,0.29695175252478156,0.40773239731788635,0.5768,0.0785,0.981,,,,35.55207751732389,,,,
7885,P35557,T,376,G,NONSYN,0.43600131382643137,0.6351659288635138,0.05488119218854506,-1.4976,100.0,2.0,6.0,1.0963301836333499,0.217938716083619,0.028665123745409506,1.0963,0.217938716083619,1.0963301836333499,0.217938716083619,,0.217938716083619,0.15410594402581668,0.7249,0.37138404239036893,0.4256103038787842,1.0533,0.1449,0.98,,,,35.55207751732389,,,,
7886,P35557,T,376,Y,NONSYN,0.2452402164451186,0.7784838475783568,0.0739007295123161,-1.4882666666666668,100.0,2.0,6.0,0.6663764274888211,0.0583830264090469,0.30263873586443246,0.6664,0.0583830264090469,0.6663764274888211,0.0583830264090469,,0.0583830264090469,0.04128303388003035,0.7439,0.0775714360899753,0.4287177622318268,0.6671,0.0411,0.9990000000000001,,,,35.55207751732389,,,,
7887,P35557,T,376,N,NONSYN,0.4084330644454248,1.3117420449481898,0.044611325529972407,-0.5004666666666666,100.0,2.0,6.0,0.42190173566809297,0.13027381393427498,0.6455281626854233,0.4219,0.13027381393427498,0.42190173566809297,0.13027381393427498,,0.13027381393427498,0.09211749724396037,1.0452,0.6233043342781961,0.5053627490997314,0.4419,0.0906,0.977,,,,35.55207751732389,,,,
7888,P35557,T,376,C,NONSYN,0.4354541497454498,0.966046121099135,0.05038189555989469,-0.9072999999999999,100.0,2.0,6.0,1.3303758641021002,0.0510936374452599,0.006210724189361602,1.3304,0.0510936374452599,1.3303758641021002,0.0510936374452599,,0.0510936374452599,0.03612865751303018,0.8149,0.5155038376586187,0.4267043471336365,1.3267,0.036,0.9990000000000001,,,,35.55207751732389,,,,
7889,P35557,T,376,P,NONSYN,0.34993609822478866,0.8408031125174625,0.03623299490073522,-1.2489999999999999,100.0,2.0,6.0,0.298430006040145,0.218591532720105,0.7854626159169191,0.2984,0.218591532720105,0.298430006040145,0.218591532720105,,0.218591532720105,0.15456755509634731,0.8994,0.6009968118538369,0.3986530303955078,0.377,0.1441,0.013999999999999999,,,,35.55207751732389,,,,
7890,P35557,T,376,E,NONSYN,0.187606014059847,0.9504622855392685,0.04079368110425461,-0.9009666666666667,100.0,2.0,6.0,1.3771273707817,0.135448726337655,0.004528488411657862,1.3771,0.135448726337655,1.3771273707817,0.135448726337655,,0.135448726337655,0.09577671289643677,0.8603,0.516845068878929,0.4148423671722412,1.351,0.0933,0.9520000000000001,,,,35.55207751732389,,,,
7891,P35557,T,376,M,NONSYN,0.3518740482942453,0.8148544996013517,0.04872475435368112,-0.8553000000000001,100.0,2.0,6.0,1.14949091095318,0.0648433111204071,0.020430883002077814,1.1495,0.0648433111204071,1.14949091095318,0.0648433111204071,,0.0648433111204071,0.04585114500782893,0.7613,0.3882001223026672,0.4228058159351349,1.145,0.0456,1.0,,,,35.55207751732389,,,,
7892,P35557,T,376,W,NONSYN,0.2914737870902876,0.9011326547279154,0.05473676420423474,-1.5825333333333333,100.0,2.0,6.0,0.873246093722896,0.392788511770634,0.10892371349299408,0.8732,0.392788511770634,0.873246093722896,0.392788511770634,,0.392788511770634,0.27774342024518733,0.7827,0.09053494546087204,0.4223988354206085,0.8459,0.2321,1.0,,,,35.55207751732389,,,,
7893,P35557,T,376,H,NONSYN,0.3614886802674268,0.6214435353725,0.0607334200422123,-1.2503,100.0,2.0,6.0,0.956508737475033,0.0708472098750338,0.06751113545074894,0.9565,0.0708472098750338,0.956508737475033,0.0708472098750338,,0.0708472098750338,0.05009654253078293,0.6699,0.28660384979879394,0.42413729429244995,0.9526,0.0498,1.0,,,,35.55207751732389,,,,
7894,P35557,T,376,Q,NONSYN,0.1843049627657748,0.890167301156295,0.04186508405601618,-0.8452333333333334,100.0,2.0,6.0,0.92355250628835,0.124057045852401,0.08186315293031735,0.9236,0.124057045852401,0.92355250628835,0.124057045852401,,0.124057045852401,0.0877215783762032,0.8406,0.08294712813741001,0.4195943772792816,0.9201,0.0859,0.9890000000000001,,,,35.55207751732389,,,,
7895,P35557,T,376,*,STOP,,,,,100.0,2.0,6.0,-0.039116902278321,0.05,0.9576249085663213,-0.0391,0.05,-0.039116902278321,0.05,,0.05,0.035355339059327376,,,,-0.0391,0.0354,,,,,35.55207751732389,H,393.0,,
7896,P35557,R,377,S,NONSYN,0.4030125793742561,0.012495157268940979,0.17877571006361934,-0.8416666666666667,100.0,2.0,6.0,0.168441649726856,0.101601399633081,0.8822741376271251,0.1684,0.101601399633081,0.168441649726856,0.101601399633081,,0.101601399633081,0.07184303865859597,0.1607,0.007716711811053989,0.37343135476112366,0.1682,0.0705,1.0,,,,5.906712262562469,,,,
7897,P35557,R,377,A,NONSYN,0.3189859929557896,-0.27853695819545266,0.09154248006276056,-1.0746,100.0,2.0,6.0,-0.262848508707723,0.23493243436518602,0.9859701746953209,-0.2628,0.23493243436518602,-0.262848508707723,0.23493243436518602,,0.23493243436518602,0.16612231746028652,0.1073,0.370197815052709,0.29395008087158203,-0.1732,0.1446,1.0,,,,5.906712262562469,,,,
7898,P35557,R,377,V,NONSYN,0.398009908378716,-0.05108109862858177,0.04247907668353096,-1.9711666666666667,100.0,2.0,6.0,0.21335378727103402,0.0932955954205087,0.8543112657764532,0.2134,0.0932955954205087,0.21335378727103402,0.0932955954205087,,0.0932955954205087,0.06596994817667831,0.1067,0.10669729551459481,0.26579275727272034,0.2072,0.064,1.0,,,,5.906712262562469,,,,
7899,P35557,R,377,R,SYN,,,,,100.0,2.0,6.0,0.6781845355707391,0.05,0.2878667726578152,0.6782,0.05,0.6781845355707391,0.05,,0.05,0.035355339059327376,,,,0.6782,0.0354,,,,,5.906712262562469,,,,
7900,P35557,R,377,D,NONSYN,0.1122725979085614,-0.08495390043949046,0.06574843196238073,-1.7069333333333334,100.0,2.0,6.0,-0.180669259991663,0.19277035552008498,0.9790073089520478,-0.1807,0.19277035552008498,-0.180669259991663,0.19277035552008498,,0.19277035552008498,0.1363092255999937,0.1055,0.2861349105501347,0.2820962071418762,-0.1265,0.1227,1.0,,,,5.906712262562469,,,,
7901,P35557,R,377,F,NONSYN,0.3436253892885596,-0.018607605338532295,0.09585203518691417,-2.1555666666666666,100.0,2.0,6.0,-0.234778751257127,0.0789858428857124,0.9839084905174101,-0.2348,0.0789858428857124,-0.234778751257127,0.0789858428857124,,0.0789858428857124,0.05585142512222246,0.1067,0.3414352430135662,0.27926105260849,-0.2216,0.0548,1.0,,,,5.906712262562469,,,,
7902,P35557,R,377,T,NONSYN,0.292232657128476,-0.24729548873879637,0.10134659307761701,-1.0614333333333332,100.0,2.0,6.0,-0.356572917077692,0.145441864033597,0.991081720720316,-0.3566,0.145441864033597,-0.356572917077692,0.145441864033597,,0.145441864033597,0.10284292832656826,0.0981,0.4547106235958652,0.29395008087158203,-0.307,0.0971,1.0,,,,5.906712262562469,,,,
7903,P35557,R,377,I,NONSYN,0.35928103966798514,-0.08691955111896532,0.07165205571206475,-2.1296999999999997,100.0,2.0,6.0,-0.0298429139158279,0.28143113453760105,0.9556225072931586,-0.0298,0.28143113453760105,-0.0298429139158279,0.28143113453760105,,0.28143113453760105,0.19900186366856126,0.0872,0.11702141242237392,0.2668485939502716,0.012,0.1595,1.0,,,,5.906712262562469,,,,
7904,P35557,R,377,L,NONSYN,0.3775202648814329,-0.02894220411966435,0.055745415748789384,-1.8647666666666665,100.0,2.0,6.0,0.0514964900941018,0.11086497764365598,0.9335221756506076,0.0515,0.11086497764365598,0.0514964900941018,0.11086497764365598,,0.11086497764365598,0.07839337748792413,0.1067,0.05516000166233741,0.2763572633266449,0.0556,0.0754,1.0,,,,5.906712262562469,,,,
7905,P35557,R,377,K,NONSYN,0.4996982892545154,0.13479398591454614,0.1427283295882524,-0.31583333333333335,100.0,2.0,6.0,0.626806176812176,0.0717912242740688,0.3548044177225387,0.6268,0.0717912242740688,0.626806176812176,0.0717912242740688,,0.0717912242740688,0.05076406151387832,0.3082,0.31861434093189644,0.4379470646381378,0.6226,0.0504,1.0,,,,5.906712262562469,,,,
7906,P35557,R,377,G,NONSYN,0.4710347881166008,-0.021789695847390378,0.05491219227719854,-1.865,100.0,2.0,6.0,0.0300389652772799,0.11811303298806901,0.9402297393611274,0.03,0.11811303298806901,0.0300389652772799,0.11811303298806901,,0.11811303298806901,0.08351852657237398,0.1067,0.07661752647915931,0.2763572633266449,0.0365,0.0799,1.0,,,,5.906712262562469,,,,
7907,P35557,R,377,Y,NONSYN,0.3907391645635834,-0.03510386546760913,0.06736742345235634,-1.6721666666666666,100.0,2.0,6.0,-0.33021936490730697,0.182431269522494,0.9898778712187678,-0.3302,0.182431269522494,-0.33021936490730697,0.182431269522494,,0.182431269522494,0.12899838777982622,0.1269,0.4571659333963817,0.2887280583381653,-0.2541,0.1178,1.0,,,,5.906712262562469,,,,
7908,P35557,R,377,N,NONSYN,0.4070897773431755,-0.02985837480102238,0.10609026590708671,-0.6592999999999999,100.0,2.0,6.0,0.523441380038841,0.581571720339038,0.503016171862468,0.5234,0.581571720339038,0.523441380038841,0.581571720339038,,0.581571720339038,0.41123330719806017,0.2201,0.30335358358917974,0.3901214003562927,0.3638,0.283,1.0,,,,5.906712262562469,,,,
7909,P35557,R,377,C,NONSYN,0.3945781846907973,-0.1679851181812526,0.09513491091369519,-2.1973999999999996,100.0,2.0,6.0,0.355230974221274,0.0627482139438731,0.7268487399816282,0.3552,0.0627482139438731,0.355230974221274,0.0627482139438731,,0.0627482139438731,0.04436968758705694,0.0778,0.27738334443573626,0.27926105260849,0.3484,0.0438,1.0,,,,5.906712262562469,,,,
7910,P35557,R,377,P,NONSYN,0.180066694070857,-0.16028321987389668,0.06847232475345603,-1.7161666666666668,100.0,2.0,6.0,0.0453186983115557,0.174870114193315,0.9355251941957413,0.0453,0.174870114193315,0.0453186983115557,0.174870114193315,,0.174870114193315,0.12365184357295896,0.0898,0.044463003253233116,0.2820962071418762,0.0525,0.1132,1.0,,,,5.906712262562469,,,,
7911,P35557,R,377,E,NONSYN,0.2774716424939038,0.14301150701932466,0.14976681115473808,-0.8858,100.0,2.0,6.0,-0.22310739952429504,0.42646766177831397,0.9829615395792659,-0.2231,0.42646766177831397,-0.22310739952429504,0.42646766177831397,,0.42646766177831397,0.3015581756002168,0.2715,0.494646580995166,0.42160677909851074,-0.0557,0.2453,1.0,,,,5.906712262562469,,,,
7912,P35557,R,377,M,NONSYN,0.37044865400284027,-0.15032659201951967,0.06938997243347068,-1.0532666666666668,100.0,2.0,6.0,-0.647479607235522,0.345491362537138,0.9976919069716073,-0.6475,0.345491362537138,-0.647479607235522,0.345491362537138,,0.345491362537138,0.2442992852913902,0.1036,0.7510380283704707,0.287560373544693,-0.3326,0.1862,1.0,,,,5.906712262562469,,,,
7913,P35557,R,377,W,NONSYN,0.38841440406711497,-0.01708929263397362,0.07232116448652073,-2.1376333333333335,100.0,2.0,6.0,-0.23933368937080302,0.278333390161032,0.9842631873887405,-0.2393,0.278333390161032,-0.23933368937080302,0.278333390161032,,0.278333390161032,0.19681142761350678,0.1067,0.3459901811272422,0.2668485939502716,-0.1174,0.1584,1.0,,,,5.906712262562469,,,,
7914,P35557,R,377,H,NONSYN,0.3580838527509595,0.07206131094165714,0.1729104368894521,-0.45376666666666665,100.0,2.0,6.0,-0.0349093746056281,0.10195631620547699,0.9567278726005931,-0.0349,0.10195631620547699,-0.0349093746056281,0.10195631620547699,,0.10195631620547699,0.07209400257369267,0.2658,0.3007426332344733,0.4156200587749481,-0.0261,0.071,1.0,,,,5.906712262562469,,,,
7915,P35557,R,377,Q,NONSYN,0.3675437003413988,0.08847486863630595,0.17167401648585837,-0.5823,100.0,2.0,6.0,-0.0841500476895745,0.134402428901605,0.9661330995711279,-0.0842,0.134402428901605,-0.0841500476895745,0.134402428901605,,0.134402428901605,0.09503686888426771,0.28,0.3641892687379296,0.41802823543548584,-0.0663,0.0927,1.0,,,,5.906712262562469,,,,
7916,P35557,R,377,*,STOP,,,,,100.0,2.0,6.0,-0.30175998813576,0.05,0.9883865923297303,-0.3018,0.05,-0.30175998813576,0.05,,0.05,0.035355339059327376,,,,-0.3018,0.0354,,,,,5.906712262562469,,,,
7917,P35557,A,378,S,NONSYN,0.46929375853615796,0.3403491369003373,0.08306851196479838,-0.41050000000000003,100.0,2.0,6.0,0.8145762390131579,0.25362857383152304,0.1496344548959933,0.8146,0.25362857383152304,0.8145762390131579,0.25362857383152304,,0.25362857383152304,0.17934248445894285,0.6463,0.16826704206415277,0.44319507479667664,0.7909,0.1662,0.907,,,,0.1747832296335988,,,,
7918,P35557,A,378,A,SYN,,,,,100.0,2.0,6.0,1.1403154223693701,0.05,0.021669762204007157,1.1403,0.05,1.1403154223693701,0.05,,0.05,0.035355339059327376,,,,1.1403,0.0354,,,,,0.1747832296335988,,,,
7919,P35557,A,378,V,NONSYN,0.41129671784225785,0.5297461240545424,0.04563363314917839,-0.6206999999999999,100.0,2.0,6.0,-0.10327937877252301,0.163022934253456,0.9692049496321199,-0.1033,0.163022934253456,-0.10327937877252301,0.163022934253456,,0.163022934253456,0.11527462229954742,0.5859,0.6891637114293834,0.4379012882709503,-0.0586,0.1115,0.998,,,,0.1747832296335988,,,,
7920,P35557,A,378,R,NONSYN,0.3190441200491768,0.025594446780563496,0.10116195093117784,-1.2165666666666668,100.0,2.0,6.0,0.267259000151974,0.145596061245404,0.8132597835430011,0.2673,0.145596061245404,0.267259000151974,0.145596061245404,,0.145596061245404,0.10295196222067705,0.1362,0.13110083183608656,0.3097113370895386,0.2542,0.0977,1.0,,,,0.1747832296335988,,,,
7921,P35557,A,378,D,NONSYN,0.4810824638550644,0.10392280074519593,0.07781435942536605,-1.3432333333333333,100.0,2.0,6.0,-0.25398576256332,0.368276178526105,0.9853504420424792,-0.254,0.368276178526105,-0.25398576256332,0.368276178526105,,0.368276178526105,0.26041058318527643,0.2067,0.4607162475257834,0.3632221221923828,-0.0976,0.2116,1.0,,,,0.1747832296335988,,,,
7922,P35557,A,378,F,NONSYN,0.3975861635372093,-0.10463290006716101,0.20429491821745693,-1.7862,100.0,2.0,6.0,0.0254878407093136,0.28146602996558895,0.9415648562243849,0.0255,0.28146602996558895,0.0254878407093136,0.28146602996558895,,0.28146602996558895,0.19902653846232393,0.1028,0.07735910958327369,0.3745608925819397,0.0425,0.1758,1.0,,,,0.1747832296335988,,,,
7923,P35557,A,378,T,NONSYN,0.4593194656393701,0.39723278445757065,0.05540199821243751,-0.5557333333333333,100.0,2.0,6.0,0.446538673022342,0.299511487703744,0.6125412806733384,0.4465,0.299511487703744,0.446538673022342,0.299511487703744,,0.299511487703744,0.2117866039985886,0.3756,0.07095773635203867,0.3777296543121338,0.4296,0.1847,1.0,,,,0.1747832296335988,,,,
7924,P35557,A,378,I,NONSYN,0.2533067127168299,0.0754476893676021,0.11503840392393781,-1.3021,100.0,2.0,6.0,0.166458332799202,0.12334811048746001,0.8833892264350051,0.1665,0.12334811048746001,0.166458332799202,0.12334811048746001,,0.12334811048746001,0.08722028537223046,0.1573,0.009181612990623506,0.35964709520339966,0.1659,0.0848,1.0,,,,0.1747832296335988,,,,
7925,P35557,A,378,L,NONSYN,0.33775241979079834,0.12973484726627219,0.10793212511303463,-1.2974666666666668,100.0,2.0,6.0,0.0035968591031918,0.209130556801129,0.947587873285419,0.0036,0.209130556801129,0.0035968591031918,0.209130556801129,,0.209130556801129,0.14787763486739675,0.2616,0.2580441068353763,0.3895002603530884,0.0361,0.1382,0.998,,,,0.1747832296335988,,,,
7926,P35557,A,378,K,NONSYN,0.13783323133742972,0.40335018788566496,0.0683924043785496,-0.7036666666666666,100.0,2.0,6.0,0.24569854850487302,0.206821950231655,0.8307171789061063,0.2457,0.206821950231655,0.24569854850487302,0.206821950231655,,0.206821950231655,0.14624520350702988,0.3757,0.12996029143615176,0.37660637497901917,0.2627,0.1363,1.0,,,,0.1747832296335988,,,,
7927,P35557,A,378,G,NONSYN,0.5077306515769983,0.32014963664795365,0.087252127223848,-0.48503333333333326,100.0,2.0,6.0,0.677788116451193,0.0890123018560283,0.28835621047213844,0.6778,0.0890123018560283,0.677788116451193,0.0890123018560283,,0.0890123018560283,0.06294120225142152,0.6463,0.03147891950218784,0.46062731742858887,0.6772,0.0624,0.8590000000000001,,,,0.1747832296335988,,,,
7928,P35557,A,378,Y,NONSYN,0.2413102682766479,-0.12725433631664215,0.14888640036096115,-1.7924666666666667,100.0,2.0,6.0,0.093352149457757,0.6568635224848339,0.9182756187824628,0.0934,0.6568635224848339,0.093352149457757,0.6568635224848339,,0.6568635224848339,0.46447265106310825,0.0974,0.004030396013434412,0.30588334798812866,0.0962,0.2555,1.0,,,,0.1747832296335988,,,,
7929,P35557,A,378,N,NONSYN,0.2596281291448914,0.08766978060908133,0.058201329298688646,-1.1920666666666666,100.0,2.0,6.0,0.0810329986664205,0.380042673345235,0.9230816619450194,0.081,0.380042673345235,0.0810329986664205,0.380042673345235,,0.380042673345235,0.2687307514626796,0.1893,0.10831262935672709,0.34568101167678833,0.1218,0.2122,1.0,,,,0.1747832296335988,,,,
7930,P35557,A,378,C,NONSYN,0.4521425054357098,0.3871628240478253,0.08102104402660867,-0.7297666666666668,100.0,2.0,6.0,0.294260640018392,0.0938686546454043,0.7893590142078034,0.2943,0.0938686546454043,0.294260640018392,0.0938686546454043,,0.0938686546454043,0.0663751622406235,0.3799,0.08563030851561987,0.4213147759437561,0.2963,0.0656,1.0,,,,0.1747832296335988,,,,
7931,P35557,A,378,P,NONSYN,0.3737321559264451,0.3857162680724357,0.06339288505248868,-0.7215666666666666,100.0,2.0,6.0,0.298600307944561,0.233740999661684,0.7853022841541769,0.2986,0.233740999661684,0.298600307944561,0.233740999661684,,0.233740999661684,0.16527984590209924,0.3733,0.07466984605476762,0.37660637497901917,0.3107,0.1513,1.0,,,,0.1747832296335988,,,,
7932,P35557,A,378,E,NONSYN,0.3924454343376217,0.279519832155942,0.07681923165798128,-0.73,100.0,2.0,6.0,-0.15786685877630602,0.463403453433622,0.9765054237259226,-0.1579,0.463403453433622,-0.15786685877630602,0.463403453433622,,0.463403453433622,0.3276757243481786,0.3066,0.46447178059408556,0.3777666985988617,0.0416,0.2475,1.0,,,,0.1747832296335988,,,,
7933,P35557,A,378,M,NONSYN,0.19919007049311416,0.1715834438725322,0.10023455906976812,-1.2075333333333333,100.0,2.0,6.0,-0.170707991123932,0.156716737355705,0.9779497146361674,-0.1707,0.156716737355705,-0.170707991123932,0.156716737355705,,0.156716737355705,0.11081546770965012,0.2657,0.4363825821883851,0.378084659576416,-0.1362,0.1063,1.0,,,,0.1747832296335988,,,,
7934,P35557,A,378,W,NONSYN,0.17944660888741126,-0.04504859079874981,0.18949056805398068,-1.6895,100.0,2.0,6.0,-0.15326508709592002,0.42913682448563895,0.9759646150241472,-0.1533,0.42913682448563895,-0.15326508709592002,0.42913682448563895,,0.42913682448563895,0.30344555865065653,0.1307,0.28393858501118796,0.3664451241493225,-0.0378,0.2337,1.0,,,,0.1747832296335988,,,,
7935,P35557,A,378,H,NONSYN,0.3663343704598138,-0.027976856886975404,0.10397053263587301,-1.3876666666666668,100.0,2.0,6.0,0.141713210333194,0.22369844756114002,0.8965110368224704,0.1417,0.22369844756114002,0.141713210333194,0.22369844756114002,,0.22369844756114002,0.1581786892113854,0.1269,0.0147666418441193,0.2966015636920929,0.1384,0.1396,1.0,,,,0.1747832296335988,,,,
7936,P35557,A,378,Q,NONSYN,0.3707092191809771,0.279519832155942,0.07681923165798128,-0.73,100.0,2.0,6.0,0.617189615694042,0.144045820253284,0.3680213388685033,0.6172,0.144045820253284,0.617189615694042,0.144045820253284,,0.144045820253284,0.10185577630267563,0.3487,0.26845434280967306,0.3944067358970642,0.6004,0.0986,1.0,,,,0.1747832296335988,,,,
7937,P35557,A,378,*,STOP,,,,,100.0,2.0,6.0,0.158816536206103,0.05,0.8875961268409637,0.1588,0.05,0.158816536206103,0.05,,0.05,0.035355339059327376,,,,0.1588,0.0354,,,,,0.1747832296335988,,,,
7938,P35557,A,379,S,NONSYN,0.46929375853615796,0.454083520318101,0.0481171674879314,-0.41050000000000003,100.0,2.0,6.0,0.36445046330525604,0.13283458676922802,0.7163750801727796,0.3645,0.13283458676922802,0.36445046330525604,0.13283458676922802,,0.13283458676922802,0.09392823708063397,0.5244,0.15996187066004547,0.42508652806282043,0.3719,0.0917,0.99,,,,0.033619716825784005,,,,
7939,P35557,A,379,A,SYN,,,,,100.0,2.0,6.0,1.56752565228196,0.05,0.0012147159812958177,1.5675,0.05,1.56752565228196,0.05,,0.05,0.035355339059327376,,,,1.5675,0.0354,,,,,0.033619716825784005,,,,
7940,P35557,A,379,V,NONSYN,0.41129671784225785,0.32764123115671917,0.1236483470650744,-0.6206999999999999,100.0,2.0,6.0,0.322307360293647,0.13758279368788198,0.7620770144411744,0.3223,0.13758279368788198,0.322307360293647,0.13758279368788198,,0.13758279368788198,0.09728572639129107,0.4086,0.08630942094109423,0.4726656377315521,0.3258,0.0953,0.9990000000000001,,,,0.033619716825784005,,,,
7941,P35557,A,379,R,NONSYN,0.3190441200491768,0.3637063040840933,0.06213448814767669,-1.2165666666666668,100.0,2.0,6.0,-0.0620344798185084,0.10248016804831199,0.9621938427243275,-0.062,0.10248016804831199,-0.0620344798185084,0.10248016804831199,,0.10248016804831199,0.07246442176409836,0.3501,0.4120955388166163,0.38614121079444885,-0.048,0.0712,1.0,,,,0.033619716825784005,,,,
7942,P35557,A,379,D,NONSYN,0.4810824638550644,0.15342175516717033,0.06126627295179873,-1.3432333333333333,100.0,2.0,6.0,0.29857756777566197,0.15591168659628898,0.7853236983836115,0.2986,0.15591168659628898,0.29857756777566197,0.15591168659628898,,0.15591168659628898,0.11024621085846768,0.2423,0.05622785373490574,0.3586851954460144,0.2937,0.1054,1.0,,,,0.033619716825784005,,,,
7943,P35557,A,379,F,NONSYN,0.3975861635372093,0.02598305374710334,0.052880931231011126,-1.7862,100.0,2.0,6.0,-0.307078340026091,0.146992887972516,0.9886816740905146,-0.3071,0.146992887972516,-0.307078340026091,0.146992887972516,,0.146992887972516,0.10393966787156056,0.1067,0.41373483178253023,0.28114959597587585,-0.2573,0.0975,1.0,,,,0.033619716825784005,,,,
7944,P35557,A,379,T,NONSYN,0.4593194656393701,0.3133919489607751,0.1262482298716659,-0.5557333333333333,100.0,2.0,6.0,0.510976800476486,0.126522482482,0.5211882546826894,0.511,0.126522482482,0.510976800476486,0.126522482482,,0.126522482482,0.08946490533557835,0.4081,0.10283989623683143,0.4744326174259186,0.5074,0.0879,0.9990000000000001,,,0.0,0.033619716825784005,,,,
7945,P35557,A,379,I,NONSYN,0.2533067127168299,0.029424116752262298,0.07819038679266459,-1.3021,100.0,2.0,6.0,0.4890749823851471,0.0824556395896367,0.5528480122984064,0.4891,0.0824556395896367,0.4890749823851471,0.0824556395896367,,0.0824556395896367,0.05830494190090606,0.1269,0.36212841389607237,0.28900882601737976,0.4749,0.0572,1.0,,,,0.033619716825784005,,,,
7946,P35557,A,379,L,NONSYN,0.33775241979079834,0.1892403129789131,0.07740652022879828,-1.2974666666666668,100.0,2.0,6.0,0.0096263937051946,0.0948385065863468,0.9459928451781767,0.0096,0.0948385065863468,0.0096263937051946,0.0948385065863468,,0.0948385065863468,0.06706095112481086,0.302,0.2923661120836085,0.37523147463798523,0.0187,0.066,0.996,,,,0.033619716825784005,,,,
7947,P35557,A,379,K,NONSYN,0.13783323133742972,0.22971519160235485,0.1397738895333768,-0.7036666666666666,100.0,2.0,6.0,0.5082459601624699,0.5552371865653161,0.5251578127049864,0.5082,0.5552371865653161,0.5082459601624699,0.5552371865653161,,0.5552371865653161,0.3926119797872752,0.2849,0.22334273187954146,0.4144967794418335,0.4026,0.285,1.0,,,,0.033619716825784005,,,,
7948,P35557,A,379,G,NONSYN,0.5077306515769983,0.30739541572488044,0.12827168856285528,-0.48503333333333326,100.0,2.0,6.0,0.52896640018417,0.0820837915470483,0.4949416372285983,0.529,0.0820837915470483,0.52896640018417,0.0820837915470483,,0.0820837915470483,0.05804200562842086,0.6455,0.11652728601501827,0.5079312324523926,0.5305,0.0577,0.9179999999999999,,,4.3238e-06,0.033619716825784005,,,,
7949,P35557,A,379,Y,NONSYN,0.2413102682766479,0.02366473455465068,0.05542374915366736,-1.7924666666666667,100.0,2.0,6.0,-0.30012338244873304,0.12903381584486198,0.9882941915514551,-0.3001,0.12903381584486198,-0.30012338244873304,0.12903381584486198,,0.12903381584486198,0.09124068618627808,0.1067,0.40677987420517225,0.2788439095020294,-0.2608,0.0867,1.0,,,,0.033619716825784005,,,,
7950,P35557,A,379,N,NONSYN,0.2596281291448914,0.3040007884311162,0.041306784833408224,-1.1920666666666666,100.0,2.0,6.0,0.117082067140423,0.22199589959505,0.9082000878304769,0.1171,0.22199589959505,0.117082067140423,0.22199589959505,,0.22199589959505,0.15697480599926777,0.3627,0.24563007771126155,0.38217800855636597,0.1525,0.1452,0.9990000000000001,,,,0.033619716825784005,,,,
7951,P35557,A,379,C,NONSYN,0.4521425054357098,0.2774454426960185,0.1904257312779958,-0.7297666666666668,100.0,2.0,6.0,0.365055206881479,0.0850552318819495,0.7156789582232218,0.3651,0.0850552318819495,0.365055206881479,0.0850552318819495,,0.0850552318819495,0.06014313123912072,0.3598,0.005212846861795184,0.4494609832763672,0.365,0.0596,1.0,,,,0.033619716825784005,,,,
7952,P35557,A,379,P,NONSYN,0.3737321559264451,0.3207344178161525,0.17900202228604387,-0.7215666666666666,100.0,2.0,6.0,0.23518828152107701,0.28844171885371006,0.8387185334075827,0.2352,0.28844171885371006,0.23518828152107701,0.28844171885371006,,0.28844171885371006,0.203959095378562,0.3711,0.13589655758452907,0.44106540083885193,0.2591,0.1851,1.0,,,0.0,0.033619716825784005,,,,
7953,P35557,A,379,E,NONSYN,0.3924454343376217,0.36949648285500863,0.14883274561114687,-0.73,100.0,2.0,6.0,0.10984462559986301,0.508400656056079,0.9113914945502671,0.1098,0.508400656056079,0.10984462559986301,0.508400656056079,,0.508400656056079,0.359493551456943,0.3542,0.24431994497012904,0.44848912954330444,0.2054,0.2805,1.0,,,,0.033619716825784005,,,,
7954,P35557,A,379,M,NONSYN,0.19919007049311416,0.18137418990235388,0.06081999706801567,-1.2075333333333333,100.0,2.0,6.0,0.48496186272671,0.115807560960312,0.5587388239034478,0.485,0.115807560960312,0.48496186272671,0.115807560960312,,0.115807560960312,0.0818883116677111,0.2688,0.21620574132969156,0.36200082302093506,0.4744,0.0799,1.0,,,,0.033619716825784005,,,,
7955,P35557,A,379,W,NONSYN,0.17944660888741126,-0.10287471823305404,0.05895624025179175,-1.6895,100.0,2.0,6.0,0.0794949759143811,0.0968343551260373,0.9236623078401756,0.0795,0.0968343551260373,0.0794949759143811,0.0968343551260373,,0.0968343551260373,0.0684722291614473,0.0968,0.017346120963670664,0.2820962071418762,0.0805,0.0665,1.0,,,,0.033619716825784005,,,,
7956,P35557,A,379,H,NONSYN,0.3663343704598138,0.2657596479553345,0.047200358313708245,-1.3876666666666668,100.0,2.0,6.0,-0.0384361105888307,0.22753183687917802,0.9574810359128939,-0.0384,0.22753183687917802,-0.0384361105888307,0.22753183687917802,,0.22753183687917802,0.16088930479309815,0.2911,0.32952662882499095,0.37021493911743164,0.0139,0.1476,1.0,,,,0.033619716825784005,,,,
7957,P35557,A,379,Q,NONSYN,0.3707092191809771,0.3694964828550087,0.14883274561114687,-0.73,100.0,2.0,6.0,0.0889020864045085,0.511104985173712,0.920043958106339,0.0889,0.511104985173712,0.0889020864045085,0.511104985173712,,0.511104985173712,0.3614058009145815,0.4619,0.37298774680739033,0.516312301158905,0.2116,0.2961,0.995,,,,0.033619716825784005,,,,
7958,P35557,A,379,*,STOP,,,,,100.0,2.0,6.0,-0.0237049393186734,0.05,0.9542455676532475,-0.0237,0.05,-0.0237049393186734,0.05,,0.05,0.035355339059327376,,,,-0.0237,0.0354,,,,,0.033619716825784005,,,,
7959,P35557,H,380,S,NONSYN,0.4274947371973565,1.1784691077344234,0.03529966572140672,-0.8565666666666667,100.0,2.0,6.0,0.761637213261967,0.0944743503521381,0.19589895165991106,0.7616,0.0944743503521381,0.761637213261967,0.0944743503521381,,0.0944743503521381,0.06680345378219053,1.0256,0.26391410586034747,0.5033570528030396,0.7662,0.0662,0.319,,,,35.109074238830374,,,,
7960,P35557,H,380,A,NONSYN,0.3450641386058211,1.032842914319598,0.06915032388849122,-1.3736666666666668,100.0,2.0,6.0,1.0005418275020799,0.19926061950572302,0.05186897542899409,1.0005,0.19926061950572302,1.0005418275020799,0.19926061950572302,,0.19926061950572302,0.1408985352759292,0.9167,0.08386649829370585,0.3960433304309845,0.9911,0.1327,0.17,,,,35.109074238830374,,,,
7961,P35557,H,380,V,NONSYN,0.3100277196420108,1.0443623602534042,0.03150148916333248,-2.3561,100.0,2.0,6.0,1.2381264529476799,0.0822754931134834,0.011476182504724533,1.2381,0.0822754931134834,1.2381264529476799,0.0822754931134834,,0.0822754931134834,0.0581775591060112,0.9167,0.32145112373930584,0.3744794428348541,1.2306,0.0575,0.001,,,,35.109074238830374,,,,
7962,P35557,H,380,R,NONSYN,0.40896647076546666,1.0875615745203564,0.038062434657374807,-0.5006666666666667,100.0,2.0,6.0,1.31592656119269,0.127387921542303,0.006843423078034786,1.3159,0.127387921542303,1.31592656119269,0.127387921542303,,0.127387921542303,0.09007686316382232,0.9262,0.38973064167898763,0.3947117328643799,1.2966,0.0878,0.002,,,,35.109074238830374,,,,
7963,P35557,H,380,D,NONSYN,0.31424584995616583,1.0173849223658757,0.07165374567853104,-1.1517666666666666,100.0,2.0,6.0,1.12811188129761,0.11586687071200699,0.023428442121385944,1.1281,0.11586687071200699,1.12811188129761,0.11586687071200699,,0.11586687071200699,0.08193024999532511,0.9167,0.21143655208923606,0.39457035064697266,1.1194,0.0802,0.175,,,,35.109074238830374,,,,
7964,P35557,H,380,F,NONSYN,0.4107279990990593,1.1271728468898832,0.08617122797334177,-1.2622333333333333,100.0,2.0,6.0,1.0376527219657,0.0544292260451888,0.041342126070694186,1.0377,0.0544292260451888,1.0376527219657,0.0544292260451888,,0.0544292260451888,0.03848727483128845,0.9466,0.0910957961920793,0.4249287247657776,1.0369,0.0383,0.816,,,,35.109074238830374,,,,
7965,P35557,H,380,T,NONSYN,0.34470915542349684,1.0554354769217966,0.05582336570841387,-1.2422333333333333,100.0,2.0,6.0,1.25286483186996,0.28377583289175295,0.01041302562198607,1.2529,0.28377583289175295,1.25286483186996,0.28377583289175295,,0.28377583289175295,0.20065981577461903,0.9167,0.336189502661586,0.39457035064697266,1.1838,0.1789,0.22,,,,35.109074238830374,,,,
7966,P35557,H,380,I,NONSYN,0.4064210844894963,1.18967291716065,0.03539591534507616,-2.3591,100.0,2.0,6.0,0.8021947822259431,0.0456045030903578,0.15961553421666352,0.8022,0.0456045030903578,0.8021947822259431,0.0456045030903578,,0.0456045030903578,0.032247253387834865,1.0387,0.23651283171906423,0.48735669255256653,0.8032,0.0322,0.003,,,,35.109074238830374,,,,
7967,P35557,H,380,L,NONSYN,0.37474439086043504,1.123420399700801,0.034929389537147144,-2.1879333333333335,100.0,2.0,6.0,1.21864529183297,0.119877112941415,0.013042686959699028,1.2186,0.119877112941415,1.21864529183297,0.119877112941415,,0.119877112941415,0.08476591946994017,0.9529,0.2657541804590686,0.37562090158462524,1.2058,0.0827,0.12300000000000001,,,,35.109074238830374,,,,
7968,P35557,H,380,K,NONSYN,0.3667056690225641,1.0419051989897656,0.03855075132847548,-0.8806333333333333,100.0,2.0,6.0,1.1713289394959399,0.067850647538652,0.01774794653936528,1.1713,0.067850647538652,1.1713289394959399,0.067850647538652,,0.067850647538652,0.047977652982479156,0.9167,0.25465361028756583,0.4015513062477112,1.1677,0.0476,0.157,,,,35.109074238830374,,,,
7969,P35557,H,380,G,NONSYN,0.2666216007931661,0.7992651648861001,0.05580451522477344,-1.8095333333333334,100.0,2.0,6.0,1.32993996392878,0.11450804815686301,0.006228954119290001,1.3299,0.11450804815686301,1.32993996392878,0.11450804815686301,,0.11450804815686301,0.08096941735215357,0.8696,0.4603751922765582,0.4060820937156677,1.3123,0.0794,0.484,,,,35.109074238830374,,,,
7970,P35557,H,380,Y,NONSYN,0.3971056557325536,0.9653243692449864,0.04880290464249729,-0.05406666666666666,100.0,2.0,6.0,1.0905656209830301,0.10937701316060301,0.029726218207066894,1.0906,0.10937701316060301,1.0905656209830301,0.10937701316060301,,0.10937701316060301,0.07734122771179264,0.9081,0.18246191653051547,0.37392690777778625,1.0831,0.0757,0.659,,,,35.109074238830374,,,,
7971,P35557,H,380,N,NONSYN,0.4170819178402928,1.0437164823541933,0.04580207220632201,0.08810000000000001,100.0,2.0,6.0,0.8553892816554091,0.130665287297976,0.12020575692028794,0.8554,0.130665287297976,0.8553892816554091,0.130665287297976,,0.130665287297976,0.09239431071408727,0.9167,0.06128604755296496,0.3690579831600189,0.859,0.0896,0.017,,,,35.109074238830374,,,,
7972,P35557,H,380,C,NONSYN,0.3215631552657849,1.0863221756688644,0.03591622171136143,-2.231333333333333,100.0,2.0,6.0,1.1122470067013,0.0375752024857984,0.0259177303025342,1.1122,0.0375752024857984,1.1122470067013,0.0375752024857984,,0.0375752024857984,0.02656968048216566,0.8723,0.2399697468746398,0.3854493498802185,1.1111,0.0265,0.982,,,,35.109074238830374,,,,
7973,P35557,H,380,P,NONSYN,0.3372425756544121,1.105615729405368,0.04749590654551255,-1.7345333333333333,100.0,2.0,6.0,0.0002541676611405,0.12950369975484102,0.9484519824814742,0.0003,0.12950369975484102,0.0002541676611405,0.12950369975484102,,0.12950369975484102,0.09157294428539471,0.9317,0.9314304455667037,0.3952322006225586,0.0477,0.0892,0.511,,,,35.109074238830374,,,,
7974,P35557,H,380,E,NONSYN,0.22798112642128554,1.0829642379835323,0.04065901280483063,-0.7021666666666667,100.0,2.0,6.0,1.23596650240972,0.0663351573508927,0.011640513072965413,1.236,0.0663351573508927,1.23596650240972,0.0663351573508927,,0.0663351573508927,0.046906039593892876,0.9262,0.30977058289601755,0.39558279514312744,1.2317,0.0466,0.163,,,,35.109074238830374,,,,
7975,P35557,H,380,M,NONSYN,0.34585524966568515,0.7265640101091367,0.06724286943986917,-1.5882666666666667,100.0,2.0,6.0,0.808011189123134,0.0507990876749963,0.1548640025738013,0.808,0.0507990876749963,0.808011189123134,0.0507990876749963,,0.0507990876749963,0.035920379373079854,0.8438,0.035763606409092596,0.4211964011192322,0.8083,0.0358,0.76,,,,35.109074238830374,,,,
7976,P35557,H,380,W,NONSYN,0.3935142425056496,0.7127351069043515,0.04246818982845241,-1.7288,100.0,2.0,6.0,1.17889603516419,0.15783808188499598,0.016899386970504596,1.1789,0.15783808188499598,1.17889603516419,0.15783808188499598,,0.15783808188499598,0.11160837803035822,0.7378,0.4410825624163872,0.42365768551826477,1.1503,0.1079,0.996,,,,35.109074238830374,,,,
7977,P35557,H,380,H,SYN,,,,,100.0,2.0,6.0,1.36368383534143,0.05,0.004960623647035583,1.3637,0.05,1.36368383534143,0.05,,0.05,0.035355339059327376,,,,1.3637,0.0354,,,,,35.109074238830374,,,,
7978,P35557,H,380,Q,NONSYN,0.3372315255555827,1.0872938212770429,0.0501466908554101,0.006400000000000017,100.0,2.0,6.0,0.72465726488686,0.0978259841160505,0.23383844970652917,0.7247,0.0978259841160505,0.72465726488686,0.0978259841160505,,0.0978259841160505,0.06917341674470678,0.9262,0.2015386546268424,0.36820515990257263,0.7315,0.068,0.001,,,,35.109074238830374,,,,
7979,P35557,H,380,*,STOP,,,,,100.0,2.0,6.0,-0.343412167087242,0.05,0.990500327375991,-0.3434,0.05,-0.343412167087242,0.05,,0.05,0.035355339059327376,,,,-0.3434,0.0354,,,,,35.109074238830374,,,,
7980,P35557,M,381,S,NONSYN,0.31494457442558743,1.043784233252327,0.06616319417827884,-1.5281333333333336,100.0,2.0,6.0,0.304961921400339,0.0933169462229634,0.7792466788864505,0.305,0.0933169462229634,0.304961921400339,0.0933169462229634,,0.0933169462229634,0.06598504547387779,0.8387,0.5337130411202604,0.4211964011192322,0.3177,0.0652,0.996,,,,0.609291833922054,,,,
7981,P35557,M,381,A,NONSYN,0.38040172866410704,-0.06804796379500423,0.1755802177515027,-1.2302,100.0,2.0,6.0,1.23040577932818,0.0734111242544437,0.012074059108696593,1.2304,0.0734111242544437,1.23040577932818,0.0734111242544437,,0.0734111242544437,0.051909503774845364,0.2425,0.9879423098228699,0.41007429361343384,1.2148,0.0515,0.614,,,,0.609291833922054,,,,
7982,P35557,M,381,V,NONSYN,0.43335182923768345,0.7608430955095883,0.031012362113534805,-0.17053333333333334,100.0,2.0,6.0,0.525418190216182,0.167611568710014,0.500128129867356,0.5254,0.167611568710014,0.525418190216182,0.167611568710014,,0.167611568710014,0.11851927684016585,0.8718,0.3463377673872726,0.4040774703025818,0.5529,0.1137,0.332,,,,0.609291833922054,,,,
7983,P35557,M,381,R,NONSYN,0.4133638176812908,0.3403973699177101,0.17324976668714945,-1.2179,100.0,2.0,6.0,0.0050697781900372,0.141498957301962,0.9472025822447017,0.0051,0.141498957301962,0.0050697781900372,0.141498957301962,,0.141498957301962,0.10005487223904307,0.3915,0.38642801262340887,0.5052295327186584,0.0197,0.0981,0.997,,,,0.609291833922054,,,,
7984,P35557,M,381,D,NONSYN,,0.17836874682228468,0.041579381093061724,-1.9705666666666666,100.0,2.0,6.0,-0.17101969495358899,0.105018929234577,0.9779836215233121,-0.171,0.105018929234577,-0.17101969495358899,0.105018929234577,,0.105018929234577,0.07425959701471954,0.304,0.47502349987569287,0.35922205448150635,-0.1516,0.0727,0.9940000000000001,,,,0.609291833922054,,,,
7985,P35557,M,381,F,NONSYN,0.3024433202519795,0.3366472131869363,0.056295945269414095,-0.4272,100.0,2.0,6.0,0.9781880280167959,0.0423097695830892,0.059342975329957824,0.9782,0.0423097695830892,0.9781880280167959,0.0423097695830892,,0.0423097695830892,0.029917524982642697,0.6794,0.29876958338331205,0.42588168382644653,0.9767,0.0298,0.451,,,,0.609291833922054,,,,
7986,P35557,M,381,T,NONSYN,0.4428972613017431,0.5063676795688121,0.044537736029952646,-0.9479666666666667,100.0,2.0,6.0,0.20089596815640803,0.136596974828392,0.8626056237111124,0.2009,0.136596974828392,0.20089596815640803,0.136596974828392,,0.136596974828392,0.09658864719072412,0.7213,0.5204332440323127,0.42218467593193054,0.2268,0.0942,0.8,,,,0.609291833922054,,,,
7987,P35557,M,381,I,NONSYN,0.5092966528428504,0.8705621825123826,0.05001544839145774,0.1806,100.0,2.0,6.0,1.02071377732375,0.0723038836926519,0.045874827328351846,1.0207,0.0723038836926519,1.02071377732375,0.0723038836926519,,0.0723038836926519,0.05112656646519758,0.8913,0.12940785386183595,0.388655424118042,1.0185,0.0507,0.337,,,,0.609291833922054,,,,
7988,P35557,M,381,L,NONSYN,0.4802407566174219,0.8414399985189093,0.04416610450248922,0.0198,100.0,2.0,6.0,1.1080803293041699,0.12306119141617501,0.02661186100952618,1.1081,0.12306119141617501,1.1080803293041699,0.12306119141617501,,0.12306119141617501,0.0870174029512731,0.8994,0.20865351141018795,0.3799622058868408,1.0977,0.0848,0.001,,,,0.609291833922054,,,,
7989,P35557,M,381,K,NONSYN,0.4908604207297649,0.3213292284875097,0.04032468899894127,-1.2170333333333332,100.0,2.0,6.0,0.0622742024806381,0.728718858665514,0.9298820337058513,0.0623,0.728718858665514,0.0622742024806381,0.728718858665514,,0.728718858665514,0.5152820465409063,0.5492,0.4869324716183304,0.42334213852882385,0.353,0.3271,0.987,,,,0.609291833922054,,,,
7990,P35557,M,381,G,NONSYN,0.2313069645088376,0.03880989877881835,0.045699504625050236,-2.044633333333333,100.0,2.0,6.0,0.24765684917681002,0.0674994760091096,0.8291899124182488,0.2477,0.0674994760091096,0.24765684917681002,0.0674994760091096,,0.0674994760091096,0.047729337212580075,0.2108,0.03686460569612765,0.3351749777793884,0.2469,0.0473,0.41700000000000004,,,,0.609291833922054,,,,
7991,P35557,M,381,Y,NONSYN,,0.36144395056585665,0.06175133689115619,-1.5137666666666665,100.0,2.0,6.0,2.35198276945975,0.13735422913356402,3.423613106804952e-06,2.352,0.13735422913356402,2.35198276945975,0.13735422913356402,,0.13735422913356402,0.09712410684499395,0.5524,1.7995606035890837,0.4300840497016907,2.2647,0.0947,0.986,,,,0.609291833922054,,,,
7992,P35557,M,381,N,NONSYN,0.3182579182514713,0.1126582760077522,0.05140649452889906,-1.7266666666666666,100.0,2.0,6.0,0.47006827818289004,0.101929286549829,0.5798804113034917,0.4701,0.101929286549829,0.47006827818289004,0.101929286549829,,0.101929286549829,0.07207488972089082,0.2358,0.23428186999693118,0.38241273164749146,0.462,0.0708,0.9940000000000001,,,,0.609291833922054,,,,
7993,P35557,M,381,C,NONSYN,,1.0608969283492786,0.05450853023975045,-1.5218999999999998,100.0,2.0,6.0,0.25362383610948497,0.184453364192488,0.8244649392223308,0.2536,0.184453364192488,0.25362383610948497,0.184453364192488,,0.184453364192488,0.13042822463318016,0.8387,0.5850511264111145,0.4211964011192322,0.3048,0.1246,0.997,,,,0.609291833922054,,,,
7994,P35557,M,381,P,NONSYN,0.29396488881585514,0.27106516182593005,0.05399075560937253,-1.7313666666666665,100.0,2.0,6.0,-0.0051523792716435,0.0740732559644465,0.949819861104099,-0.0052,0.0740732559644465,-0.0051523792716435,0.0740732559644465,,0.0740732559644465,0.052377701597026996,0.2987,0.3038783419104985,0.37059736251831055,0.0008,0.0519,1.0,,,,0.609291833922054,,,,
7995,P35557,M,381,E,NONSYN,0.3715633530173947,0.33022066436633085,0.04817988724713337,-1.7125666666666666,100.0,2.0,6.0,-0.182618886892846,0.127174879828587,0.9792081458278401,-0.1826,0.127174879828587,-0.182618886892846,0.127174879828587,,0.127174879828587,0.08992621992337814,0.4602,0.6427980667996911,0.42326146364212036,-0.1549,0.088,0.993,,,,0.609291833922054,,,,
7996,P35557,M,381,M,SYN,,,,,,,,,,,,,,,,,,,,,,,,,,,0.609291833922054,,,,
7997,P35557,M,381,W,NONSYN,0.17309253470131644,0.12410196735700475,0.1763458064814527,-1.278,100.0,2.0,6.0,-0.27148787205568803,0.0621152291282919,0.9865482403813147,-0.2715,0.0621152291282919,-0.27148787205568803,0.0621152291282919,,0.0621152291282919,0.04392209973157136,0.2285,0.5000019473349239,0.41007429361343384,-0.2658,0.0437,1.0,,,,0.609291833922054,,,,
7998,P35557,M,381,H,NONSYN,,0.9701895089898581,0.058498471145825515,-1.4892,100.0,2.0,6.0,0.5257460941877461,0.160956518746229,0.4996489609397854,0.5257,0.160956518746229,0.5257460941877461,0.160956518746229,,0.160956518746229,0.11381344588163816,0.8353,0.30956186155413623,0.4211964011192322,0.5468,0.1099,0.9940000000000001,,,,0.609291833922054,,,,
7999,P35557,M,381,Q,NONSYN,0.13890249407095925,0.5681673954631287,0.051930770208398175,-0.3912,100.0,2.0,6.0,0.283627481188219,0.101458516992333,0.799045591315344,0.2836,0.101458516992333,0.283627481188219,0.101458516992333,,0.101458516992333,0.07174200537440922,0.6093,0.3256767084937878,0.4354931116104126,0.2922,0.0708,1.0,,,,0.609291833922054,,,,
8000,P35557,M,381,*,STOP,,,,,100.0,2.0,6.0,-0.284192107996236,0.05,0.9873539209756558,-0.2842,0.05,-0.284192107996236,0.05,,0.05,0.035355339059327376,,,,-0.2842,0.0354,,,,,0.609291833922054,,,,
8001,P35557,C,382,S,NONSYN,0.3604904794435106,0.8762917783354892,0.07721372312690764,-0.9790999999999999,100.0,2.0,6.0,0.5309474718836621,0.144908031492671,0.49204469890120084,0.5309,0.144908031492671,0.5309474718836621,0.144908031492671,,0.144908031492671,0.10246545171686144,0.7769,0.2459758269520923,0.4316052198410034,0.5441,0.0997,1.0,,,,0.003425708537583548,,,,
8002,P35557,C,382,A,NONSYN,0.3068439069280049,0.8459336983100676,0.041714086322325726,-0.9634666666666667,100.0,2.0,6.0,1.12874468876007,0.128689081972922,0.023334010881447566,1.1287,0.128689081972922,1.12874468876007,0.128689081972922,,0.128689081972922,0.09099692252772464,0.7898,0.3389330179798882,0.41897323727607727,1.1135,0.0889,0.9990000000000001,,,,0.003425708537583548,,,,
8003,P35557,C,382,V,NONSYN,0.3179103570647324,0.6204116920780968,0.08401269136068662,-0.9982333333333333,100.0,2.0,6.0,1.29858773065584,0.0355980156923198,0.007685222813205589,1.2986,0.0355980156923198,1.29858773065584,0.0355980156923198,,0.0355980156923198,0.025171598292824462,0.6786,0.6200197250940114,0.4410717785358429,1.2966,0.0251,0.9990000000000001,,,,0.003425708537583548,,,,
8004,P35557,C,382,R,NONSYN,0.23801989209795835,-0.10087895681984775,0.08021344127948686,-2.6622333333333335,100.0,2.0,6.0,-0.0518487611374591,0.11156585976926402,0.960227553771566,-0.0518,0.11156585976926402,-0.0518487611374591,0.11156585976926402,,0.11156585976926402,0.07888897599175401,0.0851,0.13691609292838317,0.271497905254364,-0.0412,0.0758,1.0,,,,0.003425708537583548,,,,
8005,P35557,C,382,D,NONSYN,0.10680431653988344,0.04886669439557323,0.08152987888255549,-2.6273,100.0,2.0,6.0,-0.501085714783722,0.0928132063304487,0.995492843721227,-0.5011,0.0928132063304487,-0.501085714783722,0.0928132063304487,,0.0928132063304487,0.06562884757992647,0.1146,0.6156402690077363,0.27169376611709595,-0.4671,0.0638,1.0,,,,0.003425708537583548,,,,
8006,P35557,C,382,F,NONSYN,0.3827796558639093,0.14691800948097208,0.052710932999350694,-1.5911666666666668,100.0,2.0,6.0,-0.5206323858225,0.171039688669203,0.9958835660195124,-0.5206,0.171039688669203,-0.5206323858225,0.171039688669203,,0.171039688669203,0.12094332371002932,0.2423,0.7629820998632563,0.36015820503234863,-0.4433,0.1147,1.0,,,,0.003425708537583548,,,,
8007,P35557,C,382,T,NONSYN,0.21098713877231906,0.8171856381664764,0.08139682857895565,-0.9784999999999999,100.0,2.0,6.0,0.7082658923907009,0.0951609880486977,0.2521137129103723,0.7083,0.0951609880486977,0.7082658923907009,0.0951609880486977,,0.0951609880486977,0.06728897995364615,0.7613,0.05302489625981177,0.4298866093158722,0.7095,0.0665,1.0,,,,0.003425708537583548,,,,
8008,P35557,C,382,I,NONSYN,0.3827538054181146,0.8459336983100677,0.041714086322325726,-0.9634666666666667,100.0,2.0,6.0,0.6220217119599271,0.31143607744849106,0.36135696843431514,0.622,0.31143607744849106,0.6220217119599271,0.31143607744849106,,0.31143607744849106,0.2202185622699668,0.8286,0.20655449520102265,0.4177708029747009,0.6669,0.1948,0.996,,,,0.003425708537583548,,,,
8009,P35557,C,382,L,NONSYN,0.4158145620941803,-0.2522278589519426,0.06032067432563395,-1.554,100.0,2.0,6.0,0.6768052194762441,0.117354300382172,0.28957171424324407,0.6768,0.117354300382172,0.6768052194762441,0.117354300382172,,0.117354300382172,0.08298202160163685,0.0989,0.5779256735491963,0.2836664319038391,0.6312,0.0796,0.9990000000000001,,,,0.003425708537583548,,,,
8010,P35557,C,382,K,NONSYN,0.0,0.1515194913151229,0.036430790680256106,-2.5341,100.0,2.0,6.0,-0.270836383460221,0.10149102436625099,0.9865055197963979,-0.2708,0.10149102436625099,-0.270836383460221,0.10149102436625099,,0.10149102436625099,0.0717649915589452,0.2403,0.511183143017945,0.36938586831092834,-0.2522,0.0704,1.0,,,,0.003425708537583548,,,,
8011,P35557,C,382,G,NONSYN,0.4785067081693568,-0.31525292944341765,0.10843531809113997,-2.4234666666666667,100.0,2.0,6.0,0.532967565630692,0.0418361619081132,0.48909009400325776,0.533,0.0418361619081132,0.532967565630692,0.0418361619081132,,0.0418361619081132,0.029582633784045173,0.0778,0.4551199358451543,0.28226056694984436,0.528,0.0294,1.0,,,,0.003425708537583548,,,,
8012,P35557,C,382,Y,NONSYN,0.18775280364475316,0.14691800948097208,0.052710932999350694,-1.5911666666666668,100.0,2.0,6.0,0.0254964628308714,0.18296209200922697,0.9415623547181878,0.0255,0.18296209200922697,0.0254964628308714,0.18296209200922697,,0.18296209200922697,0.12937373595980142,0.2423,0.21685325120988483,0.36015820503234863,0.0503,0.1218,1.0,,,,0.003425708537583548,,,,
8013,P35557,C,382,N,NONSYN,0.3555954207344509,0.25292849739162887,0.06127271068874569,-1.6354333333333333,100.0,2.0,6.0,-0.292535000901099,0.126130408695399,0.9878556992045608,-0.2925,0.126130408695399,-0.292535000901099,0.126130408695399,,0.126130408695399,0.0891876673023473,0.2643,0.5568505464600284,0.36015820503234863,-0.2604,0.0866,1.0,,,,0.003425708537583548,,,,
8014,P35557,C,382,C,SYN,,,,,,,,,,,,,,,,,,,,,,,,,,,0.003425708537583548,,,,
8015,P35557,C,382,P,NONSYN,0.23278771184927005,0.07009414034433731,0.036891457559958464,-2.5291333333333337,100.0,2.0,6.0,-0.0265603305478642,0.0984501887420156,0.9548913404340933,-0.0266,0.0984501887420156,-0.0265603305478642,0.0984501887420156,,0.0984501887420156,0.06961479606857472,0.137,0.16354697362380718,0.28460395336151123,-0.0173,0.0676,1.0,,,,0.003425708537583548,,,,
8016,P35557,C,382,E,NONSYN,0.09400502805141753,-0.10930843368304605,0.08116171522093507,-2.6934333333333336,100.0,2.0,6.0,-0.319633712854972,0.0732568375924989,0.9893478551492677,-0.3196,0.0732568375924989,-0.319633712854972,0.0732568375924989,,0.0732568375924989,0.05180040662993757,0.0851,0.40470104464589607,0.26764315366744995,-0.305,0.0509,1.0,,,,0.003425708537583548,,,,
8017,P35557,C,382,M,NONSYN,,-0.04545405574911834,0.05722057075520001,-1.5635333333333332,100.0,2.0,6.0,0.0564838098677712,0.142586999484733,0.9318611138762477,0.0565,0.142586999484733,0.0564838098677712,0.142586999484733,,0.142586999484733,0.10082423424469746,0.1269,0.07046275862130351,0.2902982831001282,0.0641,0.0952,1.0,,,,0.003425708537583548,,,,
8018,P35557,C,382,W,NONSYN,0.3650350897967528,0.05314149783664168,0.10720351737178119,-2.438333333333333,100.0,2.0,6.0,-0.572215716209486,0.0808176821667782,0.9967533513547998,-0.5722,0.0808176821667782,-0.572215716209486,0.0808176821667782,,0.0808176821667782,0.05714673109990798,0.1146,0.6867702704335003,0.28631117939949036,-0.5459,0.056,1.0,,,,0.003425708537583548,,,,
8019,P35557,C,382,H,NONSYN,0.2472156663565278,-0.19316493548968175,0.04133445697312219,-2.6413333333333333,100.0,2.0,6.0,0.22500917487204297,0.31226399084985995,0.8461581883882466,0.225,0.31226399084985995,0.22500917487204297,0.31226399084985995,,0.31226399084985995,0.22080398545031,0.0778,0.14716154508650525,0.26338931918144226,0.1643,0.1692,1.0,,,,0.003425708537583548,,,,
8020,P35557,C,382,Q,NONSYN,0.31620129737801284,-0.10336151134633831,0.03213010895036616,-2.441966666666667,100.0,2.0,6.0,-0.10270668866054598,0.44137965743083296,0.9691172117946283,-0.1027,0.44137965743083296,-0.10270668866054598,0.44137965743083296,,0.44137965743083296,0.3121025488471373,0.0851,0.18777402045147007,0.25900998711586,0.0085,0.1993,1.0,,,,0.003425708537583548,,,,
8021,P35557,C,382,*,STOP,,,,,100.0,2.0,6.0,-0.0643559610940638,0.05,0.9626281487910539,-0.0644,0.05,-0.0643559610940638,0.05,,0.05,0.035355339059327376,,,,-0.0644,0.0354,,,,,0.003425708537583548,,,,
8022,P35557,S,383,S,SYN,,,,,100.0,2.0,6.0,0.684558072966551,0.05,0.28006114807034105,0.6846,0.05,0.684558072966551,0.05,,0.05,0.035355339059327376,,,,0.6846,0.0354,,,,,0.0,,,,
8023,P35557,S,383,A,NONSYN,0.4563330621977513,0.478730973470647,0.0688023943409472,-0.01466666666666668,100.0,2.0,6.0,0.9172174200692409,0.0616450214780394,0.08491196553077798,0.9172,0.0616450214780394,0.9172174200692409,0.0616450214780394,,0.0616450214780394,0.04358961271351203,0.7382,0.17896841618206438,0.40298572182655334,0.9151,0.0433,0.012,,,,0.0,,,,
8024,P35557,S,383,V,NONSYN,0.3566796973350173,0.3236031743940953,0.07107111824965535,-1.1372666666666664,100.0,2.0,6.0,0.24535548841026802,0.0469690751370133,0.8309835438364366,0.2454,0.0469690751370133,0.24535548841026802,0.0469690751370133,,0.0469690751370133,0.033212151535442574,0.465,0.21961572612258415,0.42374110221862793,0.2467,0.0331,0.992,,,,0.0,,,,
8025,P35557,S,383,R,NONSYN,0.5078165034060199,0.2154708695045454,0.07206278656469456,-0.9542999999999999,100.0,2.0,6.0,0.109439120201079,0.216323712461046,0.9115671663587557,0.1094,0.216323712461046,0.109439120201079,0.216323712461046,,0.216323712461046,0.15296396401265447,0.2697,0.16025747308352795,0.36200082302093506,0.1337,0.1409,1.0,,,,0.0,,,,
8026,P35557,S,383,D,NONSYN,0.26426002389568154,0.44966294229216636,0.057509147376518834,-0.6365333333333334,100.0,2.0,6.0,-0.228239921279209,0.356772575122711,0.9833848432720033,-0.2282,0.356772575122711,-0.228239921279209,0.356772575122711,,0.356772575122711,0.25227630721065586,0.4409,0.6691134845688513,0.42383861541748047,-0.0532,0.2168,0.998,,,,0.0,,,,
8027,P35557,S,383,F,NONSYN,0.4400921079880442,-0.022471756074233646,0.08321036580317996,-1.6948,100.0,2.0,6.0,0.0255163708078196,0.180805548909947,0.9415565784843717,0.0255,0.180805548909947,0.0255163708078196,0.180805548909947,,0.180805548909947,0.1278488297103795,0.1184,0.0929138860357473,0.28914475440979004,0.0407,0.1169,1.0,,,,0.0,,,,
8028,P35557,S,383,T,NONSYN,0.5032644910640633,0.7473528814401673,0.05583448653701049,-0.06083333333333333,100.0,2.0,6.0,0.11135169616068,0.18136466336237803,0.910735707885944,0.1114,0.18136466336237803,0.11135169616068,0.18136466336237803,,0.18136466336237803,0.1282441833311529,0.8652,0.7538981760469616,0.40350136160850525,0.1805,0.1222,0.583,,,,0.0,,,,
8029,P35557,S,383,I,NONSYN,0.40690641070991895,0.02441760898721788,0.05180411489898069,-1.6840666666666664,100.0,2.0,6.0,-0.11515172437653501,0.330175744620963,0.970967986331686,-0.1152,0.330175744620963,-0.11515172437653501,0.330175744620963,,0.330175744620963,0.23346950800480065,0.1184,0.2335819812201019,0.2852187752723694,-0.0214,0.1807,1.0,,,,0.0,,,,
8030,P35557,S,383,L,NONSYN,0.393745075519064,0.05382977187757854,0.09145451918360481,-1.6658,100.0,2.0,6.0,-0.203388213047617,0.082287864722154,0.9812292383893094,-0.2034,0.082287864722154,-0.203388213047617,0.082287864722154,,0.082287864722154,0.05818630715439637,0.1406,0.344010828861826,0.3357495963573456,-0.1934,0.0573,0.9990000000000001,,,,0.0,,,,
8031,P35557,S,383,K,NONSYN,0.33912790346884786,0.49678410671705436,0.06391540659888877,-0.6167666666666666,100.0,2.0,6.0,0.160636110258807,0.185636011481143,0.8866072242577383,0.1606,0.185636011481143,0.160636110258807,0.185636011481143,,0.185636011481143,0.13126448255074,0.4648,0.3042000103466618,0.42789363861083984,0.1868,0.1255,0.9990000000000001,,,,0.0,,,,
8032,P35557,S,383,G,NONSYN,0.4188135801978989,-0.04891871622507327,0.0979197100726626,-0.6509999999999999,100.0,2.0,6.0,1.26750505427251,0.119286435785331,0.009451242330172046,1.2675,0.119286435785331,1.26750505427251,0.119286435785331,,0.119286435785331,0.08434824764738119,0.3626,0.9049017475021852,0.4196220636367798,1.2324,0.0827,0.032,,,,0.0,,,,
8033,P35557,S,383,Y,NONSYN,0.3987520148682556,0.05382977187757854,0.09145451918360481,-1.6658,,,,,,,,,,,,,,0.1471,,0.3339644968509674,0.1471,0.334,0.9990000000000001,,,,0.0,,,,
8034,P35557,S,383,N,NONSYN,0.3577198430860929,0.3800215619826313,0.059209646606727,-0.23683333333333337,100.0,2.0,6.0,1.02284162071779,0.0620660252842562,0.045281226124859894,1.0228,0.0620660252842562,1.02284162071779,0.0620660252842562,,0.0620660252842562,0.04388730735979327,0.5815,0.4413314941270612,0.44611090421676636,1.0186,0.0437,0.983,,,,0.0,,,,
8035,P35557,S,383,C,NONSYN,0.4413057931247456,0.08787569265333901,0.08695589289499157,-0.9221333333333334,100.0,2.0,6.0,0.492224650754698,0.0645513031812054,0.5483236722661923,0.4922,0.0645513031812054,0.492224650754698,0.0645513031812054,,0.0645513031812054,0.04564466421385909,0.2077,0.2845239213845808,0.37344199419021606,0.488,0.0453,1.0,,,,0.0,,,,
8036,P35557,S,383,P,NONSYN,0.3754690196139504,0.17613050849619272,0.05886038959284403,-0.9290666666666666,100.0,2.0,6.0,0.22746020322613697,0.279121736833557,0.844394287791984,0.2275,0.279121736833557,0.22746020322613697,0.279121736833557,,0.279121736833557,0.1973688728915751,0.3925,0.16501704091258068,0.41157642006874084,0.2583,0.178,0.988,,,,0.0,,,,
8037,P35557,S,383,E,NONSYN,0.32956968841657797,0.5767135893549292,0.07346673484445942,-0.6321,100.0,2.0,6.0,-0.0791523376548178,0.104122303348226,0.9652807099076001,-0.0792,0.104122303348226,-0.0791523376548178,0.104122303348226,,0.104122303348226,0.07362558677029336,0.6199,0.6990251461112387,0.4429613947868347,-0.0604,0.0726,0.9990000000000001,,,,0.0,,,,
8038,P35557,S,383,M,NONSYN,0.4679817126368144,0.05190671161385088,0.08941562219702531,-1.6196000000000002,100.0,2.0,6.0,0.25112466920145105,0.09404283370487901,0.8264570291921816,0.2511,0.09404283370487901,0.25112466920145105,0.09404283370487901,,0.09404283370487901,0.06649832543471876,0.1348,0.11628006804712365,0.3002849817276001,0.2457,0.0649,1.0,,,,0.0,,,,
8039,P35557,S,383,W,NONSYN,0.3832492129242465,-0.09767452220544413,0.09082277049689384,-1.7880333333333336,100.0,2.0,6.0,-0.33054864199002804,0.109507641397283,0.9898939118186377,-0.3305,0.109507641397283,-0.33054864199002804,0.109507641397283,,0.109507641397283,0.0774335958237635,0.0851,0.4156159737809521,0.28739216923713684,-0.3024,0.0748,1.0,,,,0.0,,,,
8040,P35557,S,383,H,NONSYN,0.2629764798769622,0.276374658060638,0.08461407923570229,-0.9429,100.0,2.0,6.0,-0.0732722454671989,0.10676609489469802,0.9642500707473278,-0.0733,0.10676609489469802,-0.0732722454671989,0.10676609489469802,,0.10676609489469802,0.0754950297008474,0.3066,0.37987716728497845,0.37927544116973877,-0.0588,0.074,1.0,,,,0.0,,,,
8041,P35557,S,383,Q,NONSYN,0.3963611118941722,0.44966294229216636,0.057509147376518834,-0.6365333333333333,100.0,2.0,6.0,0.301999603533471,0.22014204004622798,0.7820826072159476,0.302,0.22014204004622798,0.301999603533471,0.22014204004622798,,0.22014204004622798,0.1556639293409283,0.3975,0.09551926968125068,0.41572898626327515,0.3137,0.1458,1.0,,,,0.0,,,,
8042,P35557,S,383,*,STOP,,,,,100.0,2.0,6.0,-0.17796650060879898,0.05,0.9787255968551553,-0.178,0.05,-0.17796650060879898,0.05,,0.05,0.035355339059327376,,,,-0.178,0.0354,,,,,0.0,,,,
8043,P35557,A,384,S,NONSYN,0.46929375853615796,0.19042244069273437,0.029679587869522194,-0.41050000000000003,100.0,2.0,6.0,0.58050078523907,0.0960126496332719,0.419899999408171,0.5805,0.0960126496332719,0.58050078523907,0.0960126496332719,,0.0960126496332719,0.06789119563537464,0.5053,0.07516014946255023,0.4209318161010742,0.5786,0.067,0.877,,,,0.0,,,,
8044,P35557,A,384,A,SYN,,,,,100.0,2.0,6.0,1.1680995277483501,0.05,0.018122344748706477,1.1681,0.05,1.1680995277483501,0.05,,0.05,0.035355339059327376,,,,1.1681,0.0354,,,,,0.0,,,,
8045,P35557,A,384,V,NONSYN,0.41129671784225785,0.8619241376338614,0.022768414538714768,-0.6206999999999999,100.0,2.0,6.0,-0.23823910178431199,0.0913855994270606,0.9841786933448764,-0.2382,0.0913855994270606,-0.23823910178431199,0.0913855994270606,,0.0913855994270606,0.06461937705767201,0.7769,1.0151624006200664,0.41884973645210266,-0.2146,0.0639,1.0,,,,0.0,,,,
8046,P35557,A,384,R,NONSYN,0.3190441200491768,0.04065581297799834,0.06165502192437438,-1.2165666666666668,100.0,2.0,6.0,-0.10768874157264098,0.110316356097857,0.9698720727911813,-0.1077,0.110316356097857,-0.10768874157264098,0.110316356097857,,0.110316356097857,0.07800544347258463,0.1441,0.2517449723561035,0.323391318321228,-0.0938,0.0758,1.0,,,,0.0,,,,
8047,P35557,A,384,D,NONSYN,0.4810824638550644,0.03301917921163367,0.07241647292834187,-1.3432333333333333,100.0,2.0,6.0,-0.6921910412665799,1.15168536249975,0.9981098509920555,-0.6922,1.15168536249975,-0.6921910412665799,1.15168536249975,,1.15168536249975,0.8143645296168603,0.1269,0.8191376097556546,0.28873884677886963,0.0355,0.2721,1.0,,,,0.0,,,,
8048,P35557,A,384,F,NONSYN,0.3975861635372093,-0.2990209073874845,0.289000752029776,-1.7862,100.0,2.0,6.0,-0.21186059506423702,0.130875678195896,0.9819947054038098,-0.2119,0.130875678195896,-0.21186059506423702,0.130875678195896,,0.130875678195896,0.09254307954470643,0.1349,0.34676179082877867,0.36460524797439575,-0.1909,0.0897,1.0,,,,0.0,,,,
8049,P35557,A,384,T,NONSYN,0.4593194656393701,0.3507050034780807,0.030530994181542995,-0.5557333333333333,100.0,2.0,6.0,0.130086353467978,0.0751477028716081,0.9021921390810547,0.1301,0.0751477028716081,0.130086353467978,0.0751477028716081,,0.0751477028716081,0.05313745029110588,0.3606,0.23054788405986928,0.38507741689682007,0.1344,0.0526,1.0,,,,0.0,,,,
8050,P35557,A,384,I,NONSYN,0.2533067127168299,-0.08340601840077866,0.061879830903424526,-1.3021,100.0,2.0,6.0,0.033511923864444,0.208169637155625,0.939190841506157,0.0335,0.208169637155625,0.033511923864444,0.208169637155625,,0.208169637155625,0.1471981620698855,0.1075,0.0739566811770599,0.27994847297668457,0.0495,0.1303,1.0,,,,0.0,,,,
8051,P35557,A,384,L,NONSYN,0.33775241979079834,-0.12910180794835333,0.07362975720480415,-1.2974666666666668,100.0,2.0,6.0,0.17059929250716802,0.12113834946980499,0.8810500186606309,0.1706,0.12113834946980499,0.17059929250716802,0.12113834946980499,,0.12113834946980499,0.08565774837184492,0.1043,0.06629903196334477,0.28210699558258057,0.165,0.082,0.9990000000000001,,,,0.0,,,,
8052,P35557,A,384,K,NONSYN,0.13783323133742972,0.6081366700694981,0.04962735418861797,-0.7036666666666666,100.0,2.0,6.0,-0.0574736228285541,0.45093218921991796,0.9613257626259148,-0.0575,0.45093218921991796,-0.0574736228285541,0.45093218921991796,,0.45093218921991796,0.31885720885269936,0.6592,0.7166516413985003,0.44671356678009033,0.1844,0.2595,1.0,,,,0.0,,,,
8053,P35557,A,384,G,NONSYN,0.5077306515769983,0.16759376450256105,0.033803704867102616,-0.48503333333333326,100.0,2.0,6.0,0.679420070394537,0.043096378274301995,0.28634426734117685,0.6794,0.043096378274301995,0.679420070394537,0.043096378274301995,,0.043096378274301995,0.03047374132233954,0.4276,0.2518683538284512,0.41360050439834595,0.6781,0.0304,0.966,,,,0.0,,,,
8054,P35557,A,384,Y,NONSYN,0.2413102682766479,-0.40163794085515264,0.29011927433366025,-1.7924666666666667,100.0,2.0,6.0,0.0959905053387674,0.0739512484897447,0.9172096372748871,0.096,0.0739512484897447,0.0959905053387674,0.0739512484897447,,0.0739512484897447,0.0522914292843099,0.1349,0.03891069042577422,0.37067532539367676,0.0967,0.0518,1.0,,,,0.0,,,,
8055,P35557,A,384,N,NONSYN,0.2596281291448914,0.11001412211138235,0.05903380816650914,-1.1920666666666666,100.0,2.0,6.0,-0.315763668972793,0.133656351948185,0.9891469636211973,-0.3158,0.133656351948185,-0.315763668972793,0.133656351948185,,0.133656351948185,0.09450931281121744,0.2067,0.5224941539352563,0.3586851954460144,-0.2818,0.0914,1.0,,,,0.0,,,,
8056,P35557,A,384,C,NONSYN,0.4521425054357098,0.1571726955656368,0.11708676386235745,-0.7297666666666668,100.0,2.0,6.0,1.29541830068303,0.0300664512492479,0.007849561724482387,1.2954,0.0300664512492479,1.29541830068303,0.0300664512492479,,0.0300664512492479,0.021260191564557933,0.2996,0.9958226168699349,0.40727490186691284,1.2927,0.0212,1.0,,,,0.0,,,,
8057,P35557,A,384,P,NONSYN,0.3737321559264451,0.6162929065594976,0.10822141759303465,-0.7215666666666666,100.0,2.0,6.0,-0.0819423322985526,0.191983911610233,0.9657591955840966,-0.0819,0.191983911610233,-0.0819423322985526,0.191983911610233,,0.191983911610233,0.1357531257783145,0.6592,0.7411203508684989,0.4957830607891083,-0.0303,0.1309,1.0,,,,0.0,,,,
8058,P35557,A,384,E,NONSYN,0.3924454343376217,0.3853341151853078,0.11573476695602009,-0.73,100.0,2.0,6.0,-0.0461590249990675,0.0804540836467065,0.9590848535122837,-0.0462,0.0804540836467065,-0.0461590249990675,0.0804540836467065,,0.0804540836467065,0.056889628120735884,0.3594,0.40552907781355113,0.4256604313850403,-0.039,0.0564,1.0,,,,0.0,,,,
8059,P35557,A,384,M,NONSYN,0.19919007049311416,-0.12998016222699665,0.0638436965792721,-1.2075333333333333,100.0,2.0,6.0,0.404219184042344,0.0850031344322659,0.6683034392678765,0.4042,0.0850031344322659,0.404219184042344,0.0850031344322659,,0.0850031344322659,0.060106292779166924,0.1222,0.28197080266607755,0.30951839685440063,0.394,0.059,1.0,,,,0.0,,,,
8060,P35557,A,384,W,NONSYN,0.17944660888741126,-0.26935371033068317,0.2737574356669105,-1.6895,100.0,2.0,6.0,-0.300862186234641,0.414171296420451,0.9883359975058554,-0.3009,0.414171296420451,-0.300862186234641,0.414171296420451,,0.414171296420451,0.2928633322717245,0.1467,0.4475372066909551,0.37216007709503174,-0.1297,0.2301,1.0,,,,0.0,,,,
8061,P35557,A,384,H,NONSYN,0.3663343704598138,-0.1626932749649893,0.2773273508711675,-1.3876666666666668,100.0,2.0,6.0,-0.105053678736711,0.19074989483375798,0.9694751776332697,-0.1051,0.19074989483375798,-0.105053678736711,0.19074989483375798,,0.19074989483375798,0.13488054414757106,0.1569,0.26190964935782,0.38406527042388916,-0.0763,0.1273,1.0,,,,0.0,,,,
8062,P35557,A,384,Q,NONSYN,0.3707092191809771,0.38533411518530775,0.11573476695602009,-0.73,100.0,2.0,6.0,0.6109340418240171,0.0810550633818549,0.3767147480430067,0.6109,0.0810550633818549,0.6109340418240171,0.0810550633818549,,0.0810550633818549,0.05731458496681501,0.3691,0.24184363373724038,0.4219043552875519,0.6066,0.0568,1.0,,,,0.0,,,,
8063,P35557,A,384,*,STOP,,,,,100.0,2.0,6.0,0.26771733299571304,0.05,0.8128731690030313,0.2677,0.05,0.26771733299571304,0.05,,0.05,0.035355339059327376,,,,0.2677,0.0354,,,,,0.0,,,,
8064,P35557,G,385,S,NONSYN,0.36837526824294986,-0.0668437358887996,0.10937518137926243,-0.8648000000000001,100.0,2.0,6.0,-0.16907805109497398,0.251505692916234,0.9777715387957403,-0.1691,0.251505692916234,-0.16907805109497398,0.251505692916234,,0.251505692916234,0.17784138096809046,0.2107,0.37980946803566307,0.39335721731185913,-0.1046,0.162,1.0,,,,0.0257152885785604,,,,
8065,P35557,G,385,A,NONSYN,0.4089269105168704,-0.09536749192394073,0.0977959605838673,-0.9328,100.0,2.0,6.0,-0.0835067829895506,0.32624371363036103,0.9660245822245209,-0.0835,0.32624371363036103,-0.0835067829895506,0.32624371363036103,,0.32624371363036103,0.23068914222751036,0.1913,0.2747834822941313,0.3636077642440796,-0.0046,0.1948,1.0,,,,0.0257152885785604,,,,
8066,P35557,G,385,V,NONSYN,0.3988573139738447,-0.17873632175095377,0.15283791164783292,-2.7219333333333338,100.0,2.0,6.0,-0.0420725771836443,0.18728819616522197,0.9582439110600663,-0.0421,0.18728819616522197,-0.0420725771836443,0.18728819616522197,,0.18728819616522197,0.13243275354462478,0.0901,0.13213930815974903,0.31890106201171875,-0.0226,0.1223,1.0,,,,0.0257152885785604,,,,
8067,P35557,G,385,R,NONSYN,0.3362652746103357,-0.031208126833991892,0.16927874568411216,-1.9470333333333334,100.0,2.0,6.0,-0.103305588410467,0.156765141691514,0.9692089589783754,-0.1033,0.156765141691514,-0.103305588410467,0.156765141691514,,0.156765141691514,0.11084969474373951,0.1189,0.22220529143628487,0.30996546149253845,-0.0781,0.1044,1.0,,,,0.0257152885785604,,,,
8068,P35557,G,385,D,NONSYN,0.3623286966209139,-0.20337427340062533,0.09675261948118304,-1.5976,100.0,2.0,6.0,0.0555439947906608,0.303965412548931,0.9321771776558205,0.0555,0.303965412548931,0.0555439947906608,0.303965412548931,,0.303965412548931,0.21493600445951558,0.0981,0.04259371172751242,0.29221469163894653,0.0705,0.1731,1.0,,,,0.0257152885785604,,,,
8069,P35557,G,385,F,NONSYN,0.3709207412708021,0.02194462492713414,0.09217561363171543,-2.717866666666667,100.0,2.0,6.0,-0.644115417217908,0.550102146165235,0.9976567442427485,-0.6441,0.550102146165235,-0.644115417217908,0.550102146165235,,0.550102146165235,0.388980957898711,0.1067,0.7507719089743472,0.29179662466049194,-0.1637,0.2334,1.0,,,,0.0257152885785604,,,,
8070,P35557,G,385,T,NONSYN,0.21962954488217865,-0.13661597888275676,0.1053247102575728,-1.5144,100.0,2.0,6.0,-0.14473088876294501,0.247416487258555,0.9749277772544371,-0.1447,0.247416487258555,-0.14473088876294501,0.247416487258555,,0.247416487258555,0.17494987591787925,0.1036,0.24828930989789375,0.2952141761779785,-0.0802,0.1505,1.0,,,,0.0257152885785604,,,,
8071,P35557,G,385,I,NONSYN,0.29686370150880703,-0.17873632175095375,0.15283791164783292,-2.721933333333333,100.0,2.0,6.0,-0.0059949715848019985,0.6534860109881129,0.9500297768919693,-0.006,0.6534860109881129,-0.0059949715848019985,0.6534860109881129,,0.6534860109881129,0.4620843897802413,0.0901,0.09606170256090674,0.31890106201171875,0.0591,0.2625,1.0,,,,0.0257152885785604,,,,
8072,P35557,G,385,L,NONSYN,0.33670580158540125,-0.17339233026144477,0.15573326287297684,-2.6893,100.0,2.0,6.0,-0.0581045516521713,0.137823342418293,0.9614470321043395,-0.0581,0.137823342418293,-0.0581045516521713,0.137823342418293,,0.137823342418293,0.09745582002977052,0.0901,0.14817128262827603,0.31890106201171875,-0.0454,0.0932,1.0,,,,0.0257152885785604,,,,
8073,P35557,G,385,K,NONSYN,0.4007452768135149,-0.04395752000402844,0.09604151185766581,-1.5245,100.0,2.0,6.0,-0.42270626539913,0.30799792986999397,0.9934907169456069,-0.4227,0.30799792986999397,-0.42270626539913,0.30799792986999397,,0.30799792986999397,0.21778742480249141,0.1269,0.5496528338882047,0.2988465428352356,-0.232,0.176,1.0,,,,0.0257152885785604,,,,
8074,P35557,G,385,G,SYN,,,,,100.0,2.0,6.0,0.7508501577206859,0.05,0.20648809722988098,0.7509,0.05,0.7508501577206859,0.05,,0.05,0.035355339059327376,,,,0.7509,0.0354,,,,,0.0257152885785604,,,,
8075,P35557,G,385,Y,NONSYN,0.28089736795090275,-0.24809751535124122,0.1407686268222848,-2.6748999999999996,100.0,2.0,6.0,0.16601100361721802,0.31442335366942203,0.883639395865778,0.166,0.31442335366942203,0.16601100361721802,0.31442335366942203,,0.31442335366942203,0.22233088554306443,0.0885,0.07754003799336243,0.31890106201171875,0.1406,0.1824,1.0,,,,0.0257152885785604,,,,
8076,P35557,G,385,N,NONSYN,0.382875509440285,-0.06568027976462126,0.12066598671047966,-0.8179,100.0,2.0,6.0,-0.172568419467509,0.12846327382589598,0.9781513009846498,-0.1726,0.12846327382589598,-0.172568419467509,0.12846327382589598,,0.12846327382589598,0.09083725205571536,0.1466,0.31917912651211044,0.3488292098045349,-0.1523,0.0879,1.0,,,,0.0257152885785604,,,,
8077,P35557,G,385,C,NONSYN,0.3672992043124827,0.10308083617963988,0.1761686746844374,-2.438433333333333,100.0,2.0,6.0,0.0918295174852758,1.0524350483206,0.9188848371205062,0.0918,1.0524350483206,0.0918295174852758,1.0524350483206,,1.0524350483206,0.744183959425888,0.1955,0.10365839898429817,0.3791840374469757,0.1741,0.3379,1.0,,,,0.0257152885785604,,,,
8078,P35557,G,385,P,NONSYN,0.2021261040610908,-0.09866874073332786,0.149777367009341,-1.8968333333333334,100.0,2.0,6.0,0.0990762532875409,0.36955638669626506,0.9159460787726769,0.0991,0.36955638669626506,0.0990762532875409,0.36955638669626506,,0.36955638669626506,0.261315827063727,0.0992,0.00010527957226134921,0.3033336102962494,0.0991,0.198,1.0,,,,0.0257152885785604,,,,
8079,P35557,G,385,E,NONSYN,0.4108810729254607,-0.05275980502290737,0.1459419799381856,-1.9435333333333331,100.0,2.0,6.0,-0.0386505538437206,0.396216468395137,0.9575264071185613,-0.0387,0.396216468395137,-0.0386505538437206,0.396216468395137,,0.396216468395137,0.28016735161998674,0.1154,0.15405939163897817,0.30996546149253845,0.0306,0.2078,1.0,,,,0.0257152885785604,,,,
8080,P35557,G,385,M,NONSYN,0.2878381921366005,0.1241408532068659,0.29606717241391833,-2.275,100.0,2.0,6.0,0.169798296874783,0.43583018472672297,0.881505800997878,0.1698,0.43583018472672297,0.169798296874783,0.43583018472672297,,0.43583018472672297,0.30817847906605145,0.269,0.09919007402060273,0.38638001680374146,0.2084,0.2409,1.0,,,,0.0257152885785604,,,,
8081,P35557,G,385,W,NONSYN,0.355895468841822,0.07318507905880485,0.2720951987484584,-2.4539666666666666,100.0,2.0,6.0,0.181516788847781,0.57759191180238,0.8746772696358512,0.1815,0.57759191180238,0.181516788847781,0.57759191180238,,0.57759191180238,0.40841915759396513,0.1901,0.008605934731625742,0.35341206192970276,0.1864,0.2672,1.0,,,,0.0257152885785604,,,,
8082,P35557,G,385,H,NONSYN,0.3218287257213429,-0.014293296322215565,0.13294416589620422,-1.9332999999999998,100.0,2.0,6.0,-0.15405007994579598,0.471419001050488,0.9760577603251576,-0.1541,0.471419001050488,-0.15405007994579598,0.471419001050488,,0.471419001050488,0.33334357242298823,0.1148,0.26884621179508494,0.3073842227458954,-0.0088,0.226,1.0,,,,0.0257152885785604,,,,
8083,P35557,G,385,Q,NONSYN,0.29754150588632416,-0.09556234367237754,0.11613634650808739,-1.7754,100.0,2.0,6.0,-0.0426856660398011,0.11145225796235099,0.9583711720596562,-0.0427,0.11145225796235099,-0.0426856660398011,0.11145225796235099,,0.11145225796235099,0.07880864738373076,0.0872,0.1298641645463471,0.2947787046432495,-0.034,0.0761,1.0,,,,0.0257152885785604,,,,
8084,P35557,G,385,*,STOP,,,,,100.0,2.0,6.0,-0.0909992716000907,0.05,0.9672670665885273,-0.091,0.05,-0.0909992716000907,0.05,,0.05,0.035355339059327376,,,,-0.091,0.0354,,,,,0.0257152885785604,,,,
8085,P35557,L,386,S,NONSYN,0.3696688568840947,0.5478516427103409,0.06308043396035379,-1.8501333333333332,100.0,2.0,6.0,0.888862982491473,0.23367773788373802,0.09980264139666144,0.8889,0.23367773788373802,0.888862982491473,0.23367773788373802,,0.23367773788373802,0.16523511306992375,0.5753,0.3135467917718685,0.429689884185791,0.8485,0.1542,1.0,,,,0.02254724321028277,,,,
8086,P35557,L,386,A,NONSYN,0.2800117097075371,0.9653148491843787,0.07956298917989328,-1.3620666666666665,100.0,2.0,6.0,1.04864599804037,0.08370108482417099,0.03862660372939029,1.0486,0.08370108482417099,1.04864599804037,0.08370108482417099,,0.08370108482417099,0.059185604671841724,0.7995,0.24912681678884407,0.4305298924446106,1.044,0.0586,1.0,,,,0.02254724321028277,,,,
8087,P35557,L,386,V,NONSYN,0.45006845647116095,0.6934751774639359,0.3325086965878948,0.4434,100.0,2.0,6.0,0.45452846606122205,0.0599997806813839,0.6015651821078076,0.4545,0.0599997806813839,0.45452846606122205,0.0599997806813839,,0.0599997806813839,0.04242625178951217,0.6955,0.24095647017611316,0.4828903377056122,0.4564,0.0423,0.9990000000000001,,,,0.02254724321028277,,,,
8088,P35557,L,386,R,NONSYN,0.2792328090176149,0.6690288592791119,0.06301778571386348,-1.8351333333333333,100.0,2.0,6.0,0.52533133278516,0.233981798789409,0.5002550502308221,0.5253,0.233981798789409,0.52533133278516,0.233981798789409,,0.233981798789409,0.1654501165982174,0.6699,0.14457355489107904,0.41812583804130554,0.5449,0.1538,1.0,,,,0.02254724321028277,,,,
8089,P35557,L,386,D,NONSYN,0.15709418040401155,-0.107789816387608,0.0460257476978616,-2.512333333333333,100.0,2.0,6.0,-0.439259582716572,0.108768939848464,0.9939800217494484,-0.4393,0.108768939848464,-0.439259582716572,0.108768939848464,,0.108768939848464,0.07691125494932058,0.0851,0.524326914507496,0.26338931918144226,-0.3981,0.0738,1.0,,,,0.02254724321028277,,,,
8090,P35557,L,386,F,NONSYN,0.463424518412456,0.7042859914903353,0.17029268788912177,0.48950000000000005,100.0,2.0,6.0,0.42209602398202395,1.21314623245808,0.6452735275408599,0.4221,1.21314623245808,0.42209602398202395,1.21314623245808,,1.21314623245808,0.85782392754202,0.6715,0.24940459924414182,0.5014340877532959,0.608,0.4329,1.0,,,,0.02254724321028277,,,,
8091,P35557,L,386,T,NONSYN,0.3205067496312658,0.7721697043060954,0.07268608922596095,-1.3817666666666666,100.0,2.0,6.0,1.62808143267522,0.160785266258141,0.0007918915283220179,1.6281,0.160785266258141,1.62808143267522,0.160785266258141,,0.160785266258141,0.11369235208601608,0.7286,0.8994387901772036,0.4256103038787842,1.5682,0.1098,1.0,,,,0.02254724321028277,,,,
8092,P35557,L,386,I,NONSYN,0.3599458773266949,0.37422125737351,0.3133019280879112,0.27723333333333333,100.0,2.0,6.0,1.4122902263325,0.4763095701488879,0.0035638776176286258,1.4123,0.4763095701488879,1.4122902263325,0.4763095701488879,,0.4763095701488879,0.33680172699632815,0.4631,0.949192445389583,0.4871891438961029,1.1053,0.277,0.9990000000000001,,,,0.02254724321028277,,,,
8093,P35557,L,386,L,SYN,,,,,100.0,2.0,6.0,0.559597125199532,0.05,0.4501824855726398,0.5596,0.05,0.559597125199532,0.05,,0.05,0.035355339059327376,,,,0.5596,0.0354,,,,,0.02254724321028277,,,,
8094,P35557,L,386,K,NONSYN,0.16637828819819184,0.856291997254811,0.08178746886142275,-1.8327,100.0,2.0,6.0,-0.0364580811419371,0.0763177877567966,0.9570602396194938,-0.0365,0.0763177877567966,-0.0364580811419371,0.0763177877567966,,0.0763177877567966,0.05396482524798654,0.7769,0.8133813799776914,0.4259711503982544,-0.0236,0.0535,1.0,,,,0.02254724321028277,,,,
8095,P35557,L,386,G,NONSYN,0.3375782897720982,-0.19235064729849402,0.04900999986586694,-2.5354666666666663,100.0,2.0,6.0,-0.18557708998391398,0.0820103093096692,0.9795091256815562,-0.1856,0.0820103093096692,-0.18557708998391398,0.0820103093096692,,0.0820103093096692,0.057990045840073334,0.0778,0.2634247197694517,0.26338931918144226,-0.1734,0.0566,1.0,,,,0.02254724321028277,,,,
8096,P35557,L,386,Y,NONSYN,0.3932294491632085,1.3303400909484535,0.079029653091557,-1.3710666666666667,100.0,2.0,6.0,-0.0464297272518538,0.0923491680047335,0.9591399581303788,-0.0464,0.0923491680047335,-0.0464297272518538,0.0923491680047335,,0.0923491680047335,0.0653007229330828,0.9911,1.0375183560207748,0.5158825516700745,-0.0301,0.0648,1.0,,,,0.02254724321028277,,,,
8097,P35557,L,386,N,NONSYN,0.1790631080953343,0.12889091891208837,0.060719224820329674,-2.4369,100.0,2.0,6.0,-0.333503900556043,0.12045991818554301,0.9900366995935362,-0.3335,0.12045991818554301,-0.333503900556043,0.12045991818554301,,0.12045991818554301,0.08517802501017417,0.239,0.5724562392515691,0.34118181467056274,-0.2999,0.0826,1.0,,,,0.02254724321028277,,,,
8098,P35557,L,386,C,NONSYN,0.3444819501115762,0.8648783354898654,0.03175159996561767,-1.3948999999999998,100.0,2.0,6.0,1.3142928421297702,0.282071933686159,0.00691876799147342,1.3143,0.282071933686159,1.3142928421297702,0.282071933686159,,0.282071933686159,0.19945497709188517,0.7701,0.5441923081675204,0.4210566282272339,1.2146,0.1803,1.0,,,,0.02254724321028277,,,,
8099,P35557,L,386,P,NONSYN,0.3101239067988947,-0.06395406318848311,0.15698076569367528,-2.2839666666666667,100.0,2.0,6.0,0.37653830534304605,0.206743267118156,0.7022510380238274,0.3765,0.206743267118156,0.37653830534304605,0.206743267118156,,0.206743267118156,0.14618956614390988,0.1189,0.2576386023172282,0.3059113025665283,0.3286,0.1319,1.0,,,,0.02254724321028277,,,,
8100,P35557,L,386,E,NONSYN,0.22335052551716408,-0.047514228398970314,0.059618724324300314,-2.4328000000000003,100.0,2.0,6.0,0.19571154137713298,0.129978334341976,0.8659326300602976,0.1957,0.129978334341976,0.19571154137713298,0.129978334341976,,0.129978334341976,0.09190856162054353,0.1067,0.08905504962069377,0.2646900415420532,0.1861,0.0868,1.0,,,,0.02254724321028277,,,,
8101,P35557,L,386,M,NONSYN,0.4855550162170784,0.7629715721252487,0.3075164459580862,0.15566666666666665,100.0,2.0,6.0,0.246039282077284,0.5399277836672239,0.830452270864561,0.246,0.5399277836672239,0.246039282077284,0.5399277836672239,,0.5399277836672239,0.38178659718211727,0.7365,0.4904368412556933,0.5154896378517151,0.4198,0.3068,1.0,,,,0.02254724321028277,,,,
8102,P35557,L,386,W,NONSYN,0.28885364138641745,0.459245411378232,0.07999207324454088,-1.8677333333333335,100.0,2.0,6.0,1.1546816764878,0.10513160220627801,0.019760191175306883,1.1547,0.10513160220627801,1.1546816764878,0.10513160220627801,,0.10513160220627801,0.07433926883706578,0.4042,0.7504967390106883,0.41320934891700745,1.1312,0.0732,1.0,,,,0.02254724321028277,,,,
8103,P35557,L,386,H,NONSYN,0.29725486605293433,0.288470518995423,0.07576083178570285,-1.9786333333333335,100.0,2.0,6.0,-0.0540698303865393,0.6420033762156739,0.9606648899545551,-0.0541,0.6420033762156739,-0.0540698303865393,0.6420033762156739,,0.6420033762156739,0.45396494086676126,0.3053,0.3593550159620245,0.36188799142837524,0.1657,0.283,1.0,,,,0.02254724321028277,,,,
8104,P35557,L,386,Q,NONSYN,0.3225298006389851,1.1725401722193134,0.07364445410086183,-1.5422,100.0,2.0,6.0,1.5924187356810802,0.05111470800923599,0.0010193490309689677,1.5924,0.05111470800923599,1.5924187356810802,0.05111470800923599,,0.05111470800923599,0.036143556651701096,0.8965,0.6959576064925426,0.410069078207016,1.5871,0.036,1.0,,,,0.02254724321028277,,,,
8105,P35557,L,386,*,STOP,,,,,100.0,2.0,6.0,-0.505007949838957,0.05,0.9955742546467413,-0.505,0.05,-0.505007949838957,0.05,,0.05,0.035355339059327376,,,,-0.505,0.0354,,,,,0.02254724321028277,,,,
8106,P35557,A,387,S,NONSYN,0.46929375853615796,0.2380594518779092,0.04594629921868981,-0.41050000000000003,100.0,2.0,6.0,0.20351439201236798,0.11925660448360101,0.860897671782197,0.2035,0.11925660448360101,0.20351439201236798,0.11925660448360101,,0.11925660448360101,0.0843271537316363,0.3095,0.10595724499820636,0.3724004030227661,0.2087,0.0822,1.0,,,,0.0,,,,
8107,P35557,A,387,A,SYN,,,,,100.0,2.0,6.0,0.991385792020068,0.05,0.05481979911499678,0.9914,0.05,0.991385792020068,0.05,,0.05,0.035355339059327376,,,,0.9914,0.0354,,,,,0.0,,,,
8108,P35557,A,387,V,NONSYN,0.41129671784225785,0.5772818598722033,0.10384666377715136,-0.6206999999999999,100.0,2.0,6.0,0.0866419251382962,0.0531526505460207,0.9209280169533773,0.0866,0.0531526505460207,0.0866419251382962,0.0531526505460207,,0.0531526505460207,0.03758459963913008,0.6141,0.5274542991697178,0.4858854115009308,0.0898,0.0375,1.0,,,,0.0,,,,
8109,P35557,A,387,R,NONSYN,0.3190441200491768,0.2633382669335606,0.049133727878816084,-1.2165666666666668,100.0,2.0,6.0,0.0109290750705265,0.08664697598945402,0.945641994947263,0.0109,0.08664697598945402,0.0109290750705265,0.08664697598945402,,0.08664697598945402,0.0612686642914509,0.2977,0.28675797860989344,0.3687419593334198,0.0186,0.0604,1.0,,,,0.0,,,,
8110,P35557,A,387,D,NONSYN,0.4810824638550644,0.1422263836412834,0.03614005495808192,-1.3432333333333333,100.0,2.0,6.0,-0.192629937460817,0.0996520971343254,0.9802088212836332,-0.1926,0.0996520971343254,-0.192629937460817,0.0996520971343254,,0.0996520971343254,0.070464673643142,0.244,0.4365983944443833,0.3567326068878174,-0.1762,0.0691,1.0,,,,0.0,,,,
8111,P35557,A,387,F,NONSYN,0.3975861635372093,-0.2130765641169953,0.08960788592549657,-1.7862,100.0,2.0,6.0,-0.28445266271848807,0.382642355973304,0.9873699122237993,-0.2845,0.382642355973304,-0.28445266271848807,0.382642355973304,,0.382642355973304,0.27056900467792006,0.0778,0.3623002925040258,0.2896978557109833,-0.1157,0.1977,1.0,,,,0.0,,,,
8112,P35557,A,387,T,NONSYN,0.4593194656393701,0.40775963755139605,0.10308162674048392,-0.5557333333333333,100.0,2.0,6.0,-0.0012116524744206,0.16771229113414302,0.9488264474816697,-0.0012,0.16771229113414302,-0.0012116524744206,0.16771229113414302,,0.16771229113414302,0.118590498349285,0.3756,0.37679258914472397,0.4105610251426697,0.0278,0.1139,1.0,,,,0.0,,,,
8113,P35557,A,387,I,NONSYN,0.2533067127168299,0.007700772963556962,0.05140476618740789,-1.3021,100.0,2.0,6.0,0.43869939302203,0.0838099294161055,0.6231840931415933,0.4387,0.0838099294161055,0.43869939302203,0.0838099294161055,,0.0838099294161055,0.059262569420894105,0.1269,0.3117528245329553,0.28307104110717773,0.4256,0.058,1.0,,,,0.0,,,,
8114,P35557,A,387,L,NONSYN,0.33775241979079834,0.19071600277360165,0.05204014607670048,-1.2974666666666668,100.0,2.0,6.0,-0.110346296408104,0.0764265762970715,0.9702670571887027,-0.1103,0.0764265762970715,-0.110346296408104,0.0764265762970715,,0.0764265762970715,0.05404175036253032,0.2621,0.3724499732040635,0.3567326068878174,-0.102,0.0534,1.0,,,,0.0,,,,
8115,P35557,A,387,K,NONSYN,0.13783323133742972,0.2952670469113743,0.10643488477132307,-0.7036666666666666,100.0,2.0,6.0,0.0173310103137169,0.0961293737772374,0.9438848456551773,0.0173,0.0961293737772374,0.0173310103137169,0.0961293737772374,,0.0961293737772374,0.06797373206910085,0.3165,0.29919251182487866,0.4040391147136688,0.0256,0.067,1.0,,,,0.0,,,,
8116,P35557,A,387,G,NONSYN,0.5077306515769983,0.19777305906997186,0.10861391816052801,-0.48503333333333326,100.0,2.0,6.0,0.628748082969852,0.0839434723879697,0.3521584802793449,0.6287,0.0839434723879697,0.628748082969852,0.0839434723879697,,0.0839434723879697,0.059356998561879086,0.507,0.12178870425052213,0.47260239720344543,0.6269,0.0589,0.6629999999999999,,,,0.0,,,,
8117,P35557,A,387,Y,NONSYN,0.2413102682766479,-0.2028897031136967,0.09947640109928475,-1.7924666666666667,100.0,2.0,6.0,-0.31501324572838396,0.33589806754948603,0.9891075567119183,-0.315,0.33589806754948603,-0.31501324572838396,0.33589806754948603,,0.33589806754948603,0.23751580135169856,0.0778,0.3928608755139217,0.28739216923713684,-0.1556,0.1831,1.0,,,,0.0,,,,
8118,P35557,A,387,N,NONSYN,0.2596281291448914,0.2552737716274525,0.03323617222484851,-1.1920666666666666,100.0,2.0,6.0,0.0351225609888507,0.176290498121971,0.9387030555263096,0.0351,0.176290498121971,0.0351225609888507,0.176290498121971,,0.176290498121971,0.1246562066808,0.2894,0.25430579232078065,0.3687419593334198,0.0612,0.1181,1.0,,,,0.0,,,,
8119,P35557,A,387,C,NONSYN,0.4521425054357098,0.10264118631570729,0.10736154811989727,-0.7297666666666668,100.0,2.0,6.0,0.595208592100718,0.0753309018352515,0.39886353947771525,0.5952,0.0753309018352515,0.595208592100718,0.0753309018352515,,0.0753309018352515,0.05326699152060447,0.2761,0.31915024606762166,0.3915941119194031,0.5894,0.0528,1.0,,,,0.0,,,,
8120,P35557,A,387,P,NONSYN,0.3737321559264451,0.37347616898682495,0.104431977420674,-0.7215666666666666,100.0,2.0,6.0,-0.21729635591263502,0.12978096429011302,0.9824688487016108,-0.2173,0.12978096429011302,-0.21729635591263502,0.12978096429011302,,0.12978096429011302,0.09176899991846807,0.3517,0.5689692437147591,0.4195937514305115,-0.1913,0.0896,1.0,,,,0.0,,,,
8121,P35557,A,387,E,NONSYN,0.3924454343376217,0.13174774883393328,0.04200443096083747,-0.73,100.0,2.0,6.0,0.0350375557645431,0.17660747723019599,0.938728895031962,0.035,0.17660747723019599,0.0350375557645431,0.17660747723019599,,0.17660747723019599,0.12488034475772036,0.2545,0.2194228982225785,0.35735374689102173,0.0589,0.1179,1.0,,,,0.0,,,,
8122,P35557,A,387,M,NONSYN,0.19919007049311416,0.16158367636046905,0.05033782675579859,-1.2075333333333333,100.0,2.0,6.0,0.31619284678980103,0.0731558191672176,0.7682396077389975,0.3162,0.0731558191672176,0.31619284678980103,0.0731558191672176,,0.0731558191672176,0.05172897581639637,0.2627,0.05353436996027222,0.3567326068878174,0.3151,0.0512,1.0,,,,0.0,,,,
8123,P35557,A,387,W,NONSYN,0.17944660888741126,-0.26403194863589635,0.12228682695285358,-1.6895,100.0,2.0,6.0,-0.131586509161785,0.147561057579276,0.9732408378526162,-0.1316,0.147561057579276,-0.131586509161785,0.147561057579276,,0.147561057579276,0.10434142445336465,0.0896,0.2212079040344504,0.293643981218338,-0.1068,0.0983,1.0,,,,0.0,,,,
8124,P35557,A,387,H,NONSYN,0.3663343704598138,0.045241053051036324,0.035586878275015374,-1.3876666666666668,100.0,2.0,6.0,0.0983260543099242,0.103173341854825,0.916254950830295,0.0983,0.103173341854825,0.0983260543099242,0.103173341854825,,0.103173341854825,0.07295456966322461,0.1348,0.0365185468444032,0.28381168842315674,0.1006,0.0707,1.0,,,,0.0,,,,
8125,P35557,A,387,Q,NONSYN,0.3707092191809771,0.13174774883393328,0.04200443096083747,-0.73,100.0,2.0,6.0,0.50788890454604,0.42590266619233896,0.5256764484040056,0.5079,0.42590266619233896,0.50788890454604,0.42590266619233896,,0.42590266619233896,0.3011586633900334,0.2996,0.20829322073294487,0.36936309933662415,0.4247,0.2334,1.0,,,,0.0,,,,
8126,P35557,A,387,*,STOP,,,,,100.0,2.0,6.0,0.873424434308775,0.05,0.10881569336543356,0.8734,0.05,0.873424434308775,0.05,,0.05,0.035355339059327376,,,,0.8734,0.0354,,,,,0.0,,,,
8127,P35557,G,388,S,NONSYN,0.36837526824294986,0.43437727148312866,0.060785903546883874,-0.8648000000000001,100.0,2.0,6.0,0.547028867399738,0.0819944558546883,0.4685241424003785,0.547,0.0819944558546883,0.547028867399738,0.0819944558546883,,0.0819944558546883,0.05797883575455111,0.6772,0.13021740516419633,0.4247584342956543,0.5494,0.0574,0.9009999999999999,,,,0.0,,,,
8128,P35557,G,388,A,NONSYN,0.4089269105168704,0.2582352377507947,0.060987882265113876,-0.9328,100.0,2.0,6.0,1.0754549685967398,0.0792487725697036,0.0326857385970113,1.0755,0.0792487725697036,1.0754549685967398,0.0792487725697036,,0.0792487725697036,0.05603734448474787,0.6271,0.4483785811913443,0.4357013404369354,1.0682,0.0556,0.057999999999999996,,,,0.0,,,,
8129,P35557,G,388,V,NONSYN,0.3988573139738447,0.1777744616094489,0.05053941136058745,-2.7219333333333338,100.0,2.0,6.0,0.380235989126059,0.0792869885528147,0.6978433872241565,0.3802,0.0792869885528147,0.380235989126059,0.0792869885528147,,0.0792869885528147,0.056064367265555436,0.2697,0.11055861833939212,0.34692415595054626,0.3774,0.0553,0.998,,,,0.0,,,,
8130,P35557,G,388,R,NONSYN,0.3362652746103357,0.35964562455848803,0.04466191837719612,-1.9470333333333334,100.0,2.0,6.0,-0.0888048396892784,0.20288607267371103,0.9669079925533299,-0.0888,0.20288607267371103,-0.0888048396892784,0.20288607267371103,,0.20288607267371103,0.14346211779588774,0.3482,0.43701726062967755,0.3705982565879822,-0.0319,0.1338,1.0,,,,0.0,,,,
8131,P35557,G,388,D,NONSYN,0.3623286966209139,0.34307644928554565,0.15902871190593773,-1.5976,100.0,2.0,6.0,0.0246518897120981,0.21793819033664397,0.9418068892508636,0.0247,0.21793819033664397,0.0246518897120981,0.21793819033664397,,0.21793819033664397,0.15410557226656543,0.3543,0.32966392764401153,0.4493409991264343,0.0593,0.1458,1.0,,,,0.0,,,,
8132,P35557,G,388,F,NONSYN,0.3709207412708021,0.2765491759824226,0.05005997067472214,-2.717866666666667,100.0,2.0,6.0,0.0839118460071377,0.0845848237850361,0.9219834026813637,0.0839,0.0845848237850361,0.0839118460071377,0.0845848237850361,,0.0845848237850361,0.0598105024838682,0.3022,0.2182458540546604,0.3556179106235504,0.0899,0.059,1.0,,,,0.0,,,,
8133,P35557,G,388,T,NONSYN,0.21962954488217865,0.185238330995993,0.16153280279243273,-1.5144,100.0,2.0,6.0,0.49816624458075603,0.18179158889206398,0.5397600021556812,0.4982,0.18179158889206398,0.49816624458075603,0.18179158889206398,,0.18179158889206398,0.1285460652682555,0.2554,0.24276242788077435,0.413875937461853,0.4768,0.1228,1.0,,,,0.0,,,,
8134,P35557,G,388,I,NONSYN,0.29686370150880703,0.1777744616094489,0.05053941136058745,-2.721933333333333,100.0,2.0,6.0,-0.10449581689441001,0.108998407558281,0.9693904745878592,-0.1045,0.108998407558281,-0.10449581689441001,0.108998407558281,,0.108998407558281,0.07707351312299553,0.2697,0.3741731876810769,0.34692415595054626,-0.0869,0.0752,0.9990000000000001,,,,0.0,,,,
8135,P35557,G,388,L,NONSYN,0.33670580158540125,0.1766511386201076,0.036888024735161805,-2.6893,100.0,2.0,6.0,0.38360595809408293,0.166641920675453,0.6937914468813655,0.3836,0.166641920675453,0.38360595809408293,0.166641920675453,,0.166641920675453,0.11783363213956355,0.2697,0.11392858730741606,0.34692415595054626,0.3718,0.1116,0.998,,,,0.0,,,,
8136,P35557,G,388,K,NONSYN,0.4007452768135149,0.48677425205364006,0.07505200659775008,-1.5245,100.0,2.0,6.0,-0.406441518592185,0.633505288136765,0.9929693651273205,-0.4064,0.633505288136765,-0.406441518592185,0.633505288136765,,0.633505288136765,0.44795588515904416,0.424,0.830470272826499,0.4161568880081177,0.0393,0.3049,1.0,,,,0.0,,,,
8137,P35557,G,388,G,SYN,,,,,100.0,2.0,6.0,0.776304956518341,0.05,0.18213521575354258,0.7763,0.05,0.776304956518341,0.05,,0.05,0.035355339059327376,,,,0.7763,0.0354,,,,,0.0,,,,
8138,P35557,G,388,Y,NONSYN,0.28089736795090275,0.28258459774242656,0.04784845794271497,-2.6748999999999996,100.0,2.0,6.0,0.0658055807271261,0.105128757583235,0.9286478474597765,0.0658,0.105128757583235,0.0658055807271261,0.105128757583235,,0.105128757583235,0.07433725738482215,0.3022,0.23635211933467198,0.3556179106235504,0.0757,0.0728,1.0,,,,0.0,,,,
8139,P35557,G,388,N,NONSYN,0.382875509440285,0.5490452419028586,0.057975336495560414,-0.8179,100.0,2.0,6.0,0.203024956140548,0.112832825450679,0.8612183404793274,0.203,0.112832825450679,0.203024956140548,0.112832825450679,,0.112832825450679,0.07978485601661318,0.5753,0.3722912345790565,0.43632248044013977,0.2151,0.0785,1.0,,,,0.0,,,,
8140,P35557,G,388,C,NONSYN,0.3672992043124827,-0.03021870952777822,0.11867587703717986,-2.438433333333333,100.0,2.0,6.0,0.170392531702441,0.6950441353383051,0.8811678219989842,0.1704,0.6950441353383051,0.170392531702441,0.6950441353383051,,0.6950441353383051,0.491470421321656,0.1067,0.0637360399460018,0.28226056694984436,0.1225,0.2448,1.0,,,,0.0,,,,
8141,P35557,G,388,P,NONSYN,0.2021261040610908,0.22691211348908122,0.0634468274619858,-1.8968333333333334,100.0,2.0,6.0,0.30939569351894197,0.0678831729627332,0.7749495724973042,0.3094,0.0678831729627332,0.30939569351894197,0.0678831729627332,,0.0678831729627332,0.048000651930407943,0.2601,0.049294971206014726,0.3508519232273102,0.3085,0.0476,1.0,,,,0.0,,,,
8142,P35557,G,388,E,NONSYN,0.4108810729254607,0.22169176915045452,0.06306582122228975,-1.9435333333333331,100.0,2.0,6.0,0.32505672653482204,0.0739983994784594,0.7592670110804243,0.3251,0.0739983994784594,0.32505672653482204,0.0739983994784594,,0.0739983994784594,0.05232477006816972,0.2601,0.06495600422189479,0.34916526079177856,0.3236,0.0517,1.0,,,,0.0,,,,
8143,P35557,G,388,M,NONSYN,0.2878381921366005,-0.022401343646437682,0.19849589191516584,-2.275,100.0,2.0,6.0,0.0761001384513024,0.16033793370916802,0.9249290773144158,0.0761,0.16033793370916802,0.0761001384513024,0.16033793370916802,,0.16033793370916802,0.11337604020719183,0.1189,0.042799564574515475,0.3654647171497345,0.0799,0.1083,1.0,,,,0.0,,,,
8144,P35557,G,388,W,NONSYN,0.355895468841822,0.20890955309326745,0.16916149903569666,-2.4539666666666666,100.0,2.0,6.0,-0.546992256160696,0.470655573312257,0.9963550690381685,-0.547,0.470655573312257,-0.546992256160696,0.470655573312257,,0.470655573312257,0.33280374749233915,0.2671,0.8140494365653591,0.406173974275589,-0.22,0.2574,1.0,,,,0.0,,,,
8145,P35557,G,388,H,NONSYN,0.3218287257213429,0.18188252678816186,0.053357623001063066,-1.9332999999999998,100.0,2.0,6.0,0.4444844536217,0.160687513078963,0.6153426184559441,0.4445,0.160687513078963,0.4444844536217,0.160687513078963,,0.160687513078963,0.11362323015013678,0.2481,0.19642130655367634,0.34916526079177856,0.4257,0.108,1.0,,,,0.0,,,,
8146,P35557,G,388,Q,NONSYN,0.29754150588632416,0.24480604380876655,0.06653599836105314,-1.7754,100.0,2.0,6.0,0.9375046218680659,0.14437877232877602,0.0754863290676223,0.9375,0.14437877232877602,0.9375046218680659,0.14437877232877602,,0.14437877232877602,0.10209120897306619,0.2623,0.6751920307921687,0.35972273349761963,0.8872,0.0982,1.0,,,,0.0,,,,
8147,P35557,G,388,*,STOP,,,,,100.0,2.0,6.0,-0.139485981395879,0.05,0.9742680380145362,-0.1395,0.05,-0.139485981395879,0.05,,0.05,0.035355339059327376,,,,-0.1395,0.0354,,,,,0.0,,,,
8148,P35557,V,389,S,NONSYN,0.33699392667600697,-0.07102151939542102,0.034710277649958904,-1.4466,100.0,2.0,6.0,0.0257180505557392,0.0871335758227374,0.9414980301636116,0.0257,0.0871335758227374,0.0257180505557392,0.0871335758227374,,0.0871335758227374,0.06161274233328982,0.1251,0.099357528133836,0.28237324953079224,0.0302,0.0602,1.0,,,,0.198259162376812,,,,
8149,P35557,V,389,A,NONSYN,0.4716545268994549,0.5888839771933337,0.02933681553906903,-0.7901333333333334,100.0,2.0,6.0,0.320922632571102,0.113364778601935,0.7634831206088225,0.3209,0.113364778601935,0.320922632571102,0.113364778601935,,0.113364778601935,0.08016100369713985,0.6943,0.3734065099993936,0.420204758644104,0.334,0.0787,0.963,,,,0.198259162376812,,,,
8150,P35557,V,389,V,SYN,,,,,100.0,2.0,6.0,1.37117958385225,0.05,0.004714970831416583,1.3712,0.05,1.37117958385225,0.05,,0.05,0.035355339059327376,,,,1.3712,0.0354,,,,,0.198259162376812,,,,
8151,P35557,V,389,R,NONSYN,0.17643841508486408,-0.0577293680549106,0.060643475879028096,-1.9857333333333334,100.0,2.0,6.0,0.0119726545238502,0.10846743013793401,0.9453593073994903,0.012,0.10846743013793401,0.0119726545238502,0.10846743013793401,,0.10846743013793401,0.07669805538841123,0.1067,0.09468383723258901,0.2714728116989136,0.019,0.0738,1.0,,,,0.198259162376812,,,,
8152,P35557,V,389,D,NONSYN,0.27348180848279724,0.012918141957971368,0.03941832394747322,-2.3809,100.0,2.0,6.0,0.0802158115507752,0.44194168088909297,0.923390698732296,0.0802,0.44194168088909297,0.0802158115507752,0.44194168088909297,,0.44194168088909297,0.31249995944565884,0.1067,0.026440680205664008,0.25900998711586,0.0959,0.1994,1.0,,,,0.198259162376812,,,,
8153,P35557,V,389,F,NONSYN,0.4053248813429461,0.5827503494110804,0.03441386896247451,-0.9184666666666667,100.0,2.0,6.0,-0.207499667023591,0.0986265498232686,0.981604793686398,-0.2075,0.0986265498232686,-0.207499667023591,0.0986265498232686,,0.0986265498232686,0.06973950218506611,0.6175,0.824986501549653,0.4414798617362976,-0.1874,0.0689,0.9990000000000001,,,,0.198259162376812,,,,
8154,P35557,V,389,T,NONSYN,0.3185872156759129,1.6694220627063074,0.041619133309507624,-0.1374,100.0,2.0,6.0,0.572541233497192,0.0699332208267767,0.4313869943923014,0.5725,0.0699332208267767,0.572541233497192,0.0699332208267767,,0.0699332208267767,0.049450254676830105,1.1865,0.6139813695377812,0.5882629156112671,0.5768,0.0493,0.9990000000000001,,,,0.198259162376812,,,,
8155,P35557,V,389,I,NONSYN,0.4306262074024321,1.7532949296816707,0.035914886252517736,-0.1123,100.0,2.0,6.0,0.94665811735233,0.0701142669773598,0.0715457935098813,0.9467,0.0701142669773598,0.94665811735233,0.0701142669773598,,0.0701142669773598,0.049578273637615126,1.2127,0.2659959964172013,0.5488219261169434,0.9488,0.0494,0.309,,,,0.198259162376812,,,,
8156,P35557,V,389,L,NONSYN,0.4667115524229356,1.1473946436234714,0.03266648350650009,-0.29109999999999997,100.0,2.0,6.0,2.1386234907457,0.12985226761509,1.813238018110853e-05,2.1386,0.12985226761509,2.1386234907457,0.12985226761509,,0.12985226761509,0.09181941898308045,0.9336,1.2049915937730438,0.40337690711021423,2.0793,0.0895,0.838,,,,0.198259162376812,,,,
8157,P35557,V,389,K,NONSYN,0.1909141340536438,0.5010912170359184,0.03227582375615099,-1.7571333333333332,100.0,2.0,6.0,-0.227403049197937,0.109773944610404,0.9833165684497661,-0.2274,0.109773944610404,-0.227403049197937,0.109773944610404,,0.109773944610404,0.07762190063161313,0.4401,0.6674747810037384,0.4203411340713501,-0.2054,0.0763,1.0,,,,0.198259162376812,,,,
8158,P35557,V,389,G,NONSYN,0.3807983932718594,0.011826454714676535,0.1095356848716994,-2.365066666666667,100.0,2.0,6.0,0.0834908732806597,0.0855320603771445,0.9221449346322543,0.0835,0.0855320603771445,0.0834908732806597,0.0855320603771445,,0.0855320603771445,0.06048029990153608,0.1189,0.0354569604958143,0.2888924181461334,0.085,0.0592,0.9990000000000001,,,,0.198259162376812,,,,
8159,P35557,V,389,Y,NONSYN,0.33250944557826595,0.5010912170359184,0.03227582375615099,-1.7571333333333332,100.0,2.0,6.0,0.0538403585842779,0.0716970557314397,0.9327464926349909,0.0538,0.0716970557314397,0.0538403585842779,0.0716970557314397,,0.0716970557314397,0.05069747429881083,0.4401,0.3862313732215235,0.4203411340713501,0.0594,0.0503,1.0,,,,0.198259162376812,,,,
8160,P35557,V,389,N,NONSYN,0.2445312890805706,0.026065050987751734,0.06189787607564876,-2.1033666666666666,100.0,2.0,6.0,-0.0283720004064727,0.0938102386101672,0.9552963471628185,-0.0284,0.0938102386101672,-0.0283720004064727,0.0938102386101672,,0.0938102386101672,0.0663338558659773,0.1067,0.1350284921629119,0.2646900415420532,-0.0204,0.0643,1.0,,,,0.198259162376812,,,,
8161,P35557,V,389,C,NONSYN,0.4349501020449153,0.0463803387010834,0.04094103442293844,-0.9503666666666666,100.0,2.0,6.0,1.4016103651064,0.0295605433351981,0.0038334933075785662,1.4016,0.0295605433351981,1.4016103651064,0.0295605433351981,,0.0295605433351981,0.020902460647877378,0.1564,1.245230605794724,0.3250501751899719,1.3965,0.0209,1.0,,,,0.198259162376812,,,,
8162,P35557,V,389,P,NONSYN,0.17175025849116904,0.39924808113929444,0.039940251634207606,-1.883333333333333,100.0,2.0,6.0,0.0825869454396779,0.21294760204566798,0.9224906986244257,0.0826,0.21294760204566798,0.0825869454396779,0.21294760204566798,,0.21294760204566798,0.15057669344390615,0.3547,0.27210360631813457,0.3763553202152252,0.1201,0.1398,1.0,,,,0.198259162376812,,,,
8163,P35557,V,389,E,NONSYN,0.32079411141973807,0.375455446382361,0.036337644867434835,-1.7854,100.0,2.0,6.0,0.14950426276273499,0.0838677380081374,0.8925342614303946,0.1495,0.0838677380081374,0.14950426276273499,0.0838677380081374,,0.0838677380081374,0.05930344626833071,0.3479,0.1983474904721283,0.379074364900589,0.1542,0.0586,1.0,,,,0.198259162376812,,,,
8164,P35557,V,389,M,NONSYN,0.4348220015603004,1.0106957856046648,0.043845587518683365,-0.2969,100.0,2.0,6.0,2.54872006480212,0.0382825835279636,7.02850328275503e-07,2.5487,0.0382825835279636,2.54872006480212,0.0382825835279636,,0.0382825835279636,0.027069874413963482,0.8532,1.6955242783259847,0.4301130175590515,2.542,0.027,0.997,,,,0.198259162376812,,,,
8165,P35557,V,389,W,NONSYN,0.20407639127029992,-0.04576801206071734,0.03793482203068913,-1.7649666666666668,100.0,2.0,6.0,1.41317463809197,0.0699894584549215,0.0035423957775750445,1.4132,0.0699894584549215,1.41317463809197,0.0699894584549215,,0.0699894584549215,0.04949002068504913,0.1067,1.3065181463355309,0.2775508761405945,1.3729,0.0487,1.0,,,,0.198259162376812,,,,
8166,P35557,V,389,H,NONSYN,0.2484595230317529,0.021272155222717568,0.10951356932055419,-2.2657666666666665,100.0,2.0,6.0,-0.0163644470002729,0.108868647968306,0.9525428861682848,-0.0164,0.108868647968306,-0.0163644470002729,0.108868647968306,,0.108868647968306,0.07698175923700022,0.1067,0.1230209387567121,0.28226056694984436,-0.0078,0.0743,1.0,,,,0.198259162376812,,,,
8167,P35557,V,389,Q,NONSYN,0.31633139311143543,0.445091950552256,0.036501629102717835,-1.7866,100.0,2.0,6.0,-0.05940524974695,0.0825760050563807,0.9616958326155978,-0.0594,0.0825760050563807,-0.05940524974695,0.0825760050563807,,0.0825760050563807,0.05839005313866143,0.3868,0.4462334934794024,0.42022913694381714,-0.051,0.0578,1.0,,,,0.198259162376812,,,,
8168,P35557,V,389,*,STOP,,,,,100.0,2.0,6.0,-0.297447181430161,0.05,0.9881414514731517,-0.2974,0.05,-0.297447181430161,0.05,,0.05,0.035355339059327376,,,,-0.2974,0.0354,,,,,0.198259162376812,,,,
8169,P35557,I,390,S,NONSYN,0.3569880228913576,0.022928493660652537,0.04272576235308542,-2.078,100.0,2.0,6.0,0.398593619445969,0.14344784646464498,0.6753766832245316,0.3986,0.14344784646464498,0.398593619445969,0.14344784646464498,,0.14344784646464498,0.10143294498175717,0.1067,0.2919371276895298,0.25900998711586,0.3598,0.0944,1.0,,,,0.0,,,,
8170,P35557,I,390,A,NONSYN,0.28919971369701003,0.5652349705808956,0.08919344935979816,-1.0550333333333333,100.0,2.0,6.0,0.538325826325285,0.0551767883158455,0.48125165402928677,0.5383,0.0551767883158455,0.538325826325285,0.0551767883158455,,0.0551767883158455,0.03901588118222901,0.6809,0.14260365565789979,0.4473188817501068,0.5394,0.0389,0.985,,,,0.0,,,,
8171,P35557,I,390,V,NONSYN,0.5093217990682584,0.8476345131127471,0.041840411982680285,0.12380000000000002,100.0,2.0,6.0,0.769762990003538,0.08288623767949499,0.1881836438248878,0.7698,0.08288623767949499,0.769762990003538,0.08288623767949499,,0.08288623767949499,0.05860942073021083,0.8913,0.12154293345837608,0.388655424118042,0.7725,0.058,0.293,,,,0.0,,,,
8172,P35557,I,390,R,NONSYN,0.3272410050264404,0.059442902590860915,0.13966244654956378,-2.2929666666666666,100.0,2.0,6.0,-0.25007363539727495,0.141846232219734,0.985067956114397,-0.2501,0.141846232219734,-0.25007363539727495,0.141846232219734,,0.141846232219734,0.10030043268833565,0.1233,0.3733805356601076,0.3059113025665283,-0.2138,0.0953,1.0,,,,0.0,,,,
8173,P35557,I,390,D,NONSYN,0.16544784150713826,-0.01564320267261206,0.15678057386293093,-2.579133333333333,100.0,2.0,6.0,-0.11569558708347198,0.261578302814586,0.9710462514662045,-0.1157,0.261578302814586,-0.11569558708347198,0.261578302814586,,0.261578302814586,0.1849637917314619,0.1189,0.23459529010928987,0.3255329132080078,-0.0584,0.1608,1.0,,,,0.0,,,,
8174,P35557,I,390,F,NONSYN,0.4538389948012209,0.5652349705808956,0.08919344935979816,-1.0550333333333333,100.0,2.0,6.0,1.1850869757518,0.0826521894439307,0.016234131566317155,1.1851,0.0826521894439307,1.1850869757518,0.0826521894439307,,0.0826521894439307,0.05844392363571858,0.6226,0.5625331503733821,0.4588829278945923,1.1761,0.058,0.9940000000000001,,,,0.0,,,,
8175,P35557,I,390,T,NONSYN,0.4688475184602092,0.7830782515662816,0.07564347486064861,-0.9611333333333333,100.0,2.0,6.0,0.531557132795642,0.216875620055761,0.4911530590563921,0.5316,0.216875620055761,0.531557132795642,0.216875620055761,,0.216875620055761,0.1533542216154658,0.7264,0.19486386577766124,0.42724478244781494,0.5538,0.1443,0.9990000000000001,,,,0.0,,,,
8176,P35557,I,390,I,SYN,,,,,100.0,2.0,6.0,1.4148564940824802,0.05,0.0035018912187876573,1.4149,0.05,1.4148564940824802,0.05,,0.05,0.035355339059327376,,,,1.4149,0.0354,,,,,0.0,,,,
8177,P35557,I,390,L,NONSYN,0.4687676623700352,0.786419724617408,0.032627944187789304,0.3612333333333333,100.0,2.0,6.0,0.953407355489555,0.13863188807025,0.06875887200829413,0.9534,0.13863188807025,0.953407355489555,0.13863188807025,,0.13863188807025,0.09802754814316822,0.8859,0.06746847266179623,0.37314650416374207,0.9491,0.0948,0.005,,,,0.0,,,,
8178,P35557,I,390,K,NONSYN,0.25092304942959986,0.1852978815711022,0.05076691024143911,-2.1344,100.0,2.0,6.0,-0.138102348586554,0.105376395166716,0.9740910640577821,-0.1381,0.105376395166716,-0.138102348586554,0.105376395166716,,0.105376395166716,0.07451236359937821,0.2697,0.4077797193732209,0.342544823884964,-0.1197,0.0728,0.9990000000000001,,,,0.0,,,,
8179,P35557,I,390,G,NONSYN,0.2286457322751229,-0.0954575648185614,0.1481154981189085,-2.481666666666667,100.0,2.0,6.0,0.123747499354376,0.34055581707460997,0.9051653509744285,0.1237,0.34055581707460997,0.123747499354376,0.34055581707460997,,0.34055581707460997,0.24080932762598212,0.0999,0.02382412708569924,0.30153119564056396,0.1145,0.1882,0.9990000000000001,,,,0.0,,,,
8180,P35557,I,390,Y,NONSYN,0.13155243779361564,0.8397570136779923,0.06573361302949086,-1.0679999999999998,100.0,2.0,6.0,-0.285240302966005,0.26166127235614395,0.9874181255886101,-0.2852,0.26166127235614395,-0.285240302966005,0.26166127235614395,,0.26166127235614395,0.1850224600569295,0.7898,1.075051973746187,0.4209258556365967,-0.1112,0.1694,0.9990000000000001,,,,0.0,,,,
8181,P35557,I,390,N,NONSYN,0.35592577166482897,-0.14025024758982904,0.13876133771211444,-2.2975999999999996,,,,,,,,,,,,,,0.0914,,0.29927945137023926,0.0914,0.2993,1.0,,,,0.0,,,,
8182,P35557,I,390,C,NONSYN,0.3956709195432079,0.26154755205164065,0.08115353555468471,-1.1501666666666666,100.0,2.0,6.0,1.44938808191305,0.16642364414641597,0.0027631628432883215,1.4494,0.16642364414641597,1.44938808191305,0.16642364414641597,,0.16642364414641597,0.11767928732570761,0.2961,1.1533197711754402,0.37137672305107117,1.3442,0.1122,1.0,,,,0.0,,,,
8183,P35557,I,390,P,NONSYN,0.14199266304317096,-0.03094973387313818,0.0435350746121996,-2.2159,100.0,2.0,6.0,0.34900581514479495,0.156959790968617,0.7337718491266267,0.349,0.156959790968617,0.34900581514479495,0.156959790968617,,0.156959790968617,0.1109873325675321,0.1067,0.24234932338835574,0.25900998711586,0.3114,0.102,1.0,,,,0.0,,,,
8184,P35557,I,390,E,NONSYN,0.17211454446743213,0.06606826647497527,0.0532111840794765,-2.2551666666666663,100.0,2.0,6.0,-0.269949727049618,0.565911117726266,0.9864471528695703,-0.2699,0.565911117726266,-0.269949727049618,0.565911117726266,,0.565911117726266,0.40015958889310127,0.1318,0.4017355668456843,0.2727603316307068,0.0043,0.2254,1.0,,,,0.0,,,,
8185,P35557,I,390,M,NONSYN,0.42718435575891617,0.9694191070816309,0.042765713945259326,0.4004666666666667,100.0,2.0,6.0,0.40440920809688596,0.0738984204029406,0.6680630198933372,0.4044,0.0738984204029406,0.40440920809688596,0.0738984204029406,,0.0738984204029406,0.05225407418589362,0.8553,0.4508556940179822,0.3889135718345642,0.4124,0.0518,0.98,,,,0.0,,,,
8186,P35557,I,390,W,NONSYN,0.174286826410949,0.11994649400876599,0.05255110044806369,-2.117266666666666,100.0,2.0,6.0,0.0579518141004546,0.0882387838040013,0.9313645559693119,0.058,0.0882387838040013,0.0579518141004546,0.0882387838040013,,0.0882387838040013,0.06239424239146302,0.1947,0.13675265891819163,0.32817763090133667,0.0627,0.0613,1.0,,,,0.0,,,,
8187,P35557,I,390,H,NONSYN,0.28548817071874943,-0.057005849100699335,0.1424024271683828,-2.264366666666666,100.0,2.0,6.0,0.0992726196774058,0.0787972869118738,0.91586505188346,0.0993,0.0787972869118738,0.0992726196774058,0.0787972869118738,,0.0787972869118738,0.05571809591448795,0.1154,0.016136218117851764,0.3059113025665283,0.0998,0.0548,1.0,,,,0.0,,,,
8188,P35557,I,390,Q,NONSYN,0.19562317673292887,0.08961842688623185,0.049174656755539975,-2.121633333333333,100.0,2.0,6.0,0.14893601546805701,0.11818868901126199,0.8928290223103815,0.1489,0.11818868901126199,0.14893601546805701,0.11818868901126199,,0.11818868901126199,0.08357202345941134,0.1691,0.02011953582245507,0.30358606576919556,0.1504,0.0806,1.0,,,,0.0,,,,
8189,P35557,I,390,*,STOP,,,,,100.0,2.0,6.0,-0.293929904619009,0.05,0.9879375617077045,-0.2939,0.05,-0.293929904619009,0.05,,0.05,0.035355339059327376,,,,-0.2939,0.0354,,,,,0.0,,,,
8190,P35557,N,391,S,NONSYN,0.4614809963725863,1.000111175461706,0.059895251223020196,-0.21126666666666663,100.0,2.0,6.0,0.9898478371178431,0.0911782591536588,0.05533022896423896,0.9898,0.0911782591536588,0.9898478371178431,0.0911782591536588,,0.0911782591536588,0.06447276534433653,0.8628,0.12709110799186651,0.4150618314743042,0.9869,0.0637,0.997,,,,24.383383637313624,,,,
8191,P35557,N,391,A,NONSYN,0.4106254114956999,0.6784399520726735,0.17292917292725996,-1.0525333333333333,100.0,2.0,6.0,0.569177641322881,0.106312255606599,0.43625890232147574,0.5692,0.106312255606599,0.569177641322881,0.106312255606599,,0.106312255606599,0.0751741168626637,0.6916,0.12243114526006582,0.5289800763130188,0.5716,0.0744,0.997,,,,24.383383637313624,,,,
8192,P35557,N,391,V,NONSYN,0.4102202219640225,1.1003135310048344,0.03105853787147689,-2.3712,100.0,2.0,6.0,0.8020491204266271,0.0524366629889433,0.15973596335743623,0.802,0.0524366629889433,0.8020491204266271,0.0524366629889433,,0.0524366629889433,0.03707831998227546,0.8412,0.03914348268463996,0.39731132984161377,0.8024,0.0369,0.9990000000000001,,,,24.383383637313624,,,,
8193,P35557,N,391,R,NONSYN,0.3307848248630052,0.9195148944303341,0.031711307606007454,-0.6087666666666667,100.0,2.0,6.0,0.8661571698797691,0.0516946720035271,0.11329128516957714,0.8662,0.0516946720035271,0.8661571698797691,0.0516946720035271,,0.0516946720035271,0.03655365312490838,0.7827,0.08344602161774517,0.4205247163772583,0.8655,0.0364,1.0,,,,24.383383637313624,,,,
8194,P35557,N,391,D,NONSYN,0.4678114494578813,0.9960843555961771,0.05109943334937261,-0.12283333333333335,100.0,2.0,6.0,0.49484370788490706,0.379575620775918,0.5445532594994209,0.4948,0.379575620775918,0.49484370788490706,0.379575620775918,,0.379575620775918,0.268400495423745,0.824,0.3291484252556569,0.4185405373573303,0.5908,0.2259,0.9990000000000001,,,,24.383383637313624,,,,
8195,P35557,N,391,F,NONSYN,0.4766309376333202,1.0723493658777492,0.03218665827206489,-2.3051,100.0,2.0,6.0,0.885941615807883,0.0382797086882734,0.10145752740282366,0.8859,0.0382797086882734,0.885941615807883,0.0382797086882734,,0.0382797086882734,0.02706784159532372,0.8131,0.07288908075081513,0.3985137939453125,0.8856,0.027,1.0,,,,24.383383637313624,,,,
8196,P35557,N,391,T,NONSYN,0.41339841489256257,0.817284183321031,0.03140327149441587,-0.23133333333333336,100.0,2.0,6.0,1.00192829671443,0.16089337304638401,0.05143503227032677,1.0019,0.16089337304638401,1.00192829671443,0.16089337304638401,,0.16089337304638401,0.11376879512907502,0.8129,0.18900957408488295,0.42237013578414917,0.9891,0.1099,0.973,,,,24.383383637313624,,,,
8197,P35557,N,391,I,NONSYN,0.408580276197032,0.9452144946583635,0.02629141416145089,-2.3165333333333336,100.0,2.0,6.0,1.26734622946604,0.0875825400140145,0.009461201104018439,1.2673,0.0875825400140145,1.26734622946604,0.0875825400140145,,0.0875825400140145,0.061930207957451786,0.7894,0.47793253889902343,0.40378695726394653,1.2564,0.0612,1.0,,,,24.383383637313624,,,,
8198,P35557,N,391,L,NONSYN,0.3056093223191409,0.9851123219001834,0.025696563797499742,-2.2992666666666666,100.0,2.0,6.0,1.1476527477405802,0.0907047547391306,0.020673544308711135,1.1477,0.0907047547391306,1.1476527477405802,0.0907047547391306,,0.0907047547391306,0.06413794716190188,0.8086,0.33901345979197184,0.39576345682144165,1.139,0.0633,1.0,,,,24.383383637313624,,,,
8199,P35557,N,391,K,NONSYN,0.42687331501914416,0.9520496792733061,0.04198408010136051,-0.41683333333333333,100.0,2.0,6.0,0.666852263360602,0.0768007052327185,0.30203586422098316,0.6669,0.0768007052327185,0.666852263360602,0.0768007052327185,,0.0768007052327185,0.05430629946996441,0.7963,0.12941763028563824,0.42071762681007385,0.669,0.0539,1.0,,,,24.383383637313624,,,,
8200,P35557,N,391,G,NONSYN,0.3767377141694753,0.8314677009411633,0.030070967880910227,-0.8320333333333334,100.0,2.0,6.0,1.03262412830956,0.0995011409766633,0.04264244838684958,1.0326,0.0995011409766633,1.03262412830956,0.0995011409766633,,0.0995011409766633,0.07035793152039727,0.7769,0.2557008294738057,0.41806864738464355,1.0256,0.0694,1.0,,,,24.383383637313624,,,,
8201,P35557,N,391,Y,NONSYN,0.484545468725929,0.7354363301237362,0.04857927295769642,-1.7925666666666666,100.0,2.0,6.0,0.136538558028691,0.725057351606272,0.8990764031862386,0.1365,0.725057351606272,0.136538558028691,0.725057351606272,,0.725057351606272,0.5126929700699538,0.7164,0.5798925828709672,0.4204053580760956,0.4833,0.3251,1.0,,,,24.383383637313624,,,,
8202,P35557,N,391,N,SYN,,,,,,,,,,,,,,,,,,,,,,,,,,,24.383383637313624,,,,
8203,P35557,N,391,C,NONSYN,0.3246931060135203,0.5526556796217402,0.1772780840634108,-1.7648,100.0,2.0,6.0,0.6848805095346789,0.0499183654839017,0.2796694666237308,0.6849,0.0499183654839017,0.6848805095346789,0.0499183654839017,,0.0499183654839017,0.03529761473941539,0.5748,0.11009694592078734,0.5394324660301208,0.6844,0.0352,1.0,,,,24.383383637313624,,,,
8204,P35557,N,391,P,NONSYN,0.19454249209923347,0.8080939920994701,0.17532063678560336,-1.746833333333333,100.0,2.0,6.0,-0.0814344278985107,0.122128311728697,0.965672587766898,-0.0814,0.122128311728697,-0.0814344278985107,0.122128311728697,,0.122128311728697,0.08635775739822621,0.7302,0.8116728059464539,0.527868390083313,-0.0603,0.0852,1.0,,,,24.383383637313624,,,,
8205,P35557,N,391,E,NONSYN,0.4910285186421727,0.8552111871833104,0.03203397891601717,-0.6100333333333333,100.0,2.0,6.0,1.05906829162084,0.0479802163562247,0.03620634007916434,1.0591,0.0479802163562247,1.05906829162084,0.0479802163562247,,0.0479802163562247,0.03392713634828419,0.7769,0.28214499278508565,0.4216000437736511,1.0573,0.0338,1.0,,,,24.383383637313624,,,,
8206,P35557,N,391,M,NONSYN,0.37063326035798777,0.24666154655495307,0.1737039836517202,-1.7604999999999997,100.0,2.0,6.0,1.6028629087350401,0.158340948467175,0.0009468402900852465,1.6029,0.158340948467175,1.6028629087350401,0.158340948467175,,0.158340948467175,0.1119639584006491,0.2693,1.3335938297650847,0.4163038730621338,1.5129,0.1081,1.0,,,,24.383383637313624,,,,
8207,P35557,N,391,W,NONSYN,0.5592228368220948,1.1003135310048344,0.03105853787147689,-2.3712,100.0,2.0,6.0,1.06097194430602,0.10123437469817402,0.035779858007064985,1.061,0.10123437469817402,1.06097194430602,0.10123437469817402,,0.10123437469817402,0.0715835128382587,0.8258,0.2351321863867084,0.39731132984161377,1.0536,0.0704,1.0,,,,24.383383637313624,,,,
8208,P35557,N,391,H,NONSYN,0.4549298465836239,0.9289761944389737,0.045788952728758,-0.22196666666666665,100.0,2.0,6.0,1.2032527801860402,0.18747828575489103,0.014423697649441798,1.2033,0.18747828575489103,1.2032527801860402,0.18747828575489103,,0.18747828575489103,0.13256716718251274,0.7827,0.4205416319240163,0.42497119307518005,1.166,0.1266,1.0,,,,24.383383637313624,,,,
8209,P35557,N,391,Q,NONSYN,0.3943650294167221,0.8862094657309584,0.047198458518130045,-0.25233333333333335,100.0,2.0,6.0,0.7951524494846479,0.0594907978043763,0.16551864302015365,0.7952,0.0594907978043763,0.7951524494846479,0.0594907978043763,,0.0594907978043763,0.04206634654567225,0.7827,0.01244130122262399,0.4293828010559082,0.795,0.0419,1.0,,,,24.383383637313624,,,,
8210,P35557,N,391,*,STOP,,,,,100.0,2.0,6.0,1.00052653121885,0.05,0.05187378157076335,1.0005,0.05,1.00052653121885,0.05,,0.05,0.035355339059327376,,,,1.0005,0.0354,,,,,24.383383637313624,,,,
8211,P35557,R,392,S,NONSYN,0.4030125793742561,0.6395616535401203,0.06793549086534716,-0.8416666666666667,100.0,2.0,6.0,0.8585026724036341,0.164265181773418,0.11817133300975159,0.8585,0.164265181773418,0.8585026724036341,0.164265181773418,,0.164265181773418,0.11615302394482473,0.8393,0.019205616205513976,0.421546995639801,0.8571,0.112,0.312,,,,33.35745768386118,,,,
8212,P35557,R,392,A,NONSYN,0.3189859929557896,0.8737912252795926,0.060085977677514835,-1.0746,100.0,2.0,6.0,0.8082231112465871,0.11345238863184198,0.15469298498595271,0.8082,0.11345238863184198,0.8082231112465871,0.11345238863184198,,0.11345238863184198,0.08022295334338704,0.8818,0.07356120863103743,0.40548861026763916,0.811,0.0787,0.785,,,,33.35745768386118,,,,
8213,P35557,R,392,V,NONSYN,0.398009908378716,0.43011937949503243,0.06120364115108887,-1.9711666666666667,100.0,2.0,6.0,0.616547673094,0.0627540800023315,0.36891010000538993,0.6165,0.0627540800023315,0.616547673094,0.0627540800023315,,0.0627540800023315,0.044373835516771716,0.6941,0.07755306447771626,0.41198140382766724,0.6174,0.0441,0.726,,,,33.35745768386118,,,,
8214,P35557,R,392,R,SYN,,,,,100.0,2.0,6.0,0.8626094230486199,0.05,0.11553173417342052,0.8626,0.05,0.8626094230486199,0.05,,0.05,0.035355339059327376,,,,0.8626,0.0354,,,,,33.35745768386118,,,,
8215,P35557,R,392,D,NONSYN,0.1122725979085614,0.5635575399865241,0.08019918120916512,-1.7069333333333334,100.0,2.0,6.0,0.9794654900220491,0.0648780251637351,0.05889078956157314,0.9795,0.0648780251637351,0.9794654900220491,0.0648780251637351,,0.0648780251637351,0.04587569154326856,0.7202,0.2592225128797151,0.4352143406867981,0.9766,0.0456,0.946,,,,33.35745768386118,,,,
8216,P35557,R,392,F,NONSYN,0.3436253892885596,1.0034429367513467,0.05066252952819098,-2.1555666666666666,100.0,2.0,6.0,0.0768051083945254,0.179051510039848,0.9246676954103232,0.0768,0.179051510039848,0.0768051083945254,0.179051510039848,,0.179051510039848,0.1266085369308677,0.8628,0.7859516207314512,0.3854493498802185,0.1533,0.1203,0.961,,,,33.35745768386118,,,,
8217,P35557,R,392,T,NONSYN,0.292232657128476,0.7615463934244683,0.05269536984230173,-1.0614333333333332,100.0,2.0,6.0,1.1449576068119598,0.16695763917202402,0.02103430219840238,1.145,0.16695763917202402,1.1449576068119598,0.16695763917202402,,0.16695763917202402,0.11805687882943494,0.8549,0.29002064945264583,0.4078614413738251,1.1225,0.1134,0.898,,,,33.35745768386118,,,,
8218,P35557,R,392,I,NONSYN,0.35928103966798514,0.6140680561116618,0.046610822921237194,-2.1296999999999997,100.0,2.0,6.0,1.24492975031358,0.197872834855995,0.010973045889672454,1.2449,0.197872834855995,1.24492975031358,0.197872834855995,,0.197872834855995,0.1399172233392799,0.82,0.42489274298173196,0.3985137939453125,1.1983,0.132,0.7859999999999999,,,,33.35745768386118,,,,
8219,P35557,R,392,L,NONSYN,0.3775202648814329,0.7896522137995919,0.05076497471352928,-1.8647666666666665,100.0,2.0,6.0,0.448537427774174,0.0618426715053099,0.6098073129637936,0.4485,0.0618426715053099,0.448537427774174,0.0618426715053099,,0.0618426715053099,0.0437293723880967,0.8859,0.4374014550535848,0.39752453565597534,0.4538,0.0435,0.018000000000000002,,,,33.35745768386118,,,,
8220,P35557,R,392,K,NONSYN,0.4996982892545154,0.903543960575087,0.029561925585868124,-0.31583333333333335,100.0,2.0,6.0,1.31937141242343,0.189090923602757,0.006687144949070903,1.3194,0.189090923602757,1.31937141242343,0.189090923602757,,0.189090923602757,0.13370747434033686,0.8996,0.4198131066830735,0.3997163772583008,1.2771,0.1268,0.303,,,,33.35745768386118,,,,
8221,P35557,R,392,G,NONSYN,0.4710347881166008,0.6841594889521839,0.032205952435181644,-1.865,100.0,2.0,6.0,0.7650156023163979,0.17760062825412304,0.1926639405977846,0.765,0.17760062825412304,0.7650156023163979,0.17760062825412304,,0.17760062825412304,0.12558260858148154,0.7529,0.012077510561484539,0.41617321968078613,0.764,0.1202,0.9440000000000001,,,,33.35745768386118,,,,
8222,P35557,R,392,Y,NONSYN,0.3907391645635834,0.5609149146644145,0.07784460447424826,-1.6721666666666666,100.0,2.0,6.0,0.9873933659883779,0.104438642871193,0.05615382022001284,0.9874,0.104438642871193,0.9873933659883779,0.104438642871193,,0.104438642871193,0.07384927259214065,0.6846,0.30284135211432395,0.4352143406867981,0.9789,0.0728,0.98,,,,33.35745768386118,,,,
8223,P35557,R,392,N,NONSYN,0.4070897773431755,1.0038138897345148,0.0716011603676529,-0.6592999999999999,100.0,2.0,6.0,0.5651006228211939,0.080194485807118,0.4421763223009124,0.5651,0.080194485807118,0.5651006228211939,0.080194485807118,,0.080194485807118,0.05670606472798147,0.871,0.30592279369797115,0.40968501567840576,0.5709,0.0562,0.946,,,,33.35745768386118,,,,
8224,P35557,R,392,C,NONSYN,0.3945781846907973,0.8235287485181887,0.06425721872898259,-2.1973999999999996,100.0,2.0,6.0,0.595949841106935,0.0854964985347372,0.39781089677481846,0.5959,0.0854964985347372,0.595949841106935,0.0854964985347372,,0.0854964985347372,0.060455153881618394,0.7613,0.16534094754357764,0.4036778211593628,0.5996,0.0598,1.0,,,,33.35745768386118,,,,
8225,P35557,R,392,P,NONSYN,0.180066694070857,0.9106248194422749,0.05091309121662458,-1.7161666666666668,100.0,2.0,6.0,-0.0617363483452035,0.270785787511334,0.9621377014394477,-0.0617,0.270785787511334,-0.0617363483452035,0.270785787511334,,0.270785787511334,0.19147446659820377,0.8368,0.8985648781799508,0.41924378275871277,0.0933,0.1742,0.996,,,,33.35745768386118,,,,
8226,P35557,R,392,E,NONSYN,0.2774716424939038,0.7439421354904717,0.05070922005973131,-0.8858,100.0,2.0,6.0,0.54536122655258,0.252530308089828,0.4709619501735995,0.5454,0.252530308089828,0.54536122655258,0.252530308089828,,0.252530308089828,0.17856589330544545,0.8673,0.32196467543258844,0.4148423671722412,0.5957,0.164,0.522,,,,33.35745768386118,,,,
8227,P35557,R,392,M,NONSYN,0.37044865400284027,0.9372277968207271,0.061341189581634446,-1.0532666666666668,100.0,2.0,6.0,0.6179133966231839,0.10063767496013,0.3670202165847827,0.6179,0.10063767496013,0.6179133966231839,0.10063767496013,,0.10063767496013,0.07116158240715553,0.8406,0.22269198152775604,0.41972339153289795,0.6241,0.0702,0.9620000000000001,,,,33.35745768386118,,,,
8228,P35557,R,392,W,NONSYN,0.38841440406711497,0.6460941772673685,0.06461474572780353,-2.1376333333333335,100.0,2.0,6.0,1.14885138684646,0.0557559040516782,0.02051499925523056,1.1489,0.0557559040516782,1.14885138684646,0.0557559040516782,,0.0557559040516782,0.03942537784612815,0.6699,0.47894649917022103,0.4036778211593628,1.1443,0.0392,1.0,,,,33.35745768386118,,,,
8229,P35557,R,392,H,NONSYN,0.3580838527509595,0.5494717793435037,0.0658176884200432,-0.45376666666666665,100.0,2.0,6.0,1.6075777702473302,0.039069995404412,0.000915780693379962,1.6076,0.039069995404412,1.6075777702473302,0.039069995404412,,0.039069995404412,0.02762665869138697,0.6148,0.9928228550099034,0.437445729970932,1.6036,0.0276,0.995,,,,33.35745768386118,,,,
8230,P35557,R,392,Q,NONSYN,0.3675437003413988,0.906013206540368,0.06312649408516217,-0.5823,100.0,2.0,6.0,0.5379534886567371,0.0881629962253465,0.48179634718949405,0.538,0.0881629962253465,0.5379534886567371,0.0881629962253465,,0.0881629962253465,0.062340652480666496,0.8996,0.36160481708361936,0.3999253511428833,0.5465,0.0616,0.149,,,,33.35745768386118,,,,
8231,P35557,R,392,*,STOP,,,,,100.0,2.0,6.0,-0.0465057458096985,0.05,0.9591554192259367,-0.0465,0.05,-0.0465057458096985,0.05,,0.05,0.035355339059327376,,,,-0.0465,0.0354,,,,,33.35745768386118,,,,
8232,P35557,M,393,S,NONSYN,0.31494457442558743,1.0644023751307323,0.035870837970080637,-1.5281333333333336,100.0,2.0,6.0,0.383524523202492,0.146267963575169,0.6938897515163703,0.3835,0.146267963575169,0.383524523202492,0.146267963575169,,0.146267963575169,0.10342706891434893,0.8672,0.4836453338226545,0.4073818325996399,0.4128,0.1002,0.985,,,,6.936756572711286,,,,
8233,P35557,M,393,A,NONSYN,0.38040172866410704,0.9831398447399393,0.07407749059384697,-1.2302,100.0,2.0,6.0,0.419745194136717,0.0930775399460121,0.648348311527554,0.4197,0.0930775399460121,0.419745194136717,0.0930775399460121,,0.0930775399460121,0.06581575967198691,0.8934,0.4736365206841448,0.40859606862068176,0.4317,0.065,0.9309999999999999,,,,6.936756572711286,,,,
8234,P35557,M,393,V,NONSYN,0.43335182923768345,1.1561768921461468,0.04491952514854747,-0.009733333333333297,100.0,2.0,6.0,1.37841093439645,0.063615016774996,0.004489194160040561,1.3784,0.063615016774996,1.37841093439645,0.063615016774996,,0.063615016774996,0.04498260974689564,0.9894,0.3890363563973349,0.41660571098327637,1.3739,0.0447,0.121,,,,6.936756572711286,,,,
8235,P35557,M,393,R,NONSYN,0.4133638176812908,0.8031245261197091,0.06974830905019806,-1.2179,100.0,2.0,6.0,0.9597911499974079,0.140964862267706,0.06621272743380535,0.9598,0.140964862267706,0.9597911499974079,0.140964862267706,,0.140964862267706,0.09967721001852259,0.7581,0.20164540042846868,0.42413729429244995,0.9492,0.097,0.995,,,,6.936756572711286,,,,
8236,P35557,M,393,D,NONSYN,,0.06234297363611188,0.030364561904574604,-1.9705666666666666,100.0,2.0,6.0,-0.4282690131479579,0.11822313419926402,0.9936596245147555,-0.4283,0.11822313419926402,-0.4282690131479579,0.11822313419926402,,0.11822313419926402,0.08359637988542681,0.1449,0.5731605136209803,0.30819132924079895,-0.389,0.0807,0.995,,,,6.936756572711286,,,,
8237,P35557,M,393,F,NONSYN,0.3024433202519795,1.0032379332043304,0.060843484779537986,-0.4272,100.0,2.0,6.0,1.15179049016178,0.12105900814072301,0.02013112562872891,1.1518,0.12105900814072301,1.15179049016178,0.12105900814072301,,0.12105900814072301,0.0856016455800227,0.9124,0.23938237668216567,0.3975171744823456,1.1412,0.0837,0.604,,,,6.936756572711286,,,,
8238,P35557,M,393,T,NONSYN,0.4428972613017431,0.7698419266731221,0.04354301083353937,-0.9479666666666667,100.0,2.0,6.0,0.7013134293313001,0.23873520003405102,0.26012746689314575,0.7013,0.23873520003405102,0.7013134293313001,0.23873520003405102,,0.23873520003405102,0.16881127885200437,0.8549,0.15362352802801382,0.40590882301330566,0.724,0.1559,0.8809999999999999,,,,6.936756572711286,,,,
8239,P35557,M,393,I,NONSYN,0.5092966528428504,1.3056507249832165,0.043952784164133646,0.1806,,,,,,,,,,,,,,1.0881,,0.4460029602050781,1.0881,0.446,0.006,,,,6.936756572711286,,,,
8240,P35557,M,393,L,NONSYN,0.4802407566174219,1.153396953481157,0.03673895997351446,-0.2916666666666667,100.0,2.0,6.0,1.3867507503914198,0.126771828229784,0.004241829135008941,1.3868,0.126771828229784,1.3867507503914198,0.126771828229784,,0.126771828229784,0.08964121940469645,0.9894,0.3973761723923048,0.46133819222450256,1.3723,0.088,0.024,,,,6.936756572711286,,,,
8241,P35557,M,393,K,NONSYN,0.4908604207297649,0.5048691637976883,0.04298585114717563,-1.2170333333333332,100.0,2.0,6.0,1.85455723696347,0.272356146050387,0.00015388094741294723,1.8546,0.272356146050387,1.85455723696347,0.272356146050387,,0.272356146050387,0.19258487777006236,0.7213,1.1332280247747493,0.42218467593193054,1.6594,0.1752,0.903,,,,6.936756572711286,,,,
8242,P35557,M,393,G,NONSYN,0.2313069645088376,-0.1882341836685231,0.04015263972606377,-2.044633333333333,100.0,2.0,6.0,0.32346245876594704,0.0394031474407721,0.7608993867079281,0.3235,0.0394031474407721,0.32346245876594704,0.0394031474407721,,0.0394031474407721,0.027862232755463304,0.0941,0.22933939329429787,0.26047319173812866,0.3209,0.0277,0.985,,,,6.936756572711286,,,,
8243,P35557,M,393,Y,NONSYN,,0.8029912132113365,0.04501598968548628,-1.5137666666666665,100.0,2.0,6.0,1.1677580089606798,0.0898850130780569,0.018162376323058123,1.1678,0.0898850130780569,1.1677580089606798,0.0898850130780569,,0.0898850130780569,0.06355830227453553,0.7773,0.3904571743049181,0.4204462170600891,1.159,0.0628,0.992,,,,6.936756572711286,,,,
8244,P35557,M,393,N,NONSYN,0.3182579182514713,0.3285891493483974,0.04309992867287518,-1.7266666666666666,100.0,2.0,6.0,0.0182163581352276,0.0694461660468408,0.9436374808137606,0.0182,0.0694461660468408,0.0182163581352276,0.0694461660468408,,0.0694461660468408,0.0491058549391281,0.4305,0.4122790828247028,0.419206440448761,0.0238,0.0488,0.995,,,,6.936756572711286,,,,
8245,P35557,M,393,C,NONSYN,,0.8457122313833363,0.045610937874951324,-1.5218999999999998,100.0,2.0,6.0,1.03959495444468,0.0843136151496479,0.040849815471333754,1.0396,0.0843136151496479,1.03959495444468,0.0843136151496479,,0.0843136151496479,0.05961872901866885,0.7898,0.2497832836644982,0.4204462170600891,1.0347,0.059,0.9990000000000001,,,,6.936756572711286,,,,
8246,P35557,M,393,P,NONSYN,0.29396488881585514,0.2831402080430752,0.03575869447506654,-1.7313666666666665,100.0,2.0,6.0,0.154563182051194,0.123463853647249,0.889876945632393,0.1546,0.123463853647249,0.154563182051194,0.123463853647249,,0.123463853647249,0.08730212814539322,0.3837,0.22915745431660386,0.40620291233062744,0.1647,0.0854,0.995,,,,6.936756572711286,,,,
8247,P35557,M,393,E,NONSYN,0.3715633530173947,0.3862112340577529,0.039467918167483636,-1.7125666666666666,100.0,2.0,6.0,-0.154649895992839,0.10109768121463901,0.9761286845244953,-0.1546,0.10109768121463901,-0.154649895992839,0.10109768121463901,,0.10109768121463901,0.07148685594910707,0.5743,0.72893868145045,0.43522173166275024,-0.1355,0.0705,0.961,,,,6.936756572711286,,,,
8248,P35557,M,393,M,SYN,,,,,,,,,,,,,,,,,,,,,,,,,,,6.936756572711286,,,,
8249,P35557,M,393,W,NONSYN,0.17309253470131644,1.0659576367211232,0.08008442762138245,-1.278,100.0,2.0,6.0,0.13507114725894,0.0687428566666656,0.8997930361099357,0.1351,0.0687428566666656,0.13507114725894,0.0687428566666656,,0.0687428566666656,0.04860854010713411,0.8131,0.6779813877981279,0.4305298924446106,0.1436,0.0483,1.0,,,,6.936756572711286,,,,
8250,P35557,M,393,H,NONSYN,,0.8636258288692841,0.04508166567714909,-1.4892,100.0,2.0,6.0,0.9858541619868371,0.0892905651483886,0.056675976261613414,0.9859,0.0892905651483886,0.9858541619868371,0.0892905651483886,,0.0892905651483886,0.06313796411240477,0.7898,0.19604249120665518,0.4204462170600891,0.9815,0.0624,0.9990000000000001,,,,6.936756572711286,,,,
8251,P35557,M,393,Q,NONSYN,0.13890249407095925,1.0771716179631767,0.06484881972137496,-0.3912,100.0,2.0,6.0,0.9299894358852411,0.0747888188671294,0.07886434983538272,0.93,0.0747888188671294,0.9299894358852411,0.0747888188671294,,0.0747888188671294,0.052883680977879606,0.8672,0.0628195788600946,0.410808265209198,0.929,0.0525,0.997,,,,6.936756572711286,,,,
8252,P35557,M,393,*,STOP,,,,,100.0,2.0,6.0,-0.223679692929961,0.05,0.9830092843928525,-0.2237,0.05,-0.223679692929961,0.05,,0.05,0.035355339059327376,,,,-0.2237,0.0354,,,,,6.936756572711286,,,,
8253,P35557,R,394,S,NONSYN,0.4030125793742561,1.3780231775052803,0.09456187533117648,-0.8416666666666667,100.0,2.0,6.0,0.7514757769888709,0.0818636164249437,0.20586315208446018,0.7515,0.0818636164249437,0.7514757769888709,0.0818636164249437,,0.0818636164249437,0.057886318306532125,1.0452,0.29373029295741815,0.5202684998512268,0.7551,0.0575,0.98,,,,67.6765837437479,,,,
8254,P35557,R,394,A,NONSYN,0.3189859929557896,0.5842123598065233,0.03796581273584702,-1.0746,100.0,2.0,6.0,1.35164705026708,0.10283786934438902,0.005381288266043793,1.3516,0.10283786934438902,1.35164705026708,0.10283786934438902,,0.10283786934438902,0.07271735477619365,0.7808,0.5708645294960535,0.41897323727607727,1.335,0.0716,0.912,,,,67.6765837437479,,,,
8255,P35557,R,394,V,NONSYN,0.398009908378716,0.6409380755473927,0.0458923256005013,-1.9711666666666667,100.0,2.0,6.0,0.29516053697085304,0.0641508693049881,0.7885227261087703,0.2952,0.0641508693049881,0.29516053697085304,0.0641508693049881,,0.0641508693049881,0.04536151470456903,0.7266,0.431404347214938,0.4100288152694702,0.3004,0.0451,0.982,,,,67.6765837437479,,,,
8256,P35557,R,394,R,SYN,,,,,100.0,2.0,6.0,1.00143052894147,0.05,0.0515904416709008,1.0014,0.05,1.00143052894147,0.05,,0.05,0.035355339059327376,,,,1.0014,0.0354,,,,,67.6765837437479,,,,
8257,P35557,R,394,D,NONSYN,0.1122725979085614,0.6836095933391295,0.05627892084567818,-1.7069333333333334,100.0,2.0,6.0,0.144974045886846,0.117667372327691,0.8948634932971882,0.145,0.117667372327691,0.144974045886846,0.117667372327691,,0.117667372327691,0.08320339689731261,0.7249,0.5799720953561349,0.4256103038787842,0.1663,0.0817,0.9620000000000001,,,,67.6765837437479,,,,
8258,P35557,R,394,F,NONSYN,0.3436253892885596,0.42083476357917,0.06525439088579806,-2.1555666666666666,100.0,2.0,6.0,0.5827773866721899,0.145058834690716,0.41662656472475307,0.5828,0.145058834690716,0.5827773866721899,0.145058834690716,,0.145058834690716,0.10257208568082368,0.5767,0.00609994507520506,0.41524189710617065,0.5824,0.0996,0.986,,,,67.6765837437479,,,,
8259,P35557,R,394,T,NONSYN,0.292232657128476,0.9171977081269267,0.03360753804636817,-1.0614333333333332,100.0,2.0,6.0,0.35269100530587005,0.127241821694321,0.7296880731149167,0.3527,0.127241821694321,0.35269100530587005,0.127241821694321,,0.127241821694321,0.08997355497058393,0.8406,0.4879143728450699,0.4177708029747009,0.3743,0.088,0.981,,,,67.6765837437479,,,,
8260,P35557,R,394,I,NONSYN,0.35928103966798514,0.3448958817105093,0.05701716831091073,-2.1296999999999997,100.0,2.0,6.0,0.810594032278172,0.19791733218720603,0.1527897447565833,0.8106,0.19791733218720603,0.810594032278172,0.19791733218720603,,0.19791733218720603,0.13994868770392394,0.5524,0.25817186640750545,0.4081515967845917,0.7834,0.1324,0.987,,,,67.6765837437479,,,,
8261,P35557,R,394,L,NONSYN,0.3775202648814329,0.7543772842923867,0.04303019329854915,-1.8647666666666665,100.0,2.0,6.0,0.5876310658103211,0.0362794852390072,0.4096676925152895,0.5876,0.0362794852390072,0.5876310658103211,0.0362794852390072,,0.0362794852390072,0.025653470030459244,0.7841,0.1964546847695129,0.41296178102493286,0.5884,0.0256,0.953,,,,67.6765837437479,,,,
8262,P35557,R,394,K,NONSYN,0.4996982892545154,1.1336816596170334,0.06517693118063038,-0.31583333333333335,100.0,2.0,6.0,1.55537165519171,0.0538209677077966,0.0013229342092653353,1.5554,0.0538209677077966,1.55537165519171,0.0538209677077966,,0.0538209677077966,0.03805717123620517,0.9572,0.5981255900519395,0.4068029522895813,1.5502,0.0379,0.09,,,,67.6765837437479,,,,
8263,P35557,R,394,G,NONSYN,0.4710347881166008,0.6994523815092714,0.032569006546296395,-1.865,100.0,2.0,6.0,0.752405774159667,0.124706187943373,0.20493661356114465,0.7524,0.124706187943373,0.752405774159667,0.124706187943373,,0.124706187943373,0.08818059115068312,0.7249,0.027459632916686072,0.41617321968078613,0.7512,0.0863,0.98,,,,67.6765837437479,,,,
8264,P35557,R,394,Y,NONSYN,0.3907391645635834,0.32674576138586475,0.05636957758442734,-1.6721666666666666,100.0,2.0,6.0,1.21556554174664,0.11688365279899302,0.013308425196605534,1.2156,0.11688365279899302,1.21556554174664,0.11688365279899302,,0.11688365279899302,0.08264922350402194,0.6038,0.6117489132905243,0.43717435002326965,1.1945,0.0812,0.946,,,,67.6765837437479,,,,
8265,P35557,R,394,N,NONSYN,0.4070897773431755,1.179660029488937,0.07952733999798471,-0.6592999999999999,100.0,2.0,6.0,1.04966601808817,0.22419952749791,0.03838324204784383,1.0497,0.22419952749791,1.04966601808817,0.22419952749791,,0.22419952749791,0.15853300623259198,0.9751,0.07459232290536977,0.45948928594589233,1.0417,0.1499,0.9620000000000001,,,,67.6765837437479,,,,
8266,P35557,R,394,C,NONSYN,0.3945781846907973,0.516707046812949,0.07210069002097777,-2.1973999999999996,100.0,2.0,6.0,0.5550440128127511,0.0447818824570464,0.45681932801368447,0.555,0.0447818824570464,0.5550440128127511,0.0447818824570464,,0.0447818824570464,0.0316655727596764,0.5268,0.028275805262702236,0.4048352837562561,0.5549,0.0316,1.0,,,,67.6765837437479,,,,
8267,P35557,R,394,P,NONSYN,0.180066694070857,0.7043151205977177,0.04890979912809274,-1.7161666666666668,100.0,2.0,6.0,0.0828574641110812,0.166728171479719,0.9223873765282682,0.0829,0.166728171479719,0.0828574641110812,0.166728171479719,,0.166728171479719,0.11789462066814282,0.6769,0.5940917985079374,0.42365768551826477,0.1256,0.1136,0.9990000000000001,,,,67.6765837437479,,,,
8268,P35557,R,394,E,NONSYN,0.2774716424939038,1.050929615114707,0.06125661288372148,-0.8858,100.0,2.0,6.0,1.7327564641605901,0.316407985501475,0.0003741513796770223,1.7328,0.316407985501475,1.7327564641605901,0.316407985501475,,0.316407985501475,0.22373423216966776,0.9103,0.8224153205524969,0.4035038948059082,1.5394,0.1957,0.758,,,,67.6765837437479,,,,
8269,P35557,R,394,M,NONSYN,0.37044865400284027,0.8186046108539404,0.04311983318713438,-1.0532666666666668,100.0,2.0,6.0,0.648470297124829,0.0552550448214602,0.32576626371122114,0.6485,0.0552550448214602,0.648470297124829,0.0552550448214602,,0.0552550448214602,0.039071216888021135,0.7742,0.125708923074756,0.42218467593193054,0.6495,0.0389,0.9990000000000001,,,,67.6765837437479,,,,
8270,P35557,R,394,W,NONSYN,0.38841440406711497,0.5628439853070716,0.0597813933959551,-2.1376333333333335,100.0,2.0,6.0,0.15674972148848498,0.18264674956070498,0.8887098005059478,0.1567,0.18264674956070498,0.15674972148848498,0.18264674956070498,,0.18264674956070498,0.12915075517605556,0.6141,0.45734650281952893,0.41524189710617065,0.1971,0.1233,1.0,,,,67.6765837437479,,,,
8271,P35557,R,394,H,NONSYN,0.3580838527509595,1.3596845318981134,0.09705425177870186,-0.45376666666666665,100.0,2.0,6.0,1.05474784731735,0.08382777311559199,0.03719193865387115,1.0547,0.08382777311559199,1.05474784731735,0.08382777311559199,,0.08382777311559199,0.05927518682180245,1.0881,0.03335330128799674,0.4924582540988922,1.0552,0.0589,0.122,,,,67.6765837437479,,,,
8272,P35557,R,394,Q,NONSYN,0.3675437003413988,1.2790567765220366,0.09351367605415527,-0.5823,100.0,2.0,6.0,1.29663111344558,0.13846320366956,0.007786278539444225,1.2966,0.13846320366956,1.29663111344558,0.13846320366956,,0.13846320366956,0.09790827025955992,1.0446,0.2520582832453846,0.5181589126586914,1.2879,0.0962,0.9490000000000001,,,,67.6765837437479,,,,
8273,P35557,R,394,*,STOP,,,,,100.0,2.0,6.0,-0.10320440530277199,0.05,0.9691934778539033,-0.1032,0.05,-0.10320440530277199,0.05,,0.05,0.035355339059327376,,,,-0.1032,0.0354,,,,,67.6765837437479,C,402.0,,
8274,P35557,E,395,S,NONSYN,0.4382670271083193,0.6971100372885024,0.09075307819714266,-0.6747666666666666,100.0,2.0,6.0,0.7574912774839929,0.0846305991813509,0.19992200589330053,0.7575,0.0846305991813509,0.7574912774839929,0.0846305991813509,,0.0846305991813509,0.05984287057701389,0.8526,0.09506656047911133,0.43286657333374023,0.7593,0.0593,0.046,,,,134.47817335254464,,,,
8275,P35557,E,395,A,NONSYN,0.4725389201357859,1.0259434846816198,0.09497307271778584,-0.8022,100.0,2.0,6.0,0.7430706423490929,0.0712442003449113,0.21437009989352793,0.7431,0.0712442003449113,0.7430706423490929,0.0712442003449113,,0.0712442003449113,0.050377257184099744,0.9167,0.1736046868592811,0.43253201246261597,0.7454,0.05,0.015,,,,134.47817335254464,,,,
8276,P35557,E,395,V,NONSYN,0.5148579282991502,1.0283181149265728,0.07169694741645048,-1.6669666666666665,100.0,2.0,6.0,1.22861645112175,0.209731740491876,0.01221683796399856,1.2286,0.209731740491876,1.22861645112175,0.209731740491876,,0.209731740491876,0.14830273593186272,0.9167,0.3119411219133761,0.3960433304309845,1.1903,0.1389,0.0,,,,134.47817335254464,,,,
8277,P35557,E,395,R,NONSYN,0.4513055748960305,0.6033894903510366,0.08593042988534623,-0.7211333333333333,100.0,2.0,6.0,1.02423228316149,0.14287483920676503,0.044897116115831845,1.0242,0.14287483920676503,1.02423228316149,0.14287483920676503,,0.14287483920676503,0.10102776766404115,0.8297,0.19451262049516926,0.4447285830974579,1.0147,0.0985,0.239,,,,134.47817335254464,,,,
8278,P35557,E,395,D,NONSYN,0.4800060668498122,0.4715449770973126,0.08931272632234295,-0.020166666666666666,100.0,2.0,6.0,1.2725281705243798,0.544811815214743,0.009141444831040587,1.2725,0.544811815214743,1.2725281705243798,0.544811815214743,,0.544811815214743,0.385240129008897,0.7494,0.5231491913182946,0.4261673092842102,1.0373,0.2858,0.0,,,,134.47817335254464,,,,
8279,P35557,E,395,F,NONSYN,0.4134101209643438,1.4958468037018733,0.035841635775571534,-2.4431333333333334,100.0,2.0,6.0,0.9513239602866059,0.0530375935789991,0.06960861362816573,0.9513,0.0530375935789991,0.9513239602866059,0.0530375935789991,,0.0530375935789991,0.03750324207752635,1.0859,0.13458600236750784,0.4619312882423401,0.9522,0.0374,0.386,,,,134.47817335254464,,,,
8280,P35557,E,395,T,NONSYN,0.4070866311137473,0.8248817079975187,0.06975647504045224,-0.9768666666666667,100.0,2.0,6.0,1.5262413152466399,0.151727673630509,0.0016220148014882082,1.5262,0.151727673630509,1.5262413152466399,0.151727673630509,,0.151727673630509,0.10728766691779222,0.8836,0.6426075824509245,0.40548861026763916,1.4842,0.1037,0.11800000000000001,,,,134.47817335254464,,,,
8281,P35557,E,395,I,NONSYN,0.377366298627538,1.2565160797137167,0.04157309089624906,-2.3962999999999997,100.0,2.0,6.0,2.01993303811787,0.0347684670778732,4.4811920838442466e-05,2.0199,0.0347684670778732,2.01993303811787,0.0347684670778732,,0.0347684670778732,0.024585018842225363,1.0847,0.9352163604521597,0.4619312882423401,2.0173,0.0246,0.04,,,,134.47817335254464,,,,
8282,P35557,E,395,L,NONSYN,0.4309220950052253,1.5595031138448467,0.040021366058312476,-2.375633333333333,100.0,2.0,6.0,1.11097193572448,0.0590581486489653,0.026128306754862052,1.111,0.0590581486489653,1.11097193572448,0.0590581486489653,,0.0590581486489653,0.0417604173940065,1.0907,0.02025342795775642,0.45842286944389343,1.1108,0.0416,0.04,,,,134.47817335254464,,,,
8283,P35557,E,395,K,NONSYN,0.4890082107053284,0.6081963687293366,0.08660231594287633,-0.6217666666666667,100.0,2.0,6.0,0.39568781364893296,0.321885923266851,0.6789963196095611,0.3957,0.321885923266851,0.39568781364893296,0.321885923266851,,0.321885923266851,0.22760771911048303,0.8313,0.43563378345037124,0.44826000928878784,0.485,0.2029,0.276,,,,134.47817335254464,,,,
8284,P35557,E,395,G,NONSYN,0.4522640708552875,1.1067373059444219,0.05809169738219535,-1.9225,100.0,2.0,6.0,1.5879575457396298,0.151224761117507,0.00105194756393748,1.588,0.151224761117507,1.5879575457396298,0.151224761117507,,0.151224761117507,0.10693205406950493,0.9339,0.6540816869559078,0.38833776116371155,1.5419,0.1031,0.195,,,,134.47817335254464,,,,
8285,P35557,E,395,Y,NONSYN,0.4671477233180428,1.5729541731939933,0.03913341822807053,-2.2137666666666664,100.0,2.0,6.0,1.3019408661534,0.0958927988523027,0.007514980846604196,1.3019,0.0958927988523027,1.3019408661534,0.0958927988523027,,0.0958927988523027,0.06780644833542082,1.0906,0.21130687777296786,0.45842286944389343,1.2974,0.0671,0.773,,,,134.47817335254464,,,,
8286,P35557,E,395,N,NONSYN,0.4945297857128286,0.7738215112375902,0.04502413231680379,-0.6558999999999999,100.0,2.0,6.0,0.527356855636729,0.34485274411341993,0.49729472057318724,0.5274,0.34485274411341993,0.527356855636729,0.34485274411341993,,0.34485274411341993,0.24384771387338847,0.8859,0.35858202719102983,0.41728731989860535,0.6186,0.2105,0.019,,,,134.47817335254464,,,,
8287,P35557,E,395,C,NONSYN,0.4263241553322161,1.1396437777581188,0.03706402225350006,-2.5622,100.0,2.0,6.0,0.30833266483765404,0.32045041823481,0.7759855745347881,0.3083,0.32045041823481,0.30833266483765404,0.32045041823481,,0.32045041823481,0.22659266376789944,0.9509,0.6425792147018357,0.3875683546066284,0.472,0.1956,0.888,,,,134.47817335254464,,,,
8288,P35557,E,395,P,NONSYN,0.2784783599621833,1.165976136239161,0.06328262267964761,-1.2109666666666667,100.0,2.0,6.0,0.707342198481973,0.249195563403728,0.25316952504769635,0.7073,0.249195563403728,0.707342198481973,0.249195563403728,,0.249195563403728,0.17620787272437832,0.9894,0.282032379517142,0.4558284878730774,0.744,0.1644,0.081,,,,134.47817335254464,,,,
8289,P35557,E,395,E,SYN,,,,,,,,,,,,,,,,,,,,,,,,,,,134.47817335254464,,,,
8290,P35557,E,395,M,NONSYN,0.4318399535430367,1.3728382876715932,0.06500075222493233,-1.9440333333333335,100.0,2.0,6.0,0.789654600558116,0.0869527667410435,0.17024220994322056,0.7897,0.0869527667410435,0.789654600558116,0.0869527667410435,,0.0869527667410435,0.06148489100552395,1.0881,0.2984465480472307,0.47113972902297974,0.7947,0.061,0.096,,,,134.47817335254464,,,,
8291,P35557,E,395,W,NONSYN,0.3886512979012191,1.3607429780429854,0.020425606964243465,-2.4843333333333333,100.0,2.0,6.0,1.35663543726327,0.135744245426643,0.005202914957931506,1.3566,0.135744245426643,1.35663543726327,0.135744245426643,,0.135744245426643,0.09598567644823026,1.0452,0.311429367316981,0.4868581295013428,1.345,0.0942,0.975,,,,134.47817335254464,,,,
8292,P35557,E,395,H,NONSYN,0.3874690850586482,0.7696934720940707,0.09021547450370304,-0.6659666666666667,100.0,2.0,6.0,0.539740973067288,0.0944115821269063,0.4791814906903793,0.5397,0.0944115821269063,0.539740973067288,0.0944115821269063,,0.0944115821269063,0.06675906994448609,0.8696,0.3298237985849337,0.43286657333374023,0.5474,0.066,0.47700000000000004,,,,134.47817335254464,,,,
8293,P35557,E,395,Q,NONSYN,0.4979236622050323,0.8085690872191019,0.15047938210796902,-0.02876666666666668,100.0,2.0,6.0,0.261455840159012,0.18113213293391,0.8180986242958601,0.2615,0.18113213293391,0.261455840159012,0.18113213293391,,0.18113213293391,0.12807975948835093,0.8859,0.6244830426687468,0.4857209622859955,0.3021,0.1238,0.003,,,,134.47817335254464,,,,
8294,P35557,E,395,*,STOP,,,,,100.0,2.0,6.0,0.561302985623551,0.05,0.44769885836082507,0.5613,0.05,0.561302985623551,0.05,,0.05,0.035355339059327376,,,,0.5613,0.0354,,,,,134.47817335254464,,,,
8295,P35557,S,396,S,SYN,,,,,100.0,2.0,6.0,1.0701081781723598,0.05,0.0337976099613256,1.0701,0.05,1.0701081781723598,0.05,,0.05,0.035355339059327376,,,,1.0701,0.0354,,,,,47.23473336488681,,,,
8296,P35557,S,396,A,NONSYN,0.4563330621977513,1.20365017087887,0.13861050381882425,-0.01466666666666668,100.0,2.0,6.0,0.8992317076042329,0.0556666061230499,0.09411465154067357,0.8992,0.0556666061230499,0.8992317076042329,0.0556666061230499,,0.0556666061230499,0.039362234675249165,1.0793,0.18008562370985404,0.5227692127227783,0.9002,0.0393,0.03,,,,47.23473336488681,,,,
8297,P35557,S,396,V,NONSYN,0.3566796973350173,1.0238423525803997,0.11515680475185958,-1.3498999999999999,100.0,2.0,6.0,1.10155749071878,0.0787127729120445,0.027733881888978646,1.1016,0.0787127729120445,1.10155749071878,0.0787127729120445,,0.0787127729120445,0.05565833549210345,0.9103,0.1912163471106867,0.4620705246925354,1.0988,0.0553,0.91,,,,47.23473336488681,,,,
8298,P35557,S,396,R,NONSYN,0.5078165034060199,1.1135387240854373,0.07896749367042998,-0.9542999999999999,100.0,2.0,6.0,0.7026455905195029,0.16782091479851502,0.2585800548215889,0.7026,0.16782091479851502,0.7026455905195029,0.16782091479851502,,0.16782091479851502,0.1186673068789598,0.9372,0.2345227692369668,0.4087042808532715,0.7209,0.114,0.004,,,,47.23473336488681,,,,
8299,P35557,S,396,D,NONSYN,0.26426002389568154,1.13493632294629,0.06602362570899788,-0.6365333333333334,100.0,2.0,6.0,0.6018118137475871,0.0695175356189842,0.3895150658765636,0.6018,0.0695175356189842,0.6018118137475871,0.0695175356189842,,0.0695175356189842,0.04915632084756108,0.953,0.35116703566342367,0.399072527885437,0.6071,0.0488,0.6729999999999999,,,,47.23473336488681,,,,
8300,P35557,S,396,F,NONSYN,0.4400921079880442,0.9513434283144421,0.0983516185563157,-1.7383,100.0,2.0,6.0,0.824534739936943,0.0967076016284426,0.14196907883685586,0.8245,0.0967076016284426,0.824534739936943,0.0967076016284426,,0.0967076016284426,0.06838260090375896,0.852,0.027480814967994704,0.44057193398475647,0.8252,0.0676,0.988,,,,47.23473336488681,,,,
8301,P35557,S,396,T,NONSYN,0.5032644910640633,1.1681467015953277,0.13541768798779058,-0.06083333333333333,100.0,2.0,6.0,1.00574211545486,0.13728568358846902,0.050258473727027346,1.0057,0.13728568358846902,1.00574211545486,0.13728568358846902,,0.13728568358846902,0.09707563782523715,0.9894,0.01636753745574504,0.5186447501182556,1.0052,0.0954,0.036000000000000004,,,,47.23473336488681,,,,
8302,P35557,S,396,I,NONSYN,0.40690641070991895,0.8583139176329363,0.10044268016459852,-1.7275666666666665,100.0,2.0,6.0,1.10362327198146,0.0432425709771167,0.02737379366683406,1.1036,0.0432425709771167,1.10362327198146,0.0432425709771167,,0.0432425709771167,0.030577115173859807,0.8324,0.2712702761089625,0.4512992203235626,1.1024,0.0305,0.953,,,,47.23473336488681,,,,
8303,P35557,S,396,L,NONSYN,0.393745075519064,0.9463214656143967,0.09939648480753384,-1.7093,100.0,2.0,6.0,0.8396006280370791,0.0750546098695778,0.13097350959241602,0.8396,0.0750546098695778,0.8396006280370791,0.0750546098695778,,0.0750546098695778,0.05307162359808924,0.8996,0.059999400954620086,0.4321814179420471,0.8405,0.0527,0.792,,,,47.23473336488681,,,,
8304,P35557,S,396,K,NONSYN,0.33912790346884786,1.1661577315281801,0.07985954638237149,-0.6167666666666666,100.0,2.0,6.0,1.28239550724097,0.0646300141491093,0.008561171385862473,1.2824,0.0646300141491093,1.28239550724097,0.0646300141491093,,0.0646300141491093,0.045700321273017694,0.9872,0.29521217479773276,0.45703381299972534,1.2795,0.0455,0.44,,,,47.23473336488681,,,,
8305,P35557,S,396,G,NONSYN,0.4188135801978989,1.0028629551038157,0.0555223699688994,-0.6509999999999999,100.0,2.0,6.0,0.9980319172750101,0.166756194142556,0.052663074642219844,0.998,0.166756194142556,0.9980319172750101,0.166756194142556,,0.166756194142556,0.11791443568306177,0.9145,0.08354777401786895,0.40832167863845825,0.9916,0.1133,0.37,,,,47.23473336488681,,,,
8306,P35557,S,396,Y,NONSYN,0.3987520148682556,1.0450580262681777,0.04384896182617282,-1.6658,100.0,2.0,6.0,0.9108063849247869,0.4081808683662929,0.08809809251640362,0.9108,0.4081808683662929,0.9108063849247869,0.4081808683662929,,0.4081808683662929,0.28862745997241923,0.8628,0.048049655798810376,0.4073818325996399,0.8947,0.2355,0.988,,,,47.23473336488681,,,,
8307,P35557,S,396,N,NONSYN,0.3577198430860929,1.1332243283045875,0.07074484332346756,-0.23683333333333337,100.0,2.0,6.0,1.2291486641951102,0.5352341452613321,0.01217420144905838,1.2291,0.5352341452613321,1.2291486641951102,0.5352341452613321,,0.5352341452613321,0.3784676936368735,0.9572,0.27190259905533964,0.40871521830558777,1.1036,0.2777,0.006999999999999999,,,,47.23473336488681,,,,
8308,P35557,S,396,C,NONSYN,0.4413057931247456,1.0298523856151778,0.07137861627795454,-0.9221333333333334,100.0,2.0,6.0,0.9537046059302821,0.22068327292937498,0.06863839437340183,0.9537,0.22068327292937498,0.9537046059302821,0.22068327292937498,,0.22068327292937498,0.1560466387828027,0.8628,0.0909478768043055,0.4078614413738251,0.9421,0.1457,0.9840000000000001,,,,47.23473336488681,,,,
8309,P35557,S,396,P,NONSYN,0.3754690196139504,0.9393690831419018,0.06631646110990407,-0.9290666666666666,100.0,2.0,6.0,1.22515451335011,0.247482759415427,0.01249770401686547,1.2252,0.247482759415427,1.22515451335011,0.247482759415427,,0.247482759415427,0.1749967374094073,0.8406,0.3845491351991701,0.41972339153289795,1.1682,0.1615,0.9570000000000001,,,,47.23473336488681,,,,
8310,P35557,S,396,E,NONSYN,0.32956968841657797,1.2188290525008734,0.06346189131290232,-0.6321,100.0,2.0,6.0,1.12438154432289,0.21559099637482398,0.023992512605445965,1.1244,0.21559099637482398,1.12438154432289,0.21559099637482398,,0.21559099637482398,0.1524458554994024,1.0768,0.04756307813636651,0.49293386936187744,1.1202,0.1456,0.5870000000000001,,,,47.23473336488681,,,,
8311,P35557,S,396,M,NONSYN,0.4679817126368144,0.9456328718601701,0.10059812294816373,-1.5591333333333335,100.0,2.0,6.0,1.2070160668861298,0.152927714953047,0.014073644194626998,1.207,0.152927714953047,1.2070160668861298,0.152927714953047,,0.152927714953047,0.1081362242746629,0.852,0.3550005119811921,0.4425869286060333,1.187,0.105,0.988,,,,47.23473336488681,,,,
8312,P35557,S,396,W,NONSYN,0.3832492129242465,0.922586213318494,0.03060090287349111,-1.7880333333333336,100.0,2.0,6.0,0.28603367164820803,0.0832955269355932,0.7968850084989697,0.286,0.0832955269355932,0.28603367164820803,0.0832955269355932,,0.0832955269355932,0.058898831938664666,0.8368,0.5507948581865393,0.4159914553165436,0.2969,0.0583,0.997,,,,47.23473336488681,,,,
8313,P35557,S,396,H,NONSYN,0.2629764798769622,0.9605015699332983,0.08759524422735694,-0.9429,100.0,2.0,6.0,1.16175705297592,0.0479243973349073,0.018879707835294655,1.1618,0.0479243973349073,1.16175705297592,0.0479243973349073,,0.0479243973349073,0.033887666339791456,0.8553,0.30649215086105186,0.43104299902915955,1.1599,0.0338,0.9640000000000001,,,,47.23473336488681,,,,
8314,P35557,S,396,Q,NONSYN,0.3963611118941722,1.1349363229462899,0.06602362570899789,-0.6365333333333333,100.0,2.0,6.0,1.37605973298664,0.20126783813706398,0.004561426611503824,1.3761,0.20126783813706398,1.37605973298664,0.20126783813706398,,0.20126783813706398,0.14231785318147436,0.9509,0.4251478534471502,0.399072527885437,1.3281,0.134,0.792,,,,47.23473336488681,,,,
8315,P35557,S,396,*,STOP,,,,,100.0,2.0,6.0,0.440177442565673,0.05,0.6211874433508955,0.4402,0.05,0.440177442565673,0.05,,0.05,0.035355339059327376,,,,0.4402,0.0354,,,,,47.23473336488681,,,,
8316,P35557,R,397,S,NONSYN,0.4030125793742561,0.5728316877148987,0.07513839661356568,-0.8416666666666667,100.0,2.0,6.0,0.8346917985179259,0.371951036520011,0.13447766257713512,0.8347,0.371951036520011,0.8346917985179259,0.371951036520011,,0.371951036520011,0.26300910019266494,0.6247,0.2100268958308531,0.43942996859550476,0.7793,0.2257,0.9990000000000001,,,,60.1154239140204,,,,
8317,P35557,R,397,A,NONSYN,0.3189859929557896,0.542652369506664,0.10025554141426059,-1.0746,100.0,2.0,6.0,0.46424646614862897,0.0980923751510637,0.5880531782940592,0.4642,0.0980923751510637,0.46424646614862897,0.0980923751510637,,0.0980923751510637,0.06936178365201193,0.5905,0.12624691487477802,0.46580415964126587,0.467,0.0686,0.9990000000000001,,,,60.1154239140204,,,,
8318,P35557,R,397,V,NONSYN,0.398009908378716,0.755687441823447,0.07340981994473794,-1.9711666666666667,100.0,2.0,6.0,0.31384187977163797,0.21677134983524102,0.7705771719446035,0.3138,0.21677134983524102,0.31384187977163797,0.21677134983524102,,0.21677134983524102,0.1532804914354603,0.7439,0.4301059838071584,0.4150888919830322,0.3655,0.1438,0.9990000000000001,,,,60.1154239140204,,,,
8319,P35557,R,397,R,SYN,,,,,100.0,2.0,6.0,0.791660894195604,0.05,0.16850673254571524,0.7917,0.05,0.791660894195604,0.05,,0.05,0.035355339059327376,,,,0.7917,0.0354,,,,,60.1154239140204,,,,
8320,P35557,R,397,D,NONSYN,0.1122725979085614,0.8909689330199565,0.09388429867687785,-1.7069333333333334,100.0,2.0,6.0,0.26971959793072,0.12372330189434899,0.8111765548021705,0.2697,0.12372330189434899,0.26971959793072,0.12372330189434899,,0.12372330189434899,0.08748558576028459,0.7827,0.512991550331304,0.45250165462493896,0.2882,0.0859,1.0,,,,60.1154239140204,,,,
8321,P35557,R,397,F,NONSYN,0.3436253892885596,0.6793074964237107,0.17029598379002772,-2.1555666666666666,100.0,2.0,6.0,0.7224307634457829,0.0741781531029113,0.2362691623594257,0.7224,0.0741781531029113,0.7224307634457829,0.0741781531029113,,0.0741781531029113,0.05245187507496252,0.6785,0.04388576527683763,0.5178160667419434,0.722,0.0522,0.9990000000000001,,,,60.1154239140204,,,,
8322,P35557,R,397,T,NONSYN,0.292232657128476,0.6282257487565269,0.09415675871210465,-1.0614333333333332,100.0,2.0,6.0,0.20752632839903998,0.175966828631204,0.8582444073006505,0.2075,0.175966828631204,0.20752632839903998,0.175966828631204,,0.175966828631204,0.12442733778901546,0.6786,0.47104167716278866,0.454240083694458,0.2404,0.12,0.9990000000000001,,,,60.1154239140204,,,,
8323,P35557,R,397,I,NONSYN,0.35928103966798514,0.5846855217148816,0.16321002388162384,-2.1296999999999997,100.0,2.0,6.0,1.00629668757227,0.21918070624504302,0.05008945989422693,1.0063,0.21918070624504302,1.00629668757227,0.21918070624504302,,0.21918070624504302,0.15498416369112658,0.6593,0.34698265120294636,0.5288310647010803,0.9789,0.1487,0.9990000000000001,,,,60.1154239140204,,,,
8324,P35557,R,397,L,NONSYN,0.3775202648814329,0.7848204672159013,0.07517192617253636,-1.8647666666666665,100.0,2.0,6.0,0.596304710106332,0.21243025283026698,0.3973072301897429,0.5963,0.21243025283026698,0.596304710106332,0.21243025283026698,,0.21243025283026698,0.15021087230545455,0.7464,0.15010780553392677,0.42123329639434814,0.6132,0.1415,0.998,,,,60.1154239140204,,,,
8325,P35557,R,397,K,NONSYN,0.4996982892545154,0.28273205352172165,0.1501383697263469,-0.45376666666666665,100.0,2.0,6.0,2.3167939932951405,0.284681792103734,4.523198671935195e-06,2.3168,0.284681792103734,2.3167939932951405,0.284681792103734,,0.284681792103734,0.20130042567688924,0.6462,1.670575395406194,0.5293958187103271,2.1058,0.1882,0.298,,,,60.1154239140204,,,,
8326,P35557,R,397,G,NONSYN,0.4710347881166008,0.6674797532786032,0.07470993009852939,-1.865,100.0,2.0,6.0,0.9483268519182259,0.215343955667321,0.07084750146886809,0.9483,0.215343955667321,0.9483268519182259,0.215343955667321,,0.215343955667321,0.15227117133989793,0.6769,0.2713775892992073,0.42123329639434814,0.917,0.1432,0.9990000000000001,,,,60.1154239140204,,,,
8327,P35557,R,397,Y,NONSYN,0.3907391645635834,0.6167779090109166,0.09592018318128442,-1.6721666666666666,100.0,2.0,6.0,1.09229266995784,0.0913887048215756,0.0294044972413629,1.0923,0.0913887048215756,1.09229266995784,0.0913887048215756,,0.0913887048215756,0.06462157290319183,0.6704,0.4219181572854156,0.45571309328079224,1.084,0.064,0.9990000000000001,,,,60.1154239140204,,,,
8328,P35557,R,397,N,NONSYN,0.4070897773431755,0.5848057666744483,0.10082483793640118,-0.9186666666666666,100.0,2.0,6.0,0.798769561639277,0.238725629503657,0.16246605035867337,0.7988,0.238725629503657,0.798769561639277,0.238725629503657,,0.238725629503657,0.1688045114650632,0.6503,0.14845588623568207,0.46895381808280945,0.7817,0.1588,0.9990000000000001,,,,60.1154239140204,,,,
8329,P35557,R,397,C,NONSYN,0.3945781846907973,0.8155037909817592,0.1633886943590868,-2.1973999999999996,100.0,2.0,6.0,0.909371078557727,0.0998507381631709,0.08882552932424,0.9094,0.0998507381631709,0.909371078557727,0.0998507381631709,,0.0998507381631709,0.07060513406166054,0.7613,0.14808028990721434,0.5049233436584473,0.9065,0.0699,1.0,,,,60.1154239140204,,,,
8330,P35557,R,397,P,NONSYN,0.180066694070857,0.7701130399355952,0.062375373542882556,-1.7161666666666668,100.0,2.0,6.0,0.632287277183804,0.322384542237173,0.34735699704142875,0.6323,0.322384542237173,0.632287277183804,0.322384542237173,,0.322384542237173,0.22796029596562595,0.731,0.09874133924457129,0.4256103038787842,0.6543,0.201,1.0,,,,60.1154239140204,,,,
8331,P35557,R,397,E,NONSYN,0.2774716424939038,0.6992359421019438,0.10670822466817449,-0.8858,100.0,2.0,6.0,0.45547903535678996,0.18711487214313197,0.6002510961736299,0.4555,0.18711487214313197,0.45547903535678996,0.18711487214313197,,0.18711487214313197,0.13231019495326243,0.6993,0.24378757717296468,0.47898533940315247,0.4728,0.1275,0.995,,,,60.1154239140204,,,,
8332,P35557,R,397,M,NONSYN,0.37044865400284027,0.5021548643551982,0.09970345263430257,-1.0532666666666668,100.0,2.0,6.0,0.5857389816030261,0.107746119048267,0.412377072195849,0.5857,0.107746119048267,0.5857389816030261,0.107746119048267,,0.107746119048267,0.07618801142556263,0.4586,0.1271727927907702,0.453843891620636,0.5823,0.0751,1.0,,,,60.1154239140204,,,,
8333,P35557,R,397,W,NONSYN,0.38841440406711497,0.6808564435965637,0.07473374906858317,-2.1376333333333335,100.0,2.0,6.0,0.7177839219272241,0.653439360316451,0.24139484776761239,0.7178,0.653439360316451,0.7177839219272241,0.653439360316451,,0.653439360316451,0.4620514027739623,0.6699,0.04787903425098505,0.4067853093147278,0.6908,0.3053,1.0,,,,60.1154239140204,,,,
8334,P35557,R,397,H,NONSYN,0.3580838527509595,0.28273205352172165,0.1501383697263469,-0.45376666666666665,,,,,,,,,,,,,,0.3603,,0.44082239270210266,0.3603,0.4408,1.0,,,,60.1154239140204,,,,
8335,P35557,R,397,Q,NONSYN,0.3675437003413988,0.6963134651713311,0.1131246792818949,-0.7643666666666666,100.0,2.0,6.0,-0.40605243643090205,0.5601300202582221,0.9929563724785594,-0.4061,0.5601300202582221,-0.40605243643090205,0.5601300202582221,,0.5601300202582221,0.39607173567074705,0.6786,1.0846204419927306,0.48036468029022217,0.0329,0.3056,0.998,,,,60.1154239140204,,,,
8336,P35557,R,397,*,STOP,,,,,100.0,2.0,6.0,0.0874108044629468,0.05,0.9206283262628292,0.0874,0.05,0.0874108044629468,0.05,,0.05,0.035355339059327376,,,,0.0874,0.0354,,,,,60.1154239140204,,,,
8337,P35557,S,398,S,SYN,,,,,100.0,2.0,6.0,1.2061607153963798,0.05,0.014152484427106602,1.2062,0.05,1.2061607153963798,0.05,,0.05,0.035355339059327376,,,,1.2062,0.0354,,,,,107.59315049539606,,,,
8338,P35557,S,398,A,NONSYN,0.4563330621977513,0.8672714805278677,0.10787998873544542,-0.01466666666666668,100.0,2.0,6.0,0.986387721082309,0.18787322053455602,0.0564944744973943,0.9864,0.18787322053455602,0.986387721082309,0.18787322053455602,,0.18787322053455602,0.13284642824334028,0.8994,0.08696090318832705,0.42633602023124695,0.9787,0.1268,0.0,,,,107.59315049539606,,,,
8339,P35557,S,398,V,NONSYN,0.3566796973350173,0.8079294957926271,0.04305102176135885,-1.3498999999999999,100.0,2.0,6.0,0.994007505072678,0.223625696820987,0.05395957649211301,0.994,0.223625696820987,0.994007505072678,0.223625696820987,,0.223625696820987,0.15812724666968686,0.8859,0.1080686222449192,0.40353599190711975,0.9796,0.1472,0.016,,,,107.59315049539606,,,,
8340,P35557,S,398,R,NONSYN,0.5078165034060199,0.8153622325598054,0.05408360470541889,-0.9542999999999999,100.0,2.0,6.0,0.947513673179528,0.118149604154047,0.07118701738805953,0.9475,0.118149604154047,0.947513673179528,0.118149604154047,,0.118149604154047,0.08354438629183292,0.8946,0.05289563881673498,0.40548861026763916,0.9454,0.0818,0.001,,,,107.59315049539606,,,,
8341,P35557,S,398,D,NONSYN,0.26426002389568154,1.6822976649260495,0.07357433057155417,-0.6365333333333334,100.0,2.0,6.0,0.273848880187777,0.153092632604153,0.807638160390521,0.2738,0.153092632604153,0.273848880187777,0.153092632604153,,0.153092632604153,0.10825283866409732,1.2085,0.9346855989534584,0.6593338251113892,0.2984,0.1068,0.012,,,,107.59315049539606,,,,
8342,P35557,S,398,F,NONSYN,0.4400921079880442,0.9243156297535733,0.05182679959677899,-1.7383,100.0,2.0,6.0,0.8200849287935551,0.270247063220029,0.1453546850135641,0.8201,0.270247063220029,0.8200849287935551,0.270247063220029,,0.270247063220029,0.1910935309986321,0.8996,0.07947337694680134,0.3952254354953766,0.8351,0.172,0.272,,,,107.59315049539606,,,,
8343,P35557,S,398,T,NONSYN,0.5032644910640633,0.9585999367244354,0.0973927932053635,-0.06083333333333333,100.0,2.0,6.0,0.7124023524926059,0.272113195960678,0.2474192874436287,0.7124,0.272113195960678,0.7124023524926059,0.272113195960678,,0.272113195960678,0.19241308611413926,0.9153,0.2028678568198331,0.42221522331237793,0.7473,0.1751,0.002,,,,107.59315049539606,,,,
8344,P35557,S,398,I,NONSYN,0.40690641070991895,0.9614136327410651,0.0710026953499853,-1.7275666666666665,100.0,2.0,6.0,0.70879091983108,0.175033981128591,0.25151481015609706,0.7088,0.175033981128591,0.70879091983108,0.175033981128591,,0.175033981128591,0.12376771499410488,0.9124,0.2035800599548392,0.3960433304309845,0.7269,0.1181,0.07400000000000001,,,,107.59315049539606,,,,
8345,P35557,S,398,L,NONSYN,0.393745075519064,0.8434140871990418,0.07749964649253478,-1.7093,100.0,2.0,6.0,1.06278955645715,0.115196659147014,0.03537703672257791,1.0628,0.115196659147014,1.06278955645715,0.115196659147014,,0.115196659147014,0.08145633885288893,0.8994,0.16336273856316796,0.411682665348053,1.0566,0.0799,0.0,,,,107.59315049539606,,,,
8346,P35557,S,398,K,NONSYN,0.33912790346884786,0.9486776173435016,0.0879192406071968,-0.6167666666666666,100.0,2.0,6.0,2.6410545928216203,0.28113000740662997,3.2923726361355893e-07,2.6411,0.28113000740662997,2.6410545928216203,0.28113000740662997,,0.28113000740662997,0.19878893463225236,0.912,1.7290337307191117,0.4291422367095947,2.3356,0.1804,0.042,,,,107.59315049539606,,,,
8347,P35557,S,398,G,NONSYN,0.4188135801978989,1.2772536609244918,0.08008745217548942,-0.6509999999999999,100.0,2.0,6.0,1.48898089219245,0.0736385250620125,0.002101931823369079,1.489,0.0736385250620125,1.48898089219245,0.0736385250620125,,0.0736385250620125,0.052070300427924564,1.0812,0.4078062801471618,0.5013301968574524,1.4846,0.0518,0.0,,,,107.59315049539606,,,,
8348,P35557,S,398,Y,NONSYN,0.3987520148682556,0.8717932526642285,0.0767861906099641,-1.6658,100.0,2.0,6.0,1.00136641297249,0.0666419086434892,0.051610490730417395,1.0014,0.0666419086434892,1.00136641297249,0.0666419086434892,,0.0666419086434892,0.04712294551302561,0.887,0.11432776484398044,0.4165656268596649,0.9999,0.0468,0.602,,,,107.59315049539606,,,,
8349,P35557,S,398,N,NONSYN,0.3577198430860929,0.7811465603067881,0.09689914179809972,-0.23683333333333337,100.0,2.0,6.0,1.4492176390170202,0.12127237720767998,0.002766406472370995,1.4492,0.12127237720767998,1.4492176390170202,0.12127237720767998,,0.12127237720767998,0.08575252029416341,0.8859,0.5632787561892614,0.4472033977508545,1.4292,0.0842,0.0,,,,107.59315049539606,,,,
8350,P35557,S,398,C,NONSYN,0.4413057931247456,1.0192274019405343,0.04722868200449834,-0.9221333333333334,100.0,2.0,6.0,0.33591816503734095,0.16266564189975,0.7479299570605048,0.3359,0.16266564189975,0.33591816503734095,0.16266564189975,,0.16266564189975,0.1150219784533758,0.9167,0.5807571641710331,0.39261773228645325,0.3818,0.1104,0.0,,,,107.59315049539606,,,,
8351,P35557,S,398,P,NONSYN,0.3754690196139504,0.6747209772466413,0.05007455728019581,-0.9290666666666666,100.0,2.0,6.0,1.36943743911902,0.146545826150038,0.004770989631534659,1.3694,0.146545826150038,1.36943743911902,0.146545826150038,,0.146545826150038,0.10362354742527674,0.8377,0.53175912586371,0.4177708029747009,1.3386,0.1006,0.10300000000000001,,,,107.59315049539606,,,,
8352,P35557,S,398,E,NONSYN,0.32956968841657797,1.5234099783626824,0.10676812570558408,-0.6321,100.0,2.0,6.0,0.916857509764078,0.113932281225215,0.08508812486825997,0.9169,0.113932281225215,0.916857509764078,0.113932281225215,,0.113932281225215,0.0805622886504023,1.0846,0.16770169243013588,0.5167733430862427,0.9208,0.0796,0.016,,,,107.59315049539606,,,,
8353,P35557,S,398,M,NONSYN,0.4679817126368144,0.9384862822795744,0.08415695371195468,-1.5591333333333335,100.0,2.0,6.0,1.0865039093680502,0.0495961037002003,0.030495955280501738,1.0865,0.0495961037002003,1.0865039093680502,0.0495961037002003,,0.0495961037002003,0.03506974124684285,0.8996,0.18694560362769375,0.41636621952056885,1.0852,0.0349,0.272,,,,107.59315049539606,,,,
8354,P35557,S,398,W,NONSYN,0.3832492129242465,0.863888468360595,0.08060212294123373,-1.7880333333333336,100.0,2.0,6.0,0.528261223605748,0.281722436369065,0.49597264416238257,0.5283,0.281722436369065,0.528261223605748,0.281722436369065,,0.281722436369065,0.1992078451689615,0.8406,0.3123585192645828,0.42369335889816284,0.5848,0.1803,0.946,,,,107.59315049539606,,,,
8355,P35557,S,398,H,NONSYN,0.2629764798769622,0.884289759111963,0.058639728274728964,-0.9429,100.0,2.0,6.0,0.740731093523055,0.0686648610726134,0.21678052823728813,0.7407,0.0686648610726134,0.740731093523055,0.0686648610726134,,0.0686648610726134,0.04855338889367712,0.8953,0.1545599368838969,0.40548861026763916,0.7429,0.0482,0.602,,,,107.59315049539606,,,,
8356,P35557,S,398,Q,NONSYN,0.3963611118941722,1.6822976649260493,0.07357433057155417,-0.6365333333333333,100.0,2.0,6.0,0.44019445007397706,0.347466652446736,0.6211644409693577,0.4402,0.347466652446736,0.44019445007397706,0.347466652446736,,0.347466652446736,0.2456960261812763,1.2085,0.7683400290672583,0.6593338251113892,0.5339,0.2302,0.175,,,,107.59315049539606,,,,
8357,P35557,S,398,*,STOP,,,,,100.0,2.0,6.0,0.498583302787979,0.05,0.5391575730431487,0.4986,0.05,0.498583302787979,0.05,,0.05,0.035355339059327376,,,,0.4986,0.0354,,,,,107.59315049539606,,,,
8358,P35557,E,399,S,NONSYN,0.4382670271083193,1.2527596926326534,0.07437175706876818,-0.6747666666666666,100.0,2.0,6.0,0.8545827331501421,0.16560454922392198,0.12073750711033476,0.8546,0.16560454922392198,0.8545827331501421,0.16560454922392198,,0.16560454922392198,0.11710009975157663,1.0847,0.23013394451556834,0.4812571108341217,0.8674,0.1138,0.027999999999999997,,,,81.33731582720436,,,,
8359,P35557,E,399,A,NONSYN,0.4725389201357859,1.2615143147025167,0.0626380705693754,-0.8022,100.0,2.0,6.0,0.850789140282473,0.079492315206509,0.12326479261043691,0.8508,0.079492315206509,0.850789140282473,0.079492315206509,,0.079492315206509,0.05620955513474102,1.0847,0.23392753738323746,0.4920490086078644,0.8538,0.0558,0.009000000000000001,,,,81.33731582720436,,,,
8360,P35557,E,399,V,NONSYN,0.5148579282991502,0.7583844865992942,0.08575097826344114,-1.6669666666666665,100.0,2.0,6.0,0.587822194748918,0.13006244156913901,0.40939425115751005,0.5878,0.13006244156913901,0.587822194748918,0.13006244156913901,,0.13006244156913901,0.0919680344112173,0.8859,0.29811668807884084,0.43014317750930786,0.6009,0.0899,0.013000000000000001,,,,81.33731582720436,,,,
8361,P35557,E,399,R,NONSYN,0.4513055748960305,1.1442574645592745,0.06578893261816914,-0.7211333333333333,100.0,2.0,6.0,1.17629582450261,0.167250025043743,0.017186500080258925,1.1763,0.167250025043743,1.17629582450261,0.167250025043743,,0.167250025043743,0.11826362686205057,0.964,0.21224797532429585,0.41204699873924255,1.1601,0.1137,0.115,,,,81.33731582720436,,,,
8362,P35557,E,399,D,NONSYN,0.4800060668498122,1.1227846507812373,0.1276196314781749,-0.020166666666666666,100.0,2.0,6.0,0.49024212474619105,0.538626897229919,0.5511727783581801,0.4902,0.538626897229919,0.49024212474619105,0.538626897229919,,0.538626897229919,0.3808667315607453,0.9529,0.4626489866277103,0.45475006103515625,0.681,0.292,0.006,,,,81.33731582720436,,,,
8363,P35557,E,399,F,NONSYN,0.4134101209643438,0.9175021673702131,0.04512515412712387,-2.4431333333333334,100.0,2.0,6.0,0.675800069949307,0.0657045270336464,0.2908176345784897,0.6758,0.0657045270336464,0.675800069949307,0.0657045270336464,,0.0657045270336464,0.0464601166201462,0.8974,0.2215669902351718,0.3830765187740326,0.679,0.0461,0.475,,,,81.33731582720436,,,,
8364,P35557,E,399,T,NONSYN,0.4070866311137473,0.8542490250926414,0.05928897476398903,-0.9768666666666667,100.0,2.0,6.0,1.0956021594239398,0.19733638416482102,0.02879713587518777,1.0956,0.19733638416482102,1.0956021594239398,0.19733638416482102,,0.19733638416482102,0.13953789541777856,0.8994,0.19617534152995786,0.4006056487560272,1.0744,0.1318,0.006,,,,81.33731582720436,,,,
8365,P35557,E,399,I,NONSYN,0.377366298627538,0.7092354046363997,0.04676412732376808,-2.3962999999999997,100.0,2.0,6.0,1.64010001181909,0.0791752332177316,0.000727047701487386,1.6401,0.0791752332177316,1.64010001181909,0.0791752332177316,,0.0791752332177316,0.0559853443102844,0.8726,0.767512509816374,0.3854493498802185,1.6242,0.0554,0.057,,,,81.33731582720436,,,,
8366,P35557,E,399,L,NONSYN,0.4309220950052253,0.9818518480257423,0.03828705588557091,-2.375633333333333,100.0,2.0,6.0,0.8222506816510621,0.13873156368512501,0.14369894101700634,0.8223,0.13873156368512501,0.8222506816510621,0.13873156368512501,,0.13873156368512501,0.09809802944636527,0.9178,0.09558520959573358,0.3744794428348541,0.8284,0.0949,0.009000000000000001,,,,81.33731582720436,,,,
8367,P35557,E,399,K,NONSYN,0.4890082107053284,1.145521995515164,0.07416690799116223,-0.6217666666666667,100.0,2.0,6.0,1.12126053235282,0.0833436683478849,0.02447431359806426,1.1213,0.0833436683478849,1.12126053235282,0.0833436683478849,,0.0833436683478849,0.05893287305775203,0.964,0.15721268317450576,0.4166916012763977,1.1182,0.0584,0.185,,,,81.33731582720436,,,,
8368,P35557,E,399,G,NONSYN,0.4522640708552875,0.887051096159726,0.0718970082549672,-1.9225,100.0,2.0,6.0,0.6814599791924321,0.190334052755909,0.28384036675715235,0.6815,0.190334052755909,0.6814599791924321,0.190334052755909,,0.190334052755909,0.13458649939442133,0.9077,0.22621922097999225,0.38719627261161804,0.7058,0.1271,0.0,,,,81.33731582720436,,,,
8369,P35557,E,399,Y,NONSYN,0.4671477233180428,1.0479368908875282,0.05856725286942982,-2.2137666666666664,100.0,2.0,6.0,1.01529972361765,0.0947607028440931,0.047417694028028326,1.0153,0.0947607028440931,1.01529972361765,0.0947607028440931,,0.0947607028440931,0.06700593557106159,0.9103,0.10495858000955671,0.37643203139305115,1.0121,0.066,0.831,,,,81.33731582720436,,,,
8370,P35557,E,399,N,NONSYN,0.4945297857128286,1.0334056169557007,0.0827568166655874,-0.6558999999999999,100.0,2.0,6.0,1.512644960181,0.0609038794445351,0.0017832631186449955,1.5126,0.0609038794445351,1.512644960181,0.0609038794445351,,0.0609038794445351,0.043065546155798745,0.9167,0.5959696309726259,0.4174593687057495,1.5064,0.0428,0.053,,,,81.33731582720436,,,,
8371,P35557,E,399,C,NONSYN,0.4263241553322161,0.5960688534136187,0.04390735128753961,-2.5622,100.0,2.0,6.0,1.23409820382418,0.174341881596644,0.011784478523701096,1.2341,0.174341881596644,1.23409820382418,0.174341881596644,,0.174341881596644,0.1232783267218091,0.784,0.4500897008639748,0.4028931260108948,1.1956,0.1179,0.919,,,,81.33731582720436,,,,
8372,P35557,E,399,P,NONSYN,0.2784783599621833,0.8447378314851103,0.058773064219297726,-1.2109666666666667,100.0,2.0,6.0,0.535662110492841,0.17024008476309302,0.4851484379626427,0.5357,0.17024008476309302,0.535662110492841,0.17024008476309302,,0.17024008476309302,0.1203779183657557,0.8994,0.363764707401141,0.4006056487560272,0.5658,0.1153,0.0,,,,81.33731582720436,,,,
8373,P35557,E,399,E,SYN,,,,,100.0,2.0,6.0,1.08895747500469,0.05,0.030028766263568846,1.089,0.05,1.08895747500469,0.05,,0.05,0.035355339059327376,,,,1.089,0.0354,,,,,81.33731582720436,,,,
8374,P35557,E,399,M,NONSYN,0.4318399535430367,0.7615272991863332,0.058747520585468754,-1.9440333333333335,100.0,2.0,6.0,1.05803137011261,0.25913202584365097,0.03644063812073715,1.058,0.25913202584365097,1.05803137011261,0.25913202584365097,,0.25913202584365097,0.18323401269665326,0.8859,0.17209248728485127,0.3957933783531189,1.0277,0.1663,0.002,,,,81.33731582720436,,,,
8375,P35557,E,399,W,NONSYN,0.3886512979012191,1.0460502544731531,0.040710529070989085,-2.4843333333333333,100.0,2.0,6.0,0.290155808640487,0.10553609483175999,0.7931409840597672,0.2902,0.10553609483175999,0.290155808640487,0.10553609483175999,,0.10553609483175999,0.07462528831548404,0.8628,0.5726009204854896,0.3877011239528656,0.3106,0.0733,0.983,,,,81.33731582720436,,,,
8376,P35557,E,399,H,NONSYN,0.3874690850586482,1.1811745059445842,0.057303635783519935,-0.6659666666666667,100.0,2.0,6.0,1.06933829321435,0.260535976560625,0.033960597049201964,1.0693,0.260535976560625,1.06933829321435,0.260535976560625,,0.260535976560625,0.18422675576907732,1.0234,0.04597827925255804,0.5054412484169006,1.0639,0.1731,0.568,,,,81.33731582720436,,,,
8377,P35557,E,399,Q,NONSYN,0.4979236622050323,0.8220284634163844,0.13426548497429144,-0.02876666666666668,100.0,2.0,6.0,1.39251068684075,0.508714883129944,0.004078767538671284,1.3925,0.508714883129944,1.39251068684075,0.508714883129944,,0.508714883129944,0.3597157435517053,0.8946,0.497892652477957,0.47359609603881836,1.2104,0.2865,0.002,,,,81.33731582720436,,,,
8378,P35557,E,399,*,STOP,,,,,100.0,2.0,6.0,0.19530429331903498,0.05,0.8661909169533027,0.1953,0.05,0.19530429331903498,0.05,,0.05,0.035355339059327376,,,,0.1953,0.0354,,,,,81.33731582720436,,,,
8379,P35557,D,400,S,NONSYN,0.3690767940714815,1.0851214940199292,0.034256304036546635,-0.9239999999999999,100.0,2.0,6.0,1.09908417192341,0.14088087962871398,0.028170887910020193,1.0991,0.14088087962871398,1.09908417192341,0.14088087962871398,,0.14088087962871398,0.09961782532498939,0.9262,0.1728882524097075,0.39375922083854675,1.0887,0.0966,0.012,,,,121.40301791276876,,,,
8380,P35557,D,400,A,NONSYN,0.4216252277516441,0.8139221481903208,0.0701782750697061,-1.4927333333333335,100.0,2.0,6.0,1.6134185332610198,0.14893384887091,0.0008786810567701248,1.6134,0.14893384887091,1.6134185332610198,0.14893384887091,,0.14893384887091,0.10531213448483288,0.8946,0.7188004988982268,0.406961590051651,1.5683,0.102,0.0,,,,121.40301791276876,,,,
8381,P35557,D,400,V,NONSYN,0.4506084315132353,1.2499160433298975,0.054629782960636274,-2.6976,100.0,2.0,6.0,1.21678605697879,0.18257067367391602,0.013202496138773086,1.2168,0.18257067367391602,1.21678605697879,0.18257067367391602,,0.18257067367391602,0.1290969614006223,1.0847,0.1320693793130796,0.49492862820625305,1.2084,0.1249,0.013999999999999999,,,,121.40301791276876,,,,
8382,P35557,D,400,R,NONSYN,0.35823216117602164,0.9032097406956376,0.07026134253201621,-1.472133333333333,100.0,2.0,6.0,1.34555575574507,0.14822720402121697,0.005607150433624926,1.3456,0.14822720402121697,1.34555575574507,0.14822720402121697,,0.14822720402121697,0.1048124611197244,0.8996,0.44599745000471347,0.3960433304309845,1.3164,0.1013,0.096,,,,121.40301791276876,,,,
8383,P35557,D,400,D,SYN,,,,,,,,,,,,,,,,,,,,,,,,,,,121.40301791276876,,,,
8384,P35557,D,400,F,NONSYN,0.29646296686588297,1.2037660618955044,0.06820908478341124,-2.5627333333333335,100.0,2.0,6.0,0.8595429093911129,0.18598246333969298,0.11749801569056989,0.8595,0.18598246333969298,0.8595429093911129,0.18598246333969298,,0.18598246333969298,0.13150946100927538,1.0751,0.21550720619421426,0.5035643577575684,0.8733,0.1272,0.602,,,,121.40301791276876,,,,
8385,P35557,D,400,T,NONSYN,0.33041122774515563,1.1289288598573657,0.059928639116021774,-1.1000666666666665,100.0,2.0,6.0,0.7602772720947351,0.236482531992976,0.197212140124283,0.7603,0.236482531992976,0.7602772720947351,0.236482531992976,,0.236482531992976,0.167218402004398,0.9572,0.19696879304503545,0.3990975320339203,0.7897,0.1542,0.026000000000000002,,,,121.40301791276876,,,,
8386,P35557,D,400,I,NONSYN,0.3169485018080975,1.1764509638352234,0.07168512195468259,-2.7128666666666668,100.0,2.0,6.0,1.47486299385195,0.0417392531942647,0.0023177881937278873,1.4749,0.0417392531942647,1.47486299385195,0.0417392531942647,,0.0417392531942647,0.02951410897532683,1.0234,0.451502979890158,0.5247541069984436,1.4734,0.0295,0.4270000000000001,,,,121.40301791276876,,,,
8387,P35557,D,400,L,NONSYN,0.37713817620354506,1.36899709252579,0.05398662981070166,-2.7055000000000002,100.0,2.0,6.0,0.89722460778025,0.20439612144396105,0.09519335391450215,0.8972,0.20439612144396105,0.89722460778025,0.20439612144396105,,0.20439612144396105,0.14452988352125395,1.0881,0.19087654082509664,0.4914202392101288,0.9124,0.1387,0.096,,,,121.40301791276876,,,,
8388,P35557,D,400,K,NONSYN,0.3517044245741117,1.1670018086454637,0.04445994054529709,-0.8664,100.0,2.0,6.0,0.8534432280468071,0.07341639597605999,0.12149209498369887,0.8534,0.07341639597605999,0.8534432280468071,0.07341639597605999,,0.07341639597605999,0.051913231444948776,0.9894,0.13593134995230793,0.4628094434738159,0.8551,0.0516,0.042,,,,121.40301791276876,,,,
8389,P35557,D,400,G,NONSYN,0.41616550742326497,1.3186490841952916,0.06834192870565654,-1.2674333333333332,100.0,2.0,6.0,0.95109190429517,0.23084652539470102,0.069703840073232,0.9511,0.23084652539470102,0.95109190429517,0.23084652539470102,,0.23084652539470102,0.16323314351994564,1.0881,0.1370092443101767,0.4810757040977478,0.9652,0.1546,0.006999999999999999,,,,121.40301791276876,,,,
8390,P35557,D,400,Y,NONSYN,0.4224113195979475,1.1638903977055108,0.06884334995012818,-2.633366666666667,100.0,2.0,6.0,0.979169901961093,0.18172721351885102,0.0589951405903665,0.9792,0.18172721351885102,0.979169901961093,0.18172721351885102,,0.18172721351885102,0.1285005450053152,0.983,0.003870430833096461,0.466172993183136,0.9794,0.1239,0.777,,,,121.40301791276876,,,,
8391,P35557,D,400,N,NONSYN,0.4295009636980524,0.9250788897185735,0.058823716239543765,-0.2961,100.0,2.0,6.0,1.3700926619591103,0.5860608123130671,0.004749845522646458,1.3701,0.5860608123130671,1.3700926619591103,0.5860608123130671,,0.5860608123130671,0.4144075745742662,0.9077,0.46241346178668596,0.40618234872817993,1.1343,0.2901,0.02,,,,121.40301791276876,,,,
8392,P35557,D,400,C,NONSYN,0.3461355508488411,1.1962912195369968,0.0653418321871376,-2.7265333333333337,100.0,2.0,6.0,1.4153422267466298,0.131862790152328,0.0034902772282835257,1.4153,0.131862790152328,1.4153422267466298,0.131862790152328,,0.131862790152328,0.09324107310288982,1.0387,0.37663461280162247,0.5249986052513123,1.4038,0.0918,0.314,,,,121.40301791276876,,,,
8393,P35557,D,400,P,NONSYN,0.2905290433283012,1.3033553977670866,0.07357638269862328,-1.4699,100.0,2.0,6.0,0.14511878453072302,0.11570826657121001,0.8947898034029592,0.1451,0.11570826657121001,0.14511878453072302,0.11570826657121001,,0.11570826657121001,0.0818180999318433,1.0881,0.9429823640746237,0.48254871368408203,0.1715,0.0807,0.0,,,,121.40301791276876,,,,
8394,P35557,D,400,E,NONSYN,0.4869275421620544,1.0962822135551271,0.1439679290482289,-0.3505,100.0,2.0,6.0,0.85648269044945,0.18074746385317,0.11948798681332176,0.8565,0.18074746385317,0.85648269044945,0.18074746385317,,0.18074746385317,0.1278077573728469,0.9339,0.0773931683342719,0.5054169297218323,0.8611,0.1239,0.0,,,,121.40301791276876,,,,
8395,P35557,D,400,M,NONSYN,0.2886817698329022,1.0184996227769987,0.07488743689660497,-2.5042666666666666,,,,,,,,,,,,,,0.9103,,0.3839188516139984,0.9103,0.3839,0.867,,,,121.40301791276876,,,,
8396,P35557,D,400,W,NONSYN,0.2933207242208761,1.26247660945961,0.058170121743280956,-2.7770999999999995,100.0,2.0,6.0,1.99422249878212,0.0438369555637884,5.439852468496098e-05,1.9942,0.0438369555637884,1.99422249878212,0.0438369555637884,,0.0438369555637884,0.03099740854572813,1.0446,0.9496496685819247,0.5249986052513123,1.9909,0.0309,0.946,,,,121.40301791276876,,,,
8397,P35557,D,400,H,NONSYN,0.4359397753198172,0.8549374681455707,0.07979281275860241,-1.1262,100.0,2.0,6.0,1.58225144723012,0.07723902296411299,0.0010951287753490834,1.5823,0.07723902296411299,1.58225144723012,0.07723902296411299,,0.07723902296411299,0.05461623691014776,0.8913,0.6909455237682058,0.4150926470756531,1.5705,0.0541,0.299,,,,121.40301791276876,,,,
8398,P35557,D,400,Q,NONSYN,0.3596090029508326,1.1782596157334455,0.041635492412340144,-0.9040333333333331,100.0,2.0,6.0,0.8196698067828609,0.0988284611123404,0.14567377687977096,0.8197,0.0988284611123404,0.8196698067828609,0.0988284611123404,,0.0988284611123404,0.06988227502676689,1.0256,0.2058815123394535,0.5169904828071594,0.8234,0.0693,0.038,,,,121.40301791276876,,,,
8399,P35557,D,400,*,STOP,,,,,100.0,2.0,6.0,0.11244651064486001,0.05,0.9102564351869633,0.1124,0.05,0.11244651064486001,0.05,,0.05,0.035355339059327376,,,,0.1124,0.0354,,,,,121.40301791276876,,,,
8400,P35557,V,401,S,NONSYN,0.33699392667600697,0.6914563279838872,0.03859774153496081,-1.4466,100.0,2.0,6.0,0.892254422188978,0.11566207007604301,0.09791052942874627,0.8923,0.11566207007604301,0.892254422188978,0.11566207007604301,,0.11566207007604301,0.08178543407684366,0.8612,0.03108961391566256,0.4073818325996399,0.891,0.0802,0.015,,,,78.86477326095466,,,,
8401,P35557,V,401,A,NONSYN,0.4716545268994549,0.937019520182881,0.08037983028160033,-0.7901333333333334,100.0,2.0,6.0,1.0312666988230899,0.16751657665449998,0.04299990125670731,1.0313,0.16751657665449998,1.0312666988230899,0.16751657665449998,,0.16751657665449998,0.11845210731355303,0.9077,0.12358749865066554,0.4055316150188446,1.0216,0.1137,0.0,,,,78.86477326095466,,,,
8402,P35557,V,401,V,SYN,,,,,100.0,2.0,6.0,0.6433398607488111,0.05,0.33254391455422583,0.6433,0.05,0.6433398607488111,0.05,,0.05,0.035355339059327376,,,,0.6433,0.0354,,,,,78.86477326095466,,,,
8403,P35557,V,401,R,NONSYN,0.17643841508486408,1.357551693341582,0.059761892545282726,-1.9857333333333334,100.0,2.0,6.0,0.866608680132103,0.18936099718138397,0.11300878107520884,0.8666,0.18936099718138397,0.866608680132103,0.18936099718138397,,0.18936099718138397,0.1338984451992033,1.0881,0.22149246847324366,0.4686790704727173,0.8833,0.1287,0.005,,,,78.86477326095466,,,,
8404,P35557,V,401,D,NONSYN,0.27348180848279724,1.0082817591733886,0.06431739856512873,-2.3809,100.0,2.0,6.0,0.913945501516736,0.263693979196828,0.08652521662455857,0.9139,0.263693979196828,0.913945501516736,0.263693979196828,,0.263693979196828,0.18645980084814148,0.9167,0.002729827691637987,0.37643203139305115,0.9145,0.1671,0.037000000000000005,,,,78.86477326095466,,,,
8405,P35557,V,401,F,NONSYN,0.4053248813429461,0.9195089423941548,0.04957002389215603,-0.9184666666666667,100.0,2.0,6.0,0.7514630089314058,0.0974299400254003,0.2058758930987472,0.7515,0.0974299400254003,0.7514630089314058,0.0974299400254003,,0.0974299400254003,0.06889337128255918,0.8996,0.14809529680895062,0.4015513062477112,0.7557,0.0679,0.19699999999999998,,,,78.86477326095466,,,,
8406,P35557,V,401,T,NONSYN,0.3185872156759129,1.3809356574651996,0.09981375230845453,-0.1374,100.0,2.0,6.0,1.22458984544684,0.32251211132096197,0.01254410013241065,1.2246,0.32251211132096197,1.22458984544684,0.32251211132096197,,0.32251211132096197,0.2280505009298429,1.0881,0.13648869684149334,0.48276227712631226,1.1997,0.2062,0.0,,,,78.86477326095466,,,,
8407,P35557,V,401,I,NONSYN,0.4306262074024321,1.4453767063397833,0.11908969336707355,-0.1123,100.0,2.0,6.0,0.609583727127464,0.20544575539721602,0.37860058649133715,0.6096,0.20544575539721602,0.609583727127464,0.20544575539721602,,0.20544575539721602,0.14527208680736417,1.0881,0.4785174214778827,0.5025548338890076,0.6465,0.1396,0.01,,,,78.86477326095466,,,,
8408,P35557,V,401,L,NONSYN,0.4667115524229356,1.4838451704000801,0.1133122294404536,-0.29109999999999997,100.0,2.0,6.0,0.9158613066421991,0.228539472549054,0.0855773890935436,0.9159,0.228539472549054,0.9158613066421991,0.228539472549054,,0.228539472549054,0.16160181080823288,1.0881,0.17223984196314757,0.5280112624168396,0.9306,0.1545,0.0,,,,78.86477326095466,,,,
8409,P35557,V,401,K,NONSYN,0.1909141340536438,0.8894072791001565,0.038884248581072874,-1.7571333333333332,100.0,2.0,6.0,2.0820154890658302,0.1180675291914,2.797285711054464e-05,2.082,0.1180675291914,2.0820154890658302,0.1180675291914,,0.1180675291914,0.08348635052917959,0.9077,1.174336288893406,0.3952254354953766,2.0319,0.0817,0.013000000000000001,,,,78.86477326095466,,,,
8410,P35557,V,401,G,NONSYN,0.3807983932718594,0.9580797037861172,0.06859470658542974,-2.365066666666667,100.0,2.0,6.0,1.06455166767855,0.24351880096669504,0.034990566603520394,1.0646,0.24351880096669504,1.06455166767855,0.24351880096669504,,0.24351880096669504,0.17219379550996725,0.9153,0.14928145836611106,0.37643203139305115,1.0387,0.1566,0.038,,,,78.86477326095466,,,,
8411,P35557,V,401,Y,NONSYN,0.33250944557826595,0.8894072791001563,0.038884248581072874,-1.7571333333333332,100.0,2.0,6.0,0.715830309219843,0.0803646255065129,0.2435709207963909,0.7158,0.0803646255065129,0.715830309219843,0.0803646255065129,,0.0803646255065129,0.05682637166317265,0.8974,0.18153675096463573,0.4061436951160431,0.7193,0.0563,0.498,,,,78.86477326095466,,,,
8412,P35557,V,401,N,NONSYN,0.2445312890805706,1.081596522587781,0.06578588951506202,-2.1033666666666666,100.0,2.0,6.0,0.786376156584646,0.108314239070304,0.17310722819528016,0.7864,0.108314239070304,0.786376156584646,0.108314239070304,,0.108314239070304,0.07658973294567284,0.9211,0.1347124197321875,0.37757351994514465,0.7917,0.0751,0.01,,,,78.86477326095466,,,,
8413,P35557,V,401,C,NONSYN,0.4349501020449153,0.8916613766478246,0.053193624890411,-0.9503666666666666,100.0,2.0,6.0,0.8350057061703969,0.0528190583759508,0.13425132683994057,0.835,0.0528190583759508,0.8350057061703969,0.0528190583759508,,0.0528190583759508,0.03734871435352292,0.8996,0.06455259956995951,0.39457035064697266,0.8356,0.0372,0.349,,,,78.86477326095466,,,,
8414,P35557,V,401,P,NONSYN,0.17175025849116904,1.1896803558657965,0.05435031861872714,-1.883333333333333,100.0,2.0,6.0,1.20426343437427,0.19650646955240303,0.014328877094186676,1.2043,0.19650646955240303,1.20426343437427,0.19650646955240303,,0.19650646955240303,0.138951057167532,1.0387,0.16555582042926265,0.5017601847648621,1.1925,0.1339,0.019,,,,78.86477326095466,,,,
8415,P35557,V,401,E,NONSYN,0.32079411141973807,1.1031693510885663,0.03956620095228523,-1.7854,100.0,2.0,6.0,1.4407292731006003,0.11391642106337,0.0029327176727322792,1.4407,0.11391642106337,1.4407292731006003,0.11391642106337,,0.11391642106337,0.08055107382241097,0.9339,0.5068534143168784,0.3942855894565582,1.4204,0.0789,0.0,,,,78.86477326095466,,,,
8416,P35557,V,401,M,NONSYN,0.4348220015603004,1.0572392836373765,0.10118908480764209,-0.2969,100.0,2.0,6.0,2.19567896693031,0.31470309615737896,1.1670016587889816e-05,2.1957,0.31470309615737896,2.19567896693031,0.31470309615737896,,0.31470309615737896,0.22252869335328476,0.9167,1.279003637721936,0.4615865647792816,1.9545,0.2005,0.149,,,,78.86477326095466,,,,
8417,P35557,V,401,W,NONSYN,0.20407639127029992,1.3766068093222812,0.04581482530547862,-1.7649666666666668,100.0,2.0,6.0,0.620416898399456,0.0580835579862208,0.3635652270103025,0.6204,0.0580835579862208,0.620416898399456,0.0580835579862208,,0.0580835579862208,0.04107127772749877,1.0452,0.42478917154683304,0.532954216003418,0.6229,0.0409,0.968,,,,78.86477326095466,,,,
8418,P35557,V,401,H,NONSYN,0.2484595230317529,0.8556434460778283,0.0806653155202147,-2.2657666666666665,100.0,2.0,6.0,1.1739174532569698,0.0585467235437256,0.017453195261927328,1.1739,0.0585467235437256,1.1739174532569698,0.0585467235437256,,0.0585467235437256,0.04139878523402247,0.8891,0.28480277535093346,0.39077842235565186,1.1708,0.0412,0.415,,,,78.86477326095466,,,,
8419,P35557,V,401,Q,NONSYN,0.31633139311143543,1.3810538868552955,0.04102207545645242,-1.7866,100.0,2.0,6.0,0.607075665800413,0.10423567279313901,0.3821117377357099,0.6071,0.10423567279313901,0.607075665800413,0.10423567279313901,,0.10423567279313901,0.0737057510735707,1.0881,0.48102548280493374,0.47964945435523987,0.6182,0.0729,0.001,,,,78.86477326095466,,,,
8420,P35557,V,401,*,STOP,,,,,100.0,2.0,6.0,-0.562879362231828,0.05,0.996611541334737,-0.5629,0.05,-0.562879362231828,0.05,,0.05,0.035355339059327376,,,,-0.5629,0.0354,,,,,78.86477326095466,,,,
8421,P35557,M,402,S,NONSYN,0.31494457442558743,1.0104923373838777,0.04039592352214668,-1.5281333333333336,100.0,2.0,6.0,1.10566083955492,0.155012369642255,0.02702295051914847,1.1057,0.155012369642255,1.10566083955492,0.155012369642255,,0.155012369642255,0.10961029774183423,0.9167,0.18898551034654587,0.3940907120704651,1.0921,0.1056,0.043,,,,8.167148859165959,,,,
8422,P35557,M,402,A,NONSYN,0.38040172866410704,0.7424731311579986,0.18510425935412578,-1.2302,100.0,2.0,6.0,0.9883941106728409,0.0668014483705359,0.055816683806565646,0.9884,0.0668014483705359,0.9883941106728409,0.0668014483705359,,0.0668014483705359,0.047235757135888984,0.8859,0.1024552278450821,0.5124706029891968,0.9875,0.047,0.03,,,,8.167148859165959,,,,
8423,P35557,M,402,V,NONSYN,0.43335182923768345,0.9350982740232237,0.03582007516924626,-0.009733333333333297,100.0,2.0,6.0,0.6828052441703629,0.0547809036864573,0.2821958362339614,0.6828,0.0547809036864573,0.6828052441703629,0.0547809036864573,,0.0547809036864573,0.038735948476221096,0.9077,0.2248739560020614,0.37392690777778625,0.6852,0.0385,0.0,,,,8.167148859165959,,,,
8424,P35557,M,402,R,NONSYN,0.4133638176812908,0.736307890249089,0.18188596170601637,-1.2179,100.0,2.0,6.0,1.00688983339957,0.160380613791404,0.049909267645509216,1.0069,0.160380613791404,1.00688983339957,0.160380613791404,,0.160380613791404,0.1134062195827625,0.8549,0.15195287604025598,0.5148434638977051,0.9999,0.1108,0.879,,,,8.167148859165959,,,,
8425,P35557,M,402,D,NONSYN,,1.2935466587875701,0.05703230492328679,-1.9705666666666666,100.0,2.0,6.0,1.5237528346456497,0.10831582616646601,0.001650424292184923,1.5238,0.10831582616646601,1.5237528346456497,0.10831582616646601,,0.10831582616646601,0.0765908551921314,1.0838,0.4399189017690628,0.4746481478214264,1.5126,0.0756,0.7490000000000001,,,,8.167148859165959,,,,
8426,P35557,M,402,F,NONSYN,0.3024433202519795,0.9041690453545677,0.03207000258594836,-0.4272,100.0,2.0,6.0,1.13506651075999,0.0935619120480402,0.022410250619060375,1.1351,0.0935619120480402,1.13506651075999,0.0935619120480402,,0.0935619120480402,0.06615826246994856,0.9077,0.22738731058756567,0.3929634988307953,1.1288,0.0652,0.006999999999999999,,,,8.167148859165959,,,,
8427,P35557,M,402,T,NONSYN,0.4428972613017431,0.9763113066922036,0.04227643955381346,-0.9479666666666667,100.0,2.0,6.0,1.09605191588914,0.116296201215185,0.028715514357965828,1.0961,0.116296201215185,1.09605191588914,0.116296201215185,,0.116296201215185,0.08223383250549252,0.9178,0.17821602464234432,0.39261773228645325,1.0886,0.0805,0.0,,,,8.167148859165959,,,,
8428,P35557,M,402,I,NONSYN,0.5092966528428504,0.8514833634119446,0.03659794330993626,0.1806,,,,,,,,,,,,,,0.8994,,0.3799622058868408,0.8994,0.38,0.001,,,,8.167148859165959,,,,
8429,P35557,M,402,L,NONSYN,0.4802407566174219,0.9171739103115176,0.027630253300937716,-0.2916666666666667,100.0,2.0,6.0,0.736578335305481,0.111151209559417,0.22110456233165943,0.7366,0.111151209559417,0.736578335305481,0.111151209559417,,0.111151209559417,0.07859577401655075,0.9077,0.17110086486694331,0.40162867307662964,0.7429,0.0771,0.0,,,,8.167148859165959,,,,
8430,P35557,M,402,K,NONSYN,0.4908604207297649,1.0327853146370571,0.04158493965534243,-1.2170333333333332,100.0,2.0,6.0,0.117457560235666,0.768166301495073,0.9080315865207285,0.1175,0.768166301495073,0.117457560235666,0.768166301495073,,0.768166301495073,0.543175600866156,0.9124,0.7949505532439483,0.39261773228645325,0.6396,0.3182,0.581,,,,8.167148859165959,,,,
8431,P35557,M,402,G,NONSYN,0.2313069645088376,1.3563448112863998,0.06034952204846134,-2.044633333333333,100.0,2.0,6.0,1.33535837714916,0.0687274332348796,0.006005985892201247,1.3354,0.0687274332348796,1.33535837714916,0.0687274332348796,,0.0687274332348796,0.04859763409392907,1.0838,0.25152444427257303,0.4668678939342499,1.3327,0.0483,0.833,,,,8.167148859165959,,,,
8432,P35557,M,402,Y,NONSYN,,1.06489783772008,0.04982282406141306,-1.5137666666666665,100.0,2.0,6.0,0.942444338546313,0.0933816783831495,0.07333646781892408,0.9424,0.0933816783831495,0.942444338546313,0.0933816783831495,,0.0933816783831495,0.06603081802330624,0.9189,0.023546948180712457,0.3940907120704651,0.9418,0.0651,0.46799999999999997,,,,8.167148859165959,,,,
8433,P35557,M,402,N,NONSYN,0.3182579182514713,1.2391778376842366,0.08865734814094044,-1.7266666666666666,100.0,2.0,6.0,1.10517848465247,0.0646288870674668,0.027105620168184685,1.1052,0.0646288870674668,1.10517848465247,0.0646288870674668,,0.0646288870674668,0.04569952430594534,1.0779,0.02730406257910567,0.5031282901763916,1.105,0.0455,0.7490000000000001,,,,8.167148859165959,,,,
8434,P35557,M,402,C,NONSYN,,1.0317637160684976,0.05391206366839768,-1.5218999999999998,100.0,2.0,6.0,1.04184670350106,0.0329331937427687,0.04028586624959178,1.0418,0.0329331937427687,1.04184670350106,0.0329331937427687,,0.0329331937427687,0.02328728462164212,0.9103,0.13150555989296664,0.3960433304309845,1.0414,0.0232,0.847,,,,8.167148859165959,,,,
8435,P35557,M,402,P,NONSYN,0.29396488881585514,1.1974891897726032,0.06385446420069905,-1.7313666666666665,100.0,2.0,6.0,1.2302444283873701,0.268823516646218,0.01208686794634793,1.2302,0.268823516646218,1.2302444283873701,0.268823516646218,,0.268823516646218,0.19008693156295547,1.0582,0.1720714871794844,0.5114825367927551,1.2094,0.1782,0.9359999999999999,,,,8.167148859165959,,,,
8436,P35557,M,402,E,NONSYN,0.3715633530173947,1.1275362943813667,0.07303393218512823,-1.7125666666666666,100.0,2.0,6.0,1.44010311456108,0.22281821147495,0.002945363989271727,1.4401,0.22281821147495,1.44010311456108,0.22281821147495,,0.22281821147495,0.15755626830579533,0.9551,0.4850482353725425,0.400292307138443,1.375,0.1466,0.546,,,,8.167148859165959,,,,
8437,P35557,M,402,M,SYN,,,,,,,,,,,,,,,,,,,,,,,,,,,8.167148859165959,,,,
8438,P35557,M,402,W,NONSYN,0.17309253470131644,0.743336077730052,0.18853679905684695,-1.278,100.0,2.0,6.0,1.1030719998387601,0.0307108275040518,0.02746945229743453,1.1031,0.0307108275040518,1.1030719998387601,0.0307108275040518,,0.0307108275040518,0.02171583438396536,0.7841,0.31898624925892616,0.5220492482185364,1.1025,0.0217,0.9620000000000001,,,,8.167148859165959,,,,
8439,P35557,M,402,H,NONSYN,,1.0299839605340975,0.043354845845943735,-1.4892,100.0,2.0,6.0,1.04718597010426,0.13988644809979098,0.0389774456450459,1.0472,0.13988644809979098,1.04718597010426,0.13988644809979098,,0.13988644809979098,0.09891465604746223,0.9103,0.1368448264961668,0.3940907120704651,1.0391,0.0959,0.875,,,,8.167148859165959,,,,
8440,P35557,M,402,Q,NONSYN,0.13890249407095925,0.9713078902731643,0.03747561074431752,-0.3912,100.0,2.0,6.0,0.9336499760042,0.0445755242228458,0.0772026091097353,0.9336,0.0445755242228458,0.9336499760042,0.0445755242228458,,0.0445755242228458,0.03151965545291947,0.861,0.07263197397096632,0.4088556468486786,0.9332,0.0314,0.953,,,,8.167148859165959,,,,
8441,P35557,M,402,*,STOP,,,,,100.0,2.0,6.0,-0.213740519317629,0.05,0.9821601591648248,-0.2137,0.05,-0.213740519317629,0.05,,0.05,0.035355339059327376,,,,-0.2137,0.0354,,,,,8.167148859165959,,,,
8442,P35557,R,403,S,NONSYN,0.4030125793742561,1.1574089531380647,0.04890350345679654,-0.8416666666666667,100.0,2.0,6.0,1.03100238298363,0.0847957039959611,0.04306982572567634,1.031,0.0847957039959611,1.03100238298363,0.0847957039959611,,0.0847957039959611,0.05995961731103132,0.9894,0.041627804984514905,0.45569944381713867,1.0303,0.0594,0.14300000000000002,,,,148.36788996202588,,,,
8443,P35557,R,403,A,NONSYN,0.3189859929557896,1.08812960234427,0.06433450298403458,-1.0746,100.0,2.0,6.0,1.20164076547266,0.0888409334455322,0.014576184744736789,1.2016,0.0888409334455322,1.20164076547266,0.0888409334455322,,0.0888409334455322,0.06282002648627857,0.9262,0.2754448459589576,0.39571183919906616,1.1949,0.062,0.001,,,,148.36788996202588,,,,
8444,P35557,R,403,V,NONSYN,0.398009908378716,1.1577067992928487,0.06856657751850576,-1.9711666666666667,100.0,2.0,6.0,0.515852542396396,0.18562918570731196,0.5140892278208841,0.5159,0.18562918570731196,0.515852542396396,0.18562918570731196,,0.18562918570731196,0.13125965599977724,0.9894,0.473522035602719,0.4434318244457245,0.554,0.1259,0.0,,,,148.36788996202588,,,,
8445,P35557,R,403,R,SYN,,,,,100.0,2.0,6.0,1.15210256508954,0.05,0.02009076988546994,1.1521,0.05,1.15210256508954,0.05,,0.05,0.035355339059327376,,,,1.1521,0.0354,,,,,148.36788996202588,,,,
8446,P35557,R,403,D,NONSYN,0.1122725979085614,0.9983340878628306,0.06993831545115055,-1.7069333333333334,100.0,2.0,6.0,1.58586489287626,0.0833133620212723,0.00106758730828543,1.5859,0.0833133620212723,1.58586489287626,0.0833133620212723,,0.0833133620212723,0.05891144324869141,0.9167,0.669189563667886,0.3960433304309845,1.5714,0.0583,0.29600000000000004,,,,148.36788996202588,,,,
8447,P35557,R,403,F,NONSYN,0.3436253892885596,0.7622246885327484,0.07696803206768676,-2.1555666666666666,100.0,2.0,6.0,0.9301152877091059,0.0691996439165794,0.07880669755007279,0.9301,0.0691996439165794,0.9301152877091059,0.0691996439165794,,0.0691996439165794,0.04893153746910771,0.8696,0.06055051605688422,0.3970060348510742,0.9292,0.0486,0.37,,,,148.36788996202588,,,,
8448,P35557,R,403,T,NONSYN,0.292232657128476,1.1173499024598932,0.03120067489703357,-1.0614333333333332,100.0,2.0,6.0,1.1139798651257902,0.254697354400426,0.025634122588456536,1.114,0.254697354400426,1.1139798651257902,0.254697354400426,,0.254697354400426,0.18009822644681456,0.9372,0.17681150536932044,0.39115816354751587,1.0831,0.1636,0.29600000000000004,,,,148.36788996202588,,,,
8449,P35557,R,403,I,NONSYN,0.35928103966798514,0.8927015061882472,0.04796586158899569,-2.1296999999999997,100.0,2.0,6.0,0.5386848347426091,0.264592071312315,0.48072646492279236,0.5387,0.264592071312315,0.5386848347426091,0.264592071312315,,0.264592071312315,0.1870948478731325,0.8996,0.36087347099774736,0.3744794428348541,0.6108,0.1674,0.08,,,,148.36788996202588,,,,
8450,P35557,R,403,L,NONSYN,0.3775202648814329,0.8519990965620607,0.0593009831516882,-1.8647666666666665,100.0,2.0,6.0,1.38531802811183,0.244899315833624,0.004283361952289858,1.3853,0.244899315833624,1.38531802811183,0.244899315833624,,0.244899315833624,0.17316996693390155,0.8913,0.49401210464991596,0.39947712421417236,1.3072,0.1589,0.065,,,,148.36788996202588,,,,
8451,P35557,R,403,K,NONSYN,0.4996982892545154,0.7555235802340277,0.031631970024640306,-0.31583333333333335,100.0,2.0,6.0,0.7854994757550259,0.18426445456519197,0.1738794869813793,0.7855,0.18426445456519197,0.7854994757550259,0.18426445456519197,,0.18426445456519197,0.1302946453546877,0.8859,0.10043940707273291,0.4106346368789673,0.7947,0.1242,0.0,,,,148.36788996202588,,,,
8452,P35557,R,403,G,NONSYN,0.4710347881166008,0.9278760785801339,0.07579728059198998,-1.865,100.0,2.0,6.0,1.1576870820576102,0.140927266108671,0.019381509987668712,1.1577,0.140927266108671,1.1576870820576102,0.140927266108671,,0.140927266108671,0.09965062551952238,0.8996,0.2581287763172537,0.40172770619392395,1.1427,0.0967,0.14300000000000002,,,,148.36788996202588,,,,
8453,P35557,R,403,Y,NONSYN,0.3907391645635834,1.232803163744192,0.06912368535518716,-1.6721666666666666,100.0,2.0,6.0,0.8824576652321758,0.0947640751044332,0.10346170652371255,0.8825,0.0947640751044332,0.8824576652321758,0.0947640751044332,,0.0947640751044332,0.067008320119216,1.0821,0.1996839725699482,0.494692862033844,0.8861,0.0664,0.22699999999999998,,,,148.36788996202588,,,,
8454,P35557,R,403,N,NONSYN,0.4070897773431755,0.9878207323784433,0.051583595080208995,-0.6592999999999999,100.0,2.0,6.0,0.899859516519324,0.043657568124196994,0.09377941491908998,0.8999,0.043657568124196994,0.899859516519324,0.043657568124196994,,0.043657568124196994,0.030870562470733352,0.9167,0.01681581268904997,0.39444130659103394,0.9,0.0308,0.174,,,,148.36788996202588,,,,
8455,P35557,R,403,C,NONSYN,0.3945781846907973,0.9003122703036516,0.06538934648979566,-2.1973999999999996,100.0,2.0,6.0,1.45105555921347,0.0522747003309844,0.0027316243593493612,1.4511,0.0522747003309844,1.45105555921347,0.0522747003309844,,0.0522747003309844,0.03696379508853373,0.8406,0.61045018106253,0.3992639482021332,1.4459,0.0368,0.98,,,,148.36788996202588,,,,
8456,P35557,R,403,P,NONSYN,0.180066694070857,1.2086698800553486,0.04458564826049247,-1.7161666666666668,100.0,2.0,6.0,0.954857516298706,0.243318513811302,0.06817289901410738,0.9549,0.243318513811302,0.954857516298706,0.243318513811302,,0.243318513811302,0.17205217110420426,1.0751,0.12019259928662118,0.4927402436733246,0.9679,0.1624,0.62,,,,148.36788996202588,,,,
8457,P35557,R,403,E,NONSYN,0.2774716424939038,1.0441675549918712,0.03072187614185899,-0.8858,100.0,2.0,6.0,1.37072657742221,0.182343776960685,0.004729475569767096,1.3707,0.182343776960685,1.37072657742221,0.182343776960685,,0.182343776960685,0.1289365211960677,0.9167,0.4540512482138359,0.3989502191543579,1.3278,0.1227,0.025,,,,148.36788996202588,,,,
8458,P35557,R,403,M,NONSYN,0.37044865400284027,1.11554100452736,0.06664739938671456,-1.0532666666666668,100.0,2.0,6.0,1.11940655892339,0.0493928656883028,0.024764842619204898,1.1194,0.0493928656883028,1.11940655892339,0.0493928656883028,,0.0493928656883028,0.034926030270435254,0.935,0.1844293851181531,0.39571183919906616,1.118,0.0348,0.5539999999999999,,,,148.36788996202588,,,,
8459,P35557,R,403,W,NONSYN,0.38841440406711497,0.6615508882827036,0.07790868925503691,-2.1376333333333335,100.0,2.0,6.0,1.23213668845924,0.0465429317834983,0.011937469507755266,1.2321,0.0465429317834983,1.23213668845924,0.0465429317834983,,0.0465429317834983,0.032910822680414537,0.7266,0.5055718042734489,0.4132818877696991,1.229,0.0328,0.981,,,,148.36788996202588,,,,
8460,P35557,R,403,H,NONSYN,0.3580838527509595,1.025188027131601,0.04933089737290006,-0.45376666666666665,100.0,2.0,6.0,0.56173323672949,0.0863484027224745,0.4470727162691826,0.5617,0.0863484027224745,0.56173323672949,0.0863484027224745,,0.0863484027224745,0.06105754110968866,0.9167,0.354942092478884,0.39556455612182617,0.57,0.0603,0.005,,,,148.36788996202588,,,,
8461,P35557,R,403,Q,NONSYN,0.3675437003413988,0.944106443557008,0.04865484040299106,-0.5823,100.0,2.0,6.0,0.8049779874532691,0.0929969762426383,0.1573279475689153,0.805,0.0929969762426383,0.8049779874532691,0.0929969762426383,,0.0929969762426383,0.06575879253101378,0.9063,0.10128286059208003,0.3979727327823639,0.8077,0.0649,0.134,,,,148.36788996202588,,,,
8462,P35557,R,403,*,STOP,,,,,100.0,2.0,6.0,-0.250181258212562,0.05,0.9850758020520809,-0.2502,0.05,-0.250181258212562,0.05,,0.05,0.035355339059327376,,,,-0.2502,0.0354,,,,,148.36788996202588,E,408.0,,
8463,P35557,I,404,S,NONSYN,0.3569880228913576,0.481679363554381,0.032577420787137115,-2.078,100.0,2.0,6.0,0.5601067307677671,0.115196296704948,0.4494403518572753,0.5601,0.115196296704948,0.5601067307677671,0.115196296704948,,0.115196296704948,0.08145608256764628,0.4288,0.13128594190744602,0.397273987531662,0.5548,0.0798,1.0,,,,3.509695084159312,,,,
8464,P35557,I,404,A,NONSYN,0.28919971369701003,0.7491072795071897,0.04384420194840463,-1.0550333333333333,100.0,2.0,6.0,0.452538995089642,0.124921274739525,0.6043099144051308,0.4525,0.124921274739525,0.452538995089642,0.124921274739525,,0.124921274739525,0.08833268048278588,0.731,0.27848962133873323,0.42218467593193054,0.4642,0.0865,1.0,,,,3.509695084159312,,,,
8465,P35557,I,404,V,NONSYN,0.5093217990682584,0.9754082359312917,0.03610704778852523,0.12380000000000002,100.0,2.0,6.0,0.804721810715379,0.359168931006323,0.1575374355978584,0.8047,0.359168931006323,0.804721810715379,0.359168931006323,,0.359168931006323,0.25397078670609424,0.861,0.05629619131785468,0.388655424118042,0.8216,0.2126,0.9670000000000001,,,,3.509695084159312,,,,
8466,P35557,I,404,R,NONSYN,0.3272410050264404,0.37940975551820305,0.05114573237672835,-2.2922666666666665,100.0,2.0,6.0,0.33918337370308504,0.11348192313915599,0.7444483644051271,0.3392,0.11348192313915599,0.33918337370308504,0.11348192313915599,,0.11348192313915599,0.08024383739378778,0.3654,0.026195214734949013,0.3651643991470337,0.3404,0.0784,1.0,,,,3.509695084159312,,,,
8467,P35557,I,404,D,NONSYN,0.16544784150713826,0.2277729368260121,0.03585722777249936,-2.5876333333333332,100.0,2.0,6.0,-0.27507799208586703,0.128380278283063,0.9867811622952255,-0.2751,0.128380278283063,-0.27507799208586703,0.128380278283063,,0.128380278283063,0.0907785653445699,0.2601,0.5351787143987943,0.3436085283756256,-0.2402,0.0878,1.0,,,,3.509695084159312,,,,
8468,P35557,I,404,F,NONSYN,0.4538389948012209,0.7491072795071897,0.04384420194840463,-1.0550333333333333,100.0,2.0,6.0,0.9576970615778578,0.0833400457852062,0.06703845981977281,0.9577,0.0833400457852062,0.9576970615778578,0.0833400457852062,,0.0833400457852062,0.058930311519116645,0.731,0.2266684451494826,0.42218467593193054,0.9534,0.0584,1.0,,,,3.509695084159312,,,,
8469,P35557,I,404,T,NONSYN,0.4688475184602092,0.7647843479057276,0.044010347124564114,-0.9611333333333333,100.0,2.0,6.0,0.9106658563822441,0.0817485428610305,0.08816908470748704,0.9107,0.0817485428610305,0.9106658563822441,0.0817485428610305,,0.0817485428610305,0.0578049490091538,0.7841,0.12658010580241008,0.41897323727607727,0.9083,0.0573,0.97,,,,3.509695084159312,,,,
8470,P35557,I,404,I,SYN,,,,,100.0,2.0,6.0,0.258251642618411,0.05,0.8207258873617383,0.2583,0.05,0.258251642618411,0.05,,0.05,0.035355339059327376,,,,0.2583,0.0354,,,,,3.509695084159312,,,,
8471,P35557,I,404,L,NONSYN,0.4687676623700352,1.0132442773164656,0.08814828323917856,0.3612333333333333,100.0,2.0,6.0,0.6912136865598572,0.112281361391889,0.2720397787820314,0.6912,0.112281361391889,0.6912136865598572,0.112281361391889,,0.112281361391889,0.07939491204106212,0.9103,0.2191274570482361,0.3960062861442566,0.6997,0.0778,0.785,,,,3.509695084159312,,,,
8472,P35557,I,404,K,NONSYN,0.25092304942959986,0.3810723220567758,0.04146767871503345,-2.1344,100.0,2.0,6.0,0.31727870813506803,0.0990118727953374,0.7671539558601327,0.3173,0.0990118727953374,0.31727870813506803,0.0990118727953374,,0.0990118727953374,0.07001196667156291,0.3654,0.048099880302966025,0.3651643991470337,0.319,0.0688,1.0,,,,3.509695084159312,,,,
8473,P35557,I,404,G,NONSYN,0.2286457322751229,0.10989180570624467,0.03821587093280077,-2.4901666666666666,100.0,2.0,6.0,0.0785654012734353,0.11548454318571001,0.9240112034875485,0.0786,0.11548454318571001,0.0785654012734353,0.11548454318571001,,0.11548454318571001,0.08165990360884624,0.1898,0.1112001712744773,0.32295936346054077,0.0852,0.0792,1.0,,,,3.509695084159312,,,,
8474,P35557,I,404,Y,NONSYN,0.13155243779361564,0.667224125933692,0.049756254757323225,-1.0679999999999998,100.0,2.0,6.0,0.698188455810135,0.0751308838551163,0.2637793121231451,0.6982,0.0751308838551163,0.698188455810135,0.0751308838551163,,0.0751308838551163,0.05312555745049164,0.6786,0.019620450248306387,0.42218467593193054,0.6979,0.0527,0.9990000000000001,,,,3.509695084159312,,,,
8475,P35557,I,404,N,NONSYN,0.35592577166482897,0.47598904783226104,0.04623352341621104,-2.2975999999999996,100.0,2.0,6.0,0.31937066116163,0.0694357986693212,0.7650517543201835,0.3194,0.0694357986693212,0.31937066116163,0.0694357986693212,,0.0694357986693212,0.04909852409618087,0.4042,0.08481427631548183,0.38916435837745667,0.3207,0.0487,1.0,,,,3.509695084159312,,,,
8476,P35557,I,404,C,NONSYN,0.3956709195432079,0.6871311024273403,0.03939317400775912,-1.1501666666666666,100.0,2.0,6.0,0.6384675263291899,0.149245364524705,0.33903921349986205,0.6385,0.149245364524705,0.6384675263291899,0.149245364524705,,0.149245364524705,0.10553240931607709,0.6715,0.03305610428985917,0.42218467593193054,0.6404,0.1024,1.0,,,,3.509695084159312,,,,
8477,P35557,I,404,P,NONSYN,0.14199266304317096,0.520578453951775,0.045285077956098506,-2.2159,100.0,2.0,6.0,0.0154575836422523,0.14714751627573902,0.944404760197907,0.0155,0.14714751627573902,0.0154575836422523,0.14714751627573902,,0.14714751627573902,0.10404900659333292,0.5707,0.5552494991061608,0.40619897842407227,0.0496,0.1008,1.0,,,,3.509695084159312,,,,
8478,P35557,I,404,E,NONSYN,0.17211454446743213,0.4873183522051474,0.046134888135876434,-2.2968999999999995,100.0,2.0,6.0,0.28538274804297104,0.0706068286489456,0.7974712985176224,0.2854,0.0706068286489456,0.28538274804297104,0.0706068286489456,,0.0706068286489456,0.049926567335746026,0.4288,0.14343804081735,0.397273987531662,0.2876,0.0495,1.0,,,,3.509695084159312,,,,
8479,P35557,I,404,M,NONSYN,0.42718435575891617,0.817877519617698,0.09084632578264641,0.4004666666666667,100.0,2.0,6.0,1.2773139596561598,0.0625641498987636,0.008855415364992417,1.2773,0.0625641498987636,1.2773139596561598,0.0625641498987636,,0.0625641498987636,0.04423953465258739,0.8078,0.4695400119404005,0.416561484336853,1.2721,0.044,0.997,,,,3.509695084159312,,,,
8480,P35557,I,404,W,NONSYN,0.174286826410949,0.34711490263462746,0.045541595603842265,-2.117266666666666,100.0,2.0,6.0,0.41915096640151295,0.0585057007144438,0.6491233754909985,0.4192,0.0585057007144438,0.41915096640151295,0.0585057007144438,,0.0585057007144438,0.04136977771325384,0.3434,0.07573058008712086,0.35315263271331787,0.4181,0.0411,1.0,,,,3.509695084159312,,,,
8481,P35557,I,404,H,NONSYN,0.28548817071874943,0.314645594302562,0.03550023573323092,-2.3060999999999994,100.0,2.0,6.0,0.803401021750727,0.143569583280614,0.1586209493353018,0.8034,0.143569583280614,0.803401021750727,0.143569583280614,,0.143569583280614,0.10151902590984893,0.3451,0.4582670913060096,0.36261481046676636,0.7701,0.0978,1.0,,,,3.509695084159312,,,,
8482,P35557,I,404,Q,NONSYN,0.19562317673292887,0.2506290860596111,0.04401935149999816,-2.121633333333333,100.0,2.0,6.0,0.7086084161265621,0.0766610868826639,0.25172289308702733,0.7086,0.0766610868826639,0.7086084161265621,0.0766610868826639,,0.0766610868826639,0.05420757438786273,0.2639,0.44467708210785484,0.33922919631004333,0.6975,0.0535,1.0,,,,3.509695084159312,,,,
8483,P35557,I,404,*,STOP,,,,,100.0,2.0,6.0,-0.39504473323236294,0.05,0.9925782202665238,-0.395,0.05,-0.39504473323236294,0.05,,0.05,0.035355339059327376,,,,-0.395,0.0354,,,,,3.509695084159312,,,,
8484,P35557,T,405,S,NONSYN,0.5112342370012433,1.752425094702847,0.08684590152916745,-0.33873333333333333,100.0,2.0,6.0,2.47249844518719,0.295512203340361,1.3048179115823318e-06,2.4725,0.295512203340361,2.47249844518719,0.295512203340361,,0.295512203340361,0.20895868290534717,1.2084,1.2641115471464186,0.6485142707824707,2.3536,0.1989,0.997,,,,3.0088628612972226,,,,
8485,P35557,T,405,A,NONSYN,0.4371005638552374,1.2235811699706158,0.05936863959204239,-0.5245,100.0,2.0,6.0,2.3378208563022,0.30214384728864396,3.830364409960848e-06,2.3378,0.30214384728864396,2.3378208563022,0.30214384728864396,,0.30214384728864396,0.21364796331159278,1.0306,1.307212798326431,0.5073153376579285,2.1409,0.1969,0.997,,,,3.0088628612972226,,,,
8486,P35557,T,405,V,NONSYN,0.335359974884157,1.6202074648972393,0.0792172842120044,-0.4691,100.0,2.0,6.0,1.14794197152233,0.204395535513625,0.020635182021375213,1.1479,0.204395535513625,1.14794197152233,0.204395535513625,,0.204395535513625,0.14452946920594,1.1487,0.0007732861223233023,0.578379213809967,1.148,0.1402,0.9990000000000001,,,,3.0088628612972226,,,,
8487,P35557,T,405,R,NONSYN,0.3928132642818517,1.5365779692098867,0.0405973239159746,-1.2489999999999999,100.0,2.0,6.0,1.2696926987167099,0.179189280130365,0.009315095425110527,1.2697,0.179189280130365,1.2696926987167099,0.179189280130365,,0.179189280130365,0.12670595509611696,0.9911,0.27860406994778897,0.5124569535255432,1.2536,0.123,1.0,,,,3.0088628612972226,,,,
8488,P35557,T,405,D,NONSYN,0.24736015353784535,1.1303489884585198,0.046745809016646774,-1.2412666666666667,100.0,2.0,6.0,2.48837964097081,0.14980752646966,1.1476398346645826e-06,2.4884,0.14980752646966,2.48837964097081,0.14980752646966,,0.14980752646966,0.10592991783947979,0.8492,1.639169617090805,0.4177708029747009,2.3894,0.1027,1.0,,,,3.0088628612972226,,,,
8489,P35557,T,405,F,NONSYN,0.2626450658678516,1.4012120983286633,0.06708825655265287,-1.4809,100.0,2.0,6.0,1.1105809369012,0.0858922792852512,0.02619320315761993,1.1106,0.0858922792852512,1.1105809369012,0.0858922792852512,,0.0858922792852512,0.06073501313416994,0.9875,0.12303425454341199,0.45730146765708923,1.1084,0.0602,1.0,,,,3.0088628612972226,,,,
8490,P35557,T,405,T,SYN,,,,,100.0,2.0,6.0,0.882218346174884,0.05,0.10360060767267404,0.8822,0.05,0.882218346174884,0.05,,0.05,0.035355339059327376,,,,0.8822,0.0354,,,,,3.0088628612972226,,,,
8491,P35557,T,405,I,NONSYN,0.39900335367527456,1.247512083839199,0.08192388202082386,-0.8405666666666667,100.0,2.0,6.0,0.477502010687049,0.101738683137663,0.5693675391395873,0.4775,0.101738683137663,0.477502010687049,0.101738683137663,,0.101738683137663,0.07194011275563096,1.0337,0.5562289730470819,0.5079783797264099,0.4884,0.0712,0.993,,,,3.0088628612972226,,,,
8492,P35557,T,405,L,NONSYN,0.3692076635094301,1.4768719149135396,0.06954923947614379,-1.2598666666666667,100.0,2.0,6.0,0.64418723224403,0.0459401203034698,0.3314200551168549,0.6442,0.0459401203034698,0.64418723224403,0.0459401203034698,,0.0459401203034698,0.032484570595109286,0.9911,0.34690139652489094,0.514409601688385,0.6456,0.0324,1.0,,,,3.0088628612972226,,,,
8493,P35557,T,405,K,NONSYN,0.35305220057868336,0.8156942161353821,0.07608990850114093,-0.8414,100.0,2.0,6.0,1.7729556137985,0.16414636304311903,0.0002795901405684287,1.773,0.16414636304311903,1.7729556137985,0.16414636304311903,,0.16414636304311903,0.11606900641489835,0.7613,1.0116648251479874,0.4343624711036682,1.7055,0.1121,1.0,,,,3.0088628612972226,,,,
8494,P35557,T,405,G,NONSYN,0.43600131382643137,0.7692425637328267,0.0681212628960025,-1.4976,100.0,2.0,6.0,3.00648954068871,0.0697379552175479,1.4874640417129227e-08,3.0065,0.0697379552175479,3.00648954068871,0.0697379552175479,,0.0697379552175479,0.04931218104041189,0.731,2.2754609242603347,0.4256103038787842,2.9763,0.049,1.0,,,,3.0088628612972226,,,,
8495,P35557,T,405,Y,NONSYN,0.2452402164451186,1.527379848981633,0.06313677073470622,-1.4882666666666668,100.0,2.0,6.0,0.732077684942291,0.128995991849493,0.2258562891804872,0.7321,0.128995991849493,0.732077684942291,0.128995991849493,,0.128995991849493,0.09121394058266111,0.9875,0.2554689974154971,0.45730146765708923,0.7419,0.0895,1.0,,,,3.0088628612972226,,,,
8496,P35557,T,405,N,NONSYN,0.4084330644454248,1.4123506366433458,0.09190665234942215,-0.5004666666666666,100.0,2.0,6.0,1.77151245628401,0.05187823851254401,0.00028253889048586504,1.7715,0.05187823851254401,1.77151245628401,0.05187823851254401,,0.05187823851254401,0.03668345424823297,0.9911,0.7804238275150892,0.5201507806777954,1.7677,0.0366,1.0,,,,3.0088628612972226,,,,
8497,P35557,T,405,C,NONSYN,0.4354541497454498,1.5271290683609597,0.04964865488179703,-0.9072999999999999,100.0,2.0,6.0,2.3911578781500697,0.0854211150756349,2.50666723713362e-06,2.3912,0.0854211150756349,2.3911578781500697,0.0854211150756349,,0.0854211150756349,0.06040184972649786,0.9911,1.4000692493811489,0.5213904976844788,2.3726,0.06,1.0,,,,3.0088628612972226,,,,
8498,P35557,T,405,P,NONSYN,0.34993609822478866,1.5365779692098867,0.0405973239159746,-1.2489999999999999,100.0,2.0,6.0,0.465069069354989,0.24395013158386103,0.5869017950220391,0.4651,0.24395013158386103,0.465069069354989,0.24395013158386103,,0.24395013158386103,0.17249879231429868,0.9911,0.5260195594139319,0.5124569535255432,0.5186,0.1635,1.0,,,,3.0088628612972226,,,,
8499,P35557,T,405,E,NONSYN,0.187606014059847,1.547205167545206,0.04977256888846957,-0.9009666666666667,100.0,2.0,6.0,2.33092958059733,0.084113094232842,4.04509498298024e-06,2.3309,0.084113094232842,2.33092958059733,0.084113094232842,,0.084113094232842,0.05947693931862565,0.9964,1.3344802888912448,0.5213904976844788,2.3138,0.0591,1.0,,,,3.0088628612972226,,,,
8500,P35557,T,405,M,NONSYN,0.3518740482942453,1.156249726699713,0.07894569639455709,-0.8553000000000001,100.0,2.0,6.0,0.7512890821055072,0.137748139868061,0.20604950667492264,0.7513,0.137748139868061,0.7512890821055072,0.137748139868061,,0.137748139868061,0.09740264379653894,0.8813,0.13004939502919743,0.41691622138023376,0.758,0.0948,1.0,,,,3.0088628612972226,,,,
8501,P35557,T,405,W,NONSYN,0.2914737870902876,1.6163827208440669,0.04005609396831646,-1.5825333333333333,100.0,2.0,6.0,1.78060899666641,0.0659675264789227,0.00026444833226715614,1.7806,0.0659675264789227,1.78060899666641,0.0659675264789227,,0.0659675264789227,0.046646085311349374,1.1421,0.638521537102201,0.5883498787879944,1.7766,0.0465,1.0,,,,3.0088628612972226,,,,
8502,P35557,T,405,H,NONSYN,0.3614886802674268,1.1992119808566095,0.06833920964173994,-1.2503,100.0,2.0,6.0,1.47716703441482,0.071510692375609,0.002281142701641507,1.4772,0.071510692375609,1.47716703441482,0.071510692375609,,0.071510692375609,0.050565695506138264,0.9712,0.5059868338380378,0.4628395736217499,1.4712,0.0503,1.0,,,,3.0088628612972226,,,,
8503,P35557,T,405,Q,NONSYN,0.1843049627657748,1.000582235530352,0.055911307832624074,-0.8452333333333334,100.0,2.0,6.0,1.21829155561359,0.27365822750123797,0.0130729482857778,1.2183,0.27365822750123797,1.21829155561359,0.27365822750123797,,0.27365822750123797,0.1935055883936163,0.8086,0.40965226766498164,0.421546995639801,1.147,0.1759,1.0,,,,3.0088628612972226,,,,
8504,P35557,T,405,*,STOP,,,,,100.0,2.0,6.0,-0.353520128116389,0.05,0.9909502404694391,-0.3535,0.05,-0.353520128116389,0.05,,0.05,0.035355339059327376,,,,-0.3535,0.0354,,,,,3.0088628612972226,,,,
8505,P35557,V,406,S,NONSYN,0.33699392667600697,-0.020930412988646865,0.13797360252683236,-1.4466,100.0,2.0,6.0,0.0594320361273176,0.13996328794361,0.9308603124853178,0.0594,0.13996328794361,0.0594320361273176,0.13996328794361,,0.13996328794361,0.09896899002209196,0.1351,0.07565417245460684,0.3308924436569214,0.0656,0.0948,1.0,,,,0.0,,,,
8506,P35557,V,406,A,NONSYN,0.4716545268994549,0.1902198943203397,0.10626105767137749,-0.7901333333333334,100.0,2.0,6.0,0.6200590228241321,0.0714369214630208,0.3640583675984267,0.6201,0.0714369214630208,0.6200590228241321,0.0714369214630208,,0.0714369214630208,0.05051353159359283,0.5019,0.11815477363284788,0.4714791476726532,0.6187,0.0502,0.934,,,,0.0,,,,
8507,P35557,V,406,V,SYN,,,,,100.0,2.0,6.0,0.89020304164362,0.05,0.09905129705125243,0.8902,0.05,0.89020304164362,0.05,,0.05,0.035355339059327376,,,,0.8902,0.0354,,,,,0.0,,,,
8508,P35557,V,406,R,NONSYN,0.17643841508486408,-0.3975386220894401,0.13304504912348633,-1.9857333333333334,100.0,2.0,6.0,-0.28682133682042305,0.238629058818958,0.9875143302966175,-0.2868,0.238629058818958,-0.28682133682042305,0.238629058818958,,0.238629058818958,0.1687362256790487,0.086,0.3728086066988105,0.30213290452957153,-0.1982,0.1473,1.0,,,,0.0,,,,
8509,P35557,V,406,D,NONSYN,0.27348180848279724,-0.27022571772044607,0.15461081660544676,-2.3809,100.0,2.0,6.0,0.329413171058252,0.731366310704391,0.7547649971716691,0.3294,0.731366310704391,0.329413171058252,0.731366310704391,,0.731366310704391,0.5171540778304623,0.0901,0.23934644008214728,0.29927945137023926,0.1501,0.259,1.0,,,,0.0,,,,
8510,P35557,V,406,F,NONSYN,0.4053248813429461,0.2992096120751719,0.041456448452225625,-0.9184666666666667,100.0,2.0,6.0,-0.128579406660218,0.38555443049899296,0.9728389260417328,-0.1286,0.38555443049899296,-0.128579406660218,0.38555443049899296,,0.38555443049899296,0.2726281523223553,0.3497,0.4783134745770881,0.39191973209381104,0.0274,0.2238,0.997,,,,0.0,,,,
8511,P35557,V,406,T,NONSYN,0.3185872156759129,0.451563695683606,0.03724264404868951,-0.1374,100.0,2.0,6.0,0.481101312347171,0.21988790668819602,0.5642486039962636,0.4811,0.21988790668819602,0.481101312347171,0.21988790668819602,,0.21988790668819602,0.1554842299201382,0.4433,0.0378417751271698,0.4173007309436798,0.4765,0.1457,0.998,,,,0.0,,,,
8512,P35557,V,406,I,NONSYN,0.4306262074024321,0.4052444588579523,0.06156014195839346,-0.1123,100.0,2.0,6.0,1.1632962110243301,0.0563745752357169,0.018693187727596063,1.1633,0.0563745752357169,1.1632962110243301,0.0563745752357169,,0.0563745752357169,0.03986284443568663,0.7005,0.4628047230444412,0.4158790707588196,1.1591,0.0397,0.789,,,,0.0,,,,
8513,P35557,V,406,L,NONSYN,0.4667115524229356,0.5729834103674847,0.05838848080252174,-0.29109999999999997,100.0,2.0,6.0,0.116842168295535,0.10932103513649,0.9083075892861397,0.1168,0.10932103513649,0.116842168295535,0.10932103513649,,0.10932103513649,0.07730164527134491,0.8086,0.6917089643834506,0.4313353896141052,0.1384,0.0761,0.141,,,,0.0,,,,
8514,P35557,V,406,K,NONSYN,0.1909141340536438,0.036817536107707986,0.1068851990345598,-1.7571333333333332,100.0,2.0,6.0,-0.647088126648341,0.17860663905084195,0.9976878439449873,-0.6471,0.17860663905084195,-0.647088126648341,0.17860663905084195,,0.17860663905084195,0.12629396563778836,0.1067,0.7537446184047802,0.2947787046432495,-0.5302,0.1161,1.0,,,,0.0,,,,
8515,P35557,V,406,G,NONSYN,0.3807983932718594,-0.04931526918275939,0.22453374767797232,-2.365066666666667,100.0,2.0,6.0,-0.333318174554808,0.240209271688108,0.9900277879750962,-0.3333,0.240209271688108,-0.333318174554808,0.240209271688108,,0.240209271688108,0.1698536049145429,0.1289,0.46218308873365627,0.42512205243110657,-0.2697,0.1577,0.9990000000000001,,,,0.0,,,,
8516,P35557,V,406,Y,NONSYN,0.33250944557826595,0.03681753610770799,0.10688519903455979,-1.7571333333333332,100.0,2.0,6.0,-0.0437518033276716,0.0887026788546055,0.9585915501576161,-0.0438,0.0887026788546055,-0.0437518033276716,0.0887026788546055,,0.0887026788546055,0.06272226572750413,0.1132,0.15692165224658639,0.2988293170928955,-0.0371,0.0614,1.0,,,,0.0,,,,
8517,P35557,V,406,N,NONSYN,0.2445312890805706,-0.08535685742928219,0.13906182500481917,-2.1033666666666666,100.0,2.0,6.0,-0.526818741379543,0.4290421748540039,0.9959996912263706,-0.5268,0.4290421748540039,-0.526818741379543,0.4290421748540039,,0.4290421748540039,0.3033786312542906,0.0939,0.6207675526721913,0.29927945137023926,-0.2122,0.2131,0.9990000000000001,,,,0.0,,,,
8518,P35557,V,406,C,NONSYN,0.4349501020449153,0.18363721743041053,0.09813402813315586,-0.9503666666666666,100.0,2.0,6.0,0.21813777727406602,0.0790095716277278,0.8510114193943779,0.2181,0.0790095716277278,0.21813777727406602,0.0790095716277278,,0.0790095716277278,0.055868203876610574,0.2606,0.042420291478222794,0.37661194801330566,0.2191,0.0553,1.0,,,,0.0,,,,
8519,P35557,V,406,P,NONSYN,0.17175025849116904,-0.403556371336304,0.07542494795640461,-1.883333333333333,100.0,2.0,6.0,-0.0187089982404363,0.32037511204271896,0.9530934650801955,-0.0187,0.32037511204271896,-0.0187089982404363,0.32037511204271896,,0.32037511204271896,0.2265394142488065,0.0778,0.09655662802597402,0.27651870250701904,0.0201,0.1752,1.0,,,,0.0,,,,
8520,P35557,V,406,E,NONSYN,0.32079411141973807,-0.2714359353888467,0.11343066115131704,-1.7854,100.0,2.0,6.0,0.277672287841323,0.0770914224464939,0.8043142957015873,0.2777,0.0770914224464939,0.277672287841323,0.0770914224464939,,0.0770914224464939,0.05451186758323266,0.0778,0.19982465805578525,0.29269737005233765,0.271,0.0536,1.0,,,,0.0,,,,
8521,P35557,V,406,M,NONSYN,0.4348220015603004,0.406000834488946,0.060279448303134274,-0.2969,100.0,2.0,6.0,0.617789895931151,0.0889490819055796,0.36719096974383325,0.6178,0.0889490819055796,0.617789895931151,0.0889490819055796,,0.0889490819055796,0.06289649899575296,0.6702,0.05245789726648087,0.44713905453681946,0.6188,0.0623,0.8029999999999999,,,,0.0,,,,
8522,P35557,V,406,W,NONSYN,0.20407639127029992,-0.08662528926168968,0.1115506623095676,-1.7649666666666668,100.0,2.0,6.0,-0.276759650540148,0.11643217214419199,0.9868888274514804,-0.2768,0.11643217214419199,-0.276759650540148,0.11643217214419199,,0.11643217214419199,0.0823299784714376,0.0872,0.363938149046694,0.2947787046432495,-0.2504,0.0793,1.0,,,,0.0,,,,
8523,P35557,V,406,H,NONSYN,0.2484595230317529,-0.161408969047238,0.20762114214084312,-2.2657666666666665,100.0,2.0,6.0,0.0494597627730128,0.434169783606449,0.9341891434469438,0.0495,0.434169783606449,0.0494597627730128,0.434169783606449,,0.434169783606449,0.307004398174416,0.101,0.05158820013096364,0.33555400371551514,0.073,0.2265,1.0,,,,0.0,,,,
8524,P35557,V,406,Q,NONSYN,0.31633139311143543,-0.2153918297823887,0.05343733070828351,-1.7866,100.0,2.0,6.0,0.109539971021949,0.43144001411876,0.9115235068963148,0.1095,0.43144001411876,0.109539971021949,0.43144001411876,,0.43144001411876,0.30507415965859497,0.0778,0.03169234123641128,0.28114959597587585,0.0924,0.2067,1.0,,,,0.0,,,,
8525,P35557,V,406,*,STOP,,,,,100.0,2.0,6.0,-0.274274498948056,0.05,0.9867293976364181,-0.2743,0.05,-0.274274498948056,0.05,,0.05,0.035355339059327376,,,,-0.2743,0.0354,,,,,0.0,,,,
8526,P35557,G,407,S,NONSYN,0.36837526824294986,0.42604676023953497,0.10154840354902721,-0.8648000000000001,100.0,2.0,6.0,0.572193249451713,0.13046224364916198,0.431890571458224,0.5722,0.13046224364916198,0.572193249451713,0.13046224364916198,,0.13046224364916198,0.09225073717313402,0.3793,0.19286958812435095,0.40307316184043884,0.5626,0.0899,1.0,,,,0.0,,,,
8527,P35557,G,407,A,NONSYN,0.4089269105168704,0.30659337516893,0.10334313176731048,-0.9328,100.0,2.0,6.0,0.9305534046635279,0.10198702788011901,0.0786062879493478,0.9306,0.10198702788011901,0.9305534046635279,0.10198702788011901,,0.10198702788011901,0.07211571900709363,0.3598,0.5707346480831751,0.42071810364723206,0.9143,0.0711,1.0,,,,0.0,,,,
8528,P35557,G,407,V,NONSYN,0.3988573139738447,-0.09418022634621999,0.14810206657202826,-2.7219333333333338,100.0,2.0,6.0,1.1419490128493899,0.15012203387238401,0.02144408948364883,1.1419,0.15012203387238401,1.1419490128493899,0.15012203387238401,,0.15012203387238401,0.10615230815667931,0.1013,1.0406562834716433,0.31890106201171875,1.0381,0.1007,1.0,,,,0.0,,,,
8529,P35557,G,407,R,NONSYN,0.3362652746103357,-0.2965458625990676,0.15717466932368193,-1.9470333333333334,100.0,2.0,6.0,0.4701217211586429,0.126700753474142,0.5798051327616837,0.4701,0.126700753474142,0.4701217211586429,0.126700753474142,,0.126700753474142,0.08959096196301082,0.0901,0.3800549901825382,0.3033336102962494,0.4396,0.0859,1.0,,,,0.0,,,,
8530,P35557,G,407,D,NONSYN,0.3623286966209139,0.1897181975183935,0.053988920207941604,-1.5976,100.0,2.0,6.0,0.02332333785984,0.40918327422262296,0.9421895210601423,0.0233,0.40918327422262296,0.02332333785984,0.40918327422262296,,0.40918327422262296,0.2893362679509313,0.2605,0.2371615959933094,0.36015820503234863,0.1163,0.2256,1.0,,,,0.0,,,,
8531,P35557,G,407,F,NONSYN,0.3709207412708021,0.36346412491689023,0.14985612668249484,-2.717866666666667,100.0,2.0,6.0,-0.230984040939941,0.114582575417212,0.9836067055607965,-0.231,0.114582575417212,-0.230984040939941,0.114582575417212,,0.114582575417212,0.0810221160833296,0.3475,0.5785079686285396,0.4503583014011383,-0.2128,0.0797,1.0,,,,0.0,,,,
8532,P35557,G,407,T,NONSYN,0.21962954488217865,-0.10112464177524516,0.10867492310729389,-1.5144,100.0,2.0,6.0,0.895851855740756,0.0855167502582077,0.09593725809142103,0.8959,0.0855167502582077,0.895851855740756,0.0855167502582077,,0.0855167502582077,0.06046947401261509,0.1054,0.7904944472171964,0.2952141761779785,0.864,0.0592,1.0,,,,0.0,,,,
8533,P35557,G,407,I,NONSYN,0.29686370150880703,-0.09418022634621999,0.14810206657202826,-2.721933333333333,100.0,2.0,6.0,0.439743309373644,0.24813437510602399,0.6217743904074596,0.4397,0.24813437510602399,0.439743309373644,0.24813437510602399,,0.24813437510602399,0.175457499282956,0.1013,0.3384505799958974,0.31890106201171875,0.3611,0.1537,1.0,,,,0.0,,,,
8534,P35557,G,407,L,NONSYN,0.33670580158540125,0.23241003427186566,0.14939780502125138,-2.6893,100.0,2.0,6.0,0.162178230995133,0.124891747738827,0.8857628799276077,0.1622,0.124891747738827,0.162178230995133,0.124891747738827,,0.124891747738827,0.08831180174036422,0.2566,0.0943987541256403,0.4220711290836334,0.1661,0.0864,1.0,,,,0.0,,,,
8535,P35557,G,407,K,NONSYN,0.4007452768135149,0.22151144719969632,0.10655827655046678,-1.5245,100.0,2.0,6.0,-0.0720564111840685,0.124552886647373,0.9640331466729588,-0.0721,0.124552886647373,-0.0720564111840685,0.124552886647373,,0.124552886647373,0.08807219076471684,0.2605,0.3325413450372179,0.3909732699394226,-0.056,0.0859,1.0,,,,0.0,,,,
8536,P35557,G,407,G,SYN,,,,,100.0,2.0,6.0,1.3155461205881,0.05,0.0068608972343106615,1.3155,0.05,1.3155461205881,0.05,,0.05,0.035355339059327376,,,,1.3155,0.0354,,,,,0.0,,,,
8537,P35557,G,407,Y,NONSYN,0.28089736795090275,0.357714400968194,0.05336652107854443,-2.6748999999999996,100.0,2.0,6.0,-0.213734869093852,0.6050527935393729,0.9821596642333662,-0.2137,0.6050527935393729,-0.213734869093852,0.6050527935393729,,0.6050527935393729,0.4278369332875546,0.341,0.5547692814778852,0.35948458313941956,0.1115,0.2752,1.0,,,,0.0,,,,
8538,P35557,G,407,N,NONSYN,0.382875509440285,0.508689997325027,0.10404398182642112,-0.8179,100.0,2.0,6.0,0.324263538195237,0.0882332305939381,0.7600801754208255,0.3243,0.0882332305939381,0.324263538195237,0.0882332305939381,,0.0882332305939381,0.06239031567896998,0.4941,0.1697864877447044,0.47039374709129333,0.3272,0.0618,1.0,,,,0.0,,,,
8539,P35557,G,407,C,NONSYN,0.3672992043124827,0.44115942562761856,0.06154859009836856,-2.438433333333333,100.0,2.0,6.0,0.647410017917115,1.12567498393821,0.3271616631445646,0.6474,1.12567498393821,0.647410017917115,1.12567498393821,,1.12567498393821,0.7959724145547663,0.3999,0.2475051409697121,0.3911169767379761,0.448,0.351,1.0,,,,0.0,,,,
8540,P35557,G,407,P,NONSYN,0.2021261040610908,-0.06697515680881834,0.13147248283456006,-1.8968333333333334,100.0,2.0,6.0,-0.218590396212105,0.386772043649443,0.9825798186372968,-0.2186,0.386772043649443,-0.218590396212105,0.386772043649443,,0.386772043649443,0.2734891348379005,0.1129,0.3315155382618944,0.3056044578552246,-0.0712,0.2038,1.0,,,,0.0,,,,
8541,P35557,G,407,E,NONSYN,0.4108810729254607,-0.04002157201098569,0.1063298734925016,-1.9435333333333331,100.0,2.0,6.0,-0.299451150605603,0.507162799475975,0.9882560177032754,-0.2995,0.507162799475975,-0.299451150605603,0.507162799475975,,0.507162799475975,0.35861825467501507,0.1067,0.4061076423620422,0.2879050374031067,-0.0525,0.2245,1.0,,,,0.0,,,,
8542,P35557,G,407,M,NONSYN,0.2878381921366005,0.12526165242564632,0.28308716497457653,-2.275,100.0,2.0,6.0,0.23456392846153698,0.141060645165989,0.839183560627767,0.2346,0.141060645165989,0.23456392846153698,0.141060645165989,,0.141060645165989,0.0997449387554202,0.2674,0.0328056994910387,0.38638001680374146,0.2366,0.0966,1.0,,,,0.0,,,,
8543,P35557,G,407,W,NONSYN,0.355895468841822,0.6746409864093472,0.26973020472449416,-2.4539666666666666,100.0,2.0,6.0,-0.0530346644280712,0.160478628817421,0.9604616657063102,-0.053,0.160478628817421,-0.0530346644280712,0.160478628817421,,0.160478628817421,0.11347552667231729,0.6959,0.7489386809228222,0.5281046628952026,-0.02,0.1109,1.0,,,,0.0,,,,
8544,P35557,G,407,H,NONSYN,0.3218287257213429,-0.01597327521968836,0.1532716904809506,-1.9332999999999998,100.0,2.0,6.0,-0.371596040979495,0.194584329443774,0.9917003924418338,-0.3716,0.194584329443774,-0.371596040979495,0.194584329443774,,0.194584329443774,0.13759189886232975,0.1189,0.4904957440053129,0.30996546149253845,-0.2909,0.1258,1.0,,,,0.0,,,,
8545,P35557,G,407,Q,NONSYN,0.29754150588632416,0.35550747543126526,0.12485108923076409,-1.7754,100.0,2.0,6.0,-0.254640852001507,0.17216250157055898,0.9853972026044996,-0.2546,0.17216250157055898,-0.254640852001507,0.17216250157055898,,0.17216250157055898,0.1217372723265819,0.3434,0.5980612383158991,0.4118663966655731,-0.2066,0.1167,1.0,,,,0.0,,,,
8546,P35557,G,407,*,STOP,,,,,100.0,2.0,6.0,-0.4879478776266721,0.05,0.9952085259607285,-0.4879,0.05,-0.4879478776266721,0.05,,0.05,0.035355339059327376,,,,-0.4879,0.0354,,,,,0.0,,,,
8547,P35557,V,408,S,NONSYN,0.33699392667600697,-0.04222702484629884,0.23843560777306883,-1.4466,100.0,2.0,6.0,0.656661937977009,0.0777029613165922,0.3150813682830459,0.6567,0.0777029613165922,0.656661937977009,0.0777029613165922,,0.0777029613165922,0.054944290865238325,0.184,0.47263766362779636,0.4645114541053772,0.6501,0.0546,1.0,,,,0.07265152392521848,,,,
8548,P35557,V,408,A,NONSYN,0.4716545268994549,0.4274983983397321,0.22342282269734937,-0.7901333333333334,100.0,2.0,6.0,0.718849493899482,0.107877895335488,0.2402132023298174,0.7188,0.107877895335488,0.718849493899482,0.107877895335488,,0.107877895335488,0.07628119133185618,0.6724,0.046467019953864375,0.580771803855896,0.7181,0.0756,0.934,,,,0.07265152392521848,,,,
8549,P35557,V,408,V,SYN,,,,,100.0,2.0,6.0,1.5807569785132,0.05,0.0011067211284223595,1.5808,0.05,1.5807569785132,0.05,,0.05,0.035355339059327376,,,,1.5808,0.0354,,,,,0.07265152392521848,,,,
8550,P35557,V,408,R,NONSYN,0.17643841508486408,0.06184884855402397,0.18714150046682185,-1.9857333333333334,100.0,2.0,6.0,-0.0372405446216985,0.0924241543395603,0.9572271924157686,-0.0372,0.0924241543395603,-0.0372405446216985,0.0924241543395603,,0.0924241543395603,0.06535374627893516,0.1307,0.16794429189418997,0.3341556787490845,-0.0311,0.0641,1.0,,,,0.07265152392521848,,,,
8551,P35557,V,408,D,NONSYN,0.27348180848279724,0.23954660579691234,0.1829251583119773,-2.3809,100.0,2.0,6.0,-0.312181631923313,1.1227348638088,0.9889575185597769,-0.3122,1.1227348638088,-0.312181631923313,1.1227348638088,,1.1227348638088,0.7938934356737573,0.2709,0.5830694538360786,0.4078679084777832,0.1491,0.3628,1.0,,,,0.07265152392521848,,,,
8552,P35557,V,408,F,NONSYN,0.4053248813429461,0.6442200394840844,0.039568626783280374,-0.9184666666666667,100.0,2.0,6.0,-0.340440781990476,0.896296705421619,0.9903636920740474,-0.3404,0.896296705421619,-0.340440781990476,0.896296705421619,,0.896296705421619,0.6337774783587882,0.6916,1.032072575966306,0.42991578578948975,0.3664,0.3558,0.997,,,,0.07265152392521848,,,,
8553,P35557,V,408,T,NONSYN,0.3185872156759129,0.7886053616354644,0.03269857027600937,-0.1374,100.0,2.0,6.0,1.06578729043391,0.290972632608969,0.03472192628705287,1.0658,0.290972632608969,1.06578729043391,0.290972632608969,,0.290972632608969,0.2057487216575039,0.7464,0.3193747747936513,0.4217519760131836,1.0044,0.1849,0.998,,,,0.07265152392521848,,,,
8554,P35557,V,408,I,NONSYN,0.4306262074024321,0.904251293813607,0.07159801734960254,-0.1123,100.0,2.0,6.0,0.8860243221031829,0.119873754811006,0.1014103554563527,0.886,0.119873754811006,0.8860243221031829,0.119873754811006,,0.119873754811006,0.08476354491315587,0.9077,0.02165487806924138,0.3860771358013153,0.887,0.0828,0.023,,,,0.07265152392521848,,,,
8555,P35557,V,408,L,NONSYN,0.4667115524229356,0.912020666525852,0.0742328428084721,-0.29109999999999997,100.0,2.0,6.0,0.6955413757627471,0.0687120132685277,0.26689659698209495,0.6955,0.0687120132685277,0.6955413757627471,0.0687120132685277,,0.0687120132685277,0.04858673053115597,0.8974,0.20182568442173165,0.42020806670188904,0.6982,0.0483,0.489,,,,0.07265152392521848,,,,
8556,P35557,V,408,K,NONSYN,0.1909141340536438,0.04319127406420689,0.1190479224260263,-1.7571333333333332,100.0,2.0,6.0,0.0283019412904292,0.12465892056170401,0.9407428060395346,0.0283,0.12465892056170401,0.0283019412904292,0.12465892056170401,,0.12465892056170401,0.08814716806457604,0.1146,0.08625261293358508,0.2988293170928955,0.0352,0.0845,1.0,,,,0.07265152392521848,,,,
8557,P35557,V,408,G,NONSYN,0.3807983932718594,0.0030597966932153636,0.3213563119572985,-2.365066666666667,100.0,2.0,6.0,0.397278795387778,0.0631252086550342,0.6770173946229199,0.3973,0.0631252086550342,0.397278795387778,0.0631252086550342,,0.0631252086550342,0.044636263103790416,0.156,0.24131957664731474,0.35195159912109375,0.3935,0.0443,0.9990000000000001,,,,0.07265152392521848,,,,
8558,P35557,V,408,Y,NONSYN,0.33250944557826595,0.04319127406420689,0.1190479224260263,-1.7571333333333332,100.0,2.0,6.0,0.0192067548124755,0.12045425818014098,0.9433594938400987,0.0192,0.12045425818014098,0.0192067548124755,0.12045425818014098,,0.12045425818014098,0.08517402278197285,0.1211,0.10186112677169198,0.3014105558395386,0.0267,0.082,1.0,,,,0.07265152392521848,,,,
8559,P35557,V,408,N,NONSYN,0.2445312890805706,0.09020669371510104,0.045538427069237754,-2.1033666666666666,100.0,2.0,6.0,0.0853725003038001,0.769543403932145,0.9214204379609039,0.0854,0.769543403932145,0.0853725003038001,0.769543403932145,,0.769543403932145,0.5441493593377982,0.1691,0.08368305098671198,0.30358606576919556,0.1492,0.2651,1.0,,,,0.07265152392521848,,,,
8560,P35557,V,408,C,NONSYN,0.4349501020449153,0.34502354996200496,0.2135705939299997,-0.9503666666666666,100.0,2.0,6.0,0.5571486865757621,0.102502592942224,0.4537501312334912,0.5571,0.102502592942224,0.5571486865757621,0.102502592942224,,0.102502592942224,0.07248027855865093,0.3677,0.1894261752842582,0.4595644772052765,0.5526,0.0716,1.0,,,,0.07265152392521848,,,,
8561,P35557,V,408,P,NONSYN,0.17175025849116904,-0.0492839422386351,0.05080042252941631,-1.883333333333333,100.0,2.0,6.0,0.0718721040678426,0.150525893235818,0.9264784782297616,0.0719,0.150525893235818,0.0718721040678426,0.150525893235818,,0.150525893235818,0.10643787985120916,0.1067,0.03478438768859661,0.2686800956726074,0.0766,0.099,1.0,,,,0.07265152392521848,,,,
8562,P35557,V,408,E,NONSYN,0.32079411141973807,0.02798055684829906,0.11628049395278824,-1.7854,100.0,2.0,6.0,0.0739340929381527,0.16511338091289499,0.925726732164016,0.0739,0.16511338091289499,0.0739340929381527,0.16511338091289499,,0.16511338091289499,0.1167527913081455,0.1067,0.03272239881828651,0.29269737005233765,0.0784,0.1084,1.0,,,,0.07265152392521848,,,,
8563,P35557,V,408,M,NONSYN,0.4348220015603004,0.8267260533653799,0.0749162695565385,-0.2969,100.0,2.0,6.0,0.951425215244164,0.053726677696312,0.06956709914457473,0.9514,0.053726677696312,0.951425215244164,0.053726677696312,,0.053726677696312,0.03799049812968625,0.7742,0.17724599504457905,0.45024654269218445,0.9502,0.0379,0.9990000000000001,,,,0.07265152392521848,,,,
8564,P35557,V,408,W,NONSYN,0.20407639127029992,0.09892966228922861,0.11744335881671934,-1.7649666666666668,100.0,2.0,6.0,-0.138913223384636,0.14956678088405198,0.974194929122222,-0.1389,0.14956678088405198,-0.138913223384636,0.14956678088405198,,0.14956678088405198,0.10575968500335564,0.1914,0.330297568677681,0.3756216764450073,-0.1147,0.1018,1.0,,,,0.07265152392521848,,,,
8565,P35557,V,408,H,NONSYN,0.2484595230317529,-0.08801655874707047,0.3215649968213286,-2.2657666666666665,100.0,2.0,6.0,0.235988521699159,0.0782764414054536,0.8381208269702629,0.236,0.0782764414054536,0.235988521699159,0.0782764414054536,,0.0782764414054536,0.055349802524947686,0.1461,0.08986132753297552,0.34964102506637573,0.2338,0.0547,1.0,,,,0.07265152392521848,,,,
8566,P35557,V,408,Q,NONSYN,0.31633139311143543,-0.012225729718684698,0.06017220518188424,-1.7866,100.0,2.0,6.0,0.19455295263910397,0.453288749596383,0.8666662742489877,0.1946,0.453288749596383,0.19455295263910397,0.453288749596383,,0.453288749596383,0.3205235486751733,0.1067,0.08789646088266476,0.28114959597587585,0.1449,0.2114,1.0,,,,0.07265152392521848,,,,
8567,P35557,V,408,*,STOP,,,,,100.0,2.0,6.0,0.0489415997750527,0.05,0.9343577848206728,0.0489,0.05,0.0489415997750527,0.05,,0.05,0.035355339059327376,,,,0.0489,0.0354,,,,,0.07265152392521848,,,,
8568,P35557,D,409,S,NONSYN,0.3690767940714815,0.13660194551634472,0.1485118530596712,-0.9239999999999999,100.0,2.0,6.0,0.335770549052081,0.0523775186321284,0.7480865559299346,0.3358,0.0523775186321284,0.335770549052081,0.0523775186321284,,0.0523775186321284,0.03703649860650273,0.3016,0.03419315981181609,0.42944979667663574,0.3355,0.0369,1.0,,,,35.72365519855769,,,,
8569,P35557,D,409,A,NONSYN,0.4216252277516441,-0.026833757345587367,0.09259892630084988,-1.4927333333333335,100.0,2.0,6.0,0.295262476063167,0.18031028242453895,0.7884278297456746,0.2953,0.18031028242453895,0.295262476063167,0.18031028242453895,,0.18031028242453895,0.12749862342005303,0.1269,0.16831590757409232,0.2988465428352356,0.2693,0.1173,1.0,,,,35.72365519855769,,,,
8570,P35557,D,409,V,NONSYN,0.4506084315132353,0.03220195895374727,0.03774962013752365,-2.6115333333333335,100.0,2.0,6.0,-0.207528001414776,0.376401439229261,0.9816073548896723,-0.2075,0.376401439229261,-0.207528001414776,0.376401439229261,,0.376401439229261,0.2661560101273866,0.1067,0.3141844931712152,0.26338931918144226,-0.0488,0.1872,1.0,,,,35.72365519855769,,,,
8571,P35557,D,409,R,NONSYN,0.35823216117602164,0.06387988330418601,0.09739830912100945,-1.472133333333333,100.0,2.0,6.0,0.0231215541138469,0.126878475447612,0.942247419543119,0.0231,0.126878475447612,0.0231215541138469,0.126878475447612,,0.126878475447612,0.0897166303756173,0.1427,0.1195706541762532,0.34048977494239807,0.0309,0.0868,1.0,,,,35.72365519855769,,,,
8572,P35557,D,409,D,SYN,,,,,,,,,,,,,,,,,,,,,,,,,,,35.72365519855769,,,,
8573,P35557,D,409,F,NONSYN,0.29646296686588297,-0.02857893480302727,0.09499896912442761,-2.6194333333333333,100.0,2.0,6.0,-0.0251853201444524,0.0698725825963227,0.9545815110097954,-0.0252,0.0698725825963227,-0.0251853201444524,0.0698725825963227,,0.0698725825963227,0.04940737697287692,0.1067,0.13184181190089161,0.29179662466049194,-0.0215,0.0487,1.0,,,,35.72365519855769,,,,
8574,P35557,D,409,T,NONSYN,0.33041122774515563,0.005006282561942706,0.1296526710310866,-1.1000666666666665,100.0,2.0,6.0,0.7539392230009,0.24489549707241898,0.20341528432571654,0.7539,0.24489549707241898,0.7539392230009,0.24489549707241898,,0.24489549707241898,0.17316726666195775,0.1351,0.6188530144189756,0.3287663459777832,0.6195,0.1532,1.0,,,,35.72365519855769,,,,
8575,P35557,D,409,I,NONSYN,0.3169485018080975,-0.06621264382445803,0.09660266298585672,-2.7128666666666668,100.0,2.0,6.0,-0.06597845776054301,0.0886660268601274,0.9629287059121883,-0.066,0.0886660268601274,-0.06597845776054301,0.0886660268601274,,0.0886660268601274,0.06269634885366464,0.1048,0.1707639597174827,0.29179662466049194,-0.0584,0.0613,1.0,,,,35.72365519855769,,,,
8576,P35557,D,409,L,NONSYN,0.37713817620354506,-0.05732093204148734,0.0947981036433674,-2.7055000000000002,100.0,2.0,6.0,-0.0926535931094551,0.11865393827264098,0.9675351566047761,-0.0927,0.11865393827264098,-0.0926535931094551,0.11865393827264098,,0.11865393827264098,0.08390100436707446,0.1067,0.1993100848658943,0.29179662466049194,-0.0774,0.0806,1.0,,,,35.72365519855769,,,,
8577,P35557,D,409,K,NONSYN,0.3517044245741117,0.27033409549541765,0.1054651753518797,-0.8664,100.0,2.0,6.0,-0.0654259008851378,0.446693424652661,0.9628266222815478,-0.0654,0.446693424652661,-0.0654259008851378,0.446693424652661,,0.446693424652661,0.3158599496833387,0.2996,0.3650379759755461,0.4111490845680237,0.0701,0.2505,1.0,,,,35.72365519855769,,,,
8578,P35557,D,409,G,NONSYN,0.41616550742326497,0.450364420378167,0.09823599184858232,-1.2674333333333332,100.0,2.0,6.0,-0.22144681349946801,0.147721619964071,0.9828222182750229,-0.2214,0.147721619964071,-0.22144681349946801,0.147721619964071,,0.147721619964071,0.10445495920445667,0.4047,0.6261436952705557,0.43760547041893005,-0.1877,0.1016,1.0,,,,35.72365519855769,,,,
8579,P35557,D,409,Y,NONSYN,0.4224113195979475,-0.07082192920146374,0.092828429498713,-2.560966666666667,100.0,2.0,6.0,0.816524787953396,1.25490562867417,0.14810935750157575,0.8165,1.25490562867417,0.816524787953396,1.25490562867417,,1.25490562867417,0.8873522797846731,0.1048,0.7117392859964563,0.29179662466049194,0.1742,0.2772,1.0,,,,35.72365519855769,,,,
8580,P35557,D,409,N,NONSYN,0.4295009636980524,0.713525570194923,0.08182849348208442,-0.2961,100.0,2.0,6.0,0.330863175847263,0.33642645724196696,0.7532530993888069,0.3309,0.33642645724196696,0.330863175847263,0.33642645724196696,,0.33642645724196696,0.2378894292863609,0.691,0.36012369587209736,0.4402961730957031,0.4122,0.2093,1.0,,,,35.72365519855769,,,,
8581,P35557,D,409,C,NONSYN,0.3461355508488411,-0.12205335076159136,0.09534104422214075,-2.7265333333333337,100.0,2.0,6.0,0.101543663050857,0.11054655311585,0.9149225330740245,0.1015,0.11054655311585,0.101543663050857,0.11054655311585,,0.11054655311585,0.07816821734501639,0.0833,0.018275318648543773,0.29179662466049194,0.1003,0.0755,1.0,,,,35.72365519855769,,,,
8582,P35557,D,409,P,NONSYN,0.2905290433283012,0.032312405559181974,0.06255292092155813,-1.4699,100.0,2.0,6.0,0.11782398734885902,0.34120708697291807,0.9078668726052108,0.1178,0.34120708697291807,0.11782398734885902,0.34120708697291807,,0.34120708697291807,0.24126984498745846,0.1269,0.009122581140215691,0.2902982831001282,0.1216,0.1856,1.0,,,,35.72365519855769,,,,
8583,P35557,D,409,E,NONSYN,0.4869275421620544,0.27999130008769396,0.11357206221461558,-0.3505,100.0,2.0,6.0,1.63146598616895,0.0391658482607918,0.0007730804244659432,1.6315,0.0391658482607918,1.63146598616895,0.0391658482607918,,0.0391658482607918,0.02769443689612923,0.3894,1.2420387713080339,0.47493231296539307,1.6273,0.0276,0.9990000000000001,,,,35.72365519855769,,,,
8584,P35557,D,409,M,NONSYN,0.2886817698329022,0.1946038221313892,0.30924175711018037,-2.5042666666666666,100.0,2.0,6.0,0.0202475339548372,0.0924548028228744,0.9430659120108423,0.0202,0.0924548028228744,0.0202475339548372,0.0924548028228744,,0.0924548028228744,0.06537541802931963,0.3019,0.28164897855355514,0.43883609771728516,0.0264,0.0647,1.0,,,,35.72365519855769,,,,
8585,P35557,D,409,W,NONSYN,0.2933207242208761,-0.019029462606380363,0.04356410461260507,-2.7770999999999995,100.0,2.0,6.0,0.0310115568803515,0.0852875585659786,0.9399405649485278,0.031,0.0852875585659786,0.0310115568803515,0.0852875585659786,,0.0852875585659786,0.06030741101284828,0.1067,0.07564493487608771,0.26338931918144226,0.0348,0.0588,1.0,,,,35.72365519855769,,,,
8586,P35557,D,409,H,NONSYN,0.4359397753198172,0.1556888362054314,0.12501788696890961,-1.1262,100.0,2.0,6.0,0.30189156207043394,0.284991191558934,0.7821855082587,0.3019,0.284991191558934,0.30189156207043394,0.284991191558934,,0.284991191558934,0.20151920412975657,0.2516,0.050330188598220194,0.3969112038612366,0.2916,0.1797,1.0,,,,35.72365519855769,,,,
8587,P35557,D,409,Q,NONSYN,0.3596090029508326,0.19074540341245902,0.1254986496944096,-0.9040333333333331,100.0,2.0,6.0,0.17334017536373802,0.340952891308769,0.8794783271274584,0.1733,0.340952891308769,0.17334017536373802,0.340952891308769,,0.340952891308769,0.24109010150959043,0.2752,0.10188498714236549,0.4061150550842285,0.1999,0.2073,1.0,,,,35.72365519855769,,,,
8588,P35557,D,409,*,STOP,,,,,100.0,2.0,6.0,0.323717721034428,0.05,0.7606385696618697,0.3237,0.05,0.323717721034428,0.05,,0.05,0.035355339059327376,,,,0.3237,0.0354,,,,,35.72365519855769,C,411.0,,
8589,P35557,G,410,S,NONSYN,0.36837526824294986,-0.41020542491386736,0.2875603215515811,-0.8648000000000001,100.0,2.0,6.0,0.0327132506386545,0.13603438229581802,0.9394313107190376,0.0327,0.13603438229581802,0.0327132506386545,0.13603438229581802,,0.13603438229581802,0.09619083419589614,0.2501,0.2173862891181204,0.3937968611717224,0.045,0.0934,0.927,,,,11.130077574938808,,,,
8590,P35557,G,410,A,NONSYN,0.4089269105168704,-0.33532272607857455,0.28761912577232396,-0.9328,100.0,2.0,6.0,-0.191934845867224,0.13377794863592302,0.9801409652224228,-0.1919,0.13377794863592302,-0.191934845867224,0.13377794863592302,,0.13377794863592302,0.09459529465368681,0.2186,0.4105845610523894,0.39317575097084045,-0.1695,0.092,0.995,,,,11.130077574938808,,,,
8591,P35557,G,410,V,NONSYN,0.3988573139738447,0.12243320687660958,0.07520144681400388,-2.7219333333333338,100.0,2.0,6.0,-0.158505881043208,0.257164972187463,0.9765795337232982,-0.1585,0.257164972187463,-0.158505881043208,0.257164972187463,,0.257164972187463,0.18184309571740495,0.2156,0.3740844967086438,0.345561146736145,-0.0774,0.1609,1.0,,,,11.130077574938808,,,,
8592,P35557,G,410,R,NONSYN,0.3362652746103357,0.030751490865450055,0.057868931075016845,-1.9470333333333334,100.0,2.0,6.0,0.125828796752675,0.160734304555792,0.9041985980644581,0.1258,0.160734304555792,0.125828796752675,0.160734304555792,,0.160734304555792,0.11365631672070428,0.1067,0.01917230499623579,0.27267351746559143,0.123,0.1049,1.0,,,,11.130077574938808,,,,
8593,P35557,G,410,D,NONSYN,0.3623286966209139,0.07505068465771202,0.06176353963628384,-1.5976,100.0,2.0,6.0,-0.7995674429320021,1.15546846034111,0.9988194764206673,-0.7996,1.15546846034111,-0.7995674429320021,1.15546846034111,,1.15546846034111,0.8170395837543782,0.1573,0.9568441627405806,0.3322032392024994,0.0215,0.3077,1.0,,,,11.130077574938808,,,,
8594,P35557,G,410,F,NONSYN,0.3709207412708021,0.06799575674893836,0.08777196880439592,-2.717866666666667,100.0,2.0,6.0,0.0048064693398057,0.17104948591659502,0.9472716643174461,0.0048,0.17104948591659502,0.0048064693398057,0.17104948591659502,,0.17104948591659502,0.12095025141009719,0.1318,0.1269793704562606,0.2998669147491455,0.0226,0.1122,1.0,,,,11.130077574938808,,,,
8595,P35557,G,410,T,NONSYN,0.21962954488217865,-0.08047718537574704,0.2738757596555935,-1.5144,100.0,2.0,6.0,-0.332983832831625,0.23158112761966199,0.9900117245102064,-0.333,0.23158112761966199,-0.332983832831625,0.23158112761966199,,0.23158112761966199,0.16375258573469026,0.1664,0.499401103730444,0.38406527042388916,-0.2562,0.1506,1.0,,,,11.130077574938808,,,,
8596,P35557,G,410,I,NONSYN,0.29686370150880703,0.1224332068766096,0.07520144681400388,-2.721933333333333,100.0,2.0,6.0,-0.0891910108600194,0.114020485160529,0.9669714690135129,-0.0892,0.114020485160529,-0.0891910108600194,0.114020485160529,,0.114020485160529,0.08062465825119017,0.2156,0.3047696265254552,0.345561146736145,-0.0735,0.0785,1.0,,,,11.130077574938808,,,,
8597,P35557,G,410,L,NONSYN,0.33670580158540125,-0.14020117199782509,0.07657709873469236,-2.6893,100.0,2.0,6.0,0.6293972555800961,0.24975092164298002,0.3512757433581571,0.6294,0.24975092164298002,0.6293972555800961,0.24975092164298002,,0.24975092164298002,0.17660057030134124,0.0833,0.5461289111777828,0.271497905254364,0.467,0.148,1.0,,,,11.130077574938808,,,,
8598,P35557,G,410,K,NONSYN,0.4007452768135149,-0.31953735144243406,0.2785827195241378,-1.5245,100.0,2.0,6.0,0.38419666536843605,0.0825991564118296,0.6930777950944396,0.3842,0.0825991564118296,0.38419666536843605,0.0825991564118296,,0.0825991564118296,0.058406423619093005,0.1552,0.22900539287125893,0.38406527042388916,0.379,0.0577,1.0,,,,11.130077574938808,,,,
8599,P35557,G,410,G,SYN,,,,,100.0,2.0,6.0,0.9997043439032979,0.05,0.052132716290089295,0.9997,0.05,0.9997043439032979,0.05,,0.05,0.035355339059327376,,,,0.9997,0.0354,,,,,11.130077574938808,,,,
8600,P35557,G,410,Y,NONSYN,0.28089736795090275,0.15856594795889792,0.0936207694234885,-2.6748999999999996,100.0,2.0,6.0,-0.266904104290073,0.100802715036356,0.9862446695214027,-0.2669,0.100802715036356,-0.266904104290073,0.100802715036356,,0.100802715036356,0.07127828336422248,0.2403,0.507250863847797,0.3744969367980957,-0.2492,0.07,1.0,,,,11.130077574938808,,,,
8601,P35557,G,410,N,NONSYN,0.382875509440285,-0.3195963460535239,0.27603434322873016,-0.8179,100.0,2.0,6.0,-0.23911398594237598,0.368012216062166,0.984246265312212,-0.2391,0.368012216062166,-0.23911398594237598,0.368012216062166,,0.368012216062166,0.2602239335370464,0.1727,0.4118344778285149,0.3716078996658325,-0.1036,0.2132,1.0,,,,11.130077574938808,,,,
8602,P35557,G,410,C,NONSYN,0.3672992043124827,-0.18495637688349298,0.10551949228845485,-2.438433333333333,,,,,,,,,,,,,,0.0778,,0.28226056694984436,0.0778,0.2823,1.0,,,,11.130077574938808,,,,
8603,P35557,G,410,P,NONSYN,0.2021261040610908,0.08195401782128166,0.055491299409784894,-1.8968333333333334,100.0,2.0,6.0,-0.0277787841148198,0.17517715714513096,0.9551641319061325,-0.0278,0.17517715714513096,-0.0277787841148198,0.17517715714513096,,0.17517715714513096,0.12386895572630356,0.1475,0.1752443111724675,0.3155580163002014,-0.0044,0.1153,1.0,,,,11.130077574938808,,,,
8604,P35557,G,410,E,NONSYN,0.4108810729254607,-0.015741345109121268,0.06275621529071569,-1.9435333333333331,100.0,2.0,6.0,0.26530730467638897,0.123385525616829,0.8148987889404575,0.2653,0.123385525616829,0.26530730467638897,0.123385525616829,,0.123385525616829,0.08724674186392625,0.1067,0.15865081291994976,0.27267351746559143,0.2506,0.0831,1.0,,,,11.130077574938808,,,,
8605,P35557,G,410,M,NONSYN,0.2878381921366005,-0.1550411628483316,0.10652380744831878,-2.3474999999999997,100.0,2.0,6.0,-0.117524426220304,0.163871251221598,0.9713078645734456,-0.1175,0.163871251221598,-0.117524426220304,0.163871251221598,,0.163871251221598,0.11587447298031625,0.0833,0.20079277062261724,0.28226056694984436,-0.0886,0.1072,1.0,,,,11.130077574938808,,,,
8606,P35557,G,410,W,NONSYN,0.355895468841822,-0.09040794597456876,0.08241006428877554,-2.530533333333333,100.0,2.0,6.0,-0.27883882338696697,0.32776657647406393,0.987020689805934,-0.2788,0.32776657647406393,-0.27883882338696697,0.32776657647406393,,0.32776657647406393,0.2317659688711097,0.0872,0.366017321893513,0.26948603987693787,-0.1232,0.1757,1.0,,,,11.130077574938808,,,,
8607,P35557,G,410,H,NONSYN,0.3218287257213429,0.12111910577141471,0.06313413453303,-1.9332999999999998,100.0,2.0,6.0,-0.145274047965219,0.11986497816535,0.9749951065096248,-0.1453,0.11986497816535,-0.145274047965219,0.11986497816535,,0.11986497816535,0.08475733888749643,0.1947,0.3399785209838653,0.3361611068248749,-0.125,0.0822,1.0,,,,11.130077574938808,,,,
8608,P35557,G,410,Q,NONSYN,0.29754150588632416,0.019384089532479647,0.07252942822758583,-1.7754,100.0,2.0,6.0,0.173939221436325,0.0906244315938612,0.8791323196385373,0.1739,0.0906244315938612,0.173939221436325,0.0906244315938612,,0.0906244315938612,0.06408115012119565,0.1067,0.0672827296798858,0.2853894829750061,0.1707,0.0625,1.0,,,,11.130077574938808,,,,
8609,P35557,G,410,*,STOP,,,,,100.0,2.0,6.0,0.19244614011193104,0.05,0.8679911977607596,0.1924,0.05,0.19244614011193104,0.05,,0.05,0.035355339059327376,,,,0.1924,0.0354,,,,,11.130077574938808,,,,
8610,P35557,S,411,S,SYN,,,,,100.0,2.0,6.0,0.821873767222461,0.05,0.1439860117356984,0.8219,0.05,0.821873767222461,0.05,,0.05,0.035355339059327376,,,,0.8219,0.0354,,,,,58.870820880378865,,,,
8611,P35557,S,411,A,NONSYN,0.4563330621977513,0.48439558870709876,0.04954069429591466,-0.01466666666666668,100.0,2.0,6.0,0.406770156296295,0.16544557493218698,0.6650678895533422,0.4068,0.16544557493218698,0.406770156296295,0.16544557493218698,,0.16544557493218698,0.11698768795185648,0.7289,0.32209445389886493,0.4037288427352905,0.4317,0.1124,0.179,,,,58.870820880378865,,,,
8612,P35557,S,411,V,NONSYN,0.3566796973350173,0.17648088403927206,0.06931540845110183,-1.1372666666666664,100.0,2.0,6.0,-0.253474054630145,0.051643733927524006,0.9853138085839291,-0.2535,0.051643733927524006,-0.253474054630145,0.051643733927524006,,0.051643733927524006,0.036517634465946,0.382,0.6354593315676298,0.41974374651908875,-0.2487,0.0364,0.9790000000000001,,,,58.870820880378865,,,,
8613,P35557,S,411,R,NONSYN,0.5078165034060199,0.4017484230680453,0.06776504081660678,-0.9542999999999999,100.0,2.0,6.0,1.65865698824581,0.537419128906862,0.0006369860680350084,1.6587,0.537419128906862,1.65865698824581,0.537419128906862,,0.537419128906862,0.3800127103894095,0.4429,1.2157516516273865,0.41968604922294617,1.1109,0.2817,0.996,,,,58.870820880378865,,,,
8614,P35557,S,411,D,NONSYN,0.26426002389568154,0.2085261291877866,0.050173475342206314,-0.6365333333333334,100.0,2.0,6.0,0.10754963006318999,0.10430615127113901,0.9123813864518913,0.1075,0.10430615127113901,0.10754963006318999,0.10430615127113901,,0.10430615127113901,0.07375558688329222,0.4563,0.34876830135046055,0.4259410500526428,0.1177,0.0727,0.95,,,,58.870820880378865,,,,
8615,P35557,S,411,F,NONSYN,0.4400921079880442,0.008174016190658698,0.039037320283463996,-1.6948,100.0,2.0,6.0,0.0250620071153349,0.0913102567797373,0.9416882711315064,0.0251,0.0913102567797373,0.0250620071153349,0.0913102567797373,,0.0913102567797373,0.06456610176083716,0.1307,0.10565959174826678,0.28448644280433655,0.0302,0.063,0.997,,,,58.870820880378865,,,,
8616,P35557,S,411,T,NONSYN,0.5032644910640633,0.25386801985324703,0.04987626356287709,-0.06083333333333333,100.0,2.0,6.0,1.09835286285785,0.163620705604579,0.028301340568341122,1.0984,0.163620705604579,1.09835286285785,0.163620705604579,,0.163620705604579,0.11569731047552555,0.6415,0.4568982258072214,0.42818623781204224,1.0673,0.1117,0.005,,,,58.870820880378865,,,,
8617,P35557,S,411,I,NONSYN,0.40690641070991895,0.011317917043477399,0.03886397702408887,-1.6840666666666664,100.0,2.0,6.0,0.0156303045568788,0.0926316844244382,0.9443570257584583,0.0156,0.0926316844244382,0.0156303045568788,0.0926316844244382,,0.0926316844244382,0.06550049220925254,0.1333,0.11770927931686997,0.28448644280433655,0.0216,0.0638,0.996,,,,58.870820880378865,,,,
8618,P35557,S,411,L,NONSYN,0.393745075519064,-0.0005302543305066345,0.03747313448997663,-1.6658,100.0,2.0,6.0,0.0511748186788309,0.102429200858736,0.9336279489691652,0.0512,0.102429200858736,0.0511748186788309,0.102429200858736,,0.102429200858736,0.07242838251873115,0.1595,0.1083650596895468,0.32495296001434326,0.0563,0.0707,0.973,,,,58.870820880378865,,,,
8619,P35557,S,411,K,NONSYN,0.33912790346884786,0.351766914481286,0.047977044896677194,-0.6167666666666666,100.0,2.0,6.0,0.0928797394030549,0.0972030650126786,0.9184651000952558,0.0929,0.0972030650126786,0.0928797394030549,0.0972030650126786,,0.0972030650126786,0.06873294642258188,0.5623,0.4694652885205291,0.4308110177516937,0.1045,0.0679,0.986,,,,58.870820880378865,,,,
8620,P35557,S,411,G,NONSYN,0.4188135801978989,0.020160592671768302,0.05301004127724382,-0.6509999999999999,100.0,2.0,6.0,0.6726462396112449,0.0749093447014175,0.29474580635982445,0.6726,0.0749093447014175,0.6726462396112449,0.0749093447014175,,0.0749093447014175,0.05296890561261288,0.2648,0.40781848153743816,0.37123408913612366,0.6645,0.0524,0.972,,,,58.870820880378865,,,,
8621,P35557,S,411,Y,NONSYN,0.3987520148682556,-0.0005302543305066333,0.03747313448997663,-1.6658,,,,,,,,,,,,,,0.1347,,0.28448644280433655,0.1347,0.2845,0.9990000000000001,,,,58.870820880378865,,,,
8622,P35557,S,411,N,NONSYN,0.3577198430860929,0.2631415533763027,0.05925142820939994,-0.23683333333333337,100.0,2.0,6.0,-0.16776819202010698,0.10879949507940401,0.9776272852118753,-0.1678,0.10879949507940401,-0.16776819202010698,0.10879949507940401,,0.10879949507940401,0.07693286076031898,0.5785,0.746275853839565,0.44611090421676636,-0.1462,0.0758,0.6890000000000001,,,,58.870820880378865,,,,
8623,P35557,S,411,C,NONSYN,0.4413057931247456,0.9249625545184882,0.14247989534271624,-0.9221333333333334,100.0,2.0,6.0,0.0890145938944817,0.0778958494086852,0.9199997047374072,0.089,0.0778958494086852,0.0890145938944817,0.0778958494086852,,0.0778958494086852,0.055080683343167416,0.7981,0.7090493995594978,0.5128759145736694,0.0971,0.0548,0.9990000000000001,,,,58.870820880378865,,,,
8624,P35557,S,411,P,NONSYN,0.3754690196139504,0.7937303748542925,0.12897452039864524,-0.9290666666666666,100.0,2.0,6.0,0.482711132887068,0.268435186444876,0.5619534250913018,0.4827,0.268435186444876,0.482711132887068,0.268435186444876,,0.268435186444876,0.189812340644247,0.7735,0.29080415117436387,0.4953483045101166,0.5199,0.1772,0.99,,,,58.870820880378865,,,,
8625,P35557,S,411,E,NONSYN,0.32956968841657797,0.429376024765951,0.033852480118534665,-0.6321,100.0,2.0,6.0,-0.13994759145094,0.17393375615738002,0.9743268059588647,-0.1399,0.17393375615738002,-0.13994759145094,0.17393375615738002,,0.17393375615738002,0.12298973845613081,0.5883,0.7282051426441774,0.4379012882709503,-0.0867,0.1184,0.9640000000000001,,,,58.870820880378865,,,,
8626,P35557,S,411,M,NONSYN,0.4679817126368144,-0.07092724765264376,0.03298591214987523,-1.6196000000000002,100.0,2.0,6.0,-0.0422830746637336,0.0914223856644504,0.9582876485868861,-0.0423,0.0914223856644504,-0.0422830746637336,0.0914223856644504,,0.0914223856644504,0.06464538885558468,0.1251,0.1673586533533088,0.28461822867393494,-0.0341,0.063,1.0,,,,58.870820880378865,,,,
8627,P35557,S,411,W,NONSYN,0.3832492129242465,0.030622376783681533,0.03902273777417009,-1.7880333333333336,100.0,2.0,6.0,-0.144334274481268,0.0654039857925578,0.9748784967352562,-0.1443,0.0654039857925578,-0.144334274481268,0.0654039857925578,,0.0654039857925578,0.046247601870546225,0.1067,0.2509907662377072,0.2731638550758362,-0.1373,0.0456,1.0,,,,58.870820880378865,,,,
8628,P35557,S,411,H,NONSYN,0.2629764798769622,0.7434609050091199,0.1427788758091426,-0.9429,100.0,2.0,6.0,0.6335195424225861,0.0673245939236101,0.3456916717984976,0.6335,0.0673245939236101,0.6335195424225861,0.0673245939236101,,0.0673245939236101,0.04760567690401533,0.7218,0.0883003352019256,0.5160873532295227,0.6343,0.0474,1.0,,,,58.870820880378865,,,,
8629,P35557,S,411,Q,NONSYN,0.3963611118941722,0.2085261291877866,0.050173475342206314,-0.6365333333333333,100.0,2.0,6.0,0.5226020952835531,0.074618909210128,0.5042419461685795,0.5226,0.074618909210128,0.5226020952835531,0.074618909210128,,0.074618909210128,0.05276353670722483,0.3299,0.19273181167988485,0.37480854988098145,0.5189,0.0522,0.998,,,,58.870820880378865,,,,
8630,P35557,S,411,*,STOP,,,,,100.0,2.0,6.0,-0.39441711905015797,0.05,0.9925560315129668,-0.3944,0.05,-0.39441711905015797,0.05,,0.05,0.035355339059327376,,,,-0.3944,0.0354,,,,,58.870820880378865,,,,
8631,P35557,V,412,S,NONSYN,0.33699392667600697,0.4109681162376098,0.12959974671389868,-1.4466,100.0,2.0,6.0,0.23057060014968803,0.12789413546812198,0.8421308418183469,0.2306,0.12789413546812198,0.23057060014968803,0.12789413546812198,,0.12789413546812198,0.09043481046349999,0.3678,0.13719661462539742,0.42437049746513367,0.2365,0.0884,1.0,,,,3.8528452353310976,,,,
8632,P35557,V,412,A,NONSYN,0.4716545268994549,0.6260278375970026,0.06177160863954148,-0.7901333333333334,100.0,2.0,6.0,0.138115601727249,0.424683158132736,0.8983009095428351,0.1381,0.424683158132736,0.138115601727249,0.424683158132736,,0.424683158132736,0.3002963409713765,0.6769,0.5388336608917695,0.4247584342956543,0.3177,0.2452,0.9990000000000001,,,,3.8528452353310976,,,,
8633,P35557,V,412,V,SYN,,,,,100.0,2.0,6.0,1.6463274134501897,0.05,0.0006955190616955965,1.6463,0.05,1.6463274134501897,0.05,,0.05,0.035355339059327376,,,,1.6463,0.0354,,,,,3.8528452353310976,,,,
8634,P35557,V,412,R,NONSYN,0.17643841508486408,0.5673952520775478,0.12952849094018778,-1.9857333333333334,100.0,2.0,6.0,-0.223036033274696,0.10736902764182002,0.982955576017552,-0.223,0.10736902764182002,-0.223036033274696,0.10736902764182002,,0.10736902764182002,0.07592136753493679,0.6093,0.8323402229567028,0.500122606754303,-0.2043,0.0751,1.0,,,,3.8528452353310976,,,,
8635,P35557,V,412,D,NONSYN,0.27348180848279724,-0.0610957245900965,0.13479866891531647,-2.3809,,,,,,,,,,,,,,0.1148,,0.30333006381988525,0.1148,0.3033,1.0,,,,3.8528452353310976,,,,
8636,P35557,V,412,F,NONSYN,0.4053248813429461,0.19396561014170235,0.10541329755549923,-0.9184666666666667,100.0,2.0,6.0,0.911912247604772,0.106414634195276,0.08754116989474683,0.9119,0.106414634195276,0.911912247604772,0.106414634195276,,0.106414634195276,0.07524650945696552,0.2713,0.640596911377355,0.3987041115760803,0.8899,0.0739,1.0,,,,3.8528452353310976,,,,
8637,P35557,V,412,T,NONSYN,0.3185872156759129,1.28649360287385,0.10223561898437317,-0.1374,100.0,2.0,6.0,0.7529606366380659,0.232500430754187,0.20438521395233747,0.753,0.232500430754187,0.7529606366380659,0.232500430754187,,0.232500430754187,0.16440263121507895,0.9978,0.24479918239269582,0.5164947509765625,0.7755,0.1567,0.9990000000000001,,,,3.8528452353310976,,,,
8638,P35557,V,412,I,NONSYN,0.4306262074024321,1.4914419478441223,0.058613071022033385,-0.1123,100.0,2.0,6.0,0.133996883203877,0.40377176356597705,0.9003146591047765,0.134,0.40377176356597705,0.133996883203877,0.40377176356597705,,0.40377176356597705,0.2855097520691537,1.0417,0.9076672403312792,0.4890103340148926,0.3647,0.2466,0.9690000000000001,,,,3.8528452353310976,,,,
8639,P35557,V,412,L,NONSYN,0.4667115524229356,1.3152373821271417,0.11442760364353018,-0.29109999999999997,100.0,2.0,6.0,0.666729298878191,0.080675063955289,0.30219159696862746,0.6667,0.080675063955289,0.666729298878191,0.080675063955289,,0.080675063955289,0.057045884795443265,1.0752,0.4084229790682812,0.5345141291618347,0.6713,0.0567,0.924,,,,3.8528452353310976,,,,
8640,P35557,V,412,K,NONSYN,0.1909141340536438,0.2162943136266385,0.11219637817914346,-1.7571333333333332,100.0,2.0,6.0,0.32989241659685803,0.14015210328626299,0.7542660372760986,0.3299,0.14015210328626299,0.32989241659685803,0.14015210328626299,,0.14015210328626299,0.09910250263127396,0.2601,0.06979169428393078,0.39377355575561523,0.3257,0.0961,1.0,,,,3.8528452353310976,,,,
8641,P35557,V,412,G,NONSYN,0.3807983932718594,-0.17878467023951616,0.12832314585662055,-2.1775333333333333,100.0,2.0,6.0,0.130030803673563,0.205420137560023,0.902218569416227,0.13,0.205420137560023,0.130030803673563,0.205420137560023,,0.205420137560023,0.14525397226096567,0.086,0.04404353379517556,0.2752878665924072,0.1204,0.1285,1.0,,,,3.8528452353310976,,,,
8642,P35557,V,412,Y,NONSYN,0.33250944557826595,0.2162943136266385,0.11219637817914346,-1.7571333333333332,100.0,2.0,6.0,0.226914489944011,0.5091981424976489,0.8447885146007041,0.2269,0.5091981424976489,0.226914489944011,0.5091981424976489,,0.5091981424976489,0.3600574595276815,0.2601,0.03318623236891624,0.39377355575561523,0.242,0.2657,1.0,,,,3.8528452353310976,,,,
8643,P35557,V,412,N,NONSYN,0.2445312890805706,0.24387903622918197,0.09649092464018594,-2.1033666666666666,100.0,2.0,6.0,0.0521511101148455,0.453414098458564,0.9333064143873677,0.0522,0.453414098458564,0.0521511101148455,0.453414098458564,,0.453414098458564,0.3206121837056355,0.2544,0.202283892688957,0.36513134837150574,0.1402,0.2409,1.0,,,,3.8528452353310976,,,,
8644,P35557,V,412,C,NONSYN,0.4349501020449153,0.4268661498272363,0.1075062708919415,-0.9503666666666666,100.0,2.0,6.0,0.21321062854817002,0.0574686413507685,0.8544090213919722,0.2132,0.0574686413507685,0.21321062854817002,0.0574686413507685,,0.0574686413507685,0.04063646600470604,0.3715,0.15829931088397414,0.4180474281311035,0.2147,0.0404,1.0,,,,3.8528452353310976,,,,
8645,P35557,V,412,P,NONSYN,0.17175025849116904,0.13228311711103,0.04420326477034404,-1.883333333333333,100.0,2.0,6.0,1.32014222952094,0.277074687833093,0.006652652238521746,1.3201,0.277074687833093,1.32014222952094,0.277074687833093,,0.277074687833093,0.19592139066192585,0.2403,1.079795469963216,0.3746766448020935,1.0883,0.1736,1.0,,,,3.8528452353310976,,,,
8646,P35557,V,412,E,NONSYN,0.32079411141973807,0.23798766525727752,0.05546043763762728,-1.7854,100.0,2.0,6.0,0.26481236170494105,0.436877122838502,0.8153125590243934,0.2648,0.436877122838502,0.26481236170494105,0.436877122838502,,0.436877122838502,0.30891877610437307,0.2639,0.0008810276862337707,0.35764139890670776,0.2644,0.2338,1.0,,,,3.8528452353310976,,,,
8647,P35557,V,412,M,NONSYN,0.4348220015603004,0.5192685124145019,0.11569132807380807,-0.2969,100.0,2.0,6.0,3.05463590801611,0.0356923165168395,9.778792747187889e-09,3.0546,0.0356923165168395,3.05463590801611,0.0356923165168395,,0.0356923165168395,0.025238279045313824,0.5659,2.488720859893704,0.5072190761566162,3.0485,0.0252,1.0,,,,3.8528452353310976,,,,
8648,P35557,V,412,W,NONSYN,0.20407639127029992,0.22959412982194852,0.11600457560199007,-1.7649666666666668,100.0,2.0,6.0,0.28999296801092794,0.0632455132172651,0.793289911238915,0.29,0.0632455132172651,0.28999296801092794,0.0632455132172651,,0.0632455132172651,0.04472133127555157,0.2601,0.029892245698000697,0.39377355575561523,0.2896,0.0444,1.0,,,,3.8528452353310976,,,,
8649,P35557,V,412,H,NONSYN,0.2484595230317529,-0.013618039828762502,0.1200254338076636,-2.2815999999999996,100.0,2.0,6.0,-0.365469087558698,0.28158565827820303,0.9914536531984318,-0.3655,0.28158565827820303,-0.365469087558698,0.28158565827820303,,0.28158565827820303,0.19911112845339524,0.1067,0.4721255793151372,0.28226056694984436,-0.2086,0.1627,1.0,,,,3.8528452353310976,,,,
8650,P35557,V,412,Q,NONSYN,0.31633139311143543,0.294899248770909,0.10916456167368148,-1.7866,100.0,2.0,6.0,0.0940776111640465,0.17810916757862302,0.9179838211849082,0.0941,0.17810916757862302,0.0940776111640465,0.17810916757862302,,0.17810916757862302,0.1259422001863355,0.3069,0.21282631735424878,0.40560993552207947,0.1128,0.1203,1.0,,,,3.8528452353310976,,,,
8651,P35557,V,412,*,STOP,,,,,100.0,2.0,6.0,0.5327690346893951,0.05,0.4893804881921452,0.5328,0.05,0.5327690346893951,0.05,,0.05,0.035355339059327376,,,,0.5328,0.0354,,,,,3.8528452353310976,H,415.0,,
8652,P35557,Y,413,S,NONSYN,0.38834274260646795,0.38768761036395133,0.0308654092894681,-1.5604666666666667,100.0,2.0,6.0,-0.26577945514908896,0.0631280824424898,0.9861691107021352,-0.2658,0.0631280824424898,-0.26577945514908896,0.0631280824424898,,0.0631280824424898,0.044638295178387966,0.3654,0.631158043587123,0.3810499310493469,-0.2572,0.0443,1.0,,,,2.5647322052107984,,,,
8653,P35557,Y,413,A,NONSYN,0.20972259918765807,-0.1603822021243516,0.04160046962664158,-1.7107666666666665,100.0,2.0,6.0,0.450798871331197,0.0852233058103841,0.606704383544225,0.4508,0.0852233058103841,0.450798871331197,0.0852233058103841,,0.0852233058103841,0.060261977453657495,0.0904,0.36042070608614085,0.27641618251800537,0.4344,0.0589,1.0,,,,2.5647322052107984,,,,
8654,P35557,Y,413,V,NONSYN,0.299959060462427,0.061434220072823266,0.023814356210043252,-1.5651000000000002,100.0,2.0,6.0,0.7129807157242951,0.104522980789881,0.2467673154771773,0.713,0.104522980789881,0.7129807157242951,0.104522980789881,,0.104522980789881,0.07390890850635609,0.1427,0.570288507434195,0.3156179189682007,0.6833,0.072,1.0,,,,2.5647322052107984,,,,
8655,P35557,Y,413,R,NONSYN,0.1371352939524294,0.09604631169266507,0.031410985992392164,-1.7367666666666663,100.0,2.0,6.0,-0.31848667011985304,0.14371532427623002,0.989288718464231,-0.3185,0.14371532427623002,-0.31848667011985304,0.14371532427623002,,0.14371532427623002,0.1016220803561459,0.1909,0.5093869660926771,0.33924850821495056,-0.2765,0.0973,1.0,,,,2.5647322052107984,,,,
8656,P35557,Y,413,D,NONSYN,0.2808273038865437,-0.012089993725896633,0.057560123914996895,-2.4846,100.0,2.0,6.0,-0.113441636156285,0.22352575580305603,0.9707204921468118,-0.1134,0.22352575580305603,-0.113441636156285,0.22352575580305603,,0.22352575580305603,0.15805657769818918,0.1067,0.2200981279127242,0.26694178581237793,-0.0563,0.136,1.0,,,,2.5647322052107984,,,,
8657,P35557,Y,413,F,NONSYN,0.4872780854634644,0.49568499914079406,0.030959988431915168,-0.06290000000000003,100.0,2.0,6.0,0.0835641210760264,0.0469309185846382,0.9221168517008307,0.0836,0.0469309185846382,0.0835641210760264,0.0469309185846382,,0.0469309185846382,0.033185170778511436,0.4288,0.34525666778429465,0.4095698893070221,0.0858,0.0331,1.0,,,,2.5647322052107984,,,,
8658,P35557,Y,413,T,NONSYN,0.3050153834687861,0.29681200283625503,0.031213718904729532,-1.5653333333333332,100.0,2.0,6.0,0.0068473674339998,0.0599662001650783,0.9467338663337393,0.0068,0.0599662001650783,0.0068473674339998,0.0599662001650783,,0.0599662001650783,0.04240250677871673,0.3107,0.303888513894583,0.3695279359817505,0.0108,0.0421,1.0,,,,2.5647322052107984,,,,
8659,P35557,Y,413,I,NONSYN,0.28896106325248155,0.033181006965131175,0.05804107203353045,-1.4040666666666668,100.0,2.0,6.0,0.541412018982706,0.0399775719083528,0.47673717205972005,0.5414,0.0399775719083528,0.541412018982706,0.0399775719083528,,0.0399775719083528,0.02826841219176909,0.1269,0.41446545049363126,0.2880533039569855,0.5375,0.0281,1.0,,,,2.5647322052107984,,,,
8660,P35557,Y,413,L,NONSYN,0.28126980143421565,0.24159208959068432,0.05431135776734652,-1.3954666666666666,100.0,2.0,6.0,-0.0838212288939535,0.09560842295804901,0.966077672349642,-0.0838,0.09560842295804901,-0.0838212288939535,0.09560842295804901,,0.09560842295804901,0.06760536421218805,0.2859,0.36975096836920374,0.3634738326072693,-0.0715,0.0665,0.9990000000000001,,,,2.5647322052107984,,,,
8661,P35557,Y,413,K,NONSYN,0.19614719212003395,0.04773167596912605,0.04224458121382537,-1.7127333333333334,100.0,2.0,6.0,-0.17354276294923598,0.0793152672271348,0.9782561221372474,-0.1735,0.0793152672271348,-0.17354276294923598,0.0793152672271348,,0.0793152672271348,0.05608436330793015,0.1173,0.29084705825067336,0.28304803371429443,-0.1626,0.055,1.0,,,,2.5647322052107984,,,,
8662,P35557,Y,413,G,NONSYN,0.19871662093811185,-0.0457326900210088,0.07403611604761871,-2.3432,100.0,2.0,6.0,-0.0125135472709485,0.10457795393775599,0.951624591592536,-0.0125,0.10457795393775599,-0.0125135472709485,0.10457795393775599,,0.10457795393775599,0.07394778039200166,0.1067,0.11917003902738771,0.2668485939502716,-0.004,0.0713,1.0,,,,2.5647322052107984,,,,
8663,P35557,Y,413,Y,SYN,,,,,100.0,2.0,6.0,2.15978638858223,0.05,1.5404804923116953e-05,2.1598,0.05,2.15978638858223,0.05,,0.05,0.035355339059327376,,,,2.1598,0.0354,,,,,2.5647322052107984,,,,
8664,P35557,Y,413,N,NONSYN,0.3952363274633001,-0.013743520579297341,0.04359409867069421,-1.7366333333333335,100.0,2.0,6.0,0.0108828266960342,0.0648519642701327,0.945654489396022,0.0109,0.0648519642701327,0.0108828266960342,0.0648519642701327,,0.0648519642701327,0.04585726370867852,0.1132,0.1022870222228806,0.28046679496765137,0.0135,0.0453,1.0,,,,2.5647322052107984,,,,
8665,P35557,Y,413,C,NONSYN,0.4586734907533599,0.09604631169266507,0.031410985992392164,-1.7367666666666668,100.0,2.0,6.0,0.0058763027868963,0.0627504343980101,0.9469904243966077,0.0059,0.0627504343980101,0.0058763027868963,0.0627504343980101,,0.0627504343980101,0.04437125768523453,0.1867,0.18084201209919684,0.32212695479393005,0.0092,0.044,1.0,,,,2.5647322052107984,,,,
8666,P35557,Y,413,P,NONSYN,0.23460250402828794,-0.0496058909187072,0.06093998665255415,-2.446166666666667,100.0,2.0,6.0,-0.0008939445778533,0.20677163625957298,0.9487455136174813,-0.0009,0.20677163625957298,-0.0008939445778533,0.20677163625957298,,0.20677163625957298,0.14620962615618227,0.1067,0.10755043633429251,0.26694178581237793,0.0239,0.1282,1.0,,,,2.5647322052107984,,,,
8667,P35557,Y,413,E,NONSYN,0.2834825200829025,-0.03615309264908067,0.07327872591305351,-2.2428666666666666,100.0,2.0,6.0,-0.0228624893288881,0.0771100743139817,0.9540532862205376,-0.0229,0.0771100743139817,-0.0228624893288881,0.0771100743139817,,0.0771100743139817,0.054525056445215075,0.1067,0.1295189810853273,0.2668485939502716,-0.0177,0.0534,1.0,,,,2.5647322052107984,,,,
8668,P35557,Y,413,M,NONSYN,0.28510862464089565,0.15134954266973533,0.032064304719237297,-1.5896,100.0,2.0,6.0,0.443234747933559,0.0512554792727064,0.61704256202346,0.4432,0.0512554792727064,0.443234747933559,0.0512554792727064,,0.0512554792727064,0.036243096966697225,0.2423,0.20088503389280277,0.35560452938079834,0.4412,0.0361,1.0,,,,2.5647322052107984,,,,
8669,P35557,Y,413,W,NONSYN,0.3374643971404331,0.2881761192082928,0.03071457789231531,0.17450000000000002,100.0,2.0,6.0,0.7060907608735301,0.04974888656060401,0.2546043180559223,0.7061,0.04974888656060401,0.7060907608735301,0.04974888656060401,,0.04974888656060401,0.03517777504348339,0.356,0.3501111394631602,0.372355580329895,0.703,0.035,1.0,,,,2.5647322052107984,,,,
8670,P35557,Y,413,H,NONSYN,0.37993420185509386,0.44368896697742083,0.018672125822116806,0.2750666666666666,100.0,2.0,6.0,0.23955221756614603,0.114805130272869,0.8354361315989516,0.2396,0.114805130272869,0.23955221756614603,0.114805130272869,,0.114805130272869,0.08117948613095065,0.3999,0.16035265938125692,0.46331265568733215,0.2443,0.08,1.0,,,,2.5647322052107984,,,,
8671,P35557,Y,413,Q,NONSYN,0.2421324616458889,0.30027517934077047,0.027250179358928126,-1.3627666666666667,100.0,2.0,6.0,-0.259870498144212,0.22106490918828897,0.9857650143628636,-0.2599,0.22106490918828897,-0.259870498144212,0.22106490918828897,,0.22106490918828897,0.15631649636942743,0.3107,0.5706063794727947,0.3695279359817505,-0.1733,0.144,1.0,,,,2.5647322052107984,,,,
8672,P35557,Y,413,*,STOP,,,,,100.0,2.0,6.0,-0.24216921361961302,0.05,0.9844799118061727,-0.2422,0.05,-0.24216921361961302,0.05,,0.05,0.035355339059327376,,,,-0.2422,0.0354,,,,,2.5647322052107984,,,,
8673,P35557,K,414,S,NONSYN,0.39799365034538775,1.5793093632900768,0.04428628234861238,-0.8266,100.0,2.0,6.0,1.4973119218601998,0.156649048570252,0.0019838788332279984,1.4973,0.156649048570252,1.4973119218601998,0.156649048570252,,0.156649048570252,0.11076760451044602,1.0524,0.4449034650578316,0.5098804831504822,1.4773,0.1082,1.0,,,,62.37130507835474,,,,
8674,P35557,K,414,A,NONSYN,0.4253782567817681,1.4142257998683752,0.03326700981795846,-0.8658,100.0,2.0,6.0,1.12976799626225,0.143332535814363,0.023182070606379262,1.1298,0.143332535814363,1.12976799626225,0.143332535814363,,0.143332535814363,0.10135140803899977,0.9911,0.1386793674933291,0.5077570676803589,1.1245,0.0994,1.0,,,,62.37130507835474,,,,
8675,P35557,K,414,V,NONSYN,0.4018371367991864,1.4367663900451042,0.11730936129000807,-1.8981333333333332,100.0,2.0,6.0,1.8943882980430702,0.0455460507606458,0.00011465335876774666,1.8944,0.0455460507606458,1.8943882980430702,0.0455460507606458,,0.0455460507606458,0.03220592134911936,1.0064,0.8879467048729042,0.5523111820220947,1.8914,0.0322,0.9990000000000001,,,,62.37130507835474,,,,
8676,P35557,K,414,R,NONSYN,0.4425642104838123,1.0056400967888768,0.07205346009995918,0.014233333333333356,100.0,2.0,6.0,1.75010863671034,0.301616759380014,0.00033001365941675095,1.7501,0.301616759380014,1.75010863671034,0.301616759380014,,0.301616759380014,0.2132752558771191,0.824,0.926116503569776,0.3997742831707001,1.5449,0.1882,0.9990000000000001,,,,62.37130507835474,,,,
8677,P35557,K,414,D,NONSYN,0.3868073539125079,1.5793093632900765,0.04428628234861238,-0.8266,100.0,2.0,6.0,0.634517305997146,0.0718453916850897,0.34434573722557954,0.6345,0.0718453916850897,0.634517305997146,0.0718453916850897,,0.0718453916850897,0.05080236365753052,1.0524,0.4178911508052222,0.5098804831504822,0.6386,0.0506,1.0,,,,62.37130507835474,,,,
8678,P35557,K,414,F,NONSYN,0.39391394066408775,1.8368142839413801,0.11679970410170203,-1.9194666666666667,100.0,2.0,6.0,0.26407619986013303,0.118421122806265,0.8159265851543809,0.2641,0.118421122806265,0.26407619986013303,0.118421122806265,,0.118421122806265,0.0837363789720349,1.2002,0.9361420008234607,0.6245512962341309,0.2806,0.083,1.0,,,,62.37130507835474,,,,
8679,P35557,K,414,T,NONSYN,0.4423640368257771,1.0227543627216853,0.03939460449464136,-0.8377,100.0,2.0,6.0,2.30418230770232,0.111936943159425,4.9962980819282855e-06,2.3042,0.111936943159425,2.30418230770232,0.111936943159425,,0.111936943159425,0.07915137157332254,0.8086,1.4955430197537116,0.4195943772792816,2.2528,0.0778,1.0,,,,62.37130507835474,,,,
8680,P35557,K,414,I,NONSYN,0.4603939774498695,1.4235134981433177,0.042390376757039654,-1.9278666666666666,100.0,2.0,6.0,1.50397855725432,0.476694499009839,0.0018940873997520678,1.504,0.476694499009839,1.50397855725432,0.476694499009839,,0.476694499009839,0.3370739128041811,1.0064,0.49753696408415404,0.5025209784507751,1.3496,0.2799,0.9990000000000001,,,,62.37130507835474,,,,
8681,P35557,K,414,L,NONSYN,0.4356747906628182,1.3642038238838776,0.11390400624367504,-1.8765,100.0,2.0,6.0,2.11207599652675,0.127463672010028,2.2230646432450587e-05,2.1121,0.127463672010028,2.11207599652675,0.127463672010028,,0.127463672010028,0.09013042683322874,1.0064,1.105634403356584,0.543480634689331,2.0825,0.0889,0.9990000000000001,,,,62.37130507835474,,,,
8682,P35557,K,414,K,SYN,,,,,100.0,2.0,6.0,1.9862509230247098,0.05,5.775964587436046e-05,1.9863,0.05,1.9862509230247098,0.05,,0.05,0.035355339059327376,,,,1.9863,0.0354,,,,,62.37130507835474,,,,
8683,P35557,K,414,G,NONSYN,0.3929842999811576,1.5960522407269977,0.033468343117137936,-1.5884666666666665,100.0,2.0,6.0,0.8420882064108671,0.11929754705047099,0.12922636173749522,0.8421,0.11929754705047099,0.8420882064108671,0.11929754705047099,,0.11929754705047099,0.08435610449830924,1.0524,0.21032025039150104,0.5030064582824707,0.8478,0.0832,1.0,,,,62.37130507835474,,,,
8684,P35557,K,414,Y,NONSYN,0.3944793974738757,1.6161841669935626,0.04252668126824138,-1.7455,100.0,2.0,6.0,0.6942446163542428,0.0649778374858094,0.2684316486377945,0.6942,0.0649778374858094,0.6942446163542428,0.0649778374858094,,0.0649778374858094,0.04594626951305327,1.1421,0.44784284320996615,0.6117741465568542,0.6968,0.0458,1.0,,,,62.37130507835474,,,,
8685,P35557,K,414,N,NONSYN,0.4560364383708069,1.1708664060657699,0.05710235012178073,-0.5051666666666667,100.0,2.0,6.0,1.04527911441012,0.11710429520604501,0.03944012641396263,1.0453,0.11710429520604501,1.04527911441012,0.11710429520604501,,0.11710429520604501,0.08280524124626573,0.8813,0.1639406372754153,0.4084354341030121,1.0388,0.0812,1.0,,,,62.37130507835474,,,,
8686,P35557,K,414,C,NONSYN,0.4535515939759026,0.7891526647866627,0.11695819988860638,-2.2871333333333332,100.0,2.0,6.0,1.92283573185589,0.0420775462408038,9.28170517502424e-05,1.9228,0.0420775462408038,1.92283573185589,0.0420775462408038,,0.0420775462408038,0.029753318282562887,0.731,1.1918071154275147,0.4653068780899048,1.918,0.0297,1.0,,,,62.37130507835474,,,,
8687,P35557,K,414,P,NONSYN,0.27870648767165224,1.712741140494382,0.0418711099580561,-0.9779666666666667,100.0,2.0,6.0,0.21899983983010798,0.183400438866827,0.8504099270473642,0.219,0.183400438866827,0.21899983983010798,0.183400438866827,,0.183400438866827,0.1296836939953222,1.1799,0.9608949651244209,0.6403388381004333,0.2569,0.1271,1.0,,,,62.37130507835474,,,,
8688,P35557,K,414,E,NONSYN,0.4020218445230145,1.2095709707173234,0.07615060869091139,-0.16533333333333333,100.0,2.0,6.0,0.88551930007486,0.116657922014782,0.10169868969054605,0.8855,0.116657922014782,0.88551930007486,0.116657922014782,,0.116657922014782,0.08248960773578377,0.9901,0.10455569210501059,0.4610327184200287,0.8888,0.0812,0.9990000000000001,,,,62.37130507835474,,,,
8689,P35557,K,414,M,NONSYN,0.43998119930382734,1.052566484509858,0.05339962574088836,-0.9419333333333334,100.0,2.0,6.0,2.19952380778368,0.11775303704742801,1.1327037885687592e-05,2.1995,0.11775303704742801,2.19952380778368,0.11775303704742801,,0.11775303704742801,0.0832639710015471,0.7846,1.4149662864404489,0.4209258556365967,2.1462,0.0817,1.0,,,,62.37130507835474,,,,
8690,P35557,K,414,W,NONSYN,0.4169292295856069,1.2302968296567809,0.11619708535515205,-2.216833333333333,100.0,2.0,6.0,0.599403237245535,0.0704610649107708,0.39291736759926077,0.5994,0.0704610649107708,0.599403237245535,0.0704610649107708,,0.0704610649107708,0.049823496808031525,0.9796,0.3802103053112277,0.48982706665992737,0.6033,0.0496,1.0,,,,62.37130507835474,,,,
8691,P35557,K,414,H,NONSYN,0.4436698866414692,1.3561558699872387,0.046089198164016666,-0.8412999999999999,100.0,2.0,6.0,1.30397778590566,0.0472107128716174,0.007413351043089108,1.304,0.0472107128716174,1.30397778590566,0.0472107128716174,,0.0472107128716174,0.03338301521617169,0.9911,0.31288915713673915,0.5142805576324463,1.3027,0.0333,1.0,,,,62.37130507835474,,,,
8692,P35557,K,414,Q,NONSYN,0.4867518824335938,1.2269690170651066,0.08106758369252874,0.19553333333333334,100.0,2.0,6.0,1.08612187588165,0.257153909747186,0.030569311396659665,1.0861,0.257153909747186,1.08612187588165,0.257153909747186,,0.257153909747186,0.18183527339086863,0.9765,0.10963125908324911,0.42883098125457764,1.0694,0.1674,1.0,,,,62.37130507835474,,,,
8693,P35557,K,414,*,STOP,,,,,,,,,,,,,,,,,,,,,,,,,,,62.37130507835474,,,,
8694,P35557,L,415,S,NONSYN,0.3696688568840947,0.732173509383399,0.032034567811316784,-1.8501333333333332,100.0,2.0,6.0,0.535973580528644,0.113309826022538,0.4846927868001962,0.536,0.113309826022538,0.535973580528644,0.113309826022538,,0.113309826022538,0.08012214635560454,0.7223,0.18629875595435774,0.41617321968078613,0.5426,0.0787,1.0,,,,129.7376272281902,,,,
8695,P35557,L,415,A,NONSYN,0.2800117097075371,0.8941192021118992,0.0408447189685154,-1.3620666666666665,100.0,2.0,6.0,0.8658647764029509,0.0824010055256794,0.1134745479022564,0.8659,0.0824010055256794,0.8658647764029509,0.0824010055256794,,0.0824010055256794,0.05826630978379808,0.7827,0.08315362814092697,0.41897323727607727,0.8643,0.0577,1.0,,,,129.7376272281902,,,,
8696,P35557,L,415,V,NONSYN,0.45006845647116095,0.5858605365801527,0.22811858287373776,0.4434,100.0,2.0,6.0,0.4521545736022029,0.17543898489815696,0.6048393976777809,0.4522,0.17543898489815696,0.4521545736022029,0.17543898489815696,,0.17543898489815696,0.12405409590597108,0.7139,0.2617494495682683,0.5486884713172913,0.4649,0.121,0.9840000000000001,,,,129.7376272281902,,,,
8697,P35557,L,415,R,NONSYN,0.2792328090176149,0.7079753477697409,0.03687389998186435,-1.8351333333333333,100.0,2.0,6.0,0.6085680653696179,0.0826839724674229,0.38002115347762266,0.6086,0.0826839724674229,0.6085680653696179,0.0826839724674229,,0.0826839724674229,0.05846639762715652,0.6726,0.06402248839091063,0.41617321968078613,0.6098,0.0579,1.0,,,,129.7376272281902,,,,
8698,P35557,L,415,D,NONSYN,0.15709418040401155,0.2515610171486892,0.09109312578686764,-2.512333333333333,100.0,2.0,6.0,-0.116749280693815,0.136074153537828,0.971197275337362,-0.1167,0.136074153537828,-0.116749280693815,0.136074153537828,,0.136074153537828,0.09621895671081761,0.2639,0.3806806147125223,0.3744969367980957,-0.0932,0.0932,1.0,,,,129.7376272281902,,,,
8699,P35557,L,415,F,NONSYN,0.463424518412456,0.3774203383915304,0.22688270631339377,0.48950000000000005,100.0,2.0,6.0,1.07747516816807,0.20223920275328403,0.03227463661315493,1.0775,0.20223920275328403,1.07747516816807,0.20223920275328403,,0.20223920275328403,0.1430047116886082,0.4251,0.6523347277040503,0.5509095788002014,1.0363,0.1384,1.0,,,,129.7376272281902,,,,
8700,P35557,L,415,T,NONSYN,0.3205067496312658,1.143956389272877,0.024997319678696464,-1.3817666666666666,100.0,2.0,6.0,0.116353214920018,0.159911153734216,0.9085263276526894,0.1164,0.159911153734216,0.116353214920018,0.159911153734216,,0.159911153734216,0.11307426119282862,0.8492,0.7328568089599868,0.41389238834381104,0.1673,0.1091,1.0,,,,129.7376272281902,,,,
8701,P35557,L,415,I,NONSYN,0.3599458773266949,0.5566444282353883,0.23087068246416984,0.27723333333333333,100.0,2.0,6.0,0.5398028986364961,0.0896745358360498,0.4790909049205987,0.5398,0.0896745358360498,0.5398028986364961,0.0896745358360498,,0.0896745358360498,0.06340947238942687,0.6682,0.12843454910215135,0.5539047718048096,0.5415,0.063,0.993,,,,129.7376272281902,,,,
8702,P35557,L,415,L,SYN,,,,,100.0,2.0,6.0,1.2021539716996201,0.05,0.014527471534222675,1.2022,0.05,1.2021539716996201,0.05,,0.05,0.035355339059327376,,,,1.2022,0.0354,,,,,129.7376272281902,,,,
8703,P35557,L,415,K,NONSYN,0.16637828819819184,0.8452502557654773,0.03402462189713322,-1.8327,100.0,2.0,6.0,0.196743341382409,0.102336758724944,0.8652762511512864,0.1967,0.102336758724944,0.196743341382409,0.102336758724944,,0.102336758724944,0.07236301605905948,0.7974,0.6007027903238288,0.4171938896179199,0.2143,0.0713,0.998,,,,129.7376272281902,,,,
8704,P35557,L,415,G,NONSYN,0.3375782897720982,0.04049046658946987,0.09153789826849174,-2.5354666666666663,100.0,2.0,6.0,0.516462370983843,0.13059115089777198,0.513200386823134,0.5165,0.13059115089777198,0.516462370983843,0.13059115089777198,,0.13059115089777198,0.09234188836277026,0.1146,0.4019078167598287,0.29584723711013794,0.4808,0.0881,1.0,,,,129.7376272281902,,,,
8705,P35557,L,415,Y,NONSYN,0.3932294491632085,0.7806915198219796,0.0434994187185443,-1.3710666666666667,100.0,2.0,6.0,1.20614782327271,0.0525316591154964,0.014153675966227299,1.2061,0.0525316591154964,1.20614782327271,0.0525316591154964,,0.0525316591154964,0.037145492387547614,0.7439,0.4621999596939137,0.42365768551826477,1.2026,0.037,0.9990000000000001,,,,129.7376272281902,,,,
8706,P35557,L,415,N,NONSYN,0.1790631080953343,0.4182727577753915,0.07035134929700354,-2.4369,100.0,2.0,6.0,0.23049066124502302,0.310907024739287,0.8421893654889208,0.2305,0.310907024739287,0.23049066124502302,0.310907024739287,,0.310907024739287,0.21984446551168352,0.3678,0.13727655353006243,0.3671170473098755,0.2667,0.1886,1.0,,,,129.7376272281902,,,,
8707,P35557,L,415,C,NONSYN,0.3444819501115762,1.0050803491595877,0.0493293741931927,-1.3948999999999998,100.0,2.0,6.0,1.35985656814297,0.0412078502117164,0.005090795933346239,1.3599,0.0412078502117164,1.35985656814297,0.0412078502117164,,0.0412078502117164,0.02913835032282417,0.8086,0.5512172801943616,0.4204462170600891,1.3572,0.0291,1.0,,,,129.7376272281902,,,,
8708,P35557,L,415,P,NONSYN,0.3101239067988947,0.26811903983608887,0.09706423882843081,-2.2839666666666667,100.0,2.0,6.0,0.73062588312513,0.190755246620899,0.22740355428896336,0.7306,0.190755246620899,0.73062588312513,0.190755246620899,,0.190755246620899,0.1348843284325499,0.2891,0.44153828956967955,0.37904900312423706,0.681,0.1271,1.0,,,,129.7376272281902,,,,
8709,P35557,L,415,E,NONSYN,0.22335052551716408,0.49252630511799866,0.09131897418707689,-2.4328000000000003,100.0,2.0,6.0,0.0077300192172016,0.188801508087614,0.9464996035391656,0.0077,0.188801508087614,0.0077300192172016,0.188801508087614,,0.188801508087614,0.13350282666699864,0.4288,0.4210907696431194,0.42435720562934875,0.0457,0.1273,1.0,,,,129.7376272281902,,,,
8710,P35557,L,415,M,NONSYN,0.4855550162170784,0.6898108801355898,0.06655033806149657,0.15566666666666665,100.0,2.0,6.0,0.14030354293589198,0.9422013393293961,0.8972158302190032,0.1403,0.9422013393293961,0.14030354293589198,0.9422013393293961,,0.9422013393293961,0.6662369562828633,0.7249,0.584642598307089,0.40298572182655334,0.5683,0.3448,0.9840000000000001,,,,129.7376272281902,,,,
8711,P35557,L,415,W,NONSYN,0.28885364138641745,0.44709499576022366,0.04092579203236754,-1.8677333333333335,100.0,2.0,6.0,1.39120912139817,0.034093872442426,0.004115073281254083,1.3912,0.034093872442426,1.39120912139817,0.034093872442426,,0.034093872442426,0.024108008400948584,0.4047,0.9865122396270825,0.403612345457077,1.3877,0.0241,1.0,,,,129.7376272281902,,,,
8712,P35557,L,415,H,NONSYN,0.29725486605293433,0.511979096625719,0.054618380912331115,-1.9786333333333335,100.0,2.0,6.0,0.5661364390460419,0.193073065909709,0.4406717489338629,0.5661,0.193073065909709,0.5661364390460419,0.193073065909709,,0.193073065909709,0.13652327416923246,0.5209,0.04525448819078681,0.41313886642456055,0.5617,0.1296,1.0,,,,129.7376272281902,,,,
8713,P35557,L,415,Q,NONSYN,0.3225298006389851,1.2056434886480303,0.02315455890896208,-1.5422,100.0,2.0,6.0,0.943228447803102,0.18507152111599104,0.0730002629546038,0.9432,0.18507152111599104,0.943228447803102,0.18507152111599104,,0.18507152111599104,0.13086532758562658,0.9747,0.03149369918481304,0.45048511028289795,0.9457,0.1257,1.0,,,,129.7376272281902,,,,
8714,P35557,L,415,*,STOP,,,,,100.0,2.0,6.0,-0.651148118471922,0.05,0.997729617283476,-0.6511,0.05,-0.651148118471922,0.05,,0.05,0.035355339059327376,,,,-0.6511,0.0354,,,,,129.7376272281902,,,,
8715,P35557,H,416,S,NONSYN,0.4274947371973565,0.4181280211498853,0.3029459730130338,-0.8565666666666667,100.0,2.0,6.0,0.506964057144637,0.212501824580312,0.5270193920235625,0.507,0.212501824580312,0.506964057144637,0.212501824580312,,0.212501824580312,0.15026148117525276,0.4096,0.09733566587876785,0.48453307151794434,0.4984,0.1435,1.0,,,,6.182383058163983,,,,
8716,P35557,H,416,A,NONSYN,0.3450641386058211,1.2720955711747235,0.07566500427682799,-1.3736666666666668,100.0,2.0,6.0,1.36654946793396,0.18154638494380898,0.004865278295495861,1.3665,0.18154638494380898,1.36654946793396,0.18154638494380898,,0.18154638494380898,0.12837267989367065,0.9822,0.3843609451182557,0.45730146765708923,1.3385,0.1236,1.0,,,,6.182383058163983,,,,
8717,P35557,H,416,V,NONSYN,0.3100277196420108,0.4846356183831399,0.06890896934387931,-2.3561,100.0,2.0,6.0,0.511239835575552,0.129377860158871,0.5208056442625928,0.5112,0.129377860158871,0.511239835575552,0.129377860158871,,0.129377860158871,0.09148396225374254,0.424,0.087211081341238,0.3911169767379761,0.5067,0.0891,1.0,,,,6.182383058163983,,,,
8718,P35557,H,416,R,NONSYN,0.40896647076546666,0.37758105826828064,0.3345990981449496,-0.5006666666666667,100.0,2.0,6.0,0.26723855551326897,0.157081102838548,0.8132770138813069,0.2672,0.157081102838548,0.26723855551326897,0.157081102838548,,0.157081102838548,0.11107311301339873,0.4251,0.1579018849507508,0.4847877323627472,0.2751,0.1083,1.0,,,,6.182383058163983,,,,
8719,P35557,H,416,D,NONSYN,0.31424584995616583,0.9099993439221591,0.07201903232785087,-1.1517666666666666,100.0,2.0,6.0,0.6892863099269,1.05167913474566,0.27434884474645027,0.6893,1.05167913474566,0.6892863099269,1.05167913474566,,1.05167913474566,0.743649447811057,0.7827,0.09342483833512394,0.4209258556365967,0.76,0.3663,1.0,,,,6.182383058163983,,,,
8720,P35557,H,416,F,NONSYN,0.4107279990990593,1.0880537388607368,0.2558408448534318,-1.2622333333333333,100.0,2.0,6.0,1.01470853590049,0.0949248286476441,0.04758903157427696,1.0147,0.0949248286476441,1.01470853590049,0.0949248286476441,,0.0949248286476441,0.06712199003972019,0.8403,0.17439748548545086,0.7071914076805115,1.0132,0.0668,1.0,,,,6.182383058163983,,,,
8721,P35557,H,416,T,NONSYN,0.34470915542349684,1.0235147712537833,0.25254249537226736,-1.2422333333333333,100.0,2.0,6.0,1.2083254387213502,0.19797370979545298,0.01395377116835574,1.2083,0.19797370979545298,1.2083254387213502,0.19797370979545298,,0.19797370979545298,0.13998855269302243,0.8308,0.37753497861163954,0.7071914076805115,1.1941,0.1373,1.0,,,,6.182383058163983,,,,
8722,P35557,H,416,I,NONSYN,0.4064210844894963,0.5242166411183709,0.06954925787828771,-2.3591,100.0,2.0,6.0,0.392496767369859,0.12305638066496499,0.682944200991175,0.3925,0.12305638066496499,0.392496767369859,0.12305638066496499,,0.12305638066496499,0.08701400123646989,0.5659,0.173418280752547,0.4081515967845917,0.4,0.0851,1.0,,,,6.182383058163983,,,,
8723,P35557,H,416,L,NONSYN,0.37474439086043504,0.25848359411895333,0.06105140947839016,-2.1879333333333335,100.0,2.0,6.0,1.12157814973236,0.22133982584949802,0.024424866093321087,1.1216,0.22133982584949802,1.12157814973236,0.22133982584949802,,0.22133982584949802,0.15651089180482952,0.2875,0.8341092991197196,0.3444974422454834,0.9789,0.1425,1.0,,,,6.182383058163983,,,,
8724,P35557,H,416,K,NONSYN,0.3667056690225641,0.47272642100023865,0.2791639614785115,-0.8806333333333333,100.0,2.0,6.0,0.34316885759357696,0.542535195748483,0.7401530050017979,0.3432,0.542535195748483,0.34316885759357696,0.542535195748483,,0.542535195748483,0.38363031594612323,0.446,0.10287722657199616,0.5125751495361328,0.3801,0.3071,1.0,,,,6.182383058163983,,,,
8725,P35557,H,416,G,NONSYN,0.2666216007931661,0.5136779181716773,0.10095510432790145,-1.8095333333333334,100.0,2.0,6.0,-0.128285820588551,0.187641784434374,0.972799359370232,-0.1283,0.187641784434374,-0.128285820588551,0.187641784434374,,0.187641784434374,0.1326827782074902,0.5161,0.644375736817799,0.46029213070869446,-0.0789,0.1275,1.0,,,,6.182383058163983,,,,
8726,P35557,H,416,Y,NONSYN,0.3971056557325536,0.35227095757484467,0.3114079185170843,-0.33126666666666665,100.0,2.0,6.0,0.485752266326202,0.149237947766306,0.5576084085334343,0.4858,0.149237947766306,0.485752266326202,0.149237947766306,,0.149237947766306,0.10552716487591873,0.417,0.06874300209547385,0.5109926462173462,0.4829,0.1033,1.0,,,,6.182383058163983,,,,
8727,P35557,H,416,N,NONSYN,0.4170819178402928,0.32497323925621663,0.12878615414793818,-0.18910000000000002,100.0,2.0,6.0,0.5676454212820861,1.2121362517977,0.438481294063459,0.5676,1.2121362517977,0.5676454212820861,1.2121362517977,,1.2121362517977,0.857109763368198,0.3654,0.2022191193259093,0.429382860660553,0.406,0.3839,1.0,,,,6.182383058163983,,,,
8728,P35557,H,416,C,NONSYN,0.3215631552657849,0.6751049175592571,0.06702935593567909,-2.231333333333333,100.0,2.0,6.0,-0.0601680619527993,0.146074767428176,0.9618409940899618,-0.0602,0.146074767428176,-0.0601680619527993,0.146074767428176,,0.146074767428176,0.10329045860871106,0.6699,0.7300729496290383,0.4036778211593628,-0.0153,0.1001,1.0,,,,6.182383058163983,,,,
8729,P35557,H,416,P,NONSYN,0.3372425756544121,0.5665552191489086,0.07315403204802733,-1.7345333333333333,100.0,2.0,6.0,0.18475686564972502,0.35804308668653295,0.8727275578330331,0.1848,0.35804308668653295,0.18475686564972502,0.35804308668653295,,0.35804308668653295,0.2531746945530103,0.5918,0.4070205186314334,0.44028183817863464,0.2859,0.2195,1.0,,,,6.182383058163983,,,,
8730,P35557,H,416,E,NONSYN,0.22798112642128554,0.37245715675049434,0.1422392227795564,-0.7021666666666667,100.0,2.0,6.0,0.22192889592917897,0.5015967355171121,0.8483504413844352,0.2219,0.5015967355171121,0.22192889592917897,0.5015967355171121,,0.5015967355171121,0.35468245310518515,0.3702,0.14826071121422313,0.43594303727149963,0.281,0.2751,1.0,,,,6.182383058163983,,,,
8731,P35557,H,416,M,NONSYN,0.34585524966568515,0.5953350242388774,0.09644300763678283,-1.5882666666666667,100.0,2.0,6.0,1.59325273890233,0.23419897274724397,0.00101336521388459,1.5933,0.23419897274724397,1.59325273890233,0.23419897274724397,,0.23419897274724397,0.16560368177649964,0.6439,0.9493153895828721,0.4672771394252777,1.4873,0.1561,1.0,,,,6.182383058163983,,,,
8732,P35557,H,416,W,NONSYN,0.3935142425056496,0.5499079279878346,0.11011444804424585,-1.7288,100.0,2.0,6.0,0.234698739132947,0.0791746498970989,0.8390832486179584,0.2347,0.0791746498970989,0.234698739132947,0.0791746498970989,,0.0791746498970989,0.055984931840309414,0.5578,0.32309064618580907,0.480436772108078,0.239,0.0556,1.0,,,,6.182383058163983,,,,
8733,P35557,H,416,H,SYN,,,,,100.0,2.0,6.0,0.9022907217638199,0.05,0.09249092654716307,0.9023,0.05,0.9022907217638199,0.05,,0.05,0.035355339059327376,,,,0.9023,0.0354,,,,,6.182383058163983,,,,
8734,P35557,H,416,Q,NONSYN,0.3372315255555827,0.440212081040519,0.2902317781479571,0.006400000000000017,,,,,,,,,,,,,,0.4458,,0.47519591450691223,0.4458,0.4752,1.0,,,,6.182383058163983,,,,
8735,P35557,H,416,*,STOP,,,,,100.0,2.0,6.0,-0.173052887330069,0.05,0.97820348517619,-0.1731,0.05,-0.173052887330069,0.05,,0.05,0.035355339059327376,,,,-0.1731,0.0354,,,,,6.182383058163983,C,416.0,,
8736,P35557,P,417,S,NONSYN,0.4256921542014803,1.0190720642370743,0.06645274193247729,-1.0001,100.0,2.0,6.0,1.20389864686128,0.127089619680644,0.014363032664842172,1.2039,0.127089619680644,1.20389864686128,0.127089619680644,,0.127089619680644,0.08986593189460268,0.8086,0.3952593589126716,0.4209258556365967,1.1867,0.0879,1.0,,,,53.944730152036044,,,,
8737,P35557,P,417,A,NONSYN,0.4817034186214992,1.0263473490239177,0.04224930149384868,-1.0804,100.0,2.0,6.0,1.18207279250075,0.252010145105002,0.01655483313287789,1.1821,0.252010145105002,1.18207279250075,0.252010145105002,,0.252010145105002,0.17819808253155275,0.8086,0.3734335045521415,0.41897323727607727,1.1249,0.164,1.0,,,,53.944730152036044,,,,
8738,P35557,P,417,V,NONSYN,0.4383577870550538,1.2029605302937127,0.08013615678806339,-1.8745,100.0,2.0,6.0,1.5435544336915001,0.22053313655370604,0.0014371445364112347,1.5436,0.22053313655370604,1.5435544336915001,0.22053313655370604,,0.22053313655370604,0.15594047633346442,0.9747,0.5688322867035851,0.4622053802013397,1.4854,0.1478,1.0,,,,53.944730152036044,,,,
8739,P35557,P,417,R,NONSYN,0.33291698217037546,1.0152685462494484,0.036386125315656555,-1.6794333333333331,100.0,2.0,6.0,1.10617141196124,0.0763113924538034,0.026935704206900387,1.1062,0.0763113924538034,1.10617141196124,0.0763113924538034,,0.0763113924538034,0.05396030308587231,0.8086,0.2975321240126316,0.4204462170600891,1.1014,0.0535,1.0,,,,53.944730152036044,,,,
8740,P35557,P,417,D,NONSYN,0.13167158673135695,1.10470894081096,0.031988370336649384,-1.6679666666666666,100.0,2.0,6.0,0.837850228276705,0.105999649219679,0.13221440632603254,0.8379,0.105999649219679,0.837850228276705,0.105999649219679,,0.105999649219679,0.07495307076663034,0.8258,0.012010470357393443,0.4166427254676819,0.8375,0.0738,1.0,,,,53.944730152036044,,,,
8741,P35557,P,417,F,NONSYN,0.305723171027891,1.1746116645183167,0.12485842107158214,-2.4105666666666665,100.0,2.0,6.0,0.6851808897576172,0.0965528610621578,0.27930485835212093,0.6852,0.0965528610621578,0.6851808897576172,0.0965528610621578,,0.0965528610621578,0.06827318280001433,0.8965,0.21128023943092045,0.46618905663490295,0.6896,0.0676,1.0,,,,53.944730152036044,,,,
8742,P35557,P,417,T,NONSYN,0.3905683468454612,0.7850632447764111,0.042084010050627806,-1.1884333333333332,100.0,2.0,6.0,0.5917368733934499,0.221172748688247,0.40380399539572054,0.5917,0.221172748688247,0.5917368733934499,0.221172748688247,,0.221172748688247,0.15639275041112752,0.731,0.1392917430349253,0.42218467593193054,0.6085,0.1467,1.0,,,,53.944730152036044,,,,
8743,P35557,P,417,I,NONSYN,0.29395116310669084,0.9638825071502609,0.052139465169788096,-2.2228666666666665,100.0,2.0,6.0,1.14786380255845,0.49267649743706204,0.020645543570406145,1.1479,0.49267649743706204,1.14786380255845,0.49267649743706204,,0.49267649743706204,0.34837489226898327,0.7995,0.3483446213069241,0.4315234422683716,1.0104,0.2711,1.0,,,,53.944730152036044,,,,
8744,P35557,P,417,L,NONSYN,0.3804758514067072,1.131497313563056,0.13159988569907527,-2.067833333333333,100.0,2.0,6.0,0.9454989267101851,0.15925689324105802,0.07203447167020748,0.9455,0.15925689324105802,0.9454989267101851,0.15925689324105802,,0.15925689324105802,0.11261162916145416,0.8492,0.09628890283018021,0.4797704219818115,0.9405,0.1096,1.0,,,,53.944730152036044,,,,
8745,P35557,P,417,K,NONSYN,0.2878654235137882,0.7435662552924277,0.04925788627952263,-1.1502000000000001,100.0,2.0,6.0,1.32838961531323,0.0660061601097956,0.006294212687906948,1.3284,0.0660061601097956,1.32838961531323,0.0660061601097956,,0.0660061601097956,0.046673403413721455,0.731,0.5973609988848547,0.42218467593193054,1.3212,0.0464,1.0,,,,53.944730152036044,,,,
8746,P35557,P,417,G,NONSYN,0.4312798460663611,1.2123057209867116,0.13264986356944458,-2.113766666666667,100.0,2.0,6.0,0.703073704439218,0.14271840471049,0.25808395832949615,0.7031,0.14271840471049,0.703073704439218,0.14271840471049,,0.14271840471049,0.10091715177091358,0.9747,0.271648442548697,0.5277345180511475,0.7127,0.0991,1.0,,,,53.944730152036044,,,,
8747,P35557,P,417,Y,NONSYN,0.20942896620986876,0.9886469976703958,0.12621269146971592,-2.4152666666666667,100.0,2.0,6.0,1.24307489030138,0.0565873468148744,0.011108075551080997,1.2431,0.0565873468148744,1.24307489030138,0.0565873468148744,,0.0565873468148744,0.04001329666215267,0.8086,0.43443560235277157,0.47576770186424255,1.24,0.0399,1.0,,,,53.944730152036044,,,,
8748,P35557,P,417,N,NONSYN,0.21903311575636186,1.2505032813877133,0.05832382816000511,-1.8017666666666665,100.0,2.0,6.0,1.73588229789902,0.297087928360851,0.00036579530315224623,1.7359,0.297087928360851,1.73588229789902,0.297087928360851,,0.297087928360851,0.21007288875262098,0.9822,0.7536937750833157,0.45404914021492004,1.603,0.1907,1.0,,,,53.944730152036044,,,,
8749,P35557,P,417,C,NONSYN,0.4219649037795377,0.8559060082723428,0.030929753598618475,-2.593,100.0,2.0,6.0,1.13289630069512,0.18622834552880202,0.022723382117541262,1.1329,0.18622834552880202,1.13289630069512,0.18622834552880202,,0.18622834552880202,0.13168332597256738,0.7769,0.35597300185936565,0.4039684534072876,1.0987,0.1252,1.0,,,,53.944730152036044,,,,
8750,P35557,P,417,P,SYN,,,,,100.0,2.0,6.0,2.31800369720334,0.05,4.4802014040720515e-06,2.318,0.05,2.31800369720334,0.05,,0.05,0.035355339059327376,,,,2.318,0.0354,,,,,53.944730152036044,,,,
8751,P35557,P,417,E,NONSYN,0.187686271514566,0.822293424534641,0.06004427806612104,-1.1939,100.0,2.0,6.0,0.48004633411876,0.126098608575149,0.5657508435441579,0.48,0.126098608575149,0.48004633411876,0.126098608575149,,0.126098608575149,0.089165181221676,0.7613,0.2812444545317527,0.42413729429244995,0.4919,0.0873,1.0,,,,53.944730152036044,,,,
8752,P35557,P,417,M,NONSYN,0.2411349625055221,1.2039207827014884,0.07642340182302072,-1.6978,100.0,2.0,6.0,1.1699255885428999,0.0834427050427423,0.01790972594196609,1.1699,0.0834427050427423,1.1699255885428999,0.0834427050427423,,0.0834427050427423,0.059002902576272005,0.9747,0.1952034415549848,0.46993058919906616,1.1669,0.0585,1.0,,,,53.944730152036044,,,,
8753,P35557,P,417,W,NONSYN,0.30546275679376184,1.020384026918039,0.05121066483828784,-2.4996333333333336,100.0,2.0,6.0,0.639462244758031,0.0685208803157645,0.3377086180055623,0.6395,0.0685208803157645,0.639462244758031,0.0685208803157645,,0.0685208803157645,0.0484515791241489,0.8086,0.16917704319057736,0.4007655382156372,0.6419,0.0481,1.0,,,,53.944730152036044,,,,
8754,P35557,P,417,H,NONSYN,0.3015928613207122,1.037982409593615,0.036531599166401654,-1.6375666666666666,100.0,2.0,6.0,1.03802982192874,0.0750499261772778,0.041246111311961264,1.038,0.0750499261772778,1.03802982192874,0.0750499261772778,,0.0750499261772778,0.05306831172750292,0.8086,0.22939053398013165,0.4204462170600891,1.0344,0.0527,1.0,,,,53.944730152036044,,,,
8755,P35557,P,417,Q,NONSYN,0.32572451857320683,0.8000576076084801,0.061992408594091886,-1.2209666666666668,100.0,2.0,6.0,0.546753784897243,0.107802959040629,0.46892622057137295,0.5468,0.107802959040629,0.546753784897243,0.107802959040629,,0.107802959040629,0.0762282033696044,0.731,0.18427483153113222,0.42413729429244995,0.5525,0.075,1.0,,,,53.944730152036044,,,,
8756,P35557,P,417,*,STOP,,,,,100.0,2.0,6.0,-0.0001943140910129,0.05,0.9485668406706868,-0.0002,0.05,-0.0001943140910129,0.05,,0.05,0.035355339059327376,,,,-0.0002,0.0354,,,,,53.944730152036044,H,430.0,,
8757,P35557,S,418,S,SYN,,,,,100.0,2.0,6.0,1.51512291004727,0.05,0.0017527549296253904,1.5151,0.05,1.51512291004727,0.05,,0.05,0.035355339059327376,,,,1.5151,0.0354,,,,,33.5443341459691,,,,
8758,P35557,S,418,A,NONSYN,0.4563330621977513,0.936902417513881,0.06564045780594989,-0.01466666666666668,100.0,2.0,6.0,1.3384824907173,0.0997081355685644,0.005880963549621373,1.3385,0.0997081355685644,1.3384824907173,0.0997081355685644,,0.0997081355685644,0.07050429879999948,0.9077,0.43080329054487576,0.3731837868690491,1.3236,0.0693,0.027000000000000003,,,,33.5443341459691,,,,
8759,P35557,S,418,V,NONSYN,0.3566796973350173,1.33579145418641,0.08189491137852434,-1.3498999999999999,100.0,2.0,6.0,0.9106607889905151,0.0849183746274047,0.08817164558290716,0.9107,0.0849183746274047,0.9106607889905151,0.0849183746274047,,0.0849183746274047,0.06004635854637752,1.0881,0.17744035961483162,0.47722095251083374,0.9134,0.0596,0.289,,,,33.5443341459691,,,,
8760,P35557,S,418,R,NONSYN,0.5078165034060199,1.3909446489526018,0.06273419776731645,-0.9542999999999999,100.0,2.0,6.0,1.29194780577101,0.204481105165052,0.00803340697809639,1.2919,0.204481105165052,1.29194780577101,0.204481105165052,,0.204481105165052,0.14458997608672783,1.0881,0.20384665716566341,0.48671701550483704,1.2754,0.1386,0.035,,,,33.5443341459691,,,,
8761,P35557,S,418,D,NONSYN,0.26426002389568154,1.4286742880259118,0.04397433018216305,-0.6365333333333334,100.0,2.0,6.0,1.04044563012197,0.0527036923310977,0.04063590793949152,1.0404,0.0527036923310977,1.04044563012197,0.0527036923310977,,0.0527036923310977,0.03726713824088862,1.0803,0.0398463563434841,0.49098125100135803,1.0407,0.0372,0.804,,,,33.5443341459691,,,,
8762,P35557,S,418,F,NONSYN,0.4400921079880442,0.9697837296125428,0.07775827382658962,-1.7383,100.0,2.0,6.0,0.7378106925392092,0.0886443086809843,0.21981531824895365,0.7378,0.0886443086809843,0.7378106925392092,0.0886443086809843,,0.0886443086809843,0.06268099178191754,0.8553,0.117454209575659,0.42007315158843994,0.7404,0.062,0.982,,,,33.5443341459691,,,,
8763,P35557,S,418,T,NONSYN,0.5032644910640633,1.2170117828207967,0.06491102517102298,-0.06083333333333333,100.0,2.0,6.0,0.49815439479655294,0.10796214854543401,0.5397771164319813,0.4982,0.10796214854543401,0.49815439479655294,0.10796214854543401,,0.10796214854543401,0.07634076734794575,1.0811,0.5829312871187302,0.46952491998672485,0.5132,0.0754,0.13,,,,33.5443341459691,,,,
8764,P35557,S,418,I,NONSYN,0.40690641070991895,1.1000357122505198,0.077425298181854,-1.7275666666666665,100.0,2.0,6.0,0.347054744625278,0.0937438838564077,0.7359167376386034,0.3471,0.0937438838564077,0.347054744625278,0.0937438838564077,,0.0937438838564077,0.06628693596962999,0.9339,0.5868211141584438,0.4101772606372833,0.362,0.0654,0.035,,,,33.5443341459691,,,,
8765,P35557,S,418,L,NONSYN,0.393745075519064,0.7134532072175425,0.07675272163811836,-1.7093,100.0,2.0,6.0,1.50680225972421,0.103220410360127,0.001857260916132598,1.5068,0.103220410360127,1.50680225972421,0.103220410360127,,0.103220410360127,0.07298785212250396,0.8533,0.6535243380475741,0.41893845796585083,1.4876,0.0719,0.521,,,,33.5443341459691,,,,
8766,P35557,S,418,K,NONSYN,0.33912790346884786,0.9252582449409283,0.04532556431594639,-0.6167666666666666,100.0,2.0,6.0,2.8406798892153002,0.0299522074897336,6.179735710400387e-08,2.8407,0.0299522074897336,2.8406798892153002,0.0299522074897336,,0.0299522074897336,0.021179409027497126,0.89,1.9506431870592333,0.4088909924030304,2.8355,0.0212,0.76,,,,33.5443341459691,,,,
8767,P35557,S,418,G,NONSYN,0.4188135801978989,1.535664313298292,0.040435139253401864,-0.6509999999999999,100.0,2.0,6.0,0.7194755543048291,0.0903051565461969,0.23952068164129695,0.7195,0.0903051565461969,0.7194755543048291,0.0903051565461969,,0.0903051565461969,0.06385538856992858,1.0803,0.360816432160625,0.499377578496933,0.7253,0.0633,0.703,,,,33.5443341459691,,,,
8768,P35557,S,418,Y,NONSYN,0.3987520148682556,0.8040128284502389,0.05106865848663602,-1.6658,100.0,2.0,6.0,1.05549418448814,0.298984808639903,0.037019911332115456,1.0555,0.298984808639903,1.05549418448814,0.298984808639903,,0.298984808639903,0.21141418566103767,0.7841,0.27140843390830605,0.4204462170600891,1.0007,0.1889,0.9640000000000001,,,,33.5443341459691,,,,
8769,P35557,S,418,N,NONSYN,0.3577198430860929,1.1315938904117522,0.04640762212885818,-0.23683333333333337,100.0,2.0,6.0,0.98212109778474,0.250661371545131,0.057960771009591426,0.9821,0.250661371545131,0.98212109778474,0.250661371545131,,0.250661371545131,0.17724435560108284,0.9572,0.024875032644969486,0.40676259994506836,0.9782,0.1625,0.266,,,,33.5443341459691,,,,
8770,P35557,S,418,C,NONSYN,0.4413057931247456,1.2800248742479852,0.07874759462104738,-0.9221333333333334,100.0,2.0,6.0,1.6247071298848603,0.0321192896226608,0.0008110903497985096,1.6247,0.0321192896226608,1.6247071298848603,0.0321192896226608,,0.0321192896226608,0.022711767499078155,1.0858,0.5388964685689424,0.4902254343032837,1.6236,0.0227,0.022000000000000002,,,,33.5443341459691,,,,
8771,P35557,S,418,P,NONSYN,0.3754690196139504,1.61340448826697,0.05078534705683629,-0.9290666666666666,100.0,2.0,6.0,0.6245682878279051,0.257348456491154,0.3578634589467568,0.6246,0.257348456491154,0.6245682878279051,0.257348456491154,,0.257348456491154,0.18197283871278616,1.1616,0.5370132284379641,0.5987148284912109,0.67,0.1741,0.9890000000000001,,,,33.5443341459691,,,,
8772,P35557,S,418,E,NONSYN,0.32956968841657797,1.630195734493493,0.025950018140063227,-0.6321,100.0,2.0,6.0,0.7258674205576059,0.16048425105634803,0.2325241848124923,0.7259,0.16048425105634803,0.7258674205576059,0.16048425105634803,,0.16048425105634803,0.11347950219558804,1.2003,0.47439464914454255,0.5855903625488281,0.743,0.1114,0.703,,,,33.5443341459691,,,,
8773,P35557,S,418,M,NONSYN,0.4679817126368144,0.9013218886726214,0.07617992576362638,-1.5591333333333335,100.0,2.0,6.0,1.3271730481862298,0.174064392140468,0.0063458846328917845,1.3272,0.174064392140468,1.3271730481862298,0.174064392140468,,0.174064392140468,0.1230821120456393,0.8406,0.4865676700352899,0.4308004379272461,1.2905,0.1183,0.982,,,,33.5443341459691,,,,
8774,P35557,S,418,W,NONSYN,0.3832492129242465,0.8638892322962324,0.03894453487327721,-1.7880333333333336,100.0,2.0,6.0,1.09011009979495,0.0801511337595378,0.029811625012511788,1.0901,0.0801511337595378,1.09011009979495,0.0801511337595378,,0.0801511337595378,0.05667541020115919,0.7898,0.3002984290147681,0.4171938896179199,1.0847,0.0562,0.9990000000000001,,,,33.5443341459691,,,,
8775,P35557,S,418,H,NONSYN,0.2629764798769622,1.1804077411612586,0.0778432895822558,-0.9429,100.0,2.0,6.0,1.9235585291450399,0.0598377424951356,9.231899683336552e-05,1.9236,0.0598377424951356,1.9235585291450399,0.0598377424951356,,0.0598377424951356,0.042311673489204824,1.0256,0.8980072100227254,0.5100095272064209,1.9174,0.0422,0.1,,,,33.5443341459691,,,,
8776,P35557,S,418,Q,NONSYN,0.3963611118941722,1.4286742880259116,0.04397433018216305,-0.6365333333333333,100.0,2.0,6.0,1.3304317599603501,0.0553995118580643,0.0062083902910688975,1.3304,0.0553995118580643,1.3304317599603501,0.0553995118580643,,0.0553995118580643,0.03917337050926181,1.0824,0.24806386292665872,0.49098125100135803,1.3289,0.039,0.544,,,,33.5443341459691,,,,
8777,P35557,S,418,*,STOP,,,,,100.0,2.0,6.0,0.0605190620466818,0.05,0.9304877278784072,0.0605,0.05,0.0605190620466818,0.05,,0.05,0.035355339059327376,,,,0.0605,0.0354,,,,,33.5443341459691,,,,
8778,P35557,F,419,S,NONSYN,0.3509668135339838,0.1628205363852292,0.07374512369670096,-1.8094999999999999,100.0,2.0,6.0,0.0892441806160461,0.142146320930289,0.919909327067114,0.0892,0.142146320930289,0.0892441806160461,0.142146320930289,,0.142146320930289,0.10051262745052662,0.242,0.15272132188448795,0.35533571243286133,0.1006,0.0967,1.0,,,,0.3034799723144988,,,,
8779,P35557,F,419,A,NONSYN,0.21205940102164186,0.0927161282023569,0.06872260278781021,-1.7977999999999998,100.0,2.0,6.0,0.299557405164663,0.181893993815099,0.7843994955629745,0.2996,0.181893993815099,0.299557405164663,0.181893993815099,,0.181893993815099,0.12861847648376043,0.1691,0.13050185387415092,0.3273807168006897,0.2821,0.1197,1.0,,,,0.3034799723144988,,,,
8780,P35557,F,419,V,NONSYN,0.3686871445054262,-0.048199143437763076,0.1965248947757784,-1.0737666666666665,100.0,2.0,6.0,-0.0830680247131521,0.21710612336781698,0.9659503633559855,-0.0831,0.21710612336781698,-0.0830680247131521,0.21710612336781698,,0.21710612336781698,0.15351721207050656,0.1484,0.2314694341007406,0.3988225758075714,-0.0532,0.1433,1.0,,,,0.3034799723144988,,,,
8781,P35557,F,419,R,NONSYN,0.12156869505678705,0.1949880601278149,0.059461166704137834,-2.1628666666666665,100.0,2.0,6.0,0.8929470675951171,0.34761721790399897,0.09752790795375386,0.8929,0.34761721790399897,0.8929470675951171,0.34761721790399897,,0.34761721790399897,0.2458024920371194,0.2601,0.6328463452821899,0.34118181467056274,0.6767,0.1994,1.0,,,,0.3034799723144988,,,,
8782,P35557,F,419,D,NONSYN,0.1992068019592559,0.25092998594605564,0.06402748973666107,-2.6122333333333336,100.0,2.0,6.0,-0.11240011970729501,0.30533013324804303,0.9705687094673339,-0.1124,0.30533013324804303,-0.11240011970729501,0.30533013324804303,,0.30533013324804303,0.21590100772028334,0.2623,0.37471271078319224,0.345561146736145,-0.0072,0.1831,1.0,,,,0.3034799723144988,,,,
8783,P35557,F,419,F,SYN,,,,,,,,,,,,,,,,,,,,,,,,,,,0.3034799723144988,,,,
8784,P35557,F,419,T,NONSYN,0.18720675519309532,0.15262666148594498,0.0714374244648638,-1.6453666666666666,100.0,2.0,6.0,0.204171647500193,0.170284170833392,0.8604660222232434,0.2042,0.170284170833392,0.204171647500193,0.170284170833392,,0.170284170833392,0.12040909192501999,0.244,0.039796809483373274,0.35858801007270813,0.2082,0.1141,1.0,,,,0.3034799723144988,,,,
8785,P35557,F,419,I,NONSYN,0.40023011164303374,0.08789084551509498,0.07269769165775931,-0.511,100.0,2.0,6.0,-0.11209907220617801,0.800344844389953,0.9705246885212436,-0.1121,0.800344844389953,-0.11209907220617801,0.800344844389953,,0.800344844389953,0.5659292667558279,0.2654,0.3775365261913922,0.360429584980011,0.1565,0.304,1.0,,,,0.3034799723144988,,,,
8786,P35557,F,419,L,NONSYN,0.4640274525972558,0.21885835022485736,0.1923822600328062,-0.3554666666666666,100.0,2.0,6.0,0.537264040674536,0.159134601569755,0.48280495003130564,0.5373,0.159134601569755,0.537264040674536,0.159134601569755,,0.159134601569755,0.11252515589139317,0.345,0.19225691911157827,0.4561728835105896,0.5262,0.1093,0.9990000000000001,,,,0.3034799723144988,,,,
8787,P35557,F,419,K,NONSYN,0.1539819943883161,0.3924123430835372,0.10266753522079886,-1.9918333333333333,100.0,2.0,6.0,0.22899739259489302,0.140132923626422,0.8432791789060777,0.229,0.140132923626422,0.22899739259489302,0.140132923626422,,0.140132923626422,0.09908894056373954,0.3678,0.13876982218019243,0.4119357466697693,0.2366,0.0963,1.0,,,,0.3034799723144988,,,,
8788,P35557,F,419,G,NONSYN,0.22544940105055214,0.06423021163547933,0.09161853067453929,-2.584433333333333,100.0,2.0,6.0,0.44769920322443396,0.126200821279297,0.6109548495317404,0.4477,0.126200821279297,0.44769920322443396,0.126200821279297,,0.126200821279297,0.08923745651790245,0.1318,0.3159133634283677,0.2998669147491455,0.422,0.0855,1.0,,,,0.3034799723144988,,,,
8789,P35557,F,419,Y,NONSYN,0.41795167961904656,0.43531272118509534,0.05321276112150128,-0.19666666666666666,,,,,,,,,,,,,,0.4541,,0.4297390580177307,0.4541,0.4297,0.997,,,,0.3034799723144988,,,,
8790,P35557,F,419,N,NONSYN,0.06350654443895225,0.4014835055747374,0.11916886319327935,-2.4017,100.0,2.0,6.0,0.37123423129772,0.0905320657021272,0.708502681065121,0.3712,0.0905320657021272,0.37123423129772,0.0905320657021272,,0.0905320657021272,0.0640158375728002,0.3678,0.003467016522634536,0.410292387008667,0.3712,0.0633,1.0,,,,0.3034799723144988,,,,
8791,P35557,F,419,C,NONSYN,0.42192151878195305,0.06394635711066736,0.060221130812068195,-1.5309000000000001,100.0,2.0,6.0,0.0690783986771258,0.196388644058388,0.9274852930783858,0.0691,0.196388644058388,0.0690783986771258,0.196388644058388,,0.196388644058388,0.1388677419617173,0.1427,0.0736138096129743,0.32664939761161804,0.0803,0.1278,1.0,,,,0.3034799723144988,,,,
8792,P35557,F,419,P,NONSYN,0.14474630447280185,0.2355111049382863,0.08074279895003057,-2.5313999999999997,100.0,2.0,6.0,0.42390356883639,0.20385706446780202,0.6429001454909127,0.4239,0.20385706446780202,0.42390356883639,0.20385706446780202,,0.20385706446780202,0.144148712677966,0.2623,0.1615909777604928,0.346243292093277,0.4,0.1331,1.0,,,,0.3034799723144988,,,,
8793,P35557,F,419,E,NONSYN,0.14341137314980398,0.25306755078450965,0.09150313907616818,-2.5673,100.0,2.0,6.0,-0.11881281422265699,0.12769886424949,0.9714907244103004,-0.1188,0.12769886424949,-0.11881281422265699,0.12769886424949,,0.12769886424949,0.09029673286063476,0.2623,0.3811254052985542,0.3744969367980957,-0.0979,0.0878,1.0,,,,0.3034799723144988,,,,
8794,P35557,F,419,M,NONSYN,0.21680558431241104,0.46145419025506906,0.19276501879673144,-0.25303333333333333,100.0,2.0,6.0,-0.190523479416099,0.150566558312373,0.9800024498050106,-0.1905,0.150566558312373,-0.190523479416099,0.150566558312373,,0.150566558312373,0.10646663440259868,0.5232,0.7137049774667887,0.5368277430534363,-0.1635,0.1044,0.992,,,,0.3034799723144988,,,,
8795,P35557,F,419,W,NONSYN,0.32132997916102696,0.07821382968408633,0.1955826025892294,-0.3639333333333333,100.0,2.0,6.0,0.9591976022968491,0.0545403807498019,0.06644583993738404,0.9592,0.0545403807498019,0.9591976022968491,0.0545403807498019,,0.0545403807498019,0.03856587307668116,0.2696,0.6895643687496384,0.4275684356689453,0.9536,0.0384,1.0,,,,0.3034799723144988,,,,
8796,P35557,F,419,H,NONSYN,0.3132585296390889,0.06339400715472224,0.07982629306302454,-1.3437666666666666,100.0,2.0,6.0,-0.10157675678423701,0.126792142274999,0.9689433594121963,-0.1016,0.126792142274999,-0.10157675678423701,0.126792142274999,,0.126792142274999,0.08965558360382131,0.1427,0.2442689650743371,0.32972705364227295,-0.0848,0.0865,1.0,,,,0.3034799723144988,,,,
8797,P35557,F,419,Q,NONSYN,0.15363519183063878,0.4738339551182244,0.09819492843132994,-2.0034333333333336,100.0,2.0,6.0,-0.0152674435091684,0.18923016413967397,0.9522830711386097,-0.0153,0.18923016413967397,-0.0152674435091684,0.18923016413967397,,0.18923016413967397,0.13380593226820692,0.4042,0.41945238098628024,0.4261527955532074,0.0224,0.1277,1.0,,,,0.3034799723144988,,,,
8798,P35557,F,419,*,STOP,,,,,100.0,2.0,6.0,-0.28191527652797804,0.05,0.9872132882085314,-0.2819,0.05,-0.28191527652797804,0.05,,0.05,0.035355339059327376,,,,-0.2819,0.0354,,,,,0.3034799723144988,,,,
8799,P35557,K,420,S,NONSYN,0.39799365034538775,0.7077673223360247,0.05800259848779491,-0.8266,100.0,2.0,6.0,0.974900980356985,0.0754893830985496,0.06052100505698051,0.9749,0.0754893830985496,0.974900980356985,0.0754893830985496,,0.0754893830985496,0.05337905469657357,0.7271,0.2478158668315944,0.4247584342956543,0.971,0.053,0.9590000000000001,,,,47.80439963921326,,,,
8800,P35557,K,420,A,NONSYN,0.4253782567817681,0.4428913021221137,0.07302588312521666,-0.8658,100.0,2.0,6.0,1.1585308313623701,0.030521185744412,0.019276447357285592,1.1585,0.030521185744412,1.1585308313623701,0.030521185744412,,0.030521185744412,0.021581737409727908,0.7156,0.44292092325842725,0.4278659224510193,1.1574,0.0216,0.474,,,,47.80439963921326,,,,
8801,P35557,K,420,V,NONSYN,0.4018371367991864,0.437400252339365,0.035633560218072007,-1.8981333333333332,100.0,2.0,6.0,0.289513166122432,0.0681887573911554,0.7937282279276715,0.2895,0.0681887573911554,0.289513166122432,0.0681887573911554,,0.0681887573911554,0.0482167327519703,0.7156,0.4260967419815109,0.41248947381973267,0.2953,0.0479,0.473,,,,47.80439963921326,,,,
8802,P35557,K,420,R,NONSYN,0.4425642104838123,0.9594683050052737,0.16298875900609214,0.014233333333333356,100.0,2.0,6.0,1.28193814639642,0.145096330283358,0.008587263100758585,1.2819,0.145096330283358,1.28193814639642,0.145096330283358,,0.145096330283358,0.10259859906864545,0.9187,0.3632186162908291,0.4770674705505371,1.2659,0.1003,0.01,,,,47.80439963921326,,,,
8803,P35557,K,420,D,NONSYN,0.3868073539125079,0.7077673223360247,0.05800259848779491,-0.8266,100.0,2.0,6.0,0.363902770720637,0.190693864419155,0.717004568016274,0.3639,0.190693864419155,0.363902770720637,0.190693864419155,,0.190693864419155,0.1348409246614526,0.7271,0.36318234280475364,0.4247584342956543,0.3972,0.1285,0.9590000000000001,,,,47.80439963921326,,,,
8804,P35557,K,420,F,NONSYN,0.39391394066408775,0.3009115647023753,0.033238709124918484,-1.9194666666666667,100.0,2.0,6.0,0.17850309190317198,0.0830337274619248,0.8764665659535321,0.1785,0.0830337274619248,0.17850309190317198,0.0830337274619248,,0.0830337274619248,0.05871371175552268,0.3908,0.21228701296285585,0.4100075662136078,0.1828,0.0581,0.995,,,,47.80439963921326,,,,
8805,P35557,K,420,T,NONSYN,0.4423640368257771,0.6422585685344364,0.053255461754825505,-0.8377,100.0,2.0,6.0,0.560429032125402,0.214175115198314,0.4489710654665602,0.5604,0.214175115198314,0.560429032125402,0.214175115198314,,0.214175115198314,0.15144467631813782,0.802,0.241601590833735,0.421546995639801,0.588,0.1425,0.84,,,,47.80439963921326,,,,
8806,P35557,K,420,I,NONSYN,0.4603939774498695,0.27984507465785596,0.03371510776717518,-1.9278666666666666,100.0,2.0,6.0,0.24170256203673002,0.0795013154728767,0.8337979762505333,0.2417,0.0795013154728767,0.24170256203673002,0.0795013154728767,,0.0795013154728767,0.056215919284122104,0.5573,0.31556420975663546,0.41696321964263916,0.2473,0.0557,0.8290000000000001,,,,47.80439963921326,,,,
8807,P35557,K,420,L,NONSYN,0.4356747906628182,0.4100649857308543,0.03213579810952439,-1.8765,100.0,2.0,6.0,0.37151896594796396,0.0944269364152475,0.7081692152121464,0.3715,0.0944269364152475,0.37151896594796396,0.0944269364152475,,0.0944269364152475,0.06676992706589245,0.6933,0.32173133255209707,0.4141761064529419,0.3797,0.0659,0.405,,,,47.80439963921326,,,,
8808,P35557,K,420,K,SYN,,,,,100.0,2.0,6.0,0.9344572867146629,0.05,0.07684031909425948,0.9345,0.05,0.9344572867146629,0.05,,0.05,0.035355339059327376,,,,0.9345,0.0354,,,,,47.80439963921326,,,,
8809,P35557,K,420,G,NONSYN,0.3929842999811576,0.6748214281569677,0.05165410436241268,-1.5884666666666665,100.0,2.0,6.0,0.916133543050981,0.30220553416375107,0.0854434420709219,0.9161,0.30220553416375107,0.916133543050981,0.30220553416375107,,0.30220553416375107,0.2136915825192912,0.7249,0.1911874018080001,0.42365768551826477,0.8774,0.1908,0.9590000000000001,,,,47.80439963921326,,,,
8810,P35557,K,420,Y,NONSYN,0.3944793974738757,0.5257218917071257,0.0763378229518548,-1.7455,100.0,2.0,6.0,0.698979229033401,0.0872846238806257,0.26285231675914167,0.699,0.0872846238806257,0.698979229033401,0.0872846238806257,,0.0872846238806257,0.06171954943930769,0.665,0.03393110662739518,0.46025678515434265,0.6984,0.0612,0.9590000000000001,,,,47.80439963921326,,,,
8811,P35557,K,420,N,NONSYN,0.4560364383708069,1.1564401145192884,0.0255929660060407,-0.5051666666666667,100.0,2.0,6.0,0.43153160525212103,0.6830003946748551,0.6327983304725326,0.4315,0.6830003946748551,0.43153160525212103,0.6830003946748551,,0.6830003946748551,0.4829542106276783,0.9437,0.5121910004531403,0.38936036825180054,0.742,0.3031,0.946,,,,47.80439963921326,,,,
8812,P35557,K,420,C,NONSYN,0.4535515939759026,0.22788787325985735,0.035202002159947246,-2.2871333333333332,100.0,2.0,6.0,0.344266264558753,0.0652979461222156,0.7389614655289457,0.3443,0.0652979461222156,0.344266264558753,0.0652979461222156,,0.0652979461222156,0.04617262050057247,0.2817,0.06255134832950493,0.342544823884964,0.3432,0.0458,0.9990000000000001,,,,47.80439963921326,,,,
8813,P35557,K,420,P,NONSYN,0.27870648767165224,0.653434564053703,0.08096413974768375,-0.9779666666666667,100.0,2.0,6.0,0.73103657499919,0.24586381807526503,0.22696514283439048,0.731,0.24586381807526503,0.73103657499919,0.24586381807526503,,0.24586381807526503,0.17385197300943556,0.6976,0.03338870541224537,0.4298866093158722,0.7263,0.1612,0.9940000000000001,,,,47.80439963921326,,,,
8814,P35557,K,420,E,NONSYN,0.4020218445230145,0.8391391211780986,0.16308056605741386,-0.16533333333333333,100.0,2.0,6.0,1.33588853183851,0.0718318078702597,0.005984589984933183,1.3359,0.0718318078702597,1.33588853183851,0.0718318078702597,,0.0718318078702597,0.05079275844994984,0.8891,0.4467738539324737,0.5037441253662109,1.3314,0.0505,0.52,,,,47.80439963921326,,,,
8815,P35557,K,420,M,NONSYN,0.43998119930382734,0.5517894592817429,0.08903312334178069,-0.9419333333333334,100.0,2.0,6.0,1.03597188931507,0.18909871695535702,0.04177261652211918,1.036,0.18909871695535702,1.03597188931507,0.18909871695535702,,0.18909871695535702,0.13371298507280852,0.7468,0.28918916922611126,0.4473188817501068,1.0123,0.1281,0.937,,,,47.80439963921326,,,,
8816,P35557,K,420,W,NONSYN,0.4169292295856069,0.254823972832885,0.031161658087676732,-2.216833333333333,100.0,2.0,6.0,0.26345796583967,0.0953425306518643,0.816440954659886,0.2635,0.0953425306518643,0.26345796583967,0.0953425306518643,,0.0953425306518643,0.0674173499594195,0.2841,0.02066342831773965,0.342544823884964,0.2642,0.0661,1.0,,,,47.80439963921326,,,,
8817,P35557,K,420,H,NONSYN,0.4436698866414692,0.6942875447361363,0.06797330876346777,-0.8412999999999999,100.0,2.0,6.0,0.40434210352030203,0.117281298656684,0.6681479319975147,0.4043,0.117281298656684,0.40434210352030203,0.117281298656684,,0.117281298656684,0.08293040158650598,0.7249,0.3206040377226789,0.4247584342956543,0.4161,0.0814,0.986,,,,47.80439963921326,,,,
8818,P35557,K,420,Q,NONSYN,0.4867518824335938,1.0164527611623504,0.16544591140470702,0.19553333333333334,100.0,2.0,6.0,1.1109847779251898,0.0807879469618466,0.02612617783902905,1.111,0.0807879469618466,1.1109847779251898,0.0807879469618466,,0.0807879469618466,0.05712570513486087,0.9201,0.1908601279236639,0.48910731077194214,1.1084,0.0567,0.027999999999999997,,,,47.80439963921326,,,,
8819,P35557,K,420,*,STOP,,,,,100.0,2.0,6.0,-0.220158947498612,0.05,0.9827133607558783,-0.2202,0.05,-0.220158947498612,0.05,,0.05,0.035355339059327376,,,,-0.2202,0.0354,,,,,47.80439963921326,,,,
8820,P35557,E,421,S,NONSYN,0.4382670271083193,1.5618433357558619,0.03650159589208168,-0.6747666666666666,100.0,2.0,6.0,0.8899714822693678,0.0590208994620609,0.09918078008581821,0.89,0.0590208994620609,0.8899714822693678,0.0590208994620609,,0.0590208994620609,0.041734078241352716,1.0907,0.2007470254973558,0.475796103477478,0.8915,0.0416,0.293,,,,97.52940312186632,,,,
8821,P35557,E,421,A,NONSYN,0.4725389201357859,1.4690870198898596,0.03099165860712244,-0.8022,100.0,2.0,6.0,1.16784162433373,0.0936984043003709,0.01815256744064973,1.1678,0.0936984043003709,1.16784162433373,0.0936984043003709,,0.0936984043003709,0.06625477706715102,1.0881,0.07974047572838328,0.4774634540081024,1.1663,0.0656,0.114,,,,97.52940312186632,,,,
8822,P35557,E,421,V,NONSYN,0.5148579282991502,1.1445971092564826,0.05447085978472332,-1.6669666666666665,100.0,2.0,6.0,1.3452037265255001,0.196230111587209,0.005620480649504749,1.3452,0.196230111587209,1.3452037265255001,0.196230111587209,,0.196230111587209,0.13875564257630837,0.9619,0.3833471229030636,0.4116964042186737,1.3061,0.1315,0.575,,,,97.52940312186632,,,,
8823,P35557,E,421,R,NONSYN,0.4513055748960305,1.6335489636491298,0.03368409031956338,-0.7211333333333333,100.0,2.0,6.0,0.9527247406539259,0.111080444204449,0.06903625751539225,0.9527,0.111080444204449,0.9527247406539259,0.111080444204449,,0.111080444204449,0.07854573535417982,1.2045,0.2518046639862719,0.5870694518089294,0.9572,0.0779,0.055999999999999994,,,,97.52940312186632,,,,
8824,P35557,E,421,D,NONSYN,0.4800060668498122,1.0490268547839927,0.09906483430866142,-0.020166666666666666,100.0,2.0,6.0,0.6287778180855991,0.0945764006740043,0.35211802710707635,0.6288,0.0945764006740043,0.6287778180855991,0.0945764006740043,,0.0945764006740043,0.0668756142568044,0.9167,0.28789751112277495,0.40445297956466675,0.6364,0.066,0.0,,,,97.52940312186632,,,,
8825,P35557,E,421,F,NONSYN,0.4134101209643438,1.0034753490318982,0.03699911463594091,-2.4431333333333334,100.0,2.0,6.0,0.8856112285369979,0.0970114773499359,0.10164615252549103,0.8856,0.0970114773499359,0.8856112285369979,0.0970114773499359,,0.0970114773499359,0.06859747348706483,0.9103,0.024729915071095343,0.3744794428348541,0.8864,0.0675,0.843,,,,97.52940312186632,,,,
8826,P35557,E,421,T,NONSYN,0.4070866311137473,0.9991382233414446,0.06168046217749121,-0.9768666666666667,100.0,2.0,6.0,0.9336906427621829,0.0589103686888173,0.07718432332543575,0.9337,0.0589103686888173,0.9336906427621829,0.0589103686888173,,0.0589103686888173,0.04165592118206237,0.9145,0.01920649950504183,0.39457035064697266,0.9335,0.0414,0.534,,,,97.52940312186632,,,,
8827,P35557,E,421,I,NONSYN,0.377366298627538,0.908737996496907,0.034579111176999376,-2.3962999999999997,100.0,2.0,6.0,0.892783823011577,0.0701730498707869,0.0976179693002838,0.8928,0.0701730498707869,0.892783823011577,0.0701730498707869,,0.0701730498707869,0.0496198394201752,0.89,0.002747120855510099,0.3830765187740326,0.8927,0.0492,0.836,,,,97.52940312186632,,,,
8828,P35557,E,421,L,NONSYN,0.4309220950052253,0.9045308129934071,0.025638107950791536,-2.375633333333333,100.0,2.0,6.0,0.9054053735220771,0.12089457902269699,0.09086265294148468,0.9054,0.12089457902269699,0.9054053735220771,0.12089457902269699,,0.12089457902269699,0.08548537663564197,0.8974,0.008038313337598302,0.38032621145248413,0.905,0.0834,0.418,,,,97.52940312186632,,,,
8829,P35557,E,421,K,NONSYN,0.4890082107053284,1.5409255829610096,0.028989651924524924,-0.6217666666666667,100.0,2.0,6.0,1.1189656180195902,0.407979028662304,0.02483442000177542,1.119,0.407979028662304,1.1189656180195902,0.407979028662304,,0.407979028662304,0.288484737749016,1.0907,0.028247110252866525,0.475353866815567,1.1114,0.2466,0.193,,,,97.52940312186632,,,,
8830,P35557,E,421,G,NONSYN,0.4522640708552875,1.136013210950398,0.04808698151581861,-1.9225,100.0,2.0,6.0,1.10267888181368,0.0688119915497797,0.027537860133663213,1.1027,0.0688119915497797,1.10267888181368,0.0688119915497797,,0.0688119915497797,0.04865742585180063,0.953,0.14970003240266916,0.38638514280319214,1.1003,0.0483,0.675,,,,97.52940312186632,,,,
8831,P35557,E,421,Y,NONSYN,0.4671477233180428,0.966956026115778,0.03672332466966859,-2.2137666666666664,100.0,2.0,6.0,0.6085717654066041,0.0425006465271777,0.38001597513467916,0.6086,0.0425006465271777,0.6085717654066041,0.0425006465271777,,0.0425006465271777,0.03005249536417984,0.9028,0.29427761079502557,0.3744794428348541,0.6105,0.03,0.878,,,,97.52940312186632,,,,
8832,P35557,E,421,N,NONSYN,0.4945297857128286,1.0182186044278279,0.037996102129832655,-0.6558999999999999,100.0,2.0,6.0,2.52084567625347,0.0384629124515758,8.819766924159495e-07,2.5208,0.0384629124515758,2.52084567625347,0.0384629124515758,,0.0384629124515758,0.02719738621869374,0.9167,1.604170347045096,0.40636906027793884,2.5137,0.0271,0.14300000000000002,,,,97.52940312186632,,,,
8833,P35557,E,421,C,NONSYN,0.4263241553322161,1.0010844842070383,0.040226988258735594,-2.5622,100.0,2.0,6.0,1.09303649375719,0.0412571726903824,0.029266947705891062,1.093,0.0412571726903824,1.09303649375719,0.0412571726903824,,0.0412571726903824,0.02917322658195383,0.8628,0.23027976463121336,0.3898286819458008,1.0918,0.0291,0.985,,,,97.52940312186632,,,,
8834,P35557,E,421,P,NONSYN,0.2784783599621833,1.1489119978738043,0.05310162123546001,-1.2109666666666667,100.0,2.0,6.0,0.876848305036678,0.21762898108162698,0.10675936708046603,0.8768,0.21762898108162698,0.876848305036678,0.21762898108162698,,0.21762898108162698,0.1538869283055373,0.9633,0.0864535920122722,0.41022342443466187,0.8875,0.1441,0.4320000000000001,,,,97.52940312186632,,,,
8835,P35557,E,421,E,SYN,,,,,100.0,2.0,6.0,1.84908993006048,0.05,0.00016020083408774873,1.8491,0.05,1.84908993006048,0.05,,0.05,0.035355339059327376,,,,1.8491,0.0354,,,,,97.52940312186632,,,,
8836,P35557,E,421,M,NONSYN,0.4318399535430367,1.018818124581928,0.050026466234164235,-1.9440333333333335,100.0,2.0,6.0,1.4542641409190902,0.0361922449523606,0.002671920235870853,1.4543,0.0361922449523606,1.4542641409190902,0.0361922449523606,,0.0361922449523606,0.025591781832178775,0.9103,0.5439229973109969,0.38524365425109863,1.4519,0.0255,0.775,,,,97.52940312186632,,,,
8837,P35557,E,421,W,NONSYN,0.3886512979012191,0.8946001416902174,0.04010471218008912,-2.4843333333333333,100.0,2.0,6.0,1.21223685056204,0.0714217371949176,0.013601487536471073,1.2122,0.0714217371949176,1.21223685056204,0.0714217371949176,,0.0714217371949176,0.050502794694649696,0.8368,0.3754083207272927,0.39956310391426086,1.2063,0.0501,0.997,,,,97.52940312186632,,,,
8838,P35557,E,421,H,NONSYN,0.3874690850586482,1.4545139663922546,0.031003339687690628,-0.6659666666666667,100.0,2.0,6.0,1.21195959036019,0.10081833329868,0.013626175421309106,1.212,0.10081833329868,1.21195959036019,0.10081833329868,,0.10081833329868,0.07128932714342212,1.0881,0.1238584417548434,0.46667158603668213,1.2091,0.0705,0.008,,,,97.52940312186632,,,,
8839,P35557,E,421,Q,NONSYN,0.4979236622050323,0.8792383061248522,0.09968702410990486,-0.02876666666666668,100.0,2.0,6.0,1.1381434640630201,0.0819682300485863,0.021973305721442273,1.1381,0.0819682300485863,1.1381434640630201,0.0819682300485863,,0.0819682300485863,0.057960291309214304,0.8994,0.2387166461690382,0.4093219041824341,1.1335,0.0574,0.003,,,,97.52940312186632,,,,
8840,P35557,E,421,*,STOP,,,,,100.0,2.0,6.0,0.085657200839162,0.05,0.9213102563471496,0.0857,0.05,0.085657200839162,0.05,,0.05,0.035355339059327376,,,,0.0857,0.0354,,,,,97.52940312186632,,,,
8841,P35557,R,422,S,NONSYN,0.4030125793742561,1.3435921623986031,0.05887124985526729,-0.8416666666666667,100.0,2.0,6.0,1.68277315578295,0.23236044934803002,0.000536078985780026,1.6828,0.23236044934803002,1.68277315578295,0.23236044934803002,,0.23236044934803002,0.1643036494135453,1.0452,0.6375670858366609,0.511833131313324,1.6232,0.1564,0.99,,,,62.476955759971716,,,,
8842,P35557,R,422,A,NONSYN,0.3189859929557896,1.5208797625453323,0.08064663149139853,-1.0746,100.0,2.0,6.0,1.39803826338967,0.13702159031429598,0.003928018201462847,1.398,0.13702159031429598,1.39803826338967,0.13702159031429598,,0.13702159031429598,0.09688889568020363,1.0452,0.3528321934433809,0.5061547756195068,1.3856,0.0952,0.98,,,,62.476955759971716,,,,
8843,P35557,R,422,V,NONSYN,0.398009908378716,1.0323260609943044,0.056736629030679046,-1.9711666666666667,100.0,2.0,6.0,0.8591012966563409,0.0674367788361215,0.11778346824901806,0.8591,0.0674367788361215,0.8591012966563409,0.0674367788361215,,0.0674367788361215,0.047685003616398956,0.8628,0.003655432469635622,0.39570555090904236,0.8592,0.0473,0.99,,,,62.476955759971716,,,,
8844,P35557,R,422,R,SYN,,,,,100.0,2.0,6.0,0.874387980990685,0.05,0.10823364194648892,0.8744,0.05,0.874387980990685,0.05,,0.05,0.035355339059327376,,,,0.8744,0.0354,,,,,62.476955759971716,,,,
8845,P35557,R,422,D,NONSYN,0.1122725979085614,0.8657733866745962,0.06971304046907906,-1.7069333333333334,100.0,2.0,6.0,0.626877410427739,0.395113211425137,0.35470721780913056,0.6269,0.395113211425137,0.626877410427739,0.395113211425137,,0.395113211425137,0.27938723113510844,0.8286,0.20169879673321067,0.4211964011192322,0.6885,0.2328,0.997,,,,62.476955759971716,,,,
8846,P35557,R,422,F,NONSYN,0.3436253892885596,1.0239350853199003,0.046786760454972494,-2.1555666666666666,100.0,2.0,6.0,0.9879934489044009,0.0509349039682054,0.05595143902153385,0.988,0.0509349039682054,0.9879934489044009,0.0509349039682054,,0.0509349039682054,0.036016415995003624,0.824,0.16400131576383692,0.3985137939453125,0.9867,0.0359,0.9990000000000001,,,,62.476955759971716,,,,
8847,P35557,R,422,T,NONSYN,0.292232657128476,1.3409929766105757,0.06711622013623374,-1.0614333333333332,100.0,2.0,6.0,1.93769862119394,0.23401319448243,8.308562374768596e-05,1.9377,0.23401319448243,1.93769862119394,0.23401319448243,,0.23401319448243,0.1654723167056526,1.0452,0.8924925512476509,0.5100095272064209,1.8527,0.1574,0.99,,,,62.476955759971716,,,,
8848,P35557,R,422,I,NONSYN,0.35928103966798514,0.9809464511500208,0.022542831730816146,-2.1296999999999997,100.0,2.0,6.0,1.1169593514140401,0.18124335818985998,0.02515333841121619,1.117,0.18124335818985998,1.1169593514140401,0.18124335818985998,,0.18124335818985998,0.12815840762107236,0.8594,0.2575696886714254,0.38269904255867004,1.091,0.1215,0.997,,,,62.476955759971716,,,,
8849,P35557,R,422,L,NONSYN,0.3775202648814329,1.0783738715773403,0.05578856439216082,-1.8647666666666665,100.0,2.0,6.0,0.946713950107422,0.0893991184988809,0.07152233100773434,0.9467,0.0893991184988809,0.946713950107422,0.0893991184988809,,0.0893991184988809,0.0632147229226584,0.8672,0.0795440930822755,0.40184998512268066,0.9448,0.0624,0.987,,,,62.476955759971716,,,,
8850,P35557,R,422,K,NONSYN,0.4996982892545154,1.2953801412508732,0.057580066660725314,-0.31583333333333335,100.0,2.0,6.0,1.87357200206075,0.278015581885557,0.00013374418081109498,1.8736,0.278015581885557,1.87357200206075,0.278015581885557,,0.278015581885557,0.19658670322680122,1.0881,0.7854708534554034,0.4907757043838501,1.765,0.1825,0.015,,,,62.476955759971716,,,,
8851,P35557,R,422,G,NONSYN,0.4710347881166008,1.0065215936227843,0.030421582612901916,-1.865,100.0,2.0,6.0,1.16227078397109,0.21761489952928503,0.018817255769940023,1.1623,0.21761489952928503,1.16227078397109,0.21761489952928503,,0.21761489952928503,0.15387697114438667,0.8628,0.2995140548451134,0.39989736676216125,1.1236,0.1436,0.995,,,,62.476955759971716,,,,
8852,P35557,R,422,Y,NONSYN,0.3907391645635834,0.6701493454489794,0.11534349839132942,-1.6721666666666666,100.0,2.0,6.0,1.21374953410459,0.0641762173079419,0.01346754902257781,1.2137,0.0641762173079419,1.21374953410459,0.0641762173079419,,0.0641762173079419,0.04537943844934719,0.6769,0.5368002714855715,0.48121654987335205,1.209,0.0452,0.9990000000000001,,,,62.476955759971716,,,,
8853,P35557,R,422,N,NONSYN,0.4070897773431755,1.540889337354953,0.05857084655013018,-0.6592999999999999,100.0,2.0,6.0,1.12880754872645,0.202154805668362,0.02332465028909967,1.1288,0.202154805668362,1.12880754872645,0.202154805668362,,0.202154805668362,0.14294503393754748,1.0478,0.08098411961878393,0.5010412335395813,1.1227,0.1375,0.99,,,,62.476955759971716,,,,
8854,P35557,R,422,C,NONSYN,0.3945781846907973,1.0668991360692537,0.04561229273399878,-2.1973999999999996,100.0,2.0,6.0,1.31790281896235,0.0613754665345473,0.00675334165870367,1.3179,0.0613754665345473,1.31790281896235,0.0613754665345473,,0.0613754665345473,0.0433990085850664,0.8131,0.5048502839052822,0.3985137939453125,1.312,0.0431,1.0,,,,62.476955759971716,,,,
8855,P35557,R,422,P,NONSYN,0.180066694070857,1.0009659095011398,0.10739058545737042,-1.7161666666666668,100.0,2.0,6.0,0.22129984194810898,0.18974591653283399,0.8487948041573513,0.2213,0.18974591653283399,0.22129984194810898,0.18974591653283399,,0.18974591653283399,0.13417062428282353,0.824,0.602692291192455,0.46951577067375183,0.2668,0.129,0.9990000000000001,,,,62.476955759971716,,,,
8856,P35557,R,422,E,NONSYN,0.2774716424939038,1.4032063226330234,0.07945399091028522,-0.8858,100.0,2.0,6.0,1.50393067507969,0.05237701217434599,0.0018947179699223137,1.5039,0.05237701217434599,1.50393067507969,0.05237701217434599,,0.05237701217434599,0.037036140486770404,1.0758,0.42809926181064695,0.5021533966064453,1.5016,0.0369,0.9359999999999999,,,,62.476955759971716,,,,
8857,P35557,R,422,M,NONSYN,0.37044865400284027,1.6728366801221866,0.08417193707107586,-1.0532666666666668,100.0,2.0,6.0,0.9421675106591071,0.0911935933236529,0.07345549288353372,0.9422,0.0911935933236529,0.9421675106591071,0.0911935933236529,,0.0911935933236529,0.06448360823992323,1.1799,0.23772729429542172,0.6234239339828491,0.9447,0.0641,1.0,,,,62.476955759971716,,,,
8858,P35557,R,422,W,NONSYN,0.38841440406711497,0.9880180323249274,0.047135289015285055,-2.1376333333333335,100.0,2.0,6.0,1.09574460788932,0.044778824704851,0.02877126078839171,1.0957,0.044778824704851,1.09574460788932,0.044778824704851,,0.044778824704851,0.03166341060236384,0.8086,0.28710531994071165,0.3985137939453125,1.0939,0.0316,1.0,,,,62.476955759971716,,,,
8859,P35557,R,422,H,NONSYN,0.3580838527509595,1.31803563921003,0.05647351465206487,-0.45376666666666665,100.0,2.0,6.0,1.43596418120222,0.0708171120228024,0.003030301048433426,1.436,0.0708171120228024,1.43596418120222,0.0708171120228024,,0.0708171120228024,0.05007526013537096,1.0452,0.39075811125593085,0.5073153376579285,1.4322,0.0498,0.997,,,,62.476955759971716,,,,
8860,P35557,R,422,Q,NONSYN,0.3675437003413988,1.3562341350027864,0.05197487652402357,-0.5823,100.0,2.0,6.0,1.32136869382395,0.11745945926021001,0.006598124877149792,1.3214,0.11745945926021001,1.32136869382395,0.11745945926021001,,0.11745945926021001,0.08305638015739951,1.0452,0.2761626238776609,0.5077708959579468,1.3142,0.082,0.997,,,,62.476955759971716,,,,
8861,P35557,R,422,*,STOP,,,,,100.0,2.0,6.0,0.135163242959772,0.05,0.8997481995894362,0.1352,0.05,0.135163242959772,0.05,,0.05,0.035355339059327376,,,,0.1352,0.0354,,,,,62.476955759971716,,,,
8862,P35557,F,423,S,NONSYN,0.3509668135339838,0.5431455649710514,0.12079773274248445,-1.8094999999999999,100.0,2.0,6.0,0.23226047172585398,0.17843444171165102,0.8408893194521858,0.2323,0.17843444171165102,0.23226047172585398,0.17843444171165102,,0.17843444171165102,0.12617220373154417,0.5753,0.34305571899375054,0.48952826857566833,0.2536,0.1222,1.0,,,,0.01809583892812339,,,,
8863,P35557,F,423,A,NONSYN,0.21205940102164186,0.5654329876439578,0.1110584997134938,-1.7977999999999998,100.0,2.0,6.0,0.165398203707135,0.26922979734229896,0.8839813103093114,0.1654,0.26922979734229896,0.165398203707135,0.26922979734229896,,0.26922979734229896,0.1903742153982195,0.6093,0.44390598597487185,0.48952826857566833,0.2237,0.1774,1.0,,,,0.01809583892812339,,,,
8864,P35557,F,423,V,NONSYN,0.3686871445054262,0.8600887331379531,0.05317403799997169,-1.0737666666666665,100.0,2.0,6.0,1.77797094950326,0.10114369362177301,0.00026957469630981993,1.778,0.10114369362177301,1.77797094950326,0.10114369362177301,,0.10114369362177301,0.07151939163421026,0.7769,1.0010476506675057,0.4220011830329895,1.75,0.0705,1.0,,,,0.01809583892812339,,,,
8865,P35557,F,423,R,NONSYN,0.12156869505678705,0.119331580056756,0.1918050630862391,-2.1628666666666665,100.0,2.0,6.0,0.10480551419020401,0.17092097101536496,0.91355124101046,0.1048,0.17092097101536496,0.10480551419020401,0.17092097101536496,,0.17092097101536496,0.1208593776519539,0.1972,0.09238375725983872,0.4067704677581787,0.1123,0.1159,1.0,,,,0.01809583892812339,,,,
8866,P35557,F,423,D,NONSYN,0.1992068019592559,0.5348623782213714,0.08949936095150486,-2.6122333333333336,100.0,2.0,6.0,0.225978459731833,0.18312244380325798,0.8454627062617566,0.226,0.18312244380325798,0.225978459731833,0.18312244380325798,,0.18312244380325798,0.12948712180073618,0.5753,0.3493377309877715,0.4569818079471588,0.2519,0.1246,1.0,,,,0.01809583892812339,,,,
8867,P35557,F,423,F,SYN,,,,,100.0,2.0,6.0,0.8411277742410791,0.05,0.12989865082217236,0.8411,0.05,0.8411277742410791,0.05,,0.05,0.035355339059327376,,,,0.8411,0.0354,,,,,0.01809583892812339,,,,
8868,P35557,F,423,T,NONSYN,0.18720675519309532,0.40980316713418435,0.07833088825409647,-1.6453666666666666,100.0,2.0,6.0,1.3156720551790901,0.217154800783706,0.006855108110789141,1.3157,0.217154800783706,1.3156720551790901,0.217154800783706,,0.217154800783706,0.1535516322013723,0.3678,0.9479048404040047,0.39543387293815613,1.1915,0.1431,1.0,,,,0.01809583892812339,,,,
8869,P35557,F,423,I,NONSYN,0.40023011164303374,1.3287981608277033,0.045004865950691975,-0.511,100.0,2.0,6.0,1.4397023372433,0.12439438774030401,0.0029534861853404504,1.4397,0.12439438774030401,1.4397023372433,0.12439438774030401,,0.12439438774030401,0.08796011511271769,0.9911,0.4486137084743791,0.5097627639770508,1.4267,0.0867,1.0,,,,0.01809583892812339,,,,
8870,P35557,F,423,L,NONSYN,0.4640274525972558,0.8477084864795469,0.09341344653897761,-0.3554666666666666,100.0,2.0,6.0,1.09251251096334,0.14609332018711801,0.02936378050769705,1.0925,0.14609332018711801,1.09251251096334,0.14609332018711801,,0.14609332018711801,0.10330357739036868,0.8324,0.26015951509084245,0.4496030807495117,1.0795,0.1007,0.96,,,,0.01809583892812339,,,,
8871,P35557,F,423,K,NONSYN,0.1539819943883161,0.13952338464142267,0.11659889247436388,-1.9918333333333333,100.0,2.0,6.0,0.42731232650597795,0.635817097630817,0.6384028950098408,0.4273,0.635817097630817,0.42731232650597795,0.635817097630817,,0.635817097630817,0.4495905813290998,0.242,0.1853468240054439,0.38569918274879456,0.3205,0.2927,1.0,,,,0.01809583892812339,,,,
8872,P35557,F,423,G,NONSYN,0.22544940105055214,0.5259778569295944,0.08648028949877401,-2.584433333333333,100.0,2.0,6.0,0.25263202360716397,0.20759851137550397,0.8252577839253007,0.2526,0.20759851137550397,0.25263202360716397,0.20759851137550397,,0.20759851137550397,0.14679431515785146,0.5659,0.31328302451524204,0.4498915374279022,0.2828,0.1396,1.0,,,,0.01809583892812339,,,,
8873,P35557,F,423,Y,NONSYN,0.41795167961904656,0.7319785443862269,0.09514275543134537,-0.19666666666666666,100.0,2.0,6.0,0.46746607080736496,0.221789220116321,0.5835403004279118,0.4675,0.221789220116321,0.46746607080736496,0.221789220116321,,0.221789220116321,0.1568286615383264,0.7223,0.25480626567563675,0.4602380394935608,0.494,0.1484,1.0,,,,0.01809583892812339,,,,
8874,P35557,F,423,N,NONSYN,0.06350654443895225,0.28148393646205633,0.08724234255443779,-2.4017,100.0,2.0,6.0,-0.21768402236263898,0.339006090589766,0.9825021689912276,-0.2177,0.339006090589766,-0.21768402236263898,0.339006090589766,,0.339006090589766,0.23971350551956455,0.3022,0.519841722424437,0.37212780117988586,-0.0652,0.2015,1.0,,,,0.01809583892812339,,,,
8875,P35557,F,423,C,NONSYN,0.42192151878195305,0.6189151877019797,0.07756579009776825,-1.5309000000000001,100.0,2.0,6.0,0.8317508259695641,0.078227688309444,0.1366132212285921,0.8318,0.078227688309444,0.8317508259695641,0.078227688309444,,0.078227688309444,0.05531532888015546,0.6699,0.16184593829332505,0.4352143406867981,0.8292,0.0549,1.0,,,,0.01809583892812339,,,,
8876,P35557,F,423,P,NONSYN,0.14474630447280185,0.08697548699211932,0.10316009693857171,-2.5313999999999997,100.0,2.0,6.0,0.5136678354641321,0.27249636008877803,0.5172718515265448,0.5137,0.27249636008877803,0.5136678354641321,0.27249636008877803,,0.27249636008877803,0.1926840240674262,0.1691,0.34461228417362,0.3544667363166809,0.4351,0.1693,1.0,,,,0.01809583892812339,,,,
8877,P35557,F,423,E,NONSYN,0.14341137314980398,0.330759439601043,0.09155606588662113,-2.5673,100.0,2.0,6.0,0.838287275592818,0.16380180953256102,0.13190368116833096,0.8383,0.16380180953256102,0.838287275592818,0.16380180953256102,,0.16380180953256102,0.11582537029110115,0.3482,0.49007485465241885,0.39603960514068604,0.7997,0.1112,1.0,,,,0.01809583892812339,,,,
8878,P35557,F,423,M,NONSYN,0.21680558431241104,0.8399089827951568,0.0981857581313657,-0.25303333333333333,100.0,2.0,6.0,1.11591102201651,0.0698897582165277,0.025321520392316176,1.1159,0.0698897582165277,1.11591102201651,0.0698897582165277,,0.0698897582165277,0.04941952197039496,0.8302,0.2857065351695862,0.46143820881843567,1.1127,0.0491,0.992,,,,0.01809583892812339,,,,
8879,P35557,F,423,W,NONSYN,0.32132997916102696,1.21604195674105,0.048132802517932706,-0.3639333333333333,100.0,2.0,6.0,-0.0124878998211693,0.3697441735746189,0.9516184168417484,-0.0125,0.3697441735746189,-0.0124878998211693,0.3697441735746189,,0.3697441735746189,0.2614486124388289,0.9765,0.9889785166195701,0.4694961607456207,0.2216,0.2284,1.0,,,,0.01809583892812339,,,,
8880,P35557,F,423,H,NONSYN,0.3132585296390889,1.3084646102173048,0.05939782332389782,-1.3437666666666666,100.0,2.0,6.0,0.308813036200995,0.171175567153958,0.7755178646893813,0.3088,0.171175567153958,0.308813036200995,0.171175567153958,,0.171175567153958,0.12103940430801695,0.9911,0.6822755925679259,0.514409601688385,0.3446,0.1178,1.0,,,,0.01809583892812339,,,,
8881,P35557,F,423,Q,NONSYN,0.15363519183063878,0.232505348134439,0.16765739599113136,-2.0034333333333336,100.0,2.0,6.0,0.14836643602692903,0.37817557954296604,0.893123724632377,0.1484,0.37817557954296604,0.14836643602692903,0.37817557954296604,,0.37817557954296604,0.26741051677398386,0.2671,0.11869074437773405,0.40538540482521057,0.1844,0.2232,1.0,,,,0.01809583892812339,,,,
8882,P35557,F,423,*,STOP,,,,,100.0,2.0,6.0,0.0019737213579731,0.05,0.9480092403779704,0.002,0.05,0.0019737213579731,0.05,,0.05,0.035355339059327376,,,,0.002,0.0354,,,,,0.01809583892812339,,,,
8883,P35557,H,424,S,NONSYN,0.4274947371973565,0.6636328133067547,0.24343645667256786,-0.8565666666666667,100.0,2.0,6.0,0.8464217741496178,0.203461145184614,0.1262282395394105,0.8464,0.203461145184614,0.8464217741496178,0.203461145184614,,0.203461145184614,0.14386875546802122,0.6959,0.15051775765486686,0.5901204943656921,0.838,0.1398,1.0,,,,30.70387587240355,,,,
8884,P35557,H,424,A,NONSYN,0.3450641386058211,0.7333907991638856,0.08004007539096343,-1.3736666666666668,100.0,2.0,6.0,3.14973544559534,0.590612729213332,4.23732824215381e-09,3.1497,0.590612729213332,3.14973544559534,0.590612729213332,,0.590612729213332,0.41762626588184115,0.7295,2.4202276416784088,0.4352143406867981,1.9895,0.3013,1.0,,,,30.70387587240355,,,,
8885,P35557,H,424,V,NONSYN,0.3100277196420108,0.5405617996483506,0.09981176700784226,-2.3561,100.0,2.0,6.0,1.76059269348528,0.104542263759642,0.0003058584438039288,1.7606,0.104542263759642,1.76059269348528,0.104542263759642,,0.104542263759642,0.0739225436250355,0.5801,1.1804845277443132,0.45136746764183044,1.7298,0.073,1.0,,,,30.70387587240355,,,,
8886,P35557,H,424,R,NONSYN,0.40896647076546666,0.9850519054974057,0.33894088605123507,-0.5006666666666667,100.0,2.0,6.0,0.8273042215623921,0.310385219509822,0.13989396024046935,0.8273,0.310385219509822,0.8273042215623921,0.310385219509822,,0.310385219509822,0.21947549349547021,0.8308,0.003486238547318554,0.5409133434295654,0.8278,0.2034,1.0,,,,30.70387587240355,,,,
8887,P35557,H,424,D,NONSYN,0.31424584995616583,0.6728047361828748,0.07362344631023322,-1.1517666666666666,100.0,2.0,6.0,0.13563985689484698,0.9689952272135709,0.8995158625369466,0.1356,0.9689952272135709,0.13563985689484698,0.9689952272135709,,0.9689952272135709,0.6851830961001153,0.6715,0.5358837737242022,0.42724478244781494,0.5215,0.3625,1.0,,,,30.70387587240355,,,,
8888,P35557,H,424,F,NONSYN,0.4107279990990593,1.3425416685305567,0.2694442370065824,-1.2622333333333333,100.0,2.0,6.0,0.429742731297524,0.192724099430564,0.6351795965800099,0.4297,0.192724099430564,0.429742731297524,0.192724099430564,,0.192724099430564,0.13627651760542225,0.9963,0.5665268524045635,0.6890217065811157,0.4511,0.1337,1.0,,,,30.70387587240355,,,,
8889,P35557,H,424,T,NONSYN,0.34470915542349684,1.238372677929237,0.2713052529258451,-1.2422333333333333,100.0,2.0,6.0,0.7422497031014829,0.137943456305719,0.21521380505535415,0.7422,0.137943456305719,0.7422497031014829,0.137943456305719,,0.137943456305719,0.09754075337408412,0.9848,0.24254473478380156,0.6461310386657715,0.7477,0.0964,1.0,,,,30.70387587240355,,,,
8890,P35557,H,424,I,NONSYN,0.4064210844894963,0.983634114176089,0.08537654565384101,-2.3591,100.0,2.0,6.0,0.431375749902065,0.24299650625062,0.6330060915977074,0.4314,0.24299650625062,0.431375749902065,0.24299650625062,,0.24299650625062,0.17182447737445267,0.8086,0.3772635380465434,0.44649675488471985,0.48,0.1604,1.0,,,,30.70387587240355,,,,
8891,P35557,H,424,L,NONSYN,0.37474439086043504,1.015240725700374,0.10580315083606705,-2.1879333333333335,100.0,2.0,6.0,0.46308362772229605,0.32689979127989,0.5896788177335146,0.4631,0.32689979127989,0.46308362772229605,0.32689979127989,,0.32689979127989,0.23115305918247722,0.8086,0.34555566022631234,0.45360609889030457,0.5343,0.206,1.0,,,,30.70387587240355,,,,
8892,P35557,H,424,K,NONSYN,0.3667056690225641,0.7459111364252916,0.24060680562730544,-0.8806333333333333,100.0,2.0,6.0,0.5995868047940071,0.257003036978122,0.3926577491122165,0.5996,0.257003036978122,0.5995868047940071,0.257003036978122,,0.257003036978122,0.18172859023276708,0.7365,0.13688931853897024,0.5972304940223694,0.6112,0.1739,1.0,,,,30.70387587240355,,,,
8893,P35557,H,424,G,NONSYN,0.2666216007931661,0.7288565105292454,0.09443204788887877,-1.8095333333333334,100.0,2.0,6.0,0.8537537337137769,0.362658426237574,0.12128608987353222,0.8538,0.362658426237574,0.8537537337137769,0.362658426237574,,0.362658426237574,0.2564382324470299,0.7223,0.13148139723077523,0.45246076583862305,0.8218,0.2231,1.0,,,,30.70387587240355,,,,
8894,P35557,H,424,Y,NONSYN,0.3971056557325536,0.8649922209046973,0.3510338519487943,-0.05406666666666666,100.0,2.0,6.0,0.441517584878231,1.03137841740651,0.6193730202336434,0.4415,1.03137841740651,0.441517584878231,1.03137841740651,,1.03137841740651,0.7292946729175926,0.7769,0.3354057139575234,0.48714861273765564,0.6734,0.4051,1.0,,,,30.70387587240355,,,,
8895,P35557,H,424,N,NONSYN,0.4170819178402928,0.6455323713751744,0.2730163180901665,0.08810000000000001,100.0,2.0,6.0,1.0998971334668,1.3928764606959598,0.028026535610971723,1.0999,1.3928764606959598,1.0998971334668,1.3928764606959598,,1.3928764606959598,0.9849123907132308,0.6975,0.4023743740292389,0.5160104632377625,0.7842,0.4571,1.0,,,,30.70387587240355,,,,
8896,P35557,H,424,C,NONSYN,0.3215631552657849,0.885017357036547,0.099118296466852,-2.231333333333333,100.0,2.0,6.0,0.7272260213206909,0.11581115407963499,0.23105449490423605,0.7272,0.11581115407963499,0.7272260213206909,0.11581115407963499,,0.11581115407963499,0.08189085238675,0.7827,0.05548512694133301,0.4365919530391693,0.7291,0.0805,1.0,,,,30.70387587240355,,,,
8897,P35557,H,424,P,NONSYN,0.3372425756544121,0.8721524449270097,0.10552251506282051,-1.7345333333333333,100.0,2.0,6.0,0.988962265890838,0.20948871014330603,0.05562610216422152,0.989,0.20948871014330603,0.988962265890838,0.20948871014330603,,0.20948871014330603,0.14813088752435477,0.7769,0.21203896705508363,0.47059109807014465,0.9698,0.1413,1.0,,,,30.70387587240355,,,,
8898,P35557,H,424,E,NONSYN,0.22798112642128554,0.7577709335020056,0.10640227208987307,-0.7021666666666667,100.0,2.0,6.0,1.25567177823141,0.248397343972621,0.010221598854684509,1.2557,0.248397343972621,1.25567177823141,0.248397343972621,,0.248397343972621,0.17564344635176768,0.731,0.5246431618030347,0.4718753695487976,1.1918,0.1646,1.0,,,,30.70387587240355,,,,
8899,P35557,H,424,M,NONSYN,0.34585524966568515,1.6244071164869265,0.1495313665353564,-1.5882666666666667,100.0,2.0,6.0,1.02817996309265,0.243196361806155,0.043823085832035945,1.0282,0.243196361806155,1.02817996309265,0.243196361806155,,0.243196361806155,0.17196579659302927,1.1421,0.11390749647155896,0.6524510383605957,1.0356,0.1663,1.0,,,,30.70387587240355,,,,
8900,P35557,H,424,W,NONSYN,0.3935142425056496,0.9569653208990884,0.11415173240384197,-1.7288,100.0,2.0,6.0,0.734523637974602,0.0988150637121342,0.22326545594191669,0.7345,0.0988150637121342,0.734523637974602,0.0988150637121342,,0.0988150637121342,0.06987280163423082,0.7995,0.06499554327692392,0.4780051112174988,0.7359,0.0691,1.0,,,,30.70387587240355,,,,
8901,P35557,H,424,H,SYN,,,,,100.0,2.0,6.0,1.30607306338825,0.05,0.007310196882834275,1.3061,0.05,1.30607306338825,0.05,,0.05,0.035355339059327376,,,,1.3061,0.0354,,,,,30.70387587240355,,,,
8902,P35557,H,424,Q,NONSYN,0.3372315255555827,0.7895729799691411,0.41500905339141037,0.006400000000000017,100.0,2.0,6.0,0.6677753076849,0.42614780839643,0.30086818108740154,0.6678,0.42614780839643,0.6677753076849,0.42614780839643,,0.42614780839643,0.3013320051049012,0.7365,0.06870081564807728,0.4892847239971161,0.6867,0.2566,1.0,,,,30.70387587240355,,,,
8903,P35557,H,424,*,STOP,,,,,100.0,2.0,6.0,-0.0457277462072257,0.05,0.9589969078548336,-0.0457,0.05,-0.0457277462072257,0.05,,0.05,0.035355339059327376,,,,-0.0457,0.0354,,,,,30.70387587240355,,,,
8904,P35557,A,425,S,NONSYN,0.46929375853615796,0.7812436523198176,0.10014079893334533,-0.41050000000000003,100.0,2.0,6.0,1.28410662671652,0.129398659250517,0.008464232098504644,1.2841,0.129398659250517,1.28410662671652,0.129398659250517,,0.129398659250517,0.09149866943248794,0.8859,0.3981677438887612,0.43853822350502014,1.2675,0.0896,0.026000000000000002,,,,47.7659266779101,,,,
8905,P35557,A,425,A,SYN,,,,,100.0,2.0,6.0,0.7260132653357659,0.05,0.23236612102118923,0.726,0.05,0.7260132653357659,0.05,,0.05,0.035355339059327376,,,,0.726,0.0354,,,,,47.7659266779101,,,,
8906,P35557,A,425,V,NONSYN,0.41129671784225785,0.8769920264336903,0.05043743030070721,-0.6206999999999999,100.0,2.0,6.0,0.6158876213843361,0.330421758060599,0.3698247467674381,0.6159,0.330421758060599,0.6158876213843361,0.330421758060599,,0.330421758060599,0.2336434657762303,0.8891,0.2732270565217003,0.4088909924030304,0.6831,0.2029,0.5529999999999999,,,,47.7659266779101,,,,
8907,P35557,A,425,R,NONSYN,0.3190441200491768,1.1390204990084734,0.05706103255889772,-1.2165666666666668,100.0,2.0,6.0,0.965247887266069,0.24295627737330702,0.0641038389108046,0.9652,0.24295627737330702,0.965247887266069,0.24295627737330702,,0.24295627737330702,0.17179603126250514,0.9509,0.01433600772657928,0.39571183919906616,0.963,0.1576,0.8140000000000001,,,,47.7659266779101,,,,
8908,P35557,A,425,D,NONSYN,0.4810824638550644,1.2280918924688204,0.038280794889809976,-1.3432333333333333,100.0,2.0,6.0,1.5300773006349702,0.133389951835429,0.0015791532073953045,1.5301,0.133389951835429,1.5300773006349702,0.133389951835429,,0.133389951835429,0.09432093948497881,1.0779,0.4522028785616059,0.49126726388931274,1.514,0.0926,0.861,,,,47.7659266779101,,,,
8909,P35557,A,425,F,NONSYN,0.3975861635372093,0.9273979233098176,0.044514317255539025,-1.7862,100.0,2.0,6.0,0.35302242851182497,0.101906846713593,0.7293187264350404,0.353,0.101906846713593,0.35302242851182497,0.101906846713593,,0.101906846713593,0.07205902236051964,0.8406,0.48758294963911497,0.4182971715927124,0.3671,0.071,0.9840000000000001,,,,47.7659266779101,,,,
8910,P35557,A,425,T,NONSYN,0.4593194656393701,0.8248763484978904,0.09039456986975641,-0.5557333333333333,100.0,2.0,6.0,0.7312817315217459,0.20847636057947305,0.22670370811397655,0.7313,0.20847636057947305,0.7312817315217459,0.20847636057947305,,0.20847636057947305,0.14741504828283722,0.8946,0.16333630284104705,0.43161702156066895,0.7483,0.1395,0.004,,,,47.7659266779101,,,,
8911,P35557,A,425,I,NONSYN,0.2533067127168299,0.9673289780116504,0.05806897383949725,-1.3021,100.0,2.0,6.0,1.5713676083110901,0.09323399614861501,0.0011823407730697344,1.5714,0.09323399614861501,1.5713676083110901,0.09323399614861501,,0.09323399614861501,0.06592639091380613,0.8859,0.6854776012920472,0.40548861026763916,1.5537,0.0651,0.9390000000000001,,,,47.7659266779101,,,,
8912,P35557,A,425,L,NONSYN,0.33775241979079834,1.2887894396883468,0.05834301988648518,-1.2974666666666668,100.0,2.0,6.0,0.606986223281001,0.0901018179461068,0.3822371511528033,0.607,0.0901018179461068,0.606986223281001,0.0901018179461068,,0.0901018179461068,0.06371160646692788,1.0838,0.47684770959558587,0.48458412289619446,0.6151,0.0632,0.8140000000000001,,,,47.7659266779101,,,,
8913,P35557,A,425,K,NONSYN,0.13783323133742972,0.98573405638898,0.08509073441520114,-0.7036666666666666,100.0,2.0,6.0,1.2301743668571399,0.0656553585661927,0.012092433845691957,1.2302,0.0656553585661927,1.2301743668571399,0.0656553585661927,,0.0656553585661927,0.046425349263389135,0.9167,0.31349903764876585,0.4167168140411377,1.2263,0.0461,0.011000000000000001,,,,47.7659266779101,,,,
8914,P35557,A,425,G,NONSYN,0.5077306515769983,0.736449724320682,0.09506643868530233,-0.48503333333333326,100.0,2.0,6.0,0.9965616040533709,0.166932027717383,0.05313341120622632,0.9966,0.166932027717383,0.9965616040533709,0.166932027717383,,0.166932027717383,0.11803876879618222,0.8718,0.12480564644991632,0.44091108441352844,0.9882,0.114,0.147,,,,47.7659266779101,,,,
8915,P35557,A,425,Y,NONSYN,0.2413102682766479,0.9720857975001049,0.042156290058067036,-1.7924666666666667,100.0,2.0,6.0,0.21895880594096304,0.118590451107633,0.8504386056366873,0.219,0.118590451107633,0.21895880594096304,0.118590451107633,,0.118590451107633,0.083856112162179,0.861,0.6420591960922706,0.4041295051574707,0.2455,0.0821,0.9840000000000001,,,,47.7659266779101,,,,
8916,P35557,A,425,N,NONSYN,0.2596281291448914,1.1977435064506363,0.06438768177603478,-1.1920666666666666,100.0,2.0,6.0,0.78907886493958,0.207391259253174,0.17074272647524283,0.7891,0.207391259253174,0.78907886493958,0.207391259253174,,0.207391259253174,0.14664776577673666,1.0758,0.28675540935241217,0.49321985244750977,0.8124,0.1406,0.49,,,,47.7659266779101,,,,
8917,P35557,A,425,C,NONSYN,0.4521425054357098,1.1383806269441148,0.08391472965891561,-0.7297666666666668,100.0,2.0,6.0,0.772234655191736,0.0888152477959984,0.18588136513763248,0.7722,0.0888152477959984,0.772234655191736,0.0888152477959984,,0.0888152477959984,0.06280186398931403,0.9033,0.13109269065634754,0.41363030672073364,0.7752,0.0621,0.9840000000000001,,,,47.7659266779101,,,,
8918,P35557,A,425,P,NONSYN,0.3737321559264451,0.95486294736828,0.035146631723170195,-0.7215666666666666,100.0,2.0,6.0,1.32278769391924,0.33526598190313,0.006535577387994696,1.3228,0.33526598190313,1.32278769391924,0.33526598190313,,0.33526598190313,0.23706884930486954,0.9028,0.41993831771761037,0.39444130659103394,1.2113,0.2032,0.9259999999999999,,,,47.7659266779101,,,,
8919,P35557,A,425,E,NONSYN,0.3924454343376217,1.1083989053227052,0.08320057858071721,-0.73,100.0,2.0,6.0,1.2088549831746,0.0898973459324567,0.013905570079415407,1.2089,0.0898973459324567,1.2088549831746,0.0898973459324567,,0.0898973459324567,0.06356702291951302,0.9296,0.27924639972428267,0.4066731035709381,1.2022,0.0628,0.621,,,,47.7659266779101,,,,
8920,P35557,A,425,M,NONSYN,0.19919007049311416,1.1085647868389132,0.07843308016942868,-1.2075333333333333,100.0,2.0,6.0,1.05661502377475,0.0830878655876979,0.03676295715458569,1.0566,0.0830878655876979,1.05661502377475,0.0830878655876979,,0.0830878655876979,0.05875199319137757,0.88,0.17665782467807034,0.4150926470756531,1.0531,0.0582,0.996,,,,47.7659266779101,,,,
8921,P35557,A,425,W,NONSYN,0.17944660888741126,0.7006861783625861,0.04844331151612946,-1.6895,100.0,2.0,6.0,1.03315766335352,0.0617322086800081,0.04250270740752735,1.0332,0.0617322086800081,1.03315766335352,0.0617322086800081,,0.0617322086800081,0.04365126337525677,0.6746,0.3585943746648603,0.42365768551826477,1.0294,0.0434,0.9990000000000001,,,,47.7659266779101,,,,
8922,P35557,A,425,H,NONSYN,0.3663343704598138,1.2361437107423539,0.04384555905910059,-1.3876666666666668,100.0,2.0,6.0,1.5059218458143702,0.0978091560033584,0.0018686676882238833,1.5059,0.0978091560033584,1.5059218458143702,0.0978091560033584,,0.0978091560033584,0.06916151747210764,1.0337,0.4721908620802393,0.5095299482345581,1.4974,0.0685,0.996,,,,47.7659266779101,,,,
8923,P35557,A,425,Q,NONSYN,0.3707092191809771,1.1083989053227052,0.08320057858071721,-0.73,100.0,2.0,6.0,0.8621798200559642,0.10018167815122099,0.11580553341289257,0.8622,0.10018167815122099,0.8621798200559642,0.10018167815122099,,0.10018167815122099,0.07083914397137654,0.88,0.017777379040715524,0.4130614697933197,0.8627,0.0698,0.968,,,,47.7659266779101,,,,
8924,P35557,A,425,*,STOP,,,,,100.0,2.0,6.0,0.351056317986079,0.05,0.7315048015126531,0.3511,0.05,0.351056317986079,0.05,,0.05,0.035355339059327376,,,,0.3511,0.0354,,,,,47.7659266779101,,,,
8925,P35557,S,426,S,SYN,,,,,100.0,2.0,6.0,1.75478046789019,0.05,0.00031902773094719176,1.7548,0.05,1.75478046789019,0.05,,0.05,0.035355339059327376,,,,1.7548,0.0354,,,,,2.4380784505484026,,,,
8926,P35557,S,426,A,NONSYN,0.4563330621977513,0.739414158131864,0.08192538945084646,-0.01466666666666668,100.0,2.0,6.0,0.8366878613061559,0.114915813904714,0.133043705631557,0.8367,0.114915813904714,0.8366878613061559,0.114915813904714,,0.114915813904714,0.08125775127759462,0.8859,0.04925102152160288,0.39366161823272705,0.8387,0.0796,0.026000000000000002,,,,2.4380784505484026,,,,
8927,P35557,S,426,V,NONSYN,0.3566796973350173,1.0803571352874801,0.24918494405091787,-1.3498999999999999,100.0,2.0,6.0,1.27461999570101,0.0351387360833664,0.009015343612001068,1.2746,0.0351387360833664,1.27461999570101,0.0351387360833664,,0.0351387360833664,0.024846838566872805,0.9432,0.33138018761842947,0.5738611817359924,1.274,0.0248,0.03,,,,2.4380784505484026,,,,
8928,P35557,S,426,R,NONSYN,0.5078165034060199,0.9596673119996018,0.2062472785047664,-0.9542999999999999,100.0,2.0,6.0,0.794163280715813,0.12206652250392698,0.16636103705607933,0.7942,0.12206652250392698,0.794163280715813,0.12206652250392698,,0.12206652250392698,0.08631406581838706,0.8619,0.06770665050519531,0.53658127784729,0.7959,0.0852,0.997,,,,2.4380784505484026,,,,
8929,P35557,S,426,D,NONSYN,0.26426002389568154,1.5513837904928247,0.0504752083349494,-0.6365333333333334,100.0,2.0,6.0,0.637703749598249,0.327623160245047,0.3400624453263966,0.6377,0.327623160245047,0.637703749598249,0.327623160245047,,0.327623160245047,0.23166455828303964,1.0865,0.4487475424397148,0.48798680305480957,0.7202,0.2093,0.608,,,,2.4380784505484026,,,,
8930,P35557,S,426,F,NONSYN,0.4400921079880442,0.8195017283209799,0.24876032614669744,-1.7383,100.0,2.0,6.0,0.535686179293439,0.11458946841007801,0.48511322768563475,0.5357,0.11458946841007801,0.535686179293439,0.11458946841007801,,0.11458946841007801,0.08102699016532783,0.8129,0.27723254333610814,0.5554450750350952,0.5415,0.0802,0.9840000000000001,,,,2.4380784505484026,,,,
8931,P35557,S,426,T,NONSYN,0.5032644910640633,0.7231070293239502,0.0715311185763684,-0.06083333333333333,100.0,2.0,6.0,0.8856092477298969,0.204736116743817,0.10164728431334001,0.8856,0.204736116743817,0.8856092477298969,0.204736116743817,,0.204736116743817,0.14477029650335366,0.8774,0.008204319522499448,0.40080565214157104,0.8847,0.1362,0.0,,,,2.4380784505484026,,,,
8932,P35557,S,426,I,NONSYN,0.40690641070991895,0.8723631136247963,0.2494916093982238,-1.7275666666666665,100.0,2.0,6.0,0.37710202338198995,0.0810691491963607,0.7015816912564015,0.3771,0.0810691491963607,0.37710202338198995,0.0810691491963607,,0.0810691491963607,0.05732454514177059,0.8913,0.5142039000799241,0.574167013168335,0.3822,0.057,0.059000000000000004,,,,2.4380784505484026,,,,
8933,P35557,S,426,L,NONSYN,0.393745075519064,0.640845027160503,0.24898642524237893,-1.7093,100.0,2.0,6.0,1.07165628277487,0.10538038073517099,0.033472087022699146,1.0717,0.10538038073517099,1.07165628277487,0.10538038073517099,,0.10538038073517099,0.07451518182185962,0.8443,0.22736626469320487,0.5531079173088074,1.0676,0.0738,0.077,,,,2.4380784505484026,,,,
8934,P35557,S,426,K,NONSYN,0.33912790346884786,0.9225749964554377,0.07318130935539367,-0.6167666666666666,100.0,2.0,6.0,2.48793605114145,0.0982812458251146,1.151766261262985e-06,2.4879,0.0982812458251146,2.48793605114145,0.0982812458251146,,0.0982812458251146,0.0694953353864006,0.8368,1.6511075213067028,0.4281858801841736,2.4456,0.0686,0.9940000000000001,,,,2.4380784505484026,,,,
8935,P35557,S,426,G,NONSYN,0.4188135801978989,1.2804775079589377,0.0907147667567006,-0.6509999999999999,100.0,2.0,6.0,1.45042259719991,0.0712133035756869,0.002743554664507245,1.4504,0.0712133035756869,1.45042259719991,0.0712133035756869,,0.0712133035756869,0.05035540986906442,1.0836,0.366803121835225,0.5097655653953552,1.4469,0.0501,0.47200000000000003,,,,2.4380784505484026,,,,
8936,P35557,S,426,Y,NONSYN,0.3987520148682556,0.6695466657175962,0.0440979218299036,-1.6658,100.0,2.0,6.0,1.00974687880608,1.04699253386435,0.04904963309490006,1.0097,1.04699253386435,1.00974687880608,1.04699253386435,,1.04699253386435,0.7403355205471678,0.7057,0.3040243679914132,0.42365768551826477,0.7807,0.3677,0.991,,,,2.4380784505484026,,,,
8937,P35557,S,426,N,NONSYN,0.3577198430860929,0.7179967511575196,0.0762063654313721,-0.23683333333333337,100.0,2.0,6.0,0.7311235576364058,0.136733815110228,0.22687236163052002,0.7311,0.136733815110228,0.7311235576364058,0.136733815110228,,0.136733815110228,0.09668540788194983,0.8593,0.12820316260132614,0.4290774464607239,0.7373,0.0943,0.12,,,,2.4380784505484026,,,,
8938,P35557,S,426,C,NONSYN,0.4413057931247456,0.8458974947118727,0.20741804182190518,-0.9221333333333334,100.0,2.0,6.0,1.135472732579,0.0786305324235106,0.02235209553463538,1.1355,0.0786305324235106,1.135472732579,0.0786305324235106,,0.0786305324235106,0.05560018268497304,0.8324,0.3031197367065024,0.5217155814170837,1.1321,0.0553,0.9890000000000001,,,,2.4380784505484026,,,,
8939,P35557,S,426,P,NONSYN,0.3754690196139504,1.162782512969391,0.17941371920588065,-0.9290666666666666,100.0,2.0,6.0,0.18481767780644504,0.448526550429572,0.8726907049348879,0.1848,0.448526550429572,0.18481767780644504,0.448526550429572,,0.448526550429572,0.3171561653509603,0.9865,0.8016719757808963,0.5986746549606323,0.3605,0.2803,0.758,,,,2.4380784505484026,,,,
8940,P35557,S,426,E,NONSYN,0.32956968841657797,1.5132894391235496,0.06451932271002025,-0.6321,100.0,2.0,6.0,0.7157927231371141,0.176433845758455,0.24361290909039426,0.7158,0.176433845758455,0.7157927231371141,0.176433845758455,,0.176433845758455,0.1247575687666249,1.0838,0.36804120973947285,0.489939421415329,0.7382,0.1209,0.684,,,,2.4380784505484026,,,,
8941,P35557,S,426,M,NONSYN,0.4679817126368144,0.9400176846001763,0.24839024437495894,-1.5591333333333335,100.0,2.0,6.0,1.09585179447736,0.12369449281583698,0.028751805302844095,1.0959,0.12369449281583698,1.09585179447736,0.12369449281583698,,0.12369449281583698,0.08746521466550901,0.8368,0.2590232646426127,0.5750463604927063,1.09,0.0865,0.995,,,,2.4380784505484026,,,,
8942,P35557,S,426,W,NONSYN,0.3832492129242465,0.6614814951500997,0.04137093576266613,-1.7880333333333336,100.0,2.0,6.0,0.966060988366798,0.120316440006596,0.0637948286304131,0.9661,0.120316440006596,0.966060988366798,0.120316440006596,,0.120316440006596,0.08507657061688845,0.6699,0.296156100690559,0.4204053580760956,0.9544,0.0834,1.0,,,,2.4380784505484026,,,,
8943,P35557,S,426,H,NONSYN,0.2629764798769622,0.7048178970337527,0.11112032092027739,-0.9429,100.0,2.0,6.0,1.5587115256133601,0.7472108744937751,0.0012922931767535026,1.5587,0.7472108744937751,1.5587115256133601,0.7472108744937751,,0.7472108744937751,0.5283578763308786,0.6957,0.8629706470313594,0.4797435402870178,1.0857,0.3552,0.997,,,,2.4380784505484026,,,,
8944,P35557,S,426,Q,NONSYN,0.3963611118941722,1.5513837904928247,0.0504752083349494,-0.6365333333333333,100.0,2.0,6.0,0.6015096690292889,0.24535451119996898,0.3899413733271768,0.6015,0.24535451119996898,0.6015096690292889,0.24535451119996898,,0.24535451119996898,0.17349183866420878,1.0478,0.4463137600783771,0.5077708959579468,0.6482,0.1642,0.976,,,,2.4380784505484026,,,,
8945,P35557,S,426,*,STOP,,,,,100.0,2.0,6.0,0.0506136726517833,0.05,0.9338120756364772,0.0506,0.05,0.0506136726517833,0.05,,0.05,0.035355339059327376,,,,0.0506,0.0354,,,,,2.4380784505484026,,,,
8946,P35557,V,427,S,NONSYN,0.33699392667600697,0.10319521752244708,0.2208742157780659,-1.4466,100.0,2.0,6.0,2.02814804611203,0.135797562327615,4.211363197607546e-05,2.0281,0.135797562327615,2.02814804611203,0.135797562327615,,0.135797562327615,0.0960233771904594,0.2278,1.800321093177765,0.4867004454135895,1.9607,0.0942,1.0,,,,0.0,,,,
8947,P35557,V,427,A,NONSYN,0.4716545268994549,0.5773604201862237,0.2180770945015228,-0.7901333333333334,100.0,2.0,6.0,1.84102647995992,0.259230150704901,0.00016998777797916733,1.841,0.259230150704901,1.84102647995992,0.259230150704901,,0.259230150704901,0.18330339745144617,0.637,1.2040632913116962,0.5923358798027039,1.7358,0.1751,1.0,,,,0.0,,,,
8948,P35557,V,427,V,SYN,,,,,100.0,2.0,6.0,0.616074792568826,0.05,0.3695652964659489,0.6161,0.05,0.616074792568826,0.05,,0.05,0.035355339059327376,,,,0.6161,0.0354,,,,,0.0,,,,
8949,P35557,V,427,R,NONSYN,0.17643841508486408,0.09543487707956601,0.05298742705479343,-1.9857333333333334,100.0,2.0,6.0,-0.0952419030814448,0.14093702355839902,0.9679501560195869,-0.0952,0.14093702355839902,-0.0952419030814448,0.14093702355839902,,0.14093702355839902,0.09965752507839214,0.1883,0.2835789907126704,0.334960401058197,-0.0722,0.0955,1.0,,,,0.0,,,,
8950,P35557,V,427,D,NONSYN,0.27348180848279724,0.18580029446831567,0.056727864901955395,-2.3809,,,,,,,,,,,,,,0.2519,,0.34118181467056274,0.2519,0.3412,1.0,,,,0.0,,,,
8951,P35557,V,427,F,NONSYN,0.4053248813429461,1.5188139090581583,0.07068192967880185,-0.9184666666666667,100.0,2.0,6.0,-0.126792375335644,0.917329151850116,0.9725971777316584,-0.1268,0.917329151850116,-0.126792375335644,0.917329151850116,,0.917329151850116,0.6486496638533211,0.9911,1.1178810041045648,0.5233431458473206,0.5503,0.4073,1.0,,,,0.0,,,,
8952,P35557,V,427,T,NONSYN,0.3185872156759129,0.7699328682228277,0.06992040023203334,-0.1374,100.0,2.0,6.0,1.17160643479179,0.10128567258246099,0.01771612236228138,1.1716,0.10128567258246099,1.17160643479179,0.10128567258246099,,0.10128567258246099,0.07161978592009853,0.6974,0.47419424197028737,0.4210088551044464,1.1583,0.0706,1.0,,,,0.0,,,,
8953,P35557,V,427,I,NONSYN,0.4306262074024321,0.5467928531667844,0.041538495580027195,-0.1123,100.0,2.0,6.0,1.14942909156779,0.211450446181863,0.020438999714667776,1.1494,0.211450446181863,1.14942909156779,0.211450446181863,,0.211450446181863,0.14951804438011645,0.5905,0.5589357105443831,0.42818623781204224,1.0887,0.1412,0.9990000000000001,,,,0.0,,,,
8954,P35557,V,427,L,NONSYN,0.4667115524229356,0.9376772972818563,0.07237739933476793,-0.29109999999999997,100.0,2.0,6.0,0.668373147614704,0.0629724327389393,0.30011315740657346,0.6684,0.0629724327389393,0.668373147614704,0.0629724327389393,,0.0629724327389393,0.044528234217517726,0.7783,0.10996278130222714,0.4313353896141052,0.6695,0.0443,0.998,,,,0.0,,,,
8955,P35557,V,427,K,NONSYN,0.1909141340536438,0.2097508094545281,0.08420844456675343,-1.7571333333333332,100.0,2.0,6.0,-0.18315433931178898,0.17464579832785,0.9792629589591341,-0.1832,0.17464579832785,-0.18315433931178898,0.17464579832785,,0.17464579832785,0.12349322830336092,0.2585,0.44163631868190617,0.3682323694229126,-0.1385,0.1171,1.0,,,,0.0,,,,
8956,P35557,V,427,G,NONSYN,0.3807983932718594,0.041271692289679036,0.04671188245677341,-2.1775333333333333,100.0,2.0,6.0,0.338343903454465,0.19624514540677,0.7453466954476143,0.3383,0.19624514540677,0.338343903454465,0.19624514540677,,0.19624514540677,0.1387662730920671,0.1146,0.22378934923045074,0.263060599565506,0.2896,0.1227,1.0,,,,0.0,,,,
8957,P35557,V,427,Y,NONSYN,0.33250944557826595,0.2097508094545281,0.08420844456675343,-1.7571333333333332,100.0,2.0,6.0,0.47406933239693894,0.159702185188142,0.5742323672173321,0.4741,0.159702185188142,0.47406933239693894,0.159702185188142,,0.159702185188142,0.112926498116845,0.2585,0.21558735302682175,0.3682323694229126,0.4555,0.108,1.0,,,,0.0,,,,
8958,P35557,V,427,N,NONSYN,0.2445312890805706,0.08053681168084072,0.044652394603920086,-2.1033666666666666,100.0,2.0,6.0,0.175831806188501,0.10822154113353999,0.8780332450814954,0.1758,0.10822154113353999,0.175831806188501,0.10822154113353999,,0.10822154113353999,0.076524185605985,0.1475,0.028366279130853295,0.30020785331726074,0.1741,0.0742,1.0,,,,0.0,,,,
8959,P35557,V,427,C,NONSYN,0.4349501020449153,1.2474607169121021,0.22695251850487008,-0.9503666666666666,100.0,2.0,6.0,0.687267201102525,0.0654643744912869,0.2767799269873585,0.6873,0.0654643744912869,0.687267201102525,0.0654643744912869,,0.0654643744912869,0.04629030312892461,0.9899,0.30266688569709654,0.6364866495132446,0.6889,0.0462,1.0,,,,0.0,,,,
8960,P35557,V,427,P,NONSYN,0.17175025849116904,0.19697031311797375,0.09392480104972468,-1.883333333333333,100.0,2.0,6.0,0.29362716436198605,0.0912412013680029,0.7899461650031828,0.2936,0.0912412013680029,0.29362716436198605,0.0912412013680029,,0.0912412013680029,0.06451727221092214,0.2585,0.03514518499186886,0.37077581882476807,0.2926,0.0636,1.0,,,,0.0,,,,
8961,P35557,V,427,E,NONSYN,0.32079411141973807,0.21615384598047074,0.09130850290912011,-1.7854,100.0,2.0,6.0,-0.202363448889617,0.0898326481009077,0.9811344121138772,-0.2024,0.0898326481009077,-0.202363448889617,0.0898326481009077,,0.0898326481009077,0.06352127464409667,0.2585,0.4608454282597342,0.37239816784858704,-0.1893,0.0626,1.0,,,,0.0,,,,
8962,P35557,V,427,M,NONSYN,0.4348220015603004,1.2270020207888048,0.06725762484243676,-0.2969,100.0,2.0,6.0,-0.199601022906141,0.129744843116762,0.980876333108937,-0.1996,0.129744843116762,-0.199601022906141,0.129744843116762,,0.129744843116762,0.09174345839184715,0.9765,1.1760916397045418,0.4927061200141907,-0.1602,0.0902,1.0,,,,0.0,,,,
8963,P35557,V,427,W,NONSYN,0.20407639127029992,-0.1410696975651199,0.052552113960458356,-1.7649666666666668,100.0,2.0,6.0,0.869307181747155,0.329285938140507,0.11133267115900992,0.8693,0.329285938140507,0.869307181747155,0.329285938140507,,0.329285938140507,0.23284031980852649,0.0833,0.7860388373448418,0.2832309305667877,0.5523,0.1799,1.0,,,,0.0,,,,
8964,P35557,V,427,H,NONSYN,0.2484595230317529,0.13964460218717376,0.062399832474197975,-2.2815999999999996,100.0,2.0,6.0,0.0432251737619809,0.0877545027504474,0.936190541636264,0.0432,0.0877545027504474,0.0432251737619809,0.0877545027504474,,0.0877545027504474,0.06205180397449488,0.242,0.19874032873855316,0.34118181467056274,0.0496,0.0611,1.0,,,,0.0,,,,
8965,P35557,V,427,Q,NONSYN,0.31633139311143543,0.16126313118191635,0.09036970011983102,-1.7866,100.0,2.0,6.0,-0.0376913044939537,0.105546126089215,0.957323075528711,-0.0377,0.105546126089215,-0.0376913044939537,0.105546126089215,,0.105546126089215,0.0746323814856543,0.2403,0.2780380640516777,0.37239816784858704,-0.027,0.0732,1.0,,,,0.0,,,,
8966,P35557,V,427,*,STOP,,,,,100.0,2.0,6.0,0.0489635299184772,0.05,0.9343506559659028,0.049,0.05,0.0489635299184772,0.05,,0.05,0.035355339059327376,,,,0.049,0.0354,,,,,0.0,,,,
8967,P35557,R,428,S,NONSYN,0.4030125793742561,1.1388164932369407,0.034796280768667746,-0.8416666666666667,100.0,2.0,6.0,1.10775697619746,0.20430078375263103,0.02666645703878218,1.1078,0.20430078375263103,1.10775697619746,0.20430078375263103,,0.20430078375263103,0.14446246959321182,0.9033,0.20442963034937645,0.39444130659103394,1.0836,0.1357,0.96,,,,118.72487172722386,,,,
8968,P35557,R,428,A,NONSYN,0.3189859929557896,1.0062896935775945,0.08139437509997649,-1.0746,100.0,2.0,6.0,1.24526152833941,0.125940435036172,0.010949060410660892,1.2453,0.125940435036172,1.24526152833941,0.125940435036172,,0.125940435036172,0.08905333563966107,0.9103,0.3349203847313167,0.4037080407142639,1.2297,0.087,0.838,,,,118.72487172722386,,,,
8969,P35557,R,428,V,NONSYN,0.398009908378716,1.2036159574549046,0.048222029074829996,-1.9711666666666667,100.0,2.0,6.0,0.9003417288794191,0.039044869072815,0.09352262512491283,0.9003,0.039044869072815,0.9003417288794191,0.039044869072815,,0.039044869072815,0.02760889169192839,1.0751,0.17470838670590805,0.47887060046195984,0.9009,0.0276,0.653,,,,118.72487172722386,,,,
8970,P35557,R,428,R,SYN,,,,,100.0,2.0,6.0,1.0507074477162701,0.05,0.03813624635882114,1.0507,0.05,1.0507074477162701,0.05,,0.05,0.035355339059327376,,,,1.0507,0.0354,,,,,118.72487172722386,,,,
8971,P35557,R,428,D,NONSYN,0.1122725979085614,1.12506271692926,0.05628804104658288,-1.7069333333333334,100.0,2.0,6.0,1.2882720116543798,0.0676096401070877,0.00823266362715217,1.2883,0.0676096401070877,1.2882720116543798,0.0676096401070877,,0.0676096401070877,0.047807234993303686,0.899,0.3892996195721654,0.40464043617248535,1.2829,0.0475,0.978,,,,118.72487172722386,,,,
8972,P35557,R,428,F,NONSYN,0.3436253892885596,0.8952902048693424,0.06028496740568872,-2.1555666666666666,100.0,2.0,6.0,1.25054530078837,0.0330081883964421,0.0105738141619888,1.2505,0.0330081883964421,1.25054530078837,0.0330081883964421,,0.0330081883964421,0.02334031384980732,0.89,0.3605085986323031,0.385029137134552,1.2492,0.0233,0.897,,,,118.72487172722386,,,,
8973,P35557,R,428,T,NONSYN,0.292232657128476,1.0012493582101012,0.07445184858535014,-1.0614333333333332,100.0,2.0,6.0,1.2603825344418897,0.187979761941588,0.00990793514618164,1.2604,0.187979761941588,1.2603825344418897,0.187979761941588,,0.187979761941588,0.13292176439472975,0.9103,0.3500413908337965,0.39767780900001526,1.2252,0.1261,0.9259999999999999,,,,118.72487172722386,,,,
8974,P35557,R,428,I,NONSYN,0.35928103966798514,1.0004779722439197,0.015922454297134302,-2.1296999999999997,100.0,2.0,6.0,0.9349819986646379,0.248883687488566,0.07660565663266612,0.935,0.248883687488566,0.9349819986646379,0.248883687488566,,0.248883687488566,0.17598734314987852,0.9103,0.024640855056544675,0.46164870262145996,0.9319,0.1644,0.722,,,,118.72487172722386,,,,
8975,P35557,R,428,L,NONSYN,0.3775202648814329,1.1061575861932733,0.04626854791076382,-1.8647666666666665,100.0,2.0,6.0,0.8730412766438539,0.0766260449705764,0.10904788206578432,0.873,0.0766260449705764,0.8730412766438539,0.0766260449705764,,0.0766260449705764,0.05418279601419992,0.9339,0.06083458213986803,0.390068918466568,0.8742,0.0537,0.03,,,,118.72487172722386,,,,
8976,P35557,R,428,K,NONSYN,0.4996982892545154,0.7653598723463201,0.10005109856076234,-0.31583333333333335,100.0,2.0,6.0,2.07185618372131,0.10127735927624,3.0224462937788998e-05,2.0719,0.10127735927624,2.07185618372131,0.10127735927624,,0.10127735927624,0.07161390752489559,0.8696,1.2022914120690884,0.44766396284103394,2.0419,0.0707,0.381,,,,118.72487172722386,,,,
8977,P35557,R,428,G,NONSYN,0.4710347881166008,0.9014175800970613,0.022985625840541646,-1.865,100.0,2.0,6.0,1.48726129493249,0.18680327169682998,0.0021271373969191532,1.4873,0.18680327169682998,1.48726129493249,0.18680327169682998,,0.18680327169682998,0.13208986016466154,0.8406,0.64665591678155,0.40900900959968567,1.4262,0.1257,0.96,,,,118.72487172722386,,,,
8978,P35557,R,428,Y,NONSYN,0.3907391645635834,1.2441968092247497,0.057487775636121875,-1.6721666666666666,100.0,2.0,6.0,0.9308697347679108,0.0459787923538527,0.07846186784155092,0.9309,0.0459787923538527,0.9308697347679108,0.0459787923538527,,0.0459787923538527,0.032511915864177426,1.0779,0.14700468730545346,0.494692862033844,0.9315,0.0324,0.713,,,,118.72487172722386,,,,
8979,P35557,R,428,N,NONSYN,0.4070897773431755,1.0421118234291862,0.06003109131267051,-0.6592999999999999,100.0,2.0,6.0,0.9784337370187021,0.0569310574054469,0.059255757377731075,0.9784,0.0569310574054469,0.9784337370187021,0.0569310574054469,,0.0569310574054469,0.04025633675151211,0.9103,0.0680925934106088,0.39639392495155334,0.9777,0.0401,0.9259999999999999,,,,118.72487172722386,,,,
8980,P35557,R,428,C,NONSYN,0.3945781846907973,1.0120247288389927,0.06008421405373501,-2.1973999999999996,100.0,2.0,6.0,0.86696693015374,0.050024684098669996,0.11278504963120504,0.867,0.050024684098669996,0.86696693015374,0.050024684098669996,,0.050024684098669996,0.03537279335288441,0.8086,0.05832764220513165,0.4004663825035095,0.8665,0.0352,1.0,,,,118.72487172722386,,,,
8981,P35557,R,428,P,NONSYN,0.180066694070857,1.2354676804515936,0.04806279174069428,-1.7161666666666668,100.0,2.0,6.0,0.9570571210873791,0.141494425701347,0.06729263644252767,0.9571,0.141494425701347,0.9570571210873791,0.141494425701347,,0.141494425701347,0.10005166791351856,1.0026,0.045543787192039886,0.5139299631118774,0.9587,0.0982,0.998,,,,118.72487172722386,,,,
8982,P35557,R,428,E,NONSYN,0.2774716424939038,1.1104840805185239,0.058138220702593196,-0.8858,100.0,2.0,6.0,1.19275421435271,0.0518837385080593,0.015444931257522516,1.1928,0.0518837385080593,1.19275421435271,0.0518837385080593,,0.0518837385080593,0.03668734333235833,0.9308,0.26192004019652093,0.4046453833580017,1.1906,0.0365,0.79,,,,118.72487172722386,,,,
8983,P35557,R,428,M,NONSYN,0.37044865400284027,1.2044670129929198,0.0718548669652375,-1.0532666666666668,100.0,2.0,6.0,0.6507295700934339,0.20536697938307102,0.3228022729006389,0.6507,0.20536697938307102,0.6507295700934339,0.20536697938307102,,0.20536697938307102,0.1452163837535674,1.0371,0.3863769438836169,0.5100095272064209,0.6797,0.1397,0.948,,,,118.72487172722386,,,,
8984,P35557,R,428,W,NONSYN,0.38841440406711497,1.0286230094441422,0.0598874556518004,-2.1376333333333335,100.0,2.0,6.0,0.85054688706397,0.0441520057649669,0.12342765529108916,0.8505,0.0441520057649669,0.85054688706397,0.0441520057649669,,0.0441520057649669,0.031220182679395636,0.9167,0.06612844214440405,0.37643203139305115,0.851,0.0311,0.055,,,,118.72487172722386,,,,
8985,P35557,R,428,H,NONSYN,0.3580838527509595,0.887669850551427,0.09499692453136989,-0.45376666666666665,100.0,2.0,6.0,0.825824279737389,0.14295608441724802,0.1409998060863564,0.8258,0.14295608441724802,0.825824279737389,0.14295608441724802,,0.14295608441724802,0.10108521670331261,0.8996,0.07373402600296741,0.4336552619934082,0.8296,0.0984,0.065,,,,118.72487172722386,,,,
8986,P35557,R,428,Q,NONSYN,0.3675437003413988,0.999004077036267,0.03827496258129117,-0.5823,100.0,2.0,6.0,0.491821600282869,0.395608916037876,0.5489032527250983,0.4918,0.395608916037876,0.491821600282869,0.395608916037876,,0.395608916037876,0.27973774722824163,0.9103,0.4185195433252243,0.3979727327823639,0.6302,0.2289,0.902,,,,118.72487172722386,,,,
8987,P35557,R,428,*,STOP,,,,,100.0,2.0,6.0,-0.17038122138349102,0.05,0.9779141115119978,-0.1704,0.05,-0.17038122138349102,0.05,,0.05,0.035355339059327376,,,,-0.1704,0.0354,,,,,118.72487172722386,,,,
8988,P35557,R,429,S,NONSYN,0.4030125793742561,1.1056475612596908,0.03865126836081374,-0.8416666666666667,100.0,2.0,6.0,1.14131488432977,0.12177161342614601,0.021531424685438297,1.1413,0.12177161342614601,1.14131488432977,0.12177161342614601,,0.12177161342614601,0.08610553360965467,0.9339,0.2074390255460481,0.39558279514312744,1.1319,0.0841,0.063,,,4.16427e-06,138.75708818745449,,,,
8989,P35557,R,429,A,NONSYN,0.3189859929557896,1.226945731488781,0.07374568462381652,-1.0746,100.0,2.0,6.0,1.34678336996657,0.0798079345984912,0.005560903986381783,1.3468,0.0798079345984912,1.34678336996657,0.0798079345984912,,0.0798079345984912,0.05643273174708561,1.0811,0.2656976880512869,0.49321985244750977,1.3434,0.0561,0.08199999999999999,,,,138.75708818745449,,,,
8990,P35557,R,429,V,NONSYN,0.398009908378716,1.0031244850434553,0.022053004380943656,-1.9711666666666667,100.0,2.0,6.0,1.4049415487203702,0.199045614925644,0.003747337588042104,1.4049,0.199045614925644,1.4049415487203702,0.199045614925644,,0.199045614925644,0.14074650407936914,0.9167,0.4882662195119962,0.38003265857696533,1.346,0.132,0.115,,,,138.75708818745449,,,,
8991,P35557,R,429,R,SYN,,,,,100.0,2.0,6.0,1.1391122623217,0.05,0.021837414765168376,1.1391,0.05,1.1391122623217,0.05,,0.05,0.035355339059327376,,,,1.1391,0.0354,,,,,138.75708818745449,,,,
8992,P35557,R,429,D,NONSYN,0.1122725979085614,1.0394729182219924,0.032538092995290896,-1.7069333333333334,100.0,2.0,6.0,0.867795465504114,0.227426344807142,0.11226904397089185,0.8678,0.227426344807142,0.867795465504114,0.227426344807142,,0.227426344807142,0.16081471063360006,0.9167,0.04887986370426001,0.3940907120704651,0.8748,0.1489,0.001,,,,138.75708818745449,,,,
8993,P35557,R,429,F,NONSYN,0.3436253892885596,1.5364480428158769,0.08126244790432116,-2.1555666666666666,100.0,2.0,6.0,0.9330009473132959,0.0372937150785485,0.07749496386896483,0.933,0.0372937150785485,0.9330009473132959,0.0372937150785485,,0.0372937150785485,0.02637063882768064,1.0838,0.15083298556329106,0.46002915501594543,0.9335,0.0263,0.789,,,,138.75708818745449,,,,
8994,P35557,R,429,T,NONSYN,0.292232657128476,1.141448025016891,0.039753545966777805,-1.0614333333333332,100.0,2.0,6.0,1.60327648938224,0.27534482913526004,0.000944075147810182,1.6033,0.27534482913526004,1.60327648938224,0.27534482913526004,,0.27534482913526004,0.19469819584619363,0.9572,0.6460304242424695,0.3971449136734009,1.4781,0.1748,0.11900000000000001,,,,138.75708818745449,,,,
8995,P35557,R,429,I,NONSYN,0.35928103966798514,1.228001058741662,0.05416713618262803,-2.1296999999999997,100.0,2.0,6.0,1.85834189953594,0.25969586737857897,0.0001496497067762697,1.8583,0.25969586737857897,1.85834189953594,0.25969586737857897,,0.25969586737857897,0.1836327088695155,1.08,0.7783914476850489,0.4725196361541748,1.7562,0.1712,0.562,,,,138.75708818745449,,,,
8996,P35557,R,429,L,NONSYN,0.3775202648814329,1.1780333551732367,0.050076442374328504,-1.8647666666666665,100.0,2.0,6.0,1.02614838303717,0.0569443941444202,0.04437280714546304,1.0261,0.0569443941444202,1.02614838303717,0.0569443941444202,,0.0569443941444202,0.04026576725007905,1.0256,0.000597063914855589,0.5018047094345093,1.0261,0.0401,0.069,,,,138.75708818745449,,,,
8997,P35557,R,429,K,NONSYN,0.4996982892545154,1.1002517732725507,0.04434169750515248,-0.31583333333333335,100.0,2.0,6.0,1.01526819125453,0.12650017004029,0.04742681835111785,1.0153,0.12650017004029,1.01526819125453,0.12650017004029,,0.12650017004029,0.08944912805674038,0.9339,0.08139233247080813,0.4014646112918854,1.0114,0.0873,0.0,,,,138.75708818745449,,,,
8998,P35557,R,429,G,NONSYN,0.4710347881166008,1.1700081079256601,0.049587084255262766,-1.865,100.0,2.0,6.0,1.0502241247799,0.0641914700815578,0.03825069126628071,1.0502,0.0641914700815578,1.0502241247799,0.0641914700815578,,0.0641914700815578,0.045390223789002905,0.9894,0.060849546780785024,0.4476236402988434,1.0496,0.0452,0.11900000000000001,,,,138.75708818745449,,,,
8999,P35557,R,429,Y,NONSYN,0.3907391645635834,0.969093276050217,0.062084994354920826,-1.6721666666666666,100.0,2.0,6.0,1.0789343920194399,0.0373898355611615,0.031980714424595734,1.0789,0.0373898355611615,1.0789343920194399,0.0373898355611615,,0.0373898355611615,0.026438606272747217,0.9102,0.16875465778939835,0.3960433304309845,1.0782,0.0264,0.551,,,,138.75708818745449,,,,
9000,P35557,R,429,N,NONSYN,0.4070897773431755,1.0875717326164507,0.05746491104418446,-0.6592999999999999,100.0,2.0,6.0,1.15540386786255,0.0412863827934072,0.019668556728541346,1.1554,0.0412863827934072,1.15540386786255,0.0412863827934072,,0.0412863827934072,0.029193881243881822,0.9262,0.2292079483488476,0.39753541350364685,1.1542,0.0291,0.08199999999999999,,,,138.75708818745449,,,,
9001,P35557,R,429,C,NONSYN,0.3945781846907973,1.3791345090135188,0.0669312260095214,-2.1973999999999996,100.0,2.0,6.0,0.692399232980172,0.10127865784106402,0.2706250965256664,0.6924,0.10127865784106402,0.692399232980172,0.10127865784106402,,0.10127865784106402,0.07161482574888847,1.0452,0.35280683696611703,0.48930931091308594,0.6998,0.0709,0.973,,,8.32854e-06,138.75708818745449,,,,
9002,P35557,R,429,P,NONSYN,0.180066694070857,0.998984660767818,0.056392122650665816,-1.7161666666666668,100.0,2.0,6.0,0.9892602378666371,0.11635527615600999,0.05552638784653458,0.9893,0.11635527615600999,0.9892602378666371,0.11635527615600999,,0.11635527615600999,0.08227560479674806,0.9145,0.07477609460949597,0.3960433304309845,0.9862,0.0806,0.46799999999999997,,,,138.75708818745449,,,,
9003,P35557,R,429,E,NONSYN,0.2774716424939038,1.2145007073862968,0.035669935726702476,-0.8858,100.0,2.0,6.0,0.814755445949952,0.13717396982355198,0.14949367705277317,0.8148,0.13717396982355198,0.814755445949952,0.13717396982355198,,0.13717396982355198,0.09699664426451243,1.0793,0.26456188536413494,0.4936773478984833,0.8246,0.0952,0.0,,,,138.75708818745449,,,,
9004,P35557,R,429,M,NONSYN,0.37044865400284027,1.3637915812261934,0.07341374651506553,-1.0532666666666668,100.0,2.0,6.0,0.9362458207543329,0.0851385179780873,0.07604305291438848,0.9362,0.0851385179780873,0.9362458207543329,0.0851385179780873,,0.0851385179780873,0.060202023402478315,1.0859,0.14966414189978083,0.48458412289619446,0.9385,0.0597,0.4920000000000001,,,,138.75708818745449,,,,
9005,P35557,R,429,W,NONSYN,0.38841440406711497,1.3987614651898685,0.07762156112940964,-2.1376333333333335,100.0,2.0,6.0,1.3460606801913202,0.1086436263874,0.005588084056484797,1.3461,0.1086436263874,1.3460606801913202,0.1086436263874,,0.1086436263874,0.07682264495122826,1.0452,0.30085461024503113,0.48930931091308594,1.3388,0.0759,0.975,,,,138.75708818745449,,,,
9006,P35557,R,429,H,NONSYN,0.3580838527509595,0.936288632732658,0.03973046989438519,-0.45376666666666665,100.0,2.0,6.0,1.3066448675696298,0.160607796168583,0.0072822879735164265,1.3066,0.160607796168583,1.3066448675696298,0.160607796168583,,0.160607796168583,0.11356686178223184,0.8974,0.40927780738515107,0.4064828157424927,1.277,0.1094,0.387,,,0.0,138.75708818745449,,,,
9007,P35557,R,429,Q,NONSYN,0.3675437003413988,1.0922680604607107,0.05072591250558984,-0.5823,100.0,2.0,6.0,0.8387065843854721,0.0888364839646368,0.13160612631074306,0.8387,0.0888364839646368,0.8387065843854721,0.0888364839646368,,0.0888364839646368,0.06281688022816466,0.9304,0.0916521235193436,0.3971199095249176,0.8409,0.062,0.0,,,,138.75708818745449,,,,
9008,P35557,R,429,*,STOP,,,,,100.0,2.0,6.0,0.0168984181933478,0.05,0.9440053223220346,0.0169,0.05,0.0168984181933478,0.05,,0.05,0.035355339059327376,,,,0.0169,0.0354,,,,,138.75708818745449,,,,
9009,P35557,L,430,S,NONSYN,0.3696688568840947,0.30490211404744333,0.03934250341757803,-1.8501333333333332,100.0,2.0,6.0,0.40742933279121296,0.154139144253682,0.6642290027106303,0.4074,0.154139144253682,0.40742933279121296,0.154139144253682,,0.154139144253682,0.10899283414807,0.3241,0.0832991254910268,0.36481988430023193,0.4006,0.1044,1.0,,,,6.9939365392699,,,,
9010,P35557,L,430,A,NONSYN,0.2800117097075371,0.24977265890513933,0.06634435124230185,-1.3620666666666665,100.0,2.0,6.0,0.389120587906827,0.0597798126761472,0.6870899062189801,0.3891,0.0597798126761472,0.389120587906827,0.0597798126761472,,0.0597798126761472,0.042270710921365216,0.2859,0.10319084843157678,0.36200082302093506,0.3877,0.042,0.998,,,,6.9939365392699,,,,
9011,P35557,L,430,V,NONSYN,0.45006845647116095,0.7481335759175455,0.046770285096157306,0.05460000000000006,100.0,2.0,6.0,0.385749195641376,0.0627752723958969,0.6911973206014944,0.3857,0.0627752723958969,0.385749195641376,0.0627752723958969,,0.0627752723958969,0.04438882080197139,0.8549,0.46918776171793797,0.388655424118042,0.3918,0.0441,0.8590000000000001,,,,6.9939365392699,,,,
9012,P35557,L,430,R,NONSYN,0.2792328090176149,0.3929280916163764,0.04623662419078293,-1.8351333333333333,100.0,2.0,6.0,0.143351400084414,0.114625497364685,0.8956863542770602,0.1434,0.114625497364685,0.143351400084414,0.114625497364685,,0.114625497364685,0.08105246648344949,0.3726,0.22920784931667854,0.37835243344306946,0.1534,0.0793,1.0,,,,6.9939365392699,,,,
9013,P35557,L,430,D,NONSYN,0.15709418040401155,0.2788748929884039,0.0267950645107656,-2.512333333333333,100.0,2.0,6.0,0.296292658593297,0.0680819983362475,0.787466960226454,0.2963,0.0680819983362475,0.296292658593297,0.0680819983362475,,0.0680819983362475,0.04814124270029185,0.3022,0.0058650414685010865,0.3437517285346985,0.2964,0.0477,1.0,,,,6.9939365392699,,,,
9014,P35557,L,430,F,NONSYN,0.463424518412456,0.6645860366509356,0.03638880288487168,0.48950000000000005,,,,,,,,,,,,,,0.6786,,0.40398699045181274,0.6786,0.404,0.998,,,,6.9939365392699,,,,
9015,P35557,L,430,T,NONSYN,0.3205067496312658,0.16734891706034669,0.05931157909457598,-1.3817666666666666,100.0,2.0,6.0,0.636391813441205,0.139572194547665,0.3418231800808678,0.6364,0.139572194547665,0.636391813441205,0.139572194547665,,0.139572194547665,0.09869244522974199,0.2656,0.3708091327389955,0.3634738326072693,0.6109,0.0952,0.998,,,,6.9939365392699,,,,
9016,P35557,L,430,I,NONSYN,0.3599458773266949,0.5911223478606543,0.047498647819625615,-0.11156666666666663,100.0,2.0,6.0,0.8567828798120491,0.0520078767445203,0.11929155098474467,0.8568,0.0520078767445203,0.8567828798120491,0.0520078767445203,,0.0520078767445203,0.03677512232116445,0.7835,0.07328101633243489,0.4134107232093811,0.8562,0.0366,0.86,,,,6.9939365392699,,,,
9017,P35557,L,430,L,SYN,,,,,100.0,2.0,6.0,0.882742617062058,0.05,0.10329652699908418,0.8827,0.05,0.882742617062058,0.05,,0.05,0.035355339059327376,,,,0.8827,0.0354,,,,,6.9939365392699,,,,
9018,P35557,L,430,K,NONSYN,0.16637828819819184,0.3970286941125343,0.04663924524531122,-1.8327,100.0,2.0,6.0,0.13104959259594,0.11165086921844698,0.9017327708382978,0.131,0.11165086921844698,0.13104959259594,0.11165086921844698,,0.11165086921844698,0.07894908674973622,0.4159,0.28486434688007317,0.4078444838523865,0.1413,0.0775,0.9990000000000001,,,,6.9939365392699,,,,
9019,P35557,L,430,G,NONSYN,0.3375782897720982,0.35397108320549364,0.025352366965300285,-2.5354666666666663,100.0,2.0,6.0,0.0710040879420278,0.0773909037453882,0.9267927351733063,0.071,0.0773909037453882,0.0710040879420278,0.0773909037453882,,0.0773909037453882,0.05472363284051938,0.3482,0.2772083329983714,0.3642438054084778,0.0771,0.0541,1.0,,,,6.9939365392699,,,,
9020,P35557,L,430,Y,NONSYN,0.3932294491632085,0.30055998409913537,0.04026389171715358,-1.3710666666666667,100.0,2.0,6.0,0.23675861232483897,0.23156139873372197,0.8375438590650902,0.2368,0.23156139873372197,0.23675861232483897,0.23156139873372197,,0.23156139873372197,0.16373863530565683,0.4124,0.17565006739890066,0.41109681129455566,0.2608,0.1521,0.993,,,,6.9939365392699,,,,
9021,P35557,L,430,N,NONSYN,0.1790631080953343,0.12211064547046525,0.07738760305512803,-2.4369,100.0,2.0,6.0,0.5644917347001049,0.0464258072921935,0.44306111788424307,0.5645,0.0464258072921935,0.5644917347001049,0.0464258072921935,,0.0464258072921935,0.03282800315836989,0.2172,0.3472943462895367,0.34571871161460876,0.5614,0.0327,1.0,,,,6.9939365392699,,,,
9022,P35557,L,430,C,NONSYN,0.3444819501115762,0.7310224488867019,0.05713444783765506,-1.3948999999999998,100.0,2.0,6.0,-0.12383244905062599,0.0782766509078253,0.9721919365478934,-0.1238,0.0782766509078253,-0.12383244905062599,0.0782766509078253,,0.0782766509078253,0.05534995066549539,0.7199,0.843718751998624,0.4256103038787842,-0.1098,0.0549,1.0,,,,6.9939365392699,,,,
9023,P35557,L,430,P,NONSYN,0.3101239067988947,0.464151365330403,0.09199287512621777,-2.2839666666666667,100.0,2.0,6.0,0.09419899214628899,0.31149789216527196,0.9179349019376055,0.0942,0.31149789216527196,0.09419899214628899,0.31149789216527196,,0.31149789216527196,0.22026227187537972,0.409,0.3147779799568299,0.4162476062774658,0.1631,0.1947,1.0,,,,6.9939365392699,,,,
9024,P35557,L,430,E,NONSYN,0.22335052551716408,0.24323160492947393,0.07644011613626679,-2.4328000000000003,100.0,2.0,6.0,0.20112885632307897,0.0691292348662257,0.8624544697585039,0.2011,0.0691292348662257,0.20112885632307897,0.0691292348662257,,0.0691292348662257,0.0488817507521457,0.2639,0.0628024776956283,0.34571871161460876,0.2024,0.0484,1.0,,,,6.9939365392699,,,,
9025,P35557,L,430,M,NONSYN,0.4855550162170784,0.6263079629648767,0.03809779197356858,-0.2331333333333333,100.0,2.0,6.0,0.7512260344993821,0.131107038290248,0.20611246609664582,0.7512,0.131107038290248,0.7512260344993821,0.131107038290248,,0.131107038290248,0.0927066758363187,0.8036,0.05242339100720972,0.42497119307518005,0.7536,0.0906,0.8859999999999999,,,,6.9939365392699,,,,
9026,P35557,L,430,W,NONSYN,0.28885364138641745,0.227276775157189,0.0523682458040035,-1.8677333333333335,100.0,2.0,6.0,0.640305349461976,0.0474980537452046,0.3365826394956841,0.6403,0.0474980537452046,0.640305349461976,0.0474980537452046,,0.0474980537452046,0.03358619589639726,0.2601,0.3802046271490488,0.3587074279785156,0.637,0.0334,1.0,,,,6.9939365392699,,,,
9027,P35557,L,430,H,NONSYN,0.29725486605293433,0.122866661608881,0.08254152425252514,-1.9786333333333335,100.0,2.0,6.0,0.626833504968025,0.38130590952129295,0.3547671265624428,0.6268,0.38130590952129295,0.626833504968025,0.38130590952129295,,0.38130590952129295,0.26962399432901035,0.2172,0.4096361165574568,0.35048967599868774,0.4745,0.2137,1.0,,,,6.9939365392699,,,,
9028,P35557,L,430,Q,NONSYN,0.3225298006389851,0.30186449610605903,0.025773506197173293,-1.5422,100.0,2.0,6.0,1.5671881464284398,0.0395462380983838,0.0012176010376949357,1.5672,0.0395462380983838,1.5671881464284398,0.0395462380983838,,0.0395462380983838,0.02796341312978498,0.3241,1.2430579391282537,0.3748011589050293,1.5603,0.0279,1.0,,,,6.9939365392699,,,,
9029,P35557,L,430,*,STOP,,,,,100.0,2.0,6.0,-0.34446020908337294,0.05,0.9905480384886961,-0.3445,0.05,-0.34446020908337294,0.05,,0.05,0.035355339059327376,,,,-0.3445,0.0354,,,,,6.9939365392699,,,,
9030,P35557,T,431,S,NONSYN,0.5112342370012433,0.8300663061818564,0.1414417551799961,-0.33873333333333333,100.0,2.0,6.0,1.3949525053278402,0.246134268882166,0.0040114932404041815,1.395,0.246134268882166,1.3949525053278402,0.246134268882166,,0.246134268882166,0.1740432106089726,0.8918,0.5031423861757711,0.5062441229820251,1.3418,0.1646,0.10099999999999999,,,,2.7195138869820066,,,,
9031,P35557,T,431,A,NONSYN,0.4371005638552374,1.2102049659254097,0.1381346983421958,-0.5245,100.0,2.0,6.0,1.2147534975470602,0.14515917388888902,0.013379354455578734,1.2148,0.14515917388888902,1.2147534975470602,0.14515917388888902,,0.14515917388888902,0.10264303620827064,1.0793,0.13543616623297328,0.561444103717804,1.2104,0.101,0.002,,,,2.7195138869820066,,,,
9032,P35557,T,431,V,NONSYN,0.335359974884157,1.3726467638853965,0.13841225074075345,-0.4691,100.0,2.0,6.0,0.7274281036670992,0.14031953863070099,0.23083641283386838,0.7274,0.14031953863070099,0.7274281036670992,0.14031953863070099,,0.14031953863070099,0.09922089729873637,1.0859,0.35848185898701457,0.5631589293479919,0.7382,0.0977,0.426,,,,2.7195138869820066,,,,
9033,P35557,T,431,R,NONSYN,0.3928132642818517,0.610114281361014,0.10649676313580649,-1.2489999999999999,100.0,2.0,6.0,0.135921424581008,0.13833208500384697,0.89937836982451,0.1359,0.13833208500384697,0.135921424581008,0.13833208500384697,,0.13833208500384697,0.09781555536189411,0.6592,0.5232565939889383,0.4951619505882263,0.1556,0.096,1.0,,,,2.7195138869820066,,,,
9034,P35557,T,431,D,NONSYN,0.24736015353784535,0.4169761315716323,0.11009633356517208,-1.2412666666666667,100.0,2.0,6.0,0.715335873949153,0.0714297405280136,0.24412363438050058,0.7153,0.0714297405280136,0.715335873949153,0.0714297405280136,,0.0714297405280136,0.050508453905753974,0.6601,0.05519476352892594,0.49839773774147034,0.7148,0.0503,0.887,,,,2.7195138869820066,,,,
9035,P35557,T,431,F,NONSYN,0.2626450658678516,0.9428530900561131,0.13673381531372478,-1.4809,100.0,2.0,6.0,0.41777157690893396,0.0879893523344245,0.6509191539476703,0.4178,0.0879893523344245,0.41777157690893396,0.0879893523344245,,0.0879893523344245,0.062217867707883935,0.7827,0.36493957135308996,0.5143489241600037,0.423,0.0618,1.0,,,,2.7195138869820066,,,,
9036,P35557,T,431,T,SYN,,,,,100.0,2.0,6.0,1.1100821761436899,0.05,0.026276206638533375,1.1101,0.05,1.1100821761436899,0.05,,0.05,0.035355339059327376,,,,1.1101,0.0354,,,,,2.7195138869820066,,,,
9037,P35557,T,431,I,NONSYN,0.39900335367527456,1.149737750660802,0.05378573295056491,-0.8405666666666667,100.0,2.0,6.0,1.2361189818767,0.0959993027733118,0.01162883844134743,1.2361,0.0959993027733118,1.2361189818767,0.0959993027733118,,0.0959993027733118,0.0678817579801893,0.9158,0.320294687786429,0.39639392495155334,1.227,0.0669,0.9640000000000001,,,,2.7195138869820066,,,,
9038,P35557,T,431,L,NONSYN,0.3692076635094301,0.6695752856336344,0.1587394822068522,-1.2598666666666667,100.0,2.0,6.0,0.8631442234383291,0.0651643719950135,0.11519164584034254,0.8631,0.0651643719950135,0.8631442234383291,0.0651643719950135,,0.0651643719950135,0.04607816932943679,0.7249,0.13819808219534813,0.5160873532295227,0.8621,0.0459,0.9590000000000001,,,,2.7195138869820066,,,,
9039,P35557,T,431,K,NONSYN,0.35305220057868336,1.5956117923024398,0.036593436883142434,-0.8414,100.0,2.0,6.0,-0.101503143048214,0.192833410390739,0.9689319987964304,-0.1015,0.192833410390739,-0.101503143048214,0.192833410390739,,0.192833410390739,0.13635381212662,1.0676,1.1691477391480676,0.5055017471313477,-0.0222,0.1316,0.998,,,,2.7195138869820066,,,,
9040,P35557,T,431,G,NONSYN,0.43600131382643137,0.7758832318131841,0.12156225923302773,-1.4976,100.0,2.0,6.0,0.9186811516377209,0.279785072817709,0.08419882392692149,0.9187,0.279785072817709,0.9186811516377209,0.279785072817709,,0.279785072817709,0.197837922264174,0.8549,0.06374419427840694,0.4707992672920227,0.9091,0.1824,0.903,,,,2.7195138869820066,,,,
9041,P35557,T,431,Y,NONSYN,0.2452402164451186,0.792659988267615,0.1373738079971468,-1.4882666666666668,100.0,2.0,6.0,0.868350882274428,0.0677085105671853,0.11192424640656858,0.8684,0.0677085105671853,0.868350882274428,0.0677085105671853,,0.0677085105671853,0.04787714696609773,0.7464,0.12193836663416924,0.5175603628158569,0.8673,0.0477,0.998,,,,2.7195138869820066,,,,
9042,P35557,T,431,N,NONSYN,0.4084330644454248,1.4324503593306266,0.05010521731992734,-0.5004666666666666,100.0,2.0,6.0,0.54801731733141,0.565104506499042,0.46707952385750046,0.548,0.565104506499042,0.54801731733141,0.565104506499042,,0.565104506499042,0.39958922862455,1.0758,0.527814095937633,0.4885730743408203,0.7596,0.3093,0.941,,,,2.7195138869820066,,,,
9043,P35557,T,431,C,NONSYN,0.4354541497454498,0.8249394425173787,0.05246891992956063,-0.9072999999999999,100.0,2.0,6.0,0.600360936852453,0.378633944084341,0.39156346660361213,0.6004,0.378633944084341,0.600360936852453,0.378633944084341,,0.378633944084341,0.26773462944944554,0.7674,0.16707425620937566,0.43186840415000916,0.6467,0.2276,0.998,,,,2.7195138869820066,,,,
9044,P35557,T,431,P,NONSYN,0.34993609822478866,0.610114281361014,0.10649676313580649,-1.2489999999999999,100.0,2.0,6.0,1.04152723625619,0.5036529788749621,0.04036543391880711,1.0415,0.5036529788749621,1.04152723625619,0.5036529788749621,,0.5036529788749621,0.3561364367272906,0.7961,0.24539604261834214,0.46804279088974,0.9515,0.2834,0.855,,,,2.7195138869820066,,,,
9045,P35557,T,431,E,NONSYN,0.187606014059847,0.5783255918936463,0.10267647515612355,-0.9009666666666667,100.0,2.0,6.0,1.3402024887236499,0.05615323462151099,0.005813212063623538,1.3402,0.05615323462151099,1.3402024887236499,0.05615323462151099,,0.05615323462151099,0.039706332986429636,0.6356,0.704572000327959,0.4894639849662781,1.3356,0.0396,0.996,,,,2.7195138869820066,,,,
9046,P35557,T,431,M,NONSYN,0.3518740482942453,0.7767209190271286,0.05620366022725919,-0.8553000000000001,100.0,2.0,6.0,2.35516947677772,0.0665494685369549,3.3381051958397516e-06,2.3552,0.0665494685369549,2.35516947677772,0.0665494685369549,,0.0665494685369549,0.04705758048684159,0.7286,1.6265268342797037,0.4247584342956543,2.3354,0.0468,1.0,,,,2.7195138869820066,,,,
9047,P35557,T,431,W,NONSYN,0.2914737870902876,0.7349345369403609,0.07094843804524086,-1.5825333333333333,100.0,2.0,6.0,-0.0761046444432294,0.12478360929150699,0.9647503169981743,-0.0761,0.12478360929150699,-0.0761046444432294,0.12478360929150699,,0.12478360929150699,0.08823533631095727,0.7295,0.8056124483601605,0.4256103038787842,-0.0429,0.0864,1.0,,,,2.7195138869820066,,,,
9048,P35557,T,431,H,NONSYN,0.3614886802674268,0.873335777881224,0.12087985916672866,-1.2503,100.0,2.0,6.0,0.25186274669555997,0.4413609484785321,0.8258706786496012,0.2519,0.4413609484785321,0.25186274669555997,0.4413609484785321,,0.4413609484785321,0.31208931962009645,0.8302,0.5783417401513639,0.4753296673297882,0.4261,0.2609,0.993,,,,2.7195138869820066,,,,
9049,P35557,T,431,Q,NONSYN,0.1843049627657748,1.1632617718687353,0.05313997347594595,-0.8452333333333334,100.0,2.0,6.0,1.1955469182529,0.10226795840856699,0.015166708318359335,1.1955,0.10226795840856699,1.1955469182529,0.10226795840856699,,0.10226795840856699,0.07231436688880152,0.9158,0.27972262416262894,0.39639392495155334,1.1865,0.0711,0.972,,,,2.7195138869820066,,,,
9050,P35557,T,431,*,STOP,,,,,100.0,2.0,6.0,-0.0720217028233145,0.05,0.9640269347244952,-0.072,0.05,-0.0720217028233145,0.05,,0.05,0.035355339059327376,,,,-0.072,0.0354,,,,,2.7195138869820066,C,435.0,,
9051,P35557,P,432,S,NONSYN,0.4256921542014803,0.6206910172349817,0.11160657234981386,-1.0001,100.0,2.0,6.0,0.8281166538806729,0.15670859074787802,0.13928985804050212,0.8281,0.15670859074787802,0.8281166538806729,0.15670859074787802,,0.15670859074787802,0.110809707188012,0.8377,0.009561659374637155,0.4753296673297882,0.8286,0.1079,0.11599999999999999,,,,98.21625640666063,,,,
9052,P35557,P,432,A,NONSYN,0.4817034186214992,0.60188150576737,0.10419150052857389,-1.0804,100.0,2.0,6.0,0.8845451882835079,0.23099876662267602,0.10225682150823258,0.8845,0.23099876662267602,0.8845451882835079,0.23099876662267602,,0.23099876662267602,0.16334079432462292,0.8128,0.07175705943066368,0.4669573903083801,0.8767,0.1542,0.371,,,,98.21625640666063,,,,
9053,P35557,P,432,V,NONSYN,0.4383577870550538,0.6520189583092574,0.05982527010087715,-1.8745,100.0,2.0,6.0,1.3505144090923997,0.172231708493408,0.005422607395660687,1.3505,0.172231708493408,1.3505144090923997,0.172231708493408,,0.172231708493408,0.12178620901103347,0.7249,0.6255682678494188,0.41812583804130554,1.3016,0.1169,0.966,,,,98.21625640666063,,,,
9054,P35557,P,432,R,NONSYN,0.33291698217037546,1.3658255595097224,0.04283372135371586,-1.6794333333333331,100.0,2.0,6.0,0.9174994197618991,0.0785585386559633,0.08477416302533636,0.9175,0.0785585386559633,0.9174994197618991,0.0785585386559633,,0.0785585386559633,0.05554927540373717,1.0417,0.12416470377325717,0.5095299482345581,0.919,0.0552,0.992,,,,98.21625640666063,,,,
9055,P35557,P,432,D,NONSYN,0.13167158673135695,0.7981017866210253,0.045036253115750935,-1.6679666666666666,100.0,2.0,6.0,2.6206707384279904,0.0518438870185548,3.8956676504856647e-07,2.6207,0.0518438870185548,2.6206707384279904,0.0518438870185548,,0.0518438870185548,0.03665916407388932,0.8578,1.7628478433779415,0.4073818325996399,2.6065,0.0365,0.763,,,,98.21625640666063,,,,
9056,P35557,P,432,F,NONSYN,0.305723171027891,0.9815393885773319,0.14552929422719044,-2.4105666666666665,100.0,2.0,6.0,1.5375209504418001,0.127896853115237,0.0014991089855434733,1.5375,0.127896853115237,1.5375209504418001,0.127896853115237,,0.127896853115237,0.09043673213020388,0.8206,0.716895883684598,0.501711905002594,1.515,0.089,0.9990000000000001,,,,98.21625640666063,,,,
9057,P35557,P,432,T,NONSYN,0.3905683468454612,0.5480575599072394,0.1002150763329992,-1.1884333333333332,100.0,2.0,6.0,0.872502403715657,0.113224210082034,0.10937514024917815,0.8725,0.113224210082034,0.872502403715657,0.113224210082034,,0.113224210082034,0.0800616067434965,0.7895,0.08304138706068875,0.45102864503860474,0.87,0.0788,0.6859999999999999,,,,98.21625640666063,,,,
9058,P35557,P,432,I,NONSYN,0.29395116310669084,0.9677351219700366,0.060131672374410326,-2.2228666666666665,100.0,2.0,6.0,0.900578639451366,0.599003405542135,0.09339668738797945,0.9006,0.599003405542135,0.900578639451366,0.599003405542135,,0.599003405542135,0.42355937001267924,0.8536,0.046942017022471916,0.3874019682407379,0.875,0.2859,0.997,,,,98.21625640666063,,,,
9059,P35557,P,432,L,NONSYN,0.3804758514067072,1.098409609838212,0.15228745026737306,-2.067833333333333,100.0,2.0,6.0,1.05398029164389,0.15893544327213097,0.03736963430988157,1.054,0.15893544327213097,1.05398029164389,0.15893544327213097,,0.15893544327213097,0.11238432970861365,0.88,0.17402309254721038,0.4921332597732544,1.0454,0.1096,0.992,,,,98.21625640666063,,,,
9060,P35557,P,432,K,NONSYN,0.2878654235137882,0.74003262813524,0.08780088732796544,-1.1502000000000001,100.0,2.0,6.0,0.252191449196671,0.258013110468247,0.8256090160631592,0.2522,0.258013110468247,0.252191449196671,0.258013110468247,,0.258013110468247,0.18244282004713122,0.7757,0.5234811057731166,0.4473188817501068,0.3269,0.1689,0.9940000000000001,,,,98.21625640666063,,,,
9061,P35557,P,432,G,NONSYN,0.4312798460663611,1.1016911133958853,0.15160792202801396,-2.113766666666667,100.0,2.0,6.0,1.04413578097087,0.170228005625524,0.039719990468092804,1.0441,0.170228005625524,1.04413578097087,0.170228005625524,,0.170228005625524,0.12036937712566978,0.9275,0.11659416739207362,0.49562156200408936,1.0376,0.117,0.825,,,,98.21625640666063,,,,
9062,P35557,P,432,Y,NONSYN,0.20942896620986876,1.2256832742928154,0.1465774138026096,-2.4152666666666667,100.0,2.0,6.0,0.80508929329535,0.10414737336308301,0.157236994959773,0.8051,0.10414737336308301,0.80508929329535,0.10414737336308301,,0.10414737336308301,0.0736433139478032,0.9765,0.17140132350305093,0.5698263645172119,0.8079,0.073,1.0,,,,98.21625640666063,,,,
9063,P35557,P,432,N,NONSYN,0.21903311575636186,0.9424401163978589,0.05773554225927499,-1.8017666666666665,100.0,2.0,6.0,0.308443556474445,0.121895447579135,0.7758776713999755,0.3084,0.121895447579135,0.308443556474445,0.121895447579135,,0.121895447579135,0.08619309757897568,0.8406,0.532161821676495,0.417944073677063,0.3302,0.0844,0.953,,,,98.21625640666063,,,,
9064,P35557,P,432,C,NONSYN,0.4219649037795377,0.9348329302572244,0.08953402095707703,-2.593,100.0,2.0,6.0,1.23895023298528,0.10754628482309402,0.0114140986854161,1.239,0.10754628482309402,1.23895023298528,0.10754628482309402,,0.10754628482309402,0.07604670728982965,0.8368,0.40212170315053264,0.4410038888454437,1.2273,0.0749,0.997,,,,98.21625640666063,,,,
9065,P35557,P,432,P,SYN,,,,,100.0,2.0,6.0,0.84735583665224,0.05,0.125589558303253,0.8474,0.05,0.84735583665224,0.05,,0.05,0.035355339059327376,,,,0.8474,0.0354,,,,,98.21625640666063,,,,
9066,P35557,P,432,E,NONSYN,0.187686271514566,0.6166767557123647,0.10101368923116842,-1.1939,100.0,2.0,6.0,0.6666448163002809,0.0996345912360797,0.3022986172014682,0.6666,0.0996345912360797,0.6666448163002809,0.0996345912360797,,0.0996345912360797,0.07045229510378172,0.8275,0.16081916818915998,0.4565001130104065,0.6704,0.0696,0.593,,,,98.21625640666063,,,,
9067,P35557,P,432,M,NONSYN,0.2411349625055221,1.2674808991737183,0.038941936508692286,-1.6978,100.0,2.0,6.0,0.603477537482457,0.143481911500409,0.38716743450159957,0.6035,0.143481911500409,0.603477537482457,0.143481911500409,,0.143481911500409,0.10145703259954729,0.994,0.3905218245094253,0.5139299631118774,0.6181,0.0995,0.9990000000000001,,,,98.21625640666063,,,,
9068,P35557,P,432,W,NONSYN,0.30546275679376184,1.19385349224081,0.04641029806367211,-2.4996333333333336,100.0,2.0,6.0,0.461888547034523,0.342183950445008,0.5913471029201669,0.4619,0.342183950445008,0.461888547034523,0.342183950445008,,0.342183950445008,0.24196059177286666,0.9341,0.472224001793602,0.37787267565727234,0.5992,0.2038,1.0,,,,98.21625640666063,,,,
9069,P35557,P,432,H,NONSYN,0.3015928613207122,1.3805492318907822,0.040446323514260744,-1.6375666666666666,100.0,2.0,6.0,0.8733284026187199,0.09874335816213699,0.10887384809591634,0.8733,0.09874335816213699,0.8733284026187199,0.09874335816213699,,0.09874335816213699,0.06982209815357908,1.0029,0.12957112493102374,0.5139299631118774,0.8757,0.0692,0.9990000000000001,,,,98.21625640666063,,,,
9070,P35557,P,432,Q,NONSYN,0.32572451857320683,0.5971128897375363,0.07044207182460914,-1.2209666666666668,100.0,2.0,6.0,0.725336414224766,0.32291994440641,0.23310027557223487,0.7253,0.32291994440641,0.725336414224766,0.32291994440641,,0.32291994440641,0.2283388824701554,0.6851,0.04022787178244425,0.42413729429244995,0.7163,0.2011,0.992,,,,98.21625640666063,,,,
9071,P35557,P,432,*,STOP,,,,,100.0,2.0,6.0,0.125062093113965,0.05,0.9045557989433437,0.1251,0.05,0.125062093113965,0.05,,0.05,0.035355339059327376,,,,0.1251,0.0354,,,,,98.21625640666063,,,,
9072,P35557,S,433,S,SYN,,,,,100.0,2.0,6.0,1.13269296387876,0.05,0.02275293272526238,1.1327,0.05,1.13269296387876,0.05,,0.05,0.035355339059327376,,,,1.1327,0.0354,,,,,54.03063289325959,,,,
9073,P35557,S,433,A,NONSYN,0.4563330621977513,0.9274103050265433,0.07517231748482903,-0.01466666666666668,100.0,2.0,6.0,0.598175006673744,0.160325838888066,0.3946557606546732,0.5982,0.160325838888066,0.598175006673744,0.160325838888066,,0.160325838888066,0.11336748787717335,0.9077,0.3095041934986803,0.37629127502441406,0.6239,0.1085,0.0,,,,54.03063289325959,,,,
9074,P35557,S,433,V,NONSYN,0.3566796973350173,1.7982307306863146,0.15771218368000572,-1.3498999999999999,100.0,2.0,6.0,1.1097752740175901,0.131787784987548,0.026327404623213133,1.1098,0.131787784987548,1.1097752740175901,0.131787784987548,,0.131787784987548,0.09318803644224988,1.2246,0.11483290888951436,0.8339152336120605,1.1112,0.0926,0.008,,,,54.03063289325959,,,,
9075,P35557,S,433,R,NONSYN,0.5078165034060199,2.3181524761061567,0.09318037617208054,-0.9542999999999999,100.0,2.0,6.0,0.989900958929923,0.17435036172506302,0.055312526425888436,0.9899,0.17435036172506302,0.989900958929923,0.17435036172506302,,0.17435036172506302,0.12328432307811954,1.5314,0.5415365572825404,0.7722452878952026,1.0034,0.1217,0.0,,,,54.03063289325959,,,,
9076,P35557,S,433,D,NONSYN,0.26426002389568154,0.956632862953389,0.07970441762248492,-0.6365333333333334,100.0,2.0,6.0,1.7721337538228201,0.0513598374206773,0.0002812657063092265,1.7721,0.0513598374206773,1.7721337538228201,0.0513598374206773,,0.0513598374206773,0.03631688932079952,0.9153,0.8568635445103812,0.4129177927970886,1.7656,0.0362,0.002,,,,54.03063289325959,,,,
9077,P35557,S,433,F,NONSYN,0.4400921079880442,1.2178269196677958,0.04445568182940077,-1.7383,100.0,2.0,6.0,1.55949708744527,0.0715664819685995,0.0012851873773927012,1.5595,0.0715664819685995,1.55949708744527,0.0715664819685995,,0.0715664819685995,0.05060514470566148,1.0811,0.47841140552998684,0.5161645412445068,1.5549,0.0504,0.235,,,,54.03063289325959,,,,
9078,P35557,S,433,T,NONSYN,0.5032644910640633,0.781887987766258,0.04400859476579858,-0.06083333333333333,100.0,2.0,6.0,1.0347419584546,0.304234368316921,0.04209025353724228,1.0347,0.304234368316921,1.0347419584546,0.304234368316921,,0.304234368316921,0.21512618490690055,0.8859,0.14880307562684125,0.40154874324798584,1.0016,0.1896,0.0,,,,54.03063289325959,,,,
9079,P35557,S,433,I,NONSYN,0.40690641070991895,1.5101974623964134,0.039020251323903396,-1.7275666666666665,100.0,2.0,6.0,0.6823854592594171,0.115277312360307,0.2827084299407095,0.6824,0.115277312360307,0.6823854592594171,0.115277312360307,,0.115277312360307,0.08151336928693288,1.0881,0.4057156893459296,0.4805960953235626,0.6937,0.0804,0.032,,,,54.03063289325959,,,,
9080,P35557,S,433,L,NONSYN,0.393745075519064,1.369254044272929,0.03347570682484286,-1.7093,100.0,2.0,6.0,1.1052157136298701,0.143262297665001,0.02709923108696587,1.1052,0.143262297665001,1.1052157136298701,0.143262297665001,,0.143262297665001,0.1013017421672879,1.0881,0.017114565024523465,0.4740726351737976,1.1045,0.0991,0.009000000000000001,,,,54.03063289325959,,,,
9081,P35557,S,433,K,NONSYN,0.33912790346884786,0.711135661125819,0.041831616266063215,-0.6167666666666666,100.0,2.0,6.0,1.35329577381618,0.295478219499636,0.005321687441082002,1.3533,0.295478219499636,1.35329577381618,0.295478219499636,,0.295478219499636,0.20893465270111974,0.8774,0.4758908456087825,0.4088909924030304,1.2548,0.1861,0.009000000000000001,,,,54.03063289325959,,,,
9082,P35557,S,433,G,NONSYN,0.4188135801978989,1.272836788932093,0.07380859652909934,-0.6509999999999999,100.0,2.0,6.0,0.8235219758867081,0.13758403869952499,0.14273404515267,0.8235,0.13758403869952499,0.8235219758867081,0.13758403869952499,,0.13758403869952499,0.09728660674746649,1.0847,0.2611947017790024,0.49833574891090393,0.8331,0.0955,0.0,,,,54.03063289325959,,,,
9083,P35557,S,433,Y,NONSYN,0.3987520148682556,0.9062870697828468,0.16025501560503494,-1.6658,100.0,2.0,6.0,1.8658795861141002,0.0419594204825722,0.0001415590962402965,1.8659,0.0419594204825722,1.8658795861141002,0.0419594204825722,,0.0419594204825722,0.02966979075788452,0.9077,0.9582003859416759,0.4998873174190521,1.8625,0.0296,0.021,,,,54.03063289325959,,,,
9084,P35557,S,433,N,NONSYN,0.3577198430860929,0.6360200047214977,0.04611153209583301,-0.23683333333333337,100.0,2.0,6.0,1.13068478829156,0.0685729091463793,0.023046743399314083,1.1307,0.0685729091463793,1.13068478829156,0.0685729091463793,,0.0685729091463793,0.048488369063093825,0.865,0.2656893087078198,0.41752082109451294,1.1271,0.0482,0.0,,,,54.03063289325959,,,,
9085,P35557,S,433,C,NONSYN,0.4413057931247456,1.630841481315801,0.10126647333670323,-0.9221333333333334,100.0,2.0,6.0,3.0518339433009904,0.04578600769853299,1.0021160437831826e-08,3.0518,0.04578600769853299,3.0518339433009904,0.04578600769853299,,0.04578600769853299,0.03237559652709215,1.2045,1.8473045386607927,0.6494152545928955,3.0473,0.0323,0.0,,,,54.03063289325959,,,,
9086,P35557,S,433,P,NONSYN,0.3754690196139504,1.8217847073603177,0.05751775519614358,-0.9290666666666666,100.0,2.0,6.0,2.4790042651674398,0.35656033818621097,1.2380241241834719e-06,2.479,0.35656033818621097,2.4790042651674398,0.35656033818621097,,0.35656033818621097,0.25212623303363846,1.2212,1.2578454030534871,0.7487881779670715,2.3509,0.2389,0.023,,,,54.03063289325959,,,,
9087,P35557,S,433,E,NONSYN,0.32956968841657797,0.9312073060121193,0.07841901089598133,-0.6321,100.0,2.0,6.0,0.693080839157279,0.0900752434921123,0.2698137078906308,0.6931,0.0900752434921123,0.693080839157279,0.0900752434921123,,0.0900752434921123,0.06369281549030203,0.9077,0.2145983610151453,0.4129177927970886,0.6981,0.0629,0.0,,,,54.03063289325959,,,,
9088,P35557,S,433,M,NONSYN,0.4679817126368144,1.5117173158589867,0.03670480938856754,-1.5591333333333335,100.0,2.0,6.0,0.47697866264385297,0.666227769153975,0.5701103371035763,0.477,0.666227769153975,0.47697866264385297,0.666227769153975,,0.666227769153975,0.47109417338356147,1.0859,0.6089313000102607,0.4841045141220093,0.7732,0.3376,0.483,,,,54.03063289325959,,,,
9089,P35557,S,433,W,NONSYN,0.3832492129242465,1.1156994201115191,0.04650848549735188,-1.7880333333333336,100.0,2.0,6.0,0.959926417554152,0.0620167796297858,0.06615970479618324,0.9599,0.0620167796297858,0.959926417554152,0.0620167796297858,,0.0620167796297858,0.043852485423573284,0.9308,0.029092243397963014,0.3919798731803894,0.9596,0.0436,0.779,,,,54.03063289325959,,,,
9090,P35557,S,433,H,NONSYN,0.2629764798769622,2.1735797224661177,0.09417173493797133,-0.9429,100.0,2.0,6.0,1.4236192198500401,0.164483591266219,0.003298033231737811,1.4236,0.164483591266219,1.4236192198500401,0.164483591266219,,0.164483591266219,0.11630746277825983,1.2653,0.158283779214359,0.6940325498580933,1.4193,0.1147,0.0,,,,54.03063289325959,,,,
9091,P35557,S,433,Q,NONSYN,0.3963611118941722,0.956632862953389,0.07970441762248492,-0.6365333333333333,100.0,2.0,6.0,0.61680416833347,0.0667457635713703,0.3685548917658888,0.6168,0.0667457635713703,0.61680416833347,0.0667457635713703,,0.0667457635713703,0.04719638203678997,0.9153,0.298466040978969,0.4129177927970886,0.6207,0.0469,0.040999999999999995,,,,54.03063289325959,,,,
9092,P35557,S,433,*,STOP,,,,,100.0,2.0,6.0,-0.162128389505917,0.05,0.976995158643441,-0.1621,0.05,-0.162128389505917,0.05,,0.05,0.035355339059327376,,,,-0.1621,0.0354,,,,,54.03063289325959,,,,
9093,P35557,C,434,S,NONSYN,0.3604904794435106,0.8662927434024567,0.1108965488312569,-0.9790999999999999,100.0,2.0,6.0,0.6237786601071971,0.224910393205228,0.358945295336881,0.6238,0.224910393205228,0.6237786601071971,0.224910393205228,,0.224910393205228,0.1590356641947495,0.8913,0.267527263354717,0.4587925672531128,0.6525,0.1503,0.262,,,,19.06780588585602,,,,
9094,P35557,C,434,A,NONSYN,0.3068439069280049,0.8590341501811287,0.12026338313567987,-0.9634666666666667,100.0,2.0,6.0,0.7849107933079499,0.275015768196205,0.17439950484807176,0.7849,0.275015768196205,0.7849107933079499,0.275015768196205,,0.275015768196205,0.1944655146247642,0.8818,0.09687352656967463,0.46695345640182495,0.7992,0.1795,0.76,,,,19.06780588585602,,,,
9095,P35557,C,434,V,NONSYN,0.3179103570647324,0.6380968627195324,0.08401193615032253,-0.9982333333333333,100.0,2.0,6.0,1.30836630215597,0.38066440503015897,0.007198888116313193,1.3084,0.38066440503015897,1.30836630215597,0.38066440503015897,,0.38066440503015897,0.2691703821531679,0.7266,0.5818014179701789,0.4410717785358429,1.1505,0.2298,0.9790000000000001,,,,19.06780588585602,,,,
9096,P35557,C,434,R,NONSYN,0.23801989209795835,0.32270429242236137,0.1145736208074284,-2.6622333333333335,100.0,2.0,6.0,0.26961178550464804,0.121870829508937,0.8112682271293307,0.2696,0.121870829508937,0.26961178550464804,0.121870829508937,,0.121870829508937,0.08617568997459896,0.3866,0.1169990800883085,0.45631393790245056,0.2736,0.0847,0.997,,,,19.06780588585602,,,,
9097,P35557,C,434,D,NONSYN,0.10680431653988344,0.2414953314134207,0.1150204907581134,-2.6273,100.0,2.0,6.0,0.51323866853147,0.114042633771607,0.5178967338939848,0.5132,0.114042633771607,0.51323866853147,0.114042633771607,,0.114042633771607,0.08064031968427729,0.3999,0.11337220677762483,0.4612078368663788,0.5099,0.0794,0.982,,,,19.06780588585602,,,,
9098,P35557,C,434,F,NONSYN,0.3827796558639093,0.9934638437699084,0.06699384394936227,-1.5911666666666668,100.0,2.0,6.0,0.46351837522745093,0.135040537522307,0.5890713150464211,0.4635,0.135040537522307,0.46351837522745093,0.135040537522307,,0.135040537522307,0.09548807981709968,0.824,0.36047375791311304,0.4223988354206085,0.481,0.0931,0.9990000000000001,,,,19.06780588585602,,,,
9099,P35557,C,434,T,NONSYN,0.21098713877231906,0.8592331340114493,0.10726408147662109,-0.9784999999999999,100.0,2.0,6.0,0.644957488280219,0.25465464768900803,0.33039997973121354,0.645,0.25465464768900803,0.644957488280219,0.25465464768900803,,0.25465464768900803,0.18006802824156873,0.8406,0.19566225459011177,0.46684035658836365,0.6703,0.168,0.9440000000000001,,,,19.06780588585602,,,,
9100,P35557,C,434,I,NONSYN,0.3827538054181146,0.8590341501811287,0.12026338313567987,-0.9634666666666667,100.0,2.0,6.0,0.6455544397711811,0.107751672477612,0.3296104093169569,0.6456,0.107751672477612,0.6455544397711811,0.107751672477612,,0.107751672477612,0.07619193829311131,0.7898,0.14425723100900079,0.47653210163116455,0.6492,0.0752,0.9990000000000001,,,,19.06780588585602,,,,
9101,P35557,C,434,L,NONSYN,0.4158145620941803,0.8602589901152262,0.0639972913736941,-1.554,100.0,2.0,6.0,0.863132936191497,0.15906394816321398,0.11519881492644035,0.8631,0.15906394816321398,0.863132936191497,0.15906394816321398,,0.15906394816321398,0.11247519638851408,0.8302,0.032928449344573174,0.4211964011192322,0.8609,0.1087,0.992,,,,19.06780588585602,,,,
9102,P35557,C,434,K,NONSYN,0.0,0.5020667131525337,0.06884743081522463,-2.5341,100.0,2.0,6.0,0.688123427042484,0.48430327643587895,0.2757474902114169,0.6881,0.48430327643587895,0.688123427042484,0.48430327643587895,,0.48430327643587895,0.34245413091867305,0.4923,0.19585960329484908,0.40766096115112305,0.6071,0.2622,0.998,,,,19.06780588585602,,,,
9103,P35557,C,434,G,NONSYN,0.4785067081693568,0.3100652860684128,0.178592831533395,-2.4234666666666667,100.0,2.0,6.0,0.663018080041939,0.147901602562694,0.30691138209613433,0.663,0.147901602562694,0.663018080041939,0.147901602562694,,0.147901602562694,0.10458222612043858,0.6339,0.02914151792340869,0.5270510315895081,0.6619,0.1026,0.9059999999999999,,,,19.06780588585602,,,,
9104,P35557,C,434,Y,NONSYN,0.18775280364475316,0.9934638437699084,0.06699384394936227,-1.5911666666666668,100.0,2.0,6.0,0.909556194409531,0.19347560941295397,0.08873141667812476,0.9096,0.19347560941295397,0.909556194409531,0.19347560941295397,,0.19347560941295397,0.13680791541009957,0.8086,0.10091690646092255,0.4223988354206085,0.9,0.1302,1.0,,,,19.06780588585602,,,,
9105,P35557,C,434,N,NONSYN,0.3555954207344509,0.7864712624106853,0.07934036971190932,-1.6354333333333333,100.0,2.0,6.0,1.5305339384871999,0.0700847125792545,0.0015741250878165143,1.5305,0.0700847125792545,1.5305339384871999,0.0700847125792545,,0.0700847125792545,0.04955737552230098,0.7773,0.7532331038314382,0.4320029020309448,1.5208,0.0492,0.992,,,,19.06780588585602,,,,
9106,P35557,C,434,C,SYN,,,,,100.0,2.0,6.0,1.95917812968976,0.05,7.076449382837148e-05,1.9592,0.05,1.95917812968976,0.05,,0.05,0.035355339059327376,,,,1.9592,0.0354,,,,,19.06780588585602,,,,
9107,P35557,C,434,P,NONSYN,0.23278771184927005,0.5402510975296902,0.1227637855332881,-2.5291333333333337,100.0,2.0,6.0,0.573570273911014,0.22043605424616697,0.42989847728288316,0.5736,0.22043605424616697,0.573570273911014,0.22043605424616697,,0.22043605424616697,0.1558718287754703,0.6295,0.05591414114330728,0.5052539706230164,0.5784,0.1489,0.991,,,,19.06780588585602,,,,
9108,P35557,C,434,E,NONSYN,0.09400502805141753,0.22138479628690602,0.10607872014117532,-2.6934333333333336,100.0,2.0,6.0,0.132609622402744,0.288509726014149,0.900984514144218,0.1326,0.288509726014149,0.132609622402744,0.288509726014149,,0.288509726014149,0.2040071837028776,0.321,0.18840850718442947,0.40447288751602173,0.1708,0.1821,0.9940000000000001,,,,19.06780588585602,,,,
9109,P35557,C,434,M,NONSYN,,0.9523950833020493,0.05188082139593265,-1.5635333333333332,100.0,2.0,6.0,0.586724656631028,0.224886517482531,0.410965080055158,0.5867,0.224886517482531,0.586724656631028,0.224886517482531,,0.224886517482531,0.15901878150932472,0.7963,0.20954523701521222,0.4204462170600891,0.6129,0.1487,1.0,,,,19.06780588585602,,,,
9110,P35557,C,434,W,NONSYN,0.3650350897967528,0.4775967142590445,0.17018498680128638,-2.438333333333333,100.0,2.0,6.0,0.160423795470044,0.273238612583803,0.8867230226036468,0.1604,0.273238612583803,0.160423795470044,0.273238612583803,,0.273238612583803,0.193208875840011,0.4132,0.25276147317047415,0.494065523147583,0.194,0.1799,1.0,,,,19.06780588585602,,,,
9111,P35557,C,434,H,NONSYN,0.2472156663565278,0.452140242649044,0.0651708333767578,-2.6413333333333333,100.0,2.0,6.0,-0.11869606517539999,0.41795967054185396,0.9714742031996494,-0.1187,0.41795967054185396,-0.11869606517539999,0.41795967054185396,,0.41795967054185396,0.2955421173026402,0.4047,0.5233929469464876,0.39549630880355835,0.0688,0.2367,1.0,,,,19.06780588585602,,,,
9112,P35557,C,434,Q,NONSYN,0.31620129737801284,0.503855100851489,0.13562281990339195,-2.441966666666667,100.0,2.0,6.0,0.0816486356927105,0.5146923232173101,0.9228480553965646,0.0816,0.5146923232173101,0.0816486356927105,0.5146923232173101,,0.5146923232173101,0.36394243197161824,0.5387,0.45709271448123967,0.5060808062553406,0.2375,0.2955,0.9940000000000001,,,,19.06780588585602,,,,
9113,P35557,C,434,*,STOP,,,,,100.0,2.0,6.0,0.772326600774128,0.05,0.18579612109802665,0.7723,0.05,0.772326600774128,0.05,,0.05,0.035355339059327376,,,,0.7723,0.0354,,,,,19.06780588585602,,,,
9114,P35557,E,435,S,NONSYN,0.4382670271083193,1.1926977076687333,0.04164237390192383,-0.6747666666666666,100.0,2.0,6.0,0.7561918403500091,0.106389442553223,0.20119496448962332,0.7562,0.106389442553223,0.7561918403500091,0.106389442553223,,0.106389442553223,0.07522869627604062,1.0387,0.28251577359499824,0.4990886151790619,0.7625,0.0744,0.35100000000000003,,,,92.2331583109894,,,,
9115,P35557,E,435,A,NONSYN,0.4725389201357859,1.1377876297477234,0.0468747151753642,-0.8022,100.0,2.0,6.0,0.7310722026928911,0.045694109776804,0.226927137017179,0.7311,0.045694109776804,0.7310722026928911,0.045694109776804,,0.045694109776804,0.032310614883460625,0.9551,0.22398267649564652,0.39558279514312744,0.7326,0.0322,0.449,,,,92.2331583109894,,,,
9116,P35557,E,435,V,NONSYN,0.5148579282991502,0.7990049564312436,0.09775805221151589,-1.6669666666666665,100.0,2.0,6.0,0.8404332665717521,0.0310852220086568,0.13038657372037135,0.8404,0.0310852220086568,0.8404332665717521,0.0310852220086568,,0.0310852220086568,0.021980571277010533,0.8578,0.017389628478296726,0.43943724036216736,0.8405,0.022,0.7809999999999999,,,,92.2331583109894,,,,
9117,P35557,E,435,R,NONSYN,0.4513055748960305,1.036875058038557,0.022775838369508406,-0.7211333333333333,100.0,2.0,6.0,1.19854015158342,0.154803825863124,0.014873840616507535,1.1985,0.154803825863124,1.19854015158342,0.154803825863124,,0.154803825863124,0.10946283502143642,0.9103,0.2881990079753267,0.3890899121761322,1.1774,0.1054,0.875,,,,92.2331583109894,,,,
9118,P35557,E,435,D,NONSYN,0.4800060668498122,0.6956898995457977,0.07519783445762114,-0.020166666666666666,100.0,2.0,6.0,1.2438775836101201,0.21012370986775,0.011049446063562942,1.2439,0.21012370986775,1.2438775836101201,0.21012370986775,,0.21012370986775,0.1485799001355607,0.8634,0.38050084696918995,0.3910197913646698,1.1959,0.1389,0.0,,,,92.2331583109894,,,,
9119,P35557,E,435,F,NONSYN,0.4134101209643438,1.0038226559087917,0.21065499221994236,-2.4431333333333334,100.0,2.0,6.0,0.8236186428147991,0.0638927627185636,0.14266088832230145,0.8236,0.0638927627185636,0.8236186428147991,0.0638927627185636,,0.0638927627185636,0.04517900578703935,0.8849,0.06128925847227973,0.5096760988235474,0.8241,0.045,0.977,,,,92.2331583109894,,,,
9120,P35557,E,435,T,NONSYN,0.4070866311137473,0.970127493040453,0.09987790935288515,-0.9768666666666667,100.0,2.0,6.0,1.02488952881881,0.111336460084422,0.044716630063433696,1.0249,0.111336460084422,1.02488952881881,0.111336460084422,,0.111336460084422,0.07872676591900016,0.9107,0.11422014243193868,0.4307084381580353,1.0212,0.0774,0.599,,,,92.2331583109894,,,,
9121,P35557,E,435,I,NONSYN,0.377366298627538,1.000187137723356,0.21173032586958862,-2.3962999999999997,100.0,2.0,6.0,0.8178492593164951,0.0569775089159532,0.1470797514244937,0.8178,0.0569775089159532,0.8178492593164951,0.0569775089159532,,0.0569775089159532,0.040289182929587476,0.9325,0.11464305645270045,0.5131643414497375,0.8186,0.0402,0.8690000000000001,,,,92.2331583109894,,,,
9122,P35557,E,435,L,NONSYN,0.4309220950052253,0.9165339867645178,0.21107695635597581,-2.375633333333333,100.0,2.0,6.0,1.06880871219301,0.0906582898161094,0.03407313804525306,1.0688,0.0906582898161094,1.06880871219301,0.0906582898161094,,0.0906582898161094,0.06410509149974628,0.89,0.1787720100369432,0.5096760988235474,1.066,0.0636,0.8690000000000001,,,,92.2331583109894,,,,
9123,P35557,E,435,K,NONSYN,0.4890082107053284,1.0452482705909298,0.03211789087815769,-0.6217666666666667,100.0,2.0,6.0,-0.0001952879676257,0.29159860603932003,0.9485670898090707,-0.0002,0.29159860603932003,-0.0001952879676257,0.29159860603932003,,0.29159860603932003,0.20619135171494773,0.9103,0.910536431575719,0.395371675491333,0.1945,0.1828,0.895,,,,92.2331583109894,,,,
9124,P35557,E,435,G,NONSYN,0.4522640708552875,0.796954096101906,0.02969780175489016,-1.9225,100.0,2.0,6.0,0.6727584274749051,0.12257261740308098,0.2946055853745567,0.6728,0.12257261740308098,0.6727584274749051,0.12257261740308098,,0.12257261740308098,0.08667192895350279,0.8578,0.18506446757514372,0.3962135910987854,0.6812,0.0847,0.731,,,,92.2331583109894,,,,
9125,P35557,E,435,Y,NONSYN,0.4671477233180428,0.8531387996614702,0.03836187964032008,-2.2137666666666664,100.0,2.0,6.0,0.806942704760188,0.10687436149103001,0.15572850136964556,0.8069,0.10687436149103001,0.806942704760188,0.10687436149103001,,0.10687436149103001,0.07557158574528973,0.8302,0.023261782086735794,0.39731132984161377,0.8078,0.0742,0.991,,,,92.2331583109894,,,,
9126,P35557,E,435,N,NONSYN,0.4945297857128286,1.0481172515050898,0.04675112369312991,-0.6558999999999999,100.0,2.0,6.0,1.18993320884094,0.0564824642158682,0.015730932647396053,1.1899,0.0564824642158682,1.18993320884094,0.0564824642158682,,0.0564824642158682,0.039939133465166914,0.9167,0.273257879632566,0.40636906027793884,1.1873,0.0397,0.179,,,,92.2331583109894,,,,
9127,P35557,E,435,C,NONSYN,0.4263241553322161,1.0057457837415598,0.2107651816141017,-2.5622,100.0,2.0,6.0,1.08495036442432,0.11990856923138,0.030795294965918076,1.085,0.11990856923138,1.08495036442432,0.11990856923138,,0.11990856923138,0.0847881624258854,0.8849,0.20004246313724106,0.5935570001602173,1.081,0.0839,0.9890000000000001,,,,92.2331583109894,,,,
9128,P35557,E,435,P,NONSYN,0.2784783599621833,0.8654649993611511,0.02929737382974054,-1.2109666666666667,100.0,2.0,6.0,0.980770124845048,0.391801691944409,0.058432214549320675,0.9808,0.391801691944409,0.980770124845048,0.391801691944409,,0.391801691944409,0.2770456332542543,0.8891,0.09165544693901162,0.40093493461608887,0.9511,0.2279,0.498,,,,92.2331583109894,,,,
9129,P35557,E,435,E,SYN,,,,,100.0,2.0,6.0,1.38658825109281,0.05,0.004246520050467483,1.3866,0.05,1.38658825109281,0.05,,0.05,0.035355339059327376,,,,1.3866,0.0354,,,,,92.2331583109894,,,,
9130,P35557,E,435,M,NONSYN,0.4318399535430367,0.7733781329356151,0.03902454121624046,-1.9440333333333335,100.0,2.0,6.0,0.743486316973778,0.059049551665248,0.21394376667293238,0.7435,0.059049551665248,0.743486316973778,0.059049551665248,,0.059049551665248,0.041754338408522246,0.838,0.09449127120294931,0.40807557106018066,0.7445,0.0415,0.932,,,,92.2331583109894,,,,
9131,P35557,E,435,W,NONSYN,0.3886512979012191,0.9034255381081014,0.02938976311051546,-2.4843333333333333,100.0,2.0,6.0,1.12480999621687,0.8872959491706601,0.02392707711357986,1.1248,0.8872959491706601,1.12480999621687,0.8872959491706601,,0.8872959491706601,0.6274129825779279,0.8057,0.31911154183683466,0.4007655382156372,0.8982,0.3377,0.998,,,,92.2331583109894,,,,
9132,P35557,E,435,H,NONSYN,0.3874690850586482,1.0482217335914563,0.04623202759063532,-0.6659666666666667,100.0,2.0,6.0,1.18961976258184,0.0637108955330251,0.015763021912510167,1.1896,0.0637108955330251,1.18961976258184,0.0637108955330251,,0.0637108955330251,0.045050406266869764,0.9103,0.27927861897374684,0.39444130659103394,1.186,0.0448,0.91,,,,92.2331583109894,,,,
9133,P35557,E,435,Q,NONSYN,0.4979236622050323,0.6666247119975012,0.08834919165179049,-0.02876666666666668,100.0,2.0,6.0,1.33107314625501,0.0737319265801742,0.006181670315007259,1.3311,0.0737319265801742,1.33107314625501,0.0737319265801742,,0.0737319265801742,0.05213634527478982,0.8259,0.5051367692065176,0.42295587062835693,1.3235,0.0517,0.733,,,,92.2331583109894,,,,
9134,P35557,E,435,*,STOP,,,,,100.0,2.0,6.0,0.371804960288035,0.05,0.7078340291071127,0.3718,0.05,0.371804960288035,0.05,,0.05,0.035355339059327376,,,,0.3718,0.0354,,,,,92.2331583109894,,,,
9135,P35557,I,436,S,NONSYN,0.3569880228913576,0.06344130261134177,0.07017293454385089,-2.078,100.0,2.0,6.0,0.872777038820717,0.12987635536046402,0.10920825054411913,0.8728,0.12987635536046402,0.872777038820717,0.12987635536046402,,0.12987635536046402,0.09183645159117791,0.1224,0.75037487746093,0.27348044514656067,0.7967,0.0871,1.0,,,,8.867175252023406,,,,
9136,P35557,I,436,A,NONSYN,0.28919971369701003,1.2822704338490356,0.041356596139064526,-1.0550333333333333,100.0,2.0,6.0,1.4337575043542001,0.18441227901977497,0.0030765543015308485,1.4338,0.18441227901977497,1.4337575043542001,0.18441227901977497,,0.18441227901977497,0.13039917302894857,0.9856,0.4481076802117441,0.453875869512558,1.3996,0.1253,1.0,,,,8.867175252023406,,,,
9137,P35557,I,436,V,NONSYN,0.5093217990682584,0.6251327113843362,0.13717418455324717,0.12380000000000002,100.0,2.0,6.0,1.08091426582495,0.0740448770550749,0.03158593735459332,1.0809,0.0740448770550749,1.08091426582495,0.0740448770550749,,0.0740448770550749,0.052357634677767655,0.8393,0.24161720962682987,0.4917243719100952,1.0782,0.0521,0.465,,,,8.867175252023406,,,,
9138,P35557,I,436,R,NONSYN,0.3272410050264404,0.3176457381965779,0.10416273867878471,-2.2922666666666665,100.0,2.0,6.0,0.08971773729821302,0.160852559081191,0.9197226011704869,0.0897,0.160852559081191,0.08971773729821302,0.160852559081191,,0.160852559081191,0.11373993529751993,0.3434,0.25370264901617906,0.3908519148826599,0.1095,0.1092,1.0,,,,8.867175252023406,,,,
9139,P35557,I,436,D,NONSYN,0.16544784150713826,-0.03323798903084459,0.18272766045433328,-2.5876333333333332,100.0,2.0,6.0,-0.253203328276946,0.11574122920699301,0.9852943888893051,-0.2532,0.11574122920699301,-0.253203328276946,0.11574122920699301,,0.11574122920699301,0.08184140803513124,0.1189,0.3721030313027639,0.34059327840805054,-0.2329,0.0796,1.0,,,,8.867175252023406,,,,
9140,P35557,I,436,F,NONSYN,0.4538389948012209,1.2822704338490356,0.04135659613906453,-1.0550333333333333,100.0,2.0,6.0,0.474843038424742,0.12434075647659698,0.5731373697245283,0.4748,0.12434075647659698,0.474843038424742,0.12434075647659698,,0.12434075647659698,0.08792219208246685,0.9856,0.5108067857177141,0.453875869512558,0.4933,0.0863,1.0,,,,8.867175252023406,,,,
9141,P35557,I,436,T,NONSYN,0.4688475184602092,0.8821698510854197,0.04178228407822662,-0.9611333333333333,100.0,2.0,6.0,1.67514478671559,0.121752132575415,0.0005661785124633195,1.6751,0.121752132575415,1.67514478671559,0.121752132575415,,0.121752132575415,0.0860917585679995,0.7981,0.8770807932616105,0.41897323727607727,1.6396,0.0843,0.9990000000000001,,,,8.867175252023406,,,,
9142,P35557,I,436,I,SYN,,,,,100.0,2.0,6.0,0.866561857193299,0.05,0.11303805007405769,0.8666,0.05,0.866561857193299,0.05,,0.05,0.035355339059327376,,,,0.8666,0.0354,,,,,8.867175252023406,,,,
9143,P35557,I,436,L,NONSYN,0.4687676623700352,0.7862289462731616,0.13032775020465448,0.3612333333333333,100.0,2.0,6.0,0.597625561158474,0.196082797914677,0.3954341588244395,0.5976,0.196082797914677,0.597625561158474,0.196082797914677,,0.196082797914677,0.1386514760794995,0.7841,0.18646018942136,0.4645909070968628,0.6129,0.1329,0.9570000000000001,,,,8.867175252023406,,,,
9144,P35557,I,436,K,NONSYN,0.25092304942959986,0.2467301458377479,0.06884719072636995,-2.1344,100.0,2.0,6.0,0.0923310843444106,0.12273400798634401,0.9186846364451209,0.0923,0.12273400798634401,0.0923310843444106,0.12273400798634401,,0.12273400798634401,0.08678604932934772,0.2839,0.1915957006478074,0.3444974422454834,0.1038,0.0842,0.998,,,,8.867175252023406,,,,
9145,P35557,I,436,G,NONSYN,0.2286457322751229,-0.10545762845948052,0.18386814203607496,-2.4901666666666666,100.0,2.0,6.0,-0.0365444099910383,0.0766179381478742,0.957078691364255,-0.0365,0.0766179381478742,-0.0365444099910383,0.0766179381478742,,0.0766179381478742,0.05417706362489331,0.0992,0.13572594285084055,0.32565709948539734,-0.0329,0.0534,1.0,,,,8.867175252023406,,,,
9146,P35557,I,436,Y,NONSYN,0.13155243779361564,1.4525886533205368,0.05411810368969363,-1.0679999999999998,100.0,2.0,6.0,0.9228028459396971,0.109893897936191,0.08221884490907322,0.9228,0.109893897936191,0.9228028459396971,0.109893897936191,,0.109893897936191,0.07770672044170299,1.0064,0.08363874723046894,0.514409601688385,0.9247,0.0768,0.9990000000000001,,,,8.867175252023406,,,,
9147,P35557,I,436,N,NONSYN,0.35592577166482897,0.07178993158887768,0.20529071979828206,-2.2975999999999996,100.0,2.0,6.0,0.0609589929980945,0.15160308520756902,0.9303363865716991,0.061,0.15160308520756902,0.0609589929980945,0.15160308520756902,,0.15160308520756902,0.10719956959907402,0.149,0.08799468322566038,0.40058523416519165,0.0668,0.1036,1.0,,,,8.867175252023406,,,,
9148,P35557,I,436,C,NONSYN,0.3956709195432079,1.3439017123364956,0.058170314710597276,-1.1501666666666666,100.0,2.0,6.0,1.24886366889182,0.06234079086363099,0.010691876702604738,1.2489,0.06234079086363099,1.24886366889182,0.06234079086363099,,0.06234079086363099,0.04408159596420584,0.9911,0.2577750401228991,0.514409601688385,1.247,0.0439,1.0,,,,8.867175252023406,,,,
9149,P35557,I,436,P,NONSYN,0.14199266304317096,0.14672967205370968,0.10289806377871519,-2.2159,100.0,2.0,6.0,0.6421976140236291,0.108379635669753,0.3340615938519032,0.6422,0.108379635669753,0.6421976140236291,0.108379635669753,,0.108379635669753,0.07663597532460978,0.242,0.400232111523095,0.3750201463699341,0.6262,0.0751,1.0,,,,8.867175252023406,,,,
9150,P35557,I,436,E,NONSYN,0.17211454446743213,0.13348577928810584,0.10786441351638998,-2.2968999999999995,100.0,2.0,6.0,-0.12412855009959,0.756409517537669,0.9722327483457811,-0.1241,0.756409517537669,-0.12412855009959,0.756409517537669,,0.756409517537669,0.5348622992049304,0.242,0.36609405260012406,0.37801963090896606,0.12,0.3087,1.0,,,,8.867175252023406,,,,
9151,P35557,I,436,M,NONSYN,0.42718435575891617,0.7177942884693888,0.05744162794491736,0.4004666666666667,100.0,2.0,6.0,0.8029295345697929,0.5336595703086839,0.15900913282133536,0.8029,0.5336595703086839,0.8029295345697929,0.5336595703086839,,0.5336595703086839,0.37735430101036954,0.7072,0.09568960870843424,0.40593960881233215,0.7586,0.2764,0.9990000000000001,,,,8.867175252023406,,,,
9152,P35557,I,436,W,NONSYN,0.174286826410949,0.24394361685424948,0.07312088411104194,-2.117266666666666,100.0,2.0,6.0,0.10069067129490598,0.0643625070641379,0.9152777095628883,0.1007,0.0643625070641379,0.10069067129490598,0.0643625070641379,,0.0643625070641379,0.045511165199218974,0.2623,0.16162191978099122,0.34118181467056274,0.1035,0.0451,1.0,,,,8.867175252023406,,,,
9153,P35557,I,436,H,NONSYN,0.28548817071874943,0.008849393398905841,0.1857436105419676,-2.3060999999999994,100.0,2.0,6.0,0.24978060756801002,0.40070953251801295,0.8275205544231755,0.2498,0.40070953251801295,0.24978060756801002,0.40070953251801295,,0.40070953251801295,0.2833444277295783,0.1189,0.13088090454219214,0.3300371766090393,0.1942,0.215,1.0,,,,8.867175252023406,,,,
9154,P35557,I,436,Q,NONSYN,0.19562317673292887,0.27840645655431523,0.04146773475304595,-2.121633333333333,100.0,2.0,6.0,-0.0026978478052913,0.263496042347788,0.9492033681732145,-0.0027,0.263496042347788,-0.0026978478052913,0.263496042347788,,0.263496042347788,0.1863198383599386,0.3005,0.30323680492427935,0.35123857855796814,0.0639,0.1646,1.0,,,,8.867175252023406,,,,
9155,P35557,I,436,*,STOP,,,,,100.0,2.0,6.0,0.0022253023219269,0.05,0.9479441499267393,0.0022,0.05,0.0022253023219269,0.05,,0.05,0.035355339059327376,,,,0.0022,0.0354,,,,,8.867175252023406,E,440.0,,
9156,P35557,T,437,S,NONSYN,0.5112342370012433,1.0757226081131677,0.1012759450146987,-0.5004666666666666,100.0,2.0,6.0,1.08210522238096,0.20985129553404397,0.0313506759572586,1.0821,0.20985129553404397,1.08210522238096,0.20985129553404397,,0.20985129553404397,0.14838727411290473,0.9211,0.16101664606412647,0.4394764006137848,1.0656,0.1406,0.139,,,,66.57615644225423,,,,
9157,P35557,T,437,A,NONSYN,0.4371005638552374,1.1172962096239176,0.09617861590626935,-0.6962999999999999,100.0,2.0,6.0,1.31949685763028,0.152741789455659,0.0066815197261143825,1.3195,0.152741789455659,1.31949685763028,0.152741789455659,,0.152741789455659,0.10800475509466437,0.9372,0.3823284978738102,0.4336735010147095,1.2972,0.1048,0.002,,,,66.57615644225423,,,,
9158,P35557,T,437,V,NONSYN,0.335359974884157,1.235573992713127,0.10190844180646996,-0.6408999999999999,100.0,2.0,6.0,0.9646635083626519,0.0538514241049486,0.06432675820362838,0.9647,0.0538514241049486,0.9646635083626519,0.0538514241049486,,0.0538514241049486,0.03807870716116186,1.0779,0.11321091371071235,0.5045189261436462,0.9653,0.038,0.8420000000000001,,,,66.57615644225423,,,,
9159,P35557,T,437,R,NONSYN,0.3928132642818517,0.9118694170220083,0.14825746509560958,-1.2489999999999999,100.0,2.0,6.0,0.909244881119855,0.12835626533179,0.08888973774148666,0.9092,0.12835626533179,0.909244881119855,0.12835626533179,,0.12835626533179,0.09076158562388847,0.89,0.019208178963788125,0.5032972693443298,0.9086,0.0893,0.755,,,,66.57615644225423,,,,
9160,P35557,T,437,D,NONSYN,0.24736015353784535,1.012482572930456,0.1449025341074392,-1.2412666666666667,100.0,2.0,6.0,0.607405413394512,0.18487536081007297,0.3816494934173432,0.6074,0.18487536081007297,0.607405413394512,0.18487536081007297,,0.18487536081007297,0.13072662130311227,0.8628,0.2553513157314645,0.5056701302528381,0.6234,0.1266,0.958,,,,66.57615644225423,,,,
9161,P35557,T,437,F,NONSYN,0.2626450658678516,0.5971011879289067,0.12218495257006788,-1.4809,100.0,2.0,6.0,1.19301544369437,0.18512075205976397,0.015418700468012402,1.193,0.18512075205976397,1.19301544369437,0.18512075205976397,,0.18512075205976397,0.13090013911981263,0.6781,0.5149577731011084,0.48530954122543335,1.1581,0.1264,0.996,,,,66.57615644225423,,,,
9162,P35557,T,437,T,SYN,,,,,100.0,2.0,6.0,0.39738420120303497,0.05,0.6768860391619799,0.3974,0.05,0.39738420120303497,0.05,,0.05,0.035355339059327376,,,,0.3974,0.0354,,,,,66.57615644225423,,,,
9163,P35557,T,437,I,NONSYN,0.39900335367527456,1.1663216839827004,0.09760952446004016,-0.8405666666666667,100.0,2.0,6.0,0.8689591923337929,0.174839275735948,0.11154763526269565,0.869,0.174839275735948,0.8689591923337929,0.174839275735948,,0.174839275735948,0.12363003749063343,0.9355,0.06649672597827982,0.4336735010147095,0.874,0.1189,0.975,,,,66.57615644225423,,,,
9164,P35557,T,437,L,NONSYN,0.3692076635094301,0.41614981891017067,0.16988321350527671,-1.2598666666666667,100.0,2.0,6.0,1.8514007282670901,0.18851686022765698,0.00015749928223851735,1.8514,0.18851686022765698,1.8514007282670901,0.18851686022765698,,0.18851686022765698,0.1333015502349728,0.6723,1.1790630770143435,0.5289800763130188,1.781,0.1293,0.8809999999999999,,,,66.57615644225423,,,,
9165,P35557,T,437,K,NONSYN,0.35305220057868336,1.0853947709476313,0.10386280140950961,-0.8414,100.0,2.0,6.0,1.111739931439,0.0888327181627461,0.026001280245749877,1.1117,0.0888327181627461,1.111739931439,0.0888327181627461,,0.0888327181627461,0.06281421740411115,0.9029,0.20883762631280978,0.44846078753471375,1.1077,0.0622,0.937,,,,66.57615644225423,,,,
9166,P35557,T,437,G,NONSYN,0.43600131382643137,0.785223166927509,0.12504570089131656,-1.4976,100.0,2.0,6.0,0.628649506698563,0.14676146858033598,0.3522926019975812,0.6286,0.14676146858033598,0.628649506698563,0.14676146858033598,,0.14676146858033598,0.10377602965005199,0.838,0.20932808147816429,0.4904749393463135,0.6376,0.1015,0.93,,,,66.57615644225423,,,,
9167,P35557,T,437,Y,NONSYN,0.2452402164451186,0.7286356281081701,0.10933835685374582,-1.4882666666666668,100.0,2.0,6.0,0.7984121231565798,0.296322201723868,0.16276576234320347,0.7984,0.296322201723868,0.7984121231565798,0.296322201723868,,0.296322201723868,0.2095314382550751,0.7138,0.08461044116118799,0.4759629964828491,0.7847,0.1918,0.9990000000000001,,,,66.57615644225423,,,,
9168,P35557,T,437,N,NONSYN,0.4084330644454248,1.0757226081131677,0.1012759450146987,-0.5004666666666666,,,,,,,,,,,,,,0.8754,,0.44758498668670654,0.8754,0.4476,0.945,,,,66.57615644225423,,,,
9169,P35557,T,437,C,NONSYN,0.4354541497454498,1.1963265384861608,0.17136112728132047,-0.9072999999999999,100.0,2.0,6.0,1.2330330985036,0.0380605721730299,0.011867317272364668,1.233,0.0380605721730299,1.2330330985036,0.0380605721730299,,0.0380605721730299,0.02691288867938945,0.9917,0.24135378770495497,0.6572902798652649,1.2326,0.0269,0.997,,,,66.57615644225423,,,,
9170,P35557,T,437,P,NONSYN,0.34993609822478866,0.9118694170220084,0.14825746509560958,-1.2489999999999999,100.0,2.0,6.0,0.36424193393157706,0.39922318510772603,0.7166148603256448,0.3642,0.39922318510772603,0.36424193393157706,0.39922318510772603,,0.39922318510772603,0.2822934213965654,0.8452,0.481007659326327,0.5116735100746155,0.4765,0.2472,0.945,,,,66.57615644225423,,,,
9171,P35557,T,437,E,NONSYN,0.187606014059847,1.071244074092131,0.04708658178185701,-0.9009666666666667,100.0,2.0,6.0,1.60828049168569,0.7000738695453471,0.0009112374542797214,1.6083,0.7000738695453471,1.60828049168569,0.7000738695453471,,0.7000738695453471,0.4950269804870214,0.9148,0.6935261009691374,0.4015513062477112,1.19,0.3119,0.914,,,,66.57615644225423,,,,
9172,P35557,T,437,M,NONSYN,0.3518740482942453,1.1416389286451076,0.04925739794669708,-0.8553000000000001,100.0,2.0,6.0,0.9430074583465708,0.397985774332346,0.07309487812387659,0.943,0.397985774332346,0.9430074583465708,0.397985774332346,,0.397985774332346,0.28141843984618087,0.8646,0.07844470848389995,0.40773239731788635,0.9177,0.2316,0.9990000000000001,,,,66.57615644225423,,,,
9173,P35557,T,437,W,NONSYN,0.2914737870902876,0.8733590245165043,0.08932321731825328,-1.5825333333333333,100.0,2.0,6.0,1.39606477466543,0.21070514377506402,0.003981207715852487,1.3961,0.21070514377506402,1.39606477466543,0.21070514377506402,,0.21070514377506402,0.14899103599423422,0.7769,0.6191414758296756,0.4466557502746582,1.3341,0.1413,1.0,,,,66.57615644225423,,,,
9174,P35557,T,437,H,NONSYN,0.3614886802674268,0.9410160251977264,0.1128166302635255,-1.2503,100.0,2.0,6.0,0.27680210940442307,0.5709005706720021,0.8050748137098557,0.2768,0.5709005706720021,0.27680210940442307,0.5709005706720021,,0.5709005706720021,0.40368766490544244,0.7912,0.5144391191760518,0.47653210163116455,0.4917,0.308,0.9990000000000001,,,,66.57615644225423,,,,
9175,P35557,T,437,Q,NONSYN,0.1843049627657748,0.9745688607064545,0.1045765803203486,-0.8452333333333334,100.0,2.0,6.0,1.4442176621625302,0.0722026203719384,0.0028632249629763446,1.4442,0.0722026203719384,1.4442176621625302,0.0722026203719384,,0.0722026203719384,0.051054962484435605,0.861,0.5831996601292966,0.4568019509315491,1.437,0.0507,0.98,,,,66.57615644225423,,,,
9176,P35557,T,437,*,STOP,,,,,100.0,2.0,6.0,0.0059656563353034,0.05,0.9469668680127941,0.006,0.05,0.0059656563353034,0.05,,0.05,0.035355339059327376,,,,0.006,0.0354,,,,,66.57615644225423,,,,
9177,P35557,F,438,S,NONSYN,0.3509668135339838,0.15867888790645832,0.09333835373967302,-1.8094999999999999,100.0,2.0,6.0,0.682196597807042,0.14188347204454801,0.28293921667761895,0.6822,0.14188347204454801,0.682196597807042,0.14188347204454801,,0.14188347204454801,0.10032676522099183,0.242,0.44023109530650795,0.3700924813747406,0.6521,0.0968,1.0,,,,30.87371461480973,,,,
9178,P35557,F,438,A,NONSYN,0.21205940102164186,0.37241298316203825,0.09805241861991648,-1.7977999999999998,100.0,2.0,6.0,0.0409943120403021,0.0623763281102838,0.93689216501553,0.041,0.0623763281102838,0.0409943120403021,0.0623763281102838,,0.0623763281102838,0.04410672459229874,0.3434,0.30242607427408996,0.38909420371055603,0.0448,0.0438,1.0,,,,30.87371461480973,,,,
9179,P35557,F,438,V,NONSYN,0.3686871445054262,0.27462358416466126,0.19209725580132186,-1.4162666666666668,100.0,2.0,6.0,0.468434476290014,0.10877015840694901,0.5821795542334324,0.4684,0.10877015840694901,0.468434476290014,0.10877015840694901,,0.10877015840694901,0.0769121166002886,0.3136,0.15487309638049862,0.4521069824695587,0.4641,0.0758,1.0,,,,30.87371461480973,,,,
9180,P35557,F,438,R,NONSYN,0.12156869505678705,0.4172757339914432,0.1237305924198726,-2.1628666666666665,100.0,2.0,6.0,0.166264832176635,0.10137239729184,0.8834975020500582,0.1663,0.10137239729184,0.166264832176635,0.10137239729184,,0.10137239729184,0.07168110955019687,0.3678,0.20150238259845044,0.410292387008667,0.1722,0.0706,1.0,,,,30.87371461480973,,,,
9181,P35557,F,438,D,NONSYN,0.1992068019592559,-0.11485334441417223,0.04786738271981326,-2.6122333333333336,100.0,2.0,6.0,0.0335533100057165,0.19165760915488803,0.9391783552854728,0.0336,0.19165760915488803,0.0335533100057165,0.19165760915488803,,0.19165760915488803,0.13552239509942224,0.0851,0.05151402178520757,0.26338931918144226,0.0443,0.1205,1.0,,,,30.87371461480973,,,,
9182,P35557,F,438,F,SYN,,,,,,,,,,,,,,,,,,,,,,,,,,,30.87371461480973,,,,
9183,P35557,F,438,T,NONSYN,0.18720675519309532,0.4025821251674097,0.1716632457949655,-1.6453666666666666,100.0,2.0,6.0,0.0701030424770378,0.382104454617813,0.9271175794064807,0.0701,0.382104454617813,0.0701030424770378,0.382104454617813,,0.382104454617813,0.27018865098184297,0.3768,0.3066645332637764,0.44643181562423706,0.1523,0.2312,1.0,,,,30.87371461480973,,,,
9184,P35557,F,438,I,NONSYN,0.40023011164303374,0.451145275675853,0.10843072635648206,-0.511,,,,,,,,,,,,,,0.4047,,0.4563640356063843,0.4047,0.4564,1.0,,,,30.87371461480973,,,,
9185,P35557,F,438,L,NONSYN,0.4640274525972558,0.4417617851422593,0.12592539581427825,-0.5025333333333334,100.0,2.0,6.0,0.46518273636606,0.138068863427794,0.5867426074759565,0.4652,0.138068863427794,0.46518273636606,0.138068863427794,,0.138068863427794,0.09762942960051245,0.4047,0.060485854594972355,0.4744326174259186,0.4627,0.0956,1.0,,,,30.87371461480973,,,,
9186,P35557,F,438,K,NONSYN,0.1539819943883161,0.19073281780632403,0.034229144268931845,-1.9918333333333333,100.0,2.0,6.0,0.8510984743771851,0.34030856816358096,0.12305709057865659,0.8511,0.34030856816358096,0.8510984743771851,0.34030856816358096,,0.34030856816358096,0.2406344962443525,0.2601,0.5909977520642579,0.3460119664669037,0.6584,0.1976,1.0,,,,30.87371461480973,,,,
9187,P35557,F,438,G,NONSYN,0.22544940105055214,-0.12701333019192318,0.06153779465690646,-2.584433333333333,100.0,2.0,6.0,0.0700332673389693,0.0990534702912455,0.9271426765866311,0.07,0.0990534702912455,0.0700332673389693,0.0990534702912455,,0.0990534702912455,0.07004138054299991,0.0833,0.013235077063343939,0.2690693736076355,0.0709,0.0678,1.0,,,,30.87371461480973,,,,
9188,P35557,F,438,Y,NONSYN,0.41795167961904656,0.4406778718342747,0.1275107314189798,-0.19666666666666666,100.0,2.0,6.0,0.7039603161565059,1.02564335769591,0.2570584049182547,0.704,1.02564335769591,0.7039603161565059,1.02564335769591,,1.02564335769591,0.7252393733057177,0.411,0.29292549369251664,0.47989317774772644,0.5002,0.4002,1.0,,,,30.87371461480973,,,,
9189,P35557,F,438,N,NONSYN,0.06350654443895225,0.02943068791798517,0.06009112592938495,-2.4017,100.0,2.0,6.0,0.0357894183951092,0.390940533806712,0.938499977018821,0.0358,0.390940533806712,0.0357894183951092,0.390940533806712,,0.390940533806712,0.2764367024954148,0.1067,0.07086707336133001,0.2646900415420532,0.0728,0.1912,1.0,,,,30.87371461480973,,,,
9190,P35557,F,438,C,NONSYN,0.42192151878195305,0.3405039615487136,0.0994284188971581,-1.5309000000000001,100.0,2.0,6.0,0.484555465654885,0.7116228869812941,0.5593197380238711,0.4846,0.7116228869812941,0.484555465654885,0.7116228869812941,,0.7116228869812941,0.503193369032021,0.3434,0.1411350793404929,0.3939167261123657,0.397,0.3102,1.0,,,,30.87371461480973,,,,
9191,P35557,F,438,P,NONSYN,0.14474630447280185,0.04645866524659833,0.10524540900432648,-2.5313999999999997,100.0,2.0,6.0,-0.111526078428396,0.134119273032026,0.9704407172987893,-0.1115,0.134119273032026,-0.111526078428396,0.134119273032026,,0.134119273032026,0.09483664744875563,0.1146,0.2260806326524103,0.2988467216491699,-0.0908,0.0904,1.0,,,,30.87371461480973,,,,
9192,P35557,F,438,E,NONSYN,0.14341137314980398,-0.002646500361236736,0.059875894111786475,-2.5673,100.0,2.0,6.0,-0.30306722215309,0.115946472721828,0.9884598539468687,-0.3031,0.115946472721828,-0.30306722215309,0.115946472721828,,0.115946472721828,0.08198653711626562,0.1067,0.4097237139095292,0.2690693736076355,-0.2683,0.0784,1.0,,,,30.87371461480973,,,,
9193,P35557,F,438,M,NONSYN,0.21680558431241104,0.45688315914045097,0.08291785142421544,-0.40009999999999996,100.0,2.0,6.0,0.419818614371485,0.42513062124408507,0.6482524871637794,0.4198,0.42513062124408507,0.419818614371485,0.42513062124408507,,0.42513062124408507,0.30061274517174225,0.409,0.010841642268366092,0.4171104431152344,0.4161,0.2439,1.0,,,,30.87371461480973,,,,
9194,P35557,F,438,W,NONSYN,0.32132997916102696,0.451145275675853,0.10843072635648206,-0.511,100.0,2.0,6.0,0.437032264765279,0.304733823390895,0.6254304485955208,0.437,0.304733823390895,0.437032264765279,0.304733823390895,,0.304733823390895,0.2154793529766056,0.4047,0.032335382994191364,0.4563640356063843,0.4311,0.1949,1.0,,,,30.87371461480973,,,,
9195,P35557,F,438,H,NONSYN,0.3132585296390889,0.3410309948073123,0.19209978524978463,-1.3437666666666666,100.0,2.0,6.0,0.269212244362061,0.108689718192684,0.8116076392709297,0.2692,0.108689718192684,0.269212244362061,0.108689718192684,,0.108689718192684,0.07685523677930171,0.3591,0.08989560762005572,0.44883984327316284,0.2718,0.0758,1.0,,,,30.87371461480973,,,,
9196,P35557,F,438,Q,NONSYN,0.15363519183063878,0.35278587286470736,0.08497617012589243,-2.0034333333333336,100.0,2.0,6.0,0.364939309202035,0.0832000509115461,0.715812454690925,0.3649,0.0832000509115461,0.364939309202035,0.0832000509115461,,0.0832000509115461,0.058831320194620236,0.3434,0.0215189228876429,0.36925798654556274,0.3644,0.0581,1.0,,,,30.87371461480973,,,,
9197,P35557,F,438,*,STOP,,,,,100.0,2.0,6.0,-0.234561163864281,0.05,0.983891341982629,-0.2346,0.05,-0.234561163864281,0.05,,0.05,0.035355339059327376,,,,-0.2346,0.0354,,,,,30.87371461480973,,,,
9198,P35557,I,439,S,NONSYN,0.3569880228913576,0.8317409946169287,0.050502453088563076,-2.078,100.0,2.0,6.0,0.714140737544817,0.11363775968459598,0.2454629289898964,0.7141,0.11363775968459598,0.714140737544817,0.11363775968459598,,0.11363775968459598,0.08035403047182507,0.8324,0.11821225832768056,0.39731132984161377,0.7188,0.0788,0.983,,,,45.456775788642645,,,,
9199,P35557,I,439,A,NONSYN,0.28919971369701003,0.63535952886599,0.05886138268604593,-1.0550333333333333,100.0,2.0,6.0,1.06737155776189,0.106796484452484,0.034380309193882824,1.0674,0.106796484452484,1.06737155776189,0.106796484452484,,0.106796484452484,0.07551651836323513,0.8036,0.2637221322552983,0.4209258556365967,1.0591,0.0743,0.818,,,,45.456775788642645,,,,
9200,P35557,I,439,V,NONSYN,0.5093217990682584,1.4485096607603245,0.09825344555942644,0.12380000000000002,100.0,2.0,6.0,0.514008774121823,0.16237642638071698,0.5167753565595777,0.514,0.16237642638071698,0.514008774121823,0.16237642638071698,,0.16237642638071698,0.11481747219864318,1.0881,0.5740923744835237,0.45369523763656616,0.5486,0.1113,0.027999999999999997,,,,45.456775788642645,,,,
9201,P35557,I,439,R,NONSYN,0.3272410050264404,0.6152488648112392,0.08253688693312697,-2.2929666666666666,100.0,2.0,6.0,0.613102418598472,0.11855019404776199,0.37369320835016123,0.6131,0.11855019404776199,0.613102418598472,0.11855019404776199,,0.11855019404776199,0.08382764612215358,0.7178,0.10470332461899623,0.40942713618278503,0.6173,0.0821,0.9690000000000001,,,,45.456775788642645,,,,
9202,P35557,I,439,D,NONSYN,0.16544784150713826,0.9060294643411346,0.06562650783587085,-2.579133333333333,100.0,2.0,6.0,0.8923980564660992,0.0581774402535042,0.0978310791576712,0.8924,0.0581774402535042,0.8923980564660992,0.0581774402535042,,0.0581774402535042,0.041137662515328036,0.8368,0.05556952663135184,0.40364328026771545,0.8918,0.0409,0.996,,,,45.456775788642645,,,,
9203,P35557,I,439,F,NONSYN,0.4538389948012209,0.63535952886599,0.05886138268604593,-1.0550333333333333,100.0,2.0,6.0,0.700453004555513,0.378394040439167,0.26112989680998694,0.7005,0.378394040439167,0.700453004555513,0.378394040439167,,0.378394040439167,0.2675649919551117,0.8036,0.10319642095107884,0.4209258556365967,0.7302,0.2258,0.852,,,,45.456775788642645,,,,
9204,P35557,I,439,T,NONSYN,0.4688475184602092,0.75987077173699,0.09813825816883888,-0.9611333333333333,100.0,2.0,6.0,0.326919275942513,0.17940416281477,0.7573496458707901,0.3269,0.17940416281477,0.326919275942513,0.17940416281477,,0.17940416281477,0.1268579000994193,0.8578,0.5309036191075358,0.4379642605781555,0.368,0.1218,0.7120000000000001,,,,45.456775788642645,,,,
9205,P35557,I,439,I,SYN,,,,,100.0,2.0,6.0,1.50467755448721,0.05,0.0018849054118915943,1.5047,0.05,1.50467755448721,0.05,,0.05,0.035355339059327376,,,,1.5047,0.0354,,,,,45.456775788642645,,,,
9206,P35557,I,439,L,NONSYN,0.4687676623700352,1.1956507849010054,0.1002878252986506,0.3612333333333333,100.0,2.0,6.0,1.2725854016997802,0.138187386346112,0.009137972233435375,1.2726,0.138187386346112,1.2725854016997802,0.138187386346112,,0.138187386346112,0.09771323795978111,1.0226,0.2499674655654418,0.47584620118141174,1.2625,0.0957,0.0,,,,45.456775788642645,,,,
9207,P35557,I,439,K,NONSYN,0.25092304942959986,0.3407616215607541,0.07180134302224579,-2.1344,100.0,2.0,6.0,1.39197106457479,0.109226878825644,0.004093781797019113,1.392,0.109226878825644,1.39197106457479,0.109226878825644,,0.109226878825644,0.07723506670545419,0.6555,0.736471010215354,0.41524189710617065,1.3673,0.0759,0.695,,,,45.456775788642645,,,,
9208,P35557,I,439,G,NONSYN,0.2286457322751229,0.9397039018311834,0.06109525828410539,-2.481666666666667,100.0,2.0,6.0,0.7913747439959531,0.117133930102218,0.16875343148412564,0.7914,0.117133930102218,0.7913747439959531,0.117133930102218,,0.117133930102218,0.0828261962823094,0.8406,0.04923063415498685,0.4015157222747803,0.7934,0.0811,0.987,,,,45.456775788642645,,,,
9209,P35557,I,439,Y,NONSYN,0.13155243779361564,0.7518643632266587,0.06190821136021704,-1.0679999999999998,100.0,2.0,6.0,0.717857054679884,0.0691529635913228,0.24131362969808082,0.7179,0.0691529635913228,0.717857054679884,0.0691529635913228,,0.0691529635913228,0.04889852949457077,0.8578,0.1399658403701648,0.4078614413738251,0.7198,0.0486,0.7829999999999999,,,,45.456775788642645,,,,
9210,P35557,I,439,N,NONSYN,0.35592577166482897,0.8466053558753077,0.06576763999986782,-2.2975999999999996,,,,,,,,,,,,,,0.8286,,0.3992639482021332,0.8286,0.3993,0.9940000000000001,,,,45.456775788642645,,,,
9211,P35557,I,439,C,NONSYN,0.3956709195432079,0.7040492961280957,0.05184028629686727,-1.1501666666666666,100.0,2.0,6.0,0.8613022559755731,0.15936102623322101,0.11636651729069623,0.8613,0.15936102623322101,0.8613022559755731,0.15936102623322101,,0.15936102623322101,0.11268526230635786,0.6769,0.18435299335655453,0.42218467593193054,0.849,0.1089,0.9990000000000001,,,,45.456775788642645,,,,
9212,P35557,I,439,P,NONSYN,0.14199266304317096,0.6765867471951497,0.036850308628040784,-2.2159,100.0,2.0,6.0,-0.0809670545937336,0.24252699377808304,0.9655926960126827,-0.081,0.24252699377808304,-0.0809670545937336,0.24252699377808304,,0.24252699377808304,0.17149248192127012,0.6993,0.7802336671234882,0.40172523260116577,0.0393,0.1577,0.996,,,,45.456775788642645,,,,
9213,P35557,I,439,E,NONSYN,0.17211454446743213,0.41435917727632315,0.06629526164751802,-2.2551666666666663,100.0,2.0,6.0,1.21577148120322,0.239927314592029,0.013290494568618642,1.2158,0.239927314592029,1.21577148120322,0.239927314592029,,0.239927314592029,0.1696542311399018,0.5767,0.6390940396062352,0.41524189710617065,1.1244,0.1571,0.983,,,,45.456775788642645,,,,
9214,P35557,I,439,M,NONSYN,0.42718435575891617,0.829015726792372,0.10237293138032684,0.4004666666666667,100.0,2.0,6.0,2.3724905760256805,0.10718912525222699,2.908743747470318e-06,2.3725,0.10718912525222699,2.3724905760256805,0.10718912525222699,,0.10718912525222699,0.0757941573353039,0.879,1.493456295248703,0.42754942178726196,2.327,0.0746,0.897,,,,45.456775788642645,,,,
9215,P35557,I,439,W,NONSYN,0.174286826410949,0.5695134246981022,0.07475034607875425,-2.117266666666666,100.0,2.0,6.0,0.705715655162746,0.0644301655614514,0.2550353577785692,0.7057,0.0644301655614514,0.705715655162746,0.0644301655614514,,0.0644301655614514,0.04555900698147424,0.6175,0.08822882063668402,0.41834935545921326,0.7047,0.0453,0.9990000000000001,,,,45.456775788642645,,,,
9216,P35557,I,439,H,NONSYN,0.28548817071874943,0.5826356150693195,0.08512690118847364,-2.264366666666666,100.0,2.0,6.0,0.7109421678242309,0.0789786027012087,0.2490701302947977,0.7109,0.0789786027012087,0.7109421678242309,0.0789786027012087,,0.0789786027012087,0.05584630553866284,0.6244,0.08653302866788937,0.43819913268089294,0.7096,0.0554,0.997,,,,45.456775788642645,,,,
9217,P35557,I,439,Q,NONSYN,0.19562317673292887,0.6722398883812675,0.06450714861475186,-2.121633333333333,100.0,2.0,6.0,0.39753626411325,0.172705537059636,0.6766964861079668,0.3975,0.172705537059636,0.39753626411325,0.172705537059636,,0.172705537059636,0.12212125640333321,0.7109,0.31338198358648756,0.4036778211593628,0.4238,0.1169,0.99,,,,45.456775788642645,,,,
9218,P35557,I,439,*,STOP,,,,,100.0,2.0,6.0,-0.0745484134847965,0.05,0.9644763416517311,-0.0745,0.05,-0.0745484134847965,0.05,,0.05,0.035355339059327376,,,,-0.0745,0.0354,,,,,45.456775788642645,,,,
9219,P35557,E,440,S,NONSYN,0.4382670271083193,1.397224079503416,0.035175652863536445,-0.6747666666666666,100.0,2.0,6.0,1.23089574330176,0.104761280341655,0.012035243288743764,1.2309,0.104761280341655,1.23089574330176,0.104761280341655,,0.104761280341655,0.07407741173536919,1.0881,0.1427945946964133,0.469272643327713,1.2274,0.0732,0.096,,,,71.40640788384582,,,,
9220,P35557,E,440,A,NONSYN,0.4725389201357859,1.026233675578686,0.0666503391773108,-0.8022,100.0,2.0,6.0,1.02240665292509,0.131488482670004,0.045401988702987964,1.0224,0.131488482670004,1.02240665292509,0.131488482670004,,0.131488482670004,0.09297639774388965,0.9167,0.1057313237167159,0.39639392495155334,1.0169,0.0905,0.07400000000000001,,,,71.40640788384582,,,,
9221,P35557,E,440,V,NONSYN,0.5148579282991502,1.2099173693181529,0.04278202805072009,-1.6669666666666665,100.0,2.0,6.0,1.4432742342936102,0.0704628085647414,0.0028818594478864246,1.4433,0.0704628085647414,1.4432742342936102,0.0704628085647414,,0.0704628085647414,0.04982472975757818,1.0758,0.36749884939065613,0.4927402436733246,1.4396,0.0496,0.193,,,,71.40640788384582,,,,
9222,P35557,E,440,R,NONSYN,0.4513055748960305,1.307747716876183,0.044313067947528234,-0.7211333333333333,100.0,2.0,6.0,1.29083574080679,0.0649263830582585,0.008093192613487633,1.2908,0.0649263830582585,1.29083574080679,0.0649263830582585,,0.0649263830582585,0.045909885738409956,1.0881,0.2027345922014434,0.4865879714488983,1.289,0.0457,0.32299999999999995,,,,71.40640788384582,,,,
9223,P35557,E,440,D,NONSYN,0.4800060668498122,1.175442074531377,0.03309447771006433,-0.020166666666666666,100.0,2.0,6.0,1.31186747903193,0.0985092945292291,0.00703210485889831,1.3119,0.0985092945292291,1.31186747903193,0.0985092945292291,,0.0985092945292291,0.06965659017152076,1.0256,0.28631615990961556,0.462772011756897,1.3055,0.0689,0.02,,,,71.40640788384582,,,,
9224,P35557,E,440,F,NONSYN,0.4134101209643438,1.660423695665277,0.11653731386903558,-2.4431333333333334,100.0,2.0,6.0,0.981035813943149,0.22037223364697,0.058339223934304706,0.981,0.22037223364697,0.981035813943149,0.22037223364697,,0.22037223364697,0.15582670079699873,1.1969,0.21585358653902875,0.5954982042312622,0.9949,0.1508,0.9540000000000001,,,,71.40640788384582,,,,
9225,P35557,E,440,T,NONSYN,0.4070866311137473,0.8942706650261402,0.041546715669661304,-0.9768666666666667,100.0,2.0,6.0,0.7923551720995191,0.245599102925772,0.16790931503716455,0.7924,0.245599102925772,0.7923551720995191,0.245599102925772,,0.245599102925772,0.17366479113214622,0.8974,0.10501188808495965,0.40353599190711975,0.8088,0.1595,0.415,,,,71.40640788384582,,,,
9226,P35557,E,440,I,NONSYN,0.377366298627538,1.4384180627376564,0.09918471939709537,-2.5622000000000003,100.0,2.0,6.0,1.6470527127260102,0.340505487000264,0.0006919349484549344,1.6471,0.340505487000264,1.6470527127260102,0.340505487000264,,0.340505487000264,0.24077373888911446,1.0859,0.5611427500718964,0.5175430774688721,1.5472,0.2183,0.475,,,,71.40640788384582,,,,
9227,P35557,E,440,L,NONSYN,0.4309220950052253,1.317193130353063,0.09700748613441378,-2.541533333333333,100.0,2.0,6.0,2.01072750987979,0.35161455914254197,4.803706703295432e-05,2.0107,0.35161455914254197,2.01072750987979,0.35161455914254197,,0.35161455914254197,0.24862903913360979,1.0881,0.9226263612744434,0.5120236277580261,1.8347,0.2237,0.013999999999999999,,,,71.40640788384582,,,,
9228,P35557,E,440,K,NONSYN,0.4890082107053284,1.377244080335073,0.04016035124664034,-0.6217666666666667,100.0,2.0,6.0,1.36780638824077,0.0621297270265519,0.004824021264710345,1.3678,0.0621297270265519,1.36780638824077,0.0621297270265519,,0.0621297270265519,0.04393235129374396,1.0859,0.2818964255866563,0.48798680305480957,1.3655,0.0438,0.455,,,,71.40640788384582,,,,
9229,P35557,E,440,G,NONSYN,0.4522640708552875,1.9298654127016734,0.0839805041469861,-1.9693333333333332,100.0,2.0,6.0,0.5609132155225179,0.131680298904109,0.44826618670768575,0.5609,0.131680298904109,0.5609132155225179,0.131680298904109,,0.131680298904109,0.09311203230376698,1.2256,0.6646977559282877,0.7690332531929016,0.5705,0.0924,0.564,,,,71.40640788384582,,,,
9230,P35557,E,440,Y,NONSYN,0.4671477233180428,1.4062311460427728,0.11947023943638446,-2.2137666666666664,,,,,,,,,,,,,,1.0535,,0.5394859313964844,1.0535,0.5395,0.948,,,,71.40640788384582,,,,
9231,P35557,E,440,N,NONSYN,0.4945297857128286,1.4756859559940867,0.03146456524449597,-0.6558999999999999,100.0,2.0,6.0,0.9955101138297491,0.124203318188922,0.053472122957759036,0.9955,0.124203318188922,0.9955101138297491,0.124203318188922,,0.124203318188922,0.0878250085372572,1.0881,0.0925910347755976,0.48375019431114197,0.9985,0.0864,0.172,,,,71.40640788384582,,,,
9232,P35557,E,440,C,NONSYN,0.4263241553322161,1.4384180627376564,0.09918471939709537,-2.5622,100.0,2.0,6.0,1.4199765242153002,0.24682391052605104,0.0033813364039722953,1.42,0.24682391052605104,1.4199765242153002,0.24682391052605104,,0.24682391052605104,0.17453086089195236,1.0452,0.3747704542690111,0.5429684519767761,1.3849,0.1662,0.977,,,,71.40640788384582,,,,
9233,P35557,E,440,P,NONSYN,0.2784783599621833,1.0860120197727399,0.06773032630449281,-1.2109666666666667,100.0,2.0,6.0,0.36956960134654104,0.09780427496257302,0.7104473268859047,0.3696,0.09780427496257302,0.36956960134654104,0.09780427496257302,,0.09780427496257302,0.06915806605506904,0.9262,0.5566263181671613,0.39571183919906616,0.3861,0.0681,0.11800000000000001,,,,71.40640788384582,,,,
9234,P35557,E,440,E,SYN,,,,,100.0,2.0,6.0,0.792999707406934,0.05,0.16735614603350668,0.793,0.05,0.792999707406934,0.05,,0.05,0.035355339059327376,,,,0.793,0.0354,,,,,71.40640788384582,,,,
9235,P35557,E,440,M,NONSYN,0.4318399535430367,1.2170800541807127,0.08763836526303669,-1.9908666666666666,100.0,2.0,6.0,2.6992692910854,0.0777178056429589,2.0308667000786406e-07,2.6993,0.0777178056429589,2.6992692910854,0.0777178056429589,,0.0777178056429589,0.05495478738907436,1.0811,1.6181836091701167,0.49294236302375793,2.6794,0.0546,0.36200000000000004,,,,71.40640788384582,,,,
9236,P35557,E,440,W,NONSYN,0.3886512979012191,1.546272012182983,0.12652200209204847,-2.4843333333333333,100.0,2.0,6.0,1.32349086439003,0.0698586755549442,0.006504795742504289,1.3235,0.0698586755549442,1.32349086439003,0.0698586755549442,,0.0698586755549442,0.04939754320961194,1.0478,0.27566743528236404,0.5458307266235352,1.3213,0.0492,0.995,,,,71.40640788384582,,,,
9237,P35557,E,440,H,NONSYN,0.3874690850586482,1.172413865979433,0.0412423900892901,-0.6659666666666667,100.0,2.0,6.0,1.90532638387371,0.0512833161232973,0.00010571901617944846,1.9053,0.0512833161232973,1.90532638387371,0.0512833161232973,,0.0512833161232973,0.036262780592516926,0.9968,0.9085375245063394,0.5034886598587036,1.9006,0.0362,0.705,,,,71.40640788384582,,,,
9238,P35557,E,440,Q,NONSYN,0.4979236622050323,1.30352320352482,0.03692267441549154,-0.02876666666666668,100.0,2.0,6.0,0.927624092051601,0.0698524970850601,0.07995485367410528,0.9276,0.0698524970850601,0.927624092051601,0.0698524970850601,,0.0698524970850601,0.049393174371659535,1.0881,0.16047705655374567,0.4460029602050781,0.9296,0.0491,0.001,,,,71.40640788384582,,,,
9239,P35557,E,440,*,STOP,,,,,100.0,2.0,6.0,0.284051748502842,0.05,0.7986659606514621,0.2841,0.05,0.284051748502842,0.05,,0.05,0.035355339059327376,,,,0.2841,0.0354,,,,,71.40640788384582,,,,
9240,P35557,S,441,S,SYN,,,,,100.0,2.0,6.0,1.00050805399654,0.05,0.05187958771772359,1.0005,0.05,1.00050805399654,0.05,,0.05,0.035355339059327376,,,,1.0005,0.0354,,,,,11.795119212123153,,,,
9241,P35557,S,441,A,NONSYN,0.4563330621977513,0.7038588433988123,0.17062511282199974,-0.01466666666666668,100.0,2.0,6.0,0.939992290370692,0.181470052541281,0.07439674765322873,0.94,0.181470052541281,0.939992290370692,0.181470052541281,,0.181470052541281,0.12831870473421886,0.6992,0.24074868523382065,0.5078284740447998,0.9255,0.1244,0.995,,,,11.795119212123153,,,,
9242,P35557,S,441,V,NONSYN,0.3566796973350173,0.9255743762362268,0.06713439434529557,-1.3498999999999999,100.0,2.0,6.0,0.521606449738256,0.14950264057566698,0.5056957565982609,0.5216,0.14950264057566698,0.521606449738256,0.14950264057566698,,0.14950264057566698,0.1057143309563492,0.7827,0.26110469852376794,0.4209258556365967,0.5371,0.1025,1.0,,,,11.795119212123153,,,,
9243,P35557,S,441,R,NONSYN,0.5078165034060199,1.376201034390334,0.03766808785277776,-0.9542999999999999,100.0,2.0,6.0,0.21649375293628,0.271590005660628,0.8521526861069454,0.2165,0.271590005660628,0.21649375293628,0.271590005660628,,0.271590005660628,0.19204313470512288,0.9911,0.7745948758326409,0.5124569535255432,0.3119,0.1798,1.0,,,,11.795119212123153,,,,
9244,P35557,S,441,D,NONSYN,0.26426002389568154,1.111812359963116,0.0446123040360186,-0.6365333333333334,100.0,2.0,6.0,0.8883030371163829,0.126084356686881,0.10011803513994026,0.8883,0.126084356686881,0.8883030371163829,0.126084356686881,,0.126084356686881,0.08915510361483697,0.8196,0.06873166126952013,0.4231258034706116,0.8854,0.0872,1.0,,,,11.795119212123153,,,,
9245,P35557,S,441,F,NONSYN,0.4400921079880442,0.42650734977091204,0.07015485478850732,-1.7383,100.0,2.0,6.0,-0.329371059372981,0.539067619295188,0.9898364244283477,-0.3294,0.539067619295188,-0.329371059372981,0.539067619295188,,0.539067619295188,0.38117836912171554,0.3715,0.7008809988051252,0.38892418146133423,0.014,0.2722,1.0,,,,11.795119212123153,,,,
9246,P35557,S,441,T,NONSYN,0.5032644910640633,0.564034200418993,0.17011628964224357,-0.06083333333333333,100.0,2.0,6.0,1.3594662193101499,0.189874085117246,0.005104257114818624,1.3595,0.189874085117246,1.3594662193101499,0.189874085117246,,0.189874085117246,0.13426125315799636,0.696,0.6634798888009641,0.5207217931747437,1.3181,0.13,0.981,,,,11.795119212123153,,,,
9247,P35557,S,441,I,NONSYN,0.40690641070991895,0.3080948570346973,0.1438895551682766,-1.7275666666666665,100.0,2.0,6.0,0.0258664188356633,0.0806776940813152,0.9414549215918004,0.0259,0.0806776940813152,0.0258664188356633,0.0806776940813152,,0.0806776940813152,0.05704774457539176,0.3345,0.3086657824544673,0.4293525815010071,0.0312,0.0566,1.0,,,,11.795119212123153,,,,
9248,P35557,S,441,L,NONSYN,0.393745075519064,0.2709771185022774,0.14333986324868042,-1.7093,100.0,2.0,6.0,0.137219634432923,0.0966998901189255,0.8987421693051861,0.1372,0.0966998901189255,0.137219634432923,0.0966998901189255,,0.0966998901189255,0.06837714804308624,0.297,0.15973303041921932,0.4293525815010071,0.1412,0.0675,1.0,,,,11.795119212123153,,,,
9249,P35557,S,441,K,NONSYN,0.33912790346884786,1.146971805465,0.16638551729157072,-0.6167666666666666,100.0,2.0,6.0,0.153726660441828,0.145424169139181,0.8903204842786714,0.1537,0.145424169139181,0.153726660441828,0.145424169139181,,0.145424169139181,0.10283041614673433,0.855,0.7012842066770074,0.5239177942276001,0.1797,0.1009,1.0,,,,11.795119212123153,,,,
9250,P35557,S,441,G,NONSYN,0.4188135801978989,1.0397539994664902,0.046690624612016195,-0.6509999999999999,100.0,2.0,6.0,1.10447811860626,0.11172127553201198,0.02722607947338922,1.1045,0.11172127553201198,1.10447811860626,0.11172127553201198,,0.11172127553201198,0.07899887153149637,0.7991,0.3053997733074929,0.4315221309661865,1.0946,0.0777,1.0,,,,11.795119212123153,,,,
9251,P35557,S,441,Y,NONSYN,0.3987520148682556,-0.04533656578941558,0.1295255635081286,-1.6658,100.0,2.0,6.0,1.11643599604415,0.26968668234795606,0.025237166961491784,1.1164,0.26968668234795606,1.11643599604415,0.26968668234795606,,0.26968668234795606,0.1906972818839421,0.1351,0.9813497874622255,0.3297874331474304,0.8705,0.1651,1.0,,,,11.795119212123153,,,,
9252,P35557,S,441,N,NONSYN,0.3577198430860929,1.092143196053144,0.16976524037651722,-0.23683333333333337,100.0,2.0,6.0,0.49290531393880704,0.06589748566345,0.547344487497894,0.4929,0.06589748566345,0.49290531393880704,0.06589748566345,,0.06589748566345,0.04659655897576879,0.8443,0.3514037776291861,0.5361781716346741,0.4955,0.0464,0.998,,,,11.795119212123153,,,,
9253,P35557,S,441,C,NONSYN,0.4413057931247456,0.9507682222039405,0.07294837636006131,-0.9221333333333334,100.0,2.0,6.0,1.49279218949546,0.0592847138410713,0.0020470991193285823,1.4928,0.0592847138410713,1.49279218949546,0.0592847138410713,,0.0592847138410713,0.041920623177725484,0.7963,0.6965222958492199,0.42403334379196167,1.4861,0.0417,1.0,,,,11.795119212123153,,,,
9254,P35557,S,441,P,NONSYN,0.3754690196139504,0.882242996117264,0.06945396759529744,-0.9290666666666666,100.0,2.0,6.0,1.6983678677554899,0.111676735600335,0.0004793319686459175,1.6984,0.111676735600335,1.6983678677554899,0.111676735600335,,0.111676735600335,0.078967377043774,0.7827,0.9156567194934659,0.4209258556365967,1.6672,0.0776,1.0,,,,11.795119212123153,,,,
9255,P35557,S,441,E,NONSYN,0.32956968841657797,0.5058032586651894,0.16952022328058802,-0.6321,100.0,2.0,6.0,2.07723230084126,0.0468487535471122,2.9011686319865845e-05,2.0772,0.0468487535471122,2.07723230084126,0.0468487535471122,,0.0468487535471122,0.03312707132330036,0.5005,1.5767495032185792,0.5327364206314087,2.0712,0.0331,1.0,,,,11.795119212123153,,,,
9256,P35557,S,441,M,NONSYN,0.4679817126368144,0.4362237954698083,0.14637771619028897,-1.5591333333333335,100.0,2.0,6.0,0.167494943169071,0.06986344067471001,0.8828076147902915,0.1675,0.06986344067471001,0.167494943169071,0.06986344067471001,,0.06986344067471001,0.04940091265811151,0.3981,0.23063663599161932,0.49380987882614136,0.1698,0.0492,1.0,,,,11.795119212123153,,,,
9257,P35557,S,441,W,NONSYN,0.3832492129242465,-0.05542833536813157,0.130480662092952,-1.7880333333333336,100.0,2.0,6.0,0.6629120919375251,0.397838912531952,0.30704672663412197,0.6629,0.397838912531952,0.6629120919375251,0.397838912531952,,0.397838912531952,0.281314592871225,0.1148,0.5481159600882362,0.3081541955471039,0.4138,0.2078,1.0,,,,11.795119212123153,,,,
9258,P35557,S,441,H,NONSYN,0.2629764798769622,1.1358846033957433,0.07061141776744072,-0.9429,100.0,2.0,6.0,0.9374430459200519,0.0977422968584106,0.07551347761897557,0.9374,0.0977422968584106,0.9374430459200519,0.0977422968584106,,0.0977422968584106,0.0691142409173307,0.8492,0.08823302204004702,0.41972339153289795,0.9351,0.0682,1.0,,,,11.795119212123153,,,,
9259,P35557,S,441,Q,NONSYN,0.3963611118941722,1.111812359963116,0.0446123040360186,-0.6365333333333333,100.0,2.0,6.0,0.25920499694748,0.695440923043422,0.8199474847884147,0.2592,0.695440923043422,0.25920499694748,0.695440923043422,,0.695440923043422,0.4917509925986356,0.8196,0.5603663788993828,0.4231258034706116,0.5812,0.3207,1.0,,,,11.795119212123153,,,,
9260,P35557,S,441,*,STOP,,,,,100.0,2.0,6.0,0.158642849829881,0.05,0.8876901073661703,0.1586,0.05,0.158642849829881,0.05,,0.05,0.035355339059327376,,,,0.1586,0.0354,,,,,11.795119212123153,C,445.0,,
9261,P35557,E,442,S,NONSYN,0.4382670271083193,2.01862582116402,0.06129278617390529,-0.6747666666666666,100.0,2.0,6.0,1.44891677558525,0.15139768717353302,0.00277214112668498,1.4489,0.15139768717353302,1.44891677558525,0.15139768717353302,,0.15139768717353302,0.10705433125636478,1.2664,0.18249092757804775,0.6563358902931213,1.4442,0.1057,0.9940000000000001,,,,130.39487092559116,,,,
9262,P35557,E,442,A,NONSYN,0.4725389201357859,1.8350616002473699,0.067088811614524,-0.8022,100.0,2.0,6.0,0.7951665884580201,0.10535870661621301,0.16550662571921498,0.7952,0.10535870661621301,0.7951665884580201,0.10535870661621301,,0.10535870661621301,0.07449985590536819,1.2191,0.42391624387840565,0.6803856492042542,0.8002,0.0741,0.992,,,,130.39487092559116,,,,
9263,P35557,E,442,V,NONSYN,0.5148579282991502,1.097999361178352,0.06232165484675015,-1.6669666666666665,100.0,2.0,6.0,1.51039347636072,0.0515923720530822,0.0018114314349516002,1.5104,0.0515923720530822,1.51039347636072,0.0515923720530822,,0.0515923720530822,0.036481316136233746,0.8559,0.6545179842647728,0.4093344211578369,1.5052,0.0363,0.996,,,,130.39487092559116,,,,
9264,P35557,E,442,R,NONSYN,0.4513055748960305,1.7699595060312199,0.03241189771375731,-0.7211333333333333,100.0,2.0,6.0,1.5411655338564199,0.244567778915775,0.0014613741621719405,1.5412,0.244567778915775,1.5411655338564199,0.244567778915775,,0.244567778915775,0.17293553493107683,1.2004,0.3407470615663808,0.5824267268180847,1.5136,0.1658,0.9990000000000001,,,,130.39487092559116,,,,
9265,P35557,E,442,D,NONSYN,0.4800060668498122,1.3546063559241668,0.05181929675026145,-0.020166666666666666,100.0,2.0,6.0,2.46981416657711,0.36406819995578604,1.333397273229673e-06,2.4698,0.36406819995578604,2.46981416657711,0.36406819995578604,,0.36406819995578604,0.25743509300311623,1.0758,1.3939827533080669,0.45250579714775085,2.129,0.2238,0.941,,,,130.39487092559116,,,,
9266,P35557,E,442,F,NONSYN,0.4134101209643438,1.6536070402670802,0.028530416155744823,-2.4431333333333334,100.0,2.0,6.0,2.628171896388,0.10855983257163301,3.661975545482338e-07,2.6282,0.10855983257163301,2.628171896388,0.10855983257163301,,0.10855983257163301,0.07676339377587793,1.1725,1.4556548351544794,0.5801453590393066,2.6031,0.0761,1.0,,,,130.39487092559116,,,,
9267,P35557,E,442,T,NONSYN,0.4070866311137473,0.9030805257979404,0.06733366024494657,-0.9768666666666667,100.0,2.0,6.0,1.66513937187802,0.13778854312042702,0.000608171095752647,1.6651,0.13778854312042702,1.66513937187802,0.13778854312042702,,0.13778854312042702,0.09743121321026894,0.7981,0.8670753784240406,0.4209258556365967,1.621,0.0949,0.9990000000000001,,,,130.39487092559116,,,,
9268,P35557,E,442,I,NONSYN,0.377366298627538,1.9097964241924734,0.0291160444416315,-2.3962999999999997,100.0,2.0,6.0,2.13092010065355,0.0375747055648294,1.9238469732095002e-05,2.1309,0.0375747055648294,2.13092010065355,0.0375747055648294,,0.0375747055648294,0.02656932910597877,1.2156,0.9152940992955179,0.748299777507782,2.1298,0.0266,0.998,,,,130.39487092559116,,,,
9269,P35557,E,442,L,NONSYN,0.4309220950052253,2.2362573664407868,0.016722685634960613,-2.375633333333333,100.0,2.0,6.0,1.15153727390861,0.107877631702535,0.020163926824140914,1.1515,0.107877631702535,1.15153727390861,0.107877631702535,,0.107877631702535,0.07628100491520738,1.481,0.32949557444954425,0.7830280065536499,1.1546,0.0759,0.998,,,,130.39487092559116,,,,
9270,P35557,E,442,K,NONSYN,0.4890082107053284,1.9878762350736299,0.041318789553490144,-0.6217666666666667,100.0,2.0,6.0,1.61101136315754,0.134076431212077,0.0008937897961985383,1.611,0.134076431212077,1.61101136315754,0.134076431212077,,0.134076431212077,0.09480635370735131,1.2329,0.378074146398812,0.6567294001579285,1.6033,0.0938,0.996,,,,130.39487092559116,,,,
9271,P35557,E,442,G,NONSYN,0.4522640708552875,2.371390616218893,0.032233057583785876,-1.9225,100.0,2.0,6.0,0.21679850858944602,0.212595154065462,0.8519417039222222,0.2168,0.212595154065462,0.21679850858944602,0.212595154065462,,0.212595154065462,0.150327475087087,1.6671,1.4503254051755077,0.8200159072875977,0.264,0.1479,0.9990000000000001,,,,130.39487092559116,,,,
9272,P35557,E,442,Y,NONSYN,0.4671477233180428,1.166418627717202,0.0568849430635349,-2.2137666666666664,100.0,2.0,6.0,2.89948825242973,0.0449391550945384,3.7424793694403833e-08,2.8995,0.0449391550945384,2.89948825242973,0.0449391550945384,,0.0449391550945384,0.031776781308142085,0.8762,2.023260635165936,0.385029137134552,2.8858,0.0317,1.0,,,,130.39487092559116,,,,
9273,P35557,E,442,N,NONSYN,0.4945297857128286,1.7353047813565468,0.07005017513521523,-0.6558999999999999,100.0,2.0,6.0,2.29887989500767,0.0470879442133382,5.2094120741432926e-06,2.2989,0.0470879442133382,2.29887989500767,0.0470879442133382,,0.0470879442133382,0.03329620466538529,1.2043,1.0946126315951945,0.6100618839263916,2.2956,0.0332,0.996,,,,130.39487092559116,,,,
9274,P35557,E,442,C,NONSYN,0.4263241553322161,1.81935763884523,0.03728650513855672,-2.5622,100.0,2.0,6.0,2.6887807203832,0.0490100585893781,2.2162081384361332e-07,2.6888,0.0490100585893781,2.6887807203832,0.0490100585893781,,0.0490100585893781,0.03465534477489925,1.1394,1.5493962122502656,0.6767162680625916,2.6847,0.0346,1.0,,,,130.39487092559116,,,,
9275,P35557,E,442,P,NONSYN,0.2784783599621833,1.32356647889892,0.04265358688131546,-1.2109666666666667,100.0,2.0,6.0,0.372909455079381,0.10341632797599001,0.7065372565999603,0.3729,0.10341632797599001,0.372909455079381,0.10341632797599001,,0.10341632797599001,0.0731263867972346,1.0452,0.6722966148669081,0.5080569386482239,0.3866,0.0724,0.987,,,,130.39487092559116,,,,
9276,P35557,E,442,E,SYN,,,,,100.0,2.0,6.0,1.27650500212829,0.05,0.008903149481160787,1.2765,0.05,1.27650500212829,0.05,,0.05,0.035355339059327376,,,,1.2765,0.0354,,,,,130.39487092559116,,,,
9277,P35557,E,442,M,NONSYN,0.4318399535430367,1.5422267457932985,0.0526402887776992,-1.9440333333333335,100.0,2.0,6.0,2.7042901198662297,0.11840675448182499,1.947626056280183e-07,2.7043,0.11840675448182499,2.7042901198662297,0.11840675448182499,,0.11840675448182499,0.08372621903238907,1.0443,1.6600086371696965,0.5000735521316528,2.659,0.0826,0.997,,,,130.39487092559116,,,,
9278,P35557,E,442,W,NONSYN,0.3886512979012191,1.9702097569833867,0.037144372362753836,-2.4843333333333333,100.0,2.0,6.0,1.6783637462390801,0.0400285111930025,0.0005532811500221118,1.6784,0.0400285111930025,1.6783637462390801,0.0400285111930025,,0.0400285111930025,0.028304431705373684,1.1957,0.48262972219122857,0.6061642169952393,1.6773,0.0283,1.0,,,,130.39487092559116,,,,
9279,P35557,E,442,H,NONSYN,0.3874690850586482,1.7629874014831133,0.06869899427354119,-0.6659666666666667,100.0,2.0,6.0,2.21583203462797,0.0747785296141045,9.978939003799599e-06,2.2158,0.0747785296141045,2.21583203462797,0.0747785296141045,,0.0747785296141045,0.05287640537729235,1.1938,1.0220413604183753,0.5909416079521179,2.2077,0.0527,1.0,,,,130.39487092559116,,,,
9280,P35557,E,442,Q,NONSYN,0.4979236622050323,1.8432474351066332,0.09816182877357504,-0.02876666666666668,100.0,2.0,6.0,1.00389092902971,0.0862355042565882,0.05082644497052658,1.0039,0.0862355042565882,1.00389092902971,0.0862355042565882,,0.0862355042565882,0.0609777098388749,1.2091,0.20520693321394234,0.573032796382904,1.0062,0.0606,0.998,,,,130.39487092559116,,,,
9281,P35557,E,442,*,STOP,,,,,100.0,2.0,6.0,0.304482983774387,0.05,0.7797070857804338,0.3045,0.05,0.304482983774387,0.05,,0.05,0.035355339059327376,,,,0.3045,0.0354,,,,,130.39487092559116,,,,
9282,P35557,E,443,S,NONSYN,0.4382670271083193,0.4845866412142068,0.12611729369670802,-0.6747666666666666,100.0,2.0,6.0,0.562797944814042,0.28594611352623805,0.4455237530803491,0.5628,0.28594611352623805,0.562797944814042,0.28594611352623805,,0.28594611352623805,0.20219443592834127,0.7289,0.16606666538111792,0.4940369427204132,0.5866,0.1871,0.40399999999999997,,,,60.505195768590575,,,,
9283,P35557,E,443,A,NONSYN,0.4725389201357859,0.48555524510946907,0.08606875888586012,-0.8022,100.0,2.0,6.0,0.41807265406761207,0.174369434107444,0.6505275976475643,0.4181,0.174369434107444,0.41807265406761207,0.174369434107444,,0.174369434107444,0.1232978092890345,0.7192,0.30112610930290185,0.44794002175331116,0.4393,0.1189,0.731,,,,60.505195768590575,,,,
9284,P35557,E,443,V,NONSYN,0.5148579282991502,1.0904024703773487,0.13918231962202887,-1.6669666666666665,100.0,2.0,6.0,0.444216387984616,0.0948328502676416,0.6157075360250484,0.4442,0.0948328502676416,0.444216387984616,0.0948328502676416,,0.0948328502676416,0.06705695150349787,0.8723,0.42806087184204417,0.5071430802345276,0.4516,0.0665,0.966,,,,60.505195768590575,,,,
9285,P35557,E,443,R,NONSYN,0.4513055748960305,0.45055758114113953,0.11342648937568367,-0.7211333333333333,100.0,2.0,6.0,0.520159834286814,0.29176147542498404,0.5078073756636395,0.5202,0.29176147542498404,0.520159834286814,0.29176147542498404,,0.29176147542498404,0.20630651776199843,0.5084,0.011741155049448282,0.47996848821640015,0.5183,0.1895,0.991,,,,60.505195768590575,,,,
9286,P35557,E,443,D,NONSYN,0.4800060668498122,1.0766209672319043,0.1288056428609655,-0.020166666666666666,100.0,2.0,6.0,0.6427232067425489,0.7230390744339259,0.33336286183363484,0.6427,0.7230390744339259,0.6427232067425489,0.7230390744339259,,0.7230390744339259,0.5112658325950739,0.9115,0.2688044269244433,0.45556318759918213,0.7926,0.3401,0.003,,,,60.505195768590575,,,,
9287,P35557,E,443,F,NONSYN,0.4134101209643438,1.0829307148795182,0.15787038419043395,-2.4431333333333334,100.0,2.0,6.0,1.4151826336412998,0.249065023527412,0.003494089003371989,1.4152,0.249065023527412,1.4151826336412998,0.249065023527412,,0.249065023527412,0.17611556709262002,0.8757,0.5394560530214878,0.4945060908794403,1.3545,0.1659,0.997,,,,60.505195768590575,,,,
9288,P35557,E,443,T,NONSYN,0.4070866311137473,0.437421004834236,0.1318555290100957,-0.9768666666666667,100.0,2.0,6.0,0.0452681835952802,0.19958921259530302,0.9355413277301062,0.0453,0.19958921259530302,0.0452681835952802,0.19958921259530302,,0.19958921259530302,0.14113088567782223,0.682,0.6367701235946612,0.4953483045101166,0.0931,0.1357,0.9229999999999999,,,,60.505195768590575,,,,
9289,P35557,E,443,I,NONSYN,0.377366298627538,1.4262724834715599,0.1472666179071261,-2.3962999999999997,100.0,2.0,6.0,0.324765093450845,0.256483247990456,0.7595662227104415,0.3248,0.256483247990456,0.324765093450845,0.256483247990456,,0.256483247990456,0.18136104391480237,1.0452,0.720440976495444,0.5992751121520996,0.3852,0.1736,0.982,,,,60.505195768590575,,,,
9290,P35557,E,443,L,NONSYN,0.4309220950052253,0.9479542577523151,0.1557306949103886,-2.375633333333333,100.0,2.0,6.0,1.75971977060858,0.14007494395962,0.0003078018213552975,1.7597,0.14007494395962,1.75971977060858,0.14007494395962,,0.14007494395962,0.09904794274817293,0.8555,0.9042549545151353,0.4945060908794403,1.7248,0.0971,0.982,,,,60.505195768590575,,,,
9291,P35557,E,443,K,NONSYN,0.4890082107053284,0.4987993447232828,0.12537515107944092,-0.6217666666666667,100.0,2.0,6.0,0.485866272260681,0.43362504066909796,0.5574452960098184,0.4859,0.43362504066909796,0.485866272260681,0.43362504066909796,,0.43362504066909796,0.3066192067494116,0.7029,0.21705440301702894,0.49756839871406555,0.5456,0.261,0.924,,,2.50591e-05,60.505195768590575,,,,
9292,P35557,E,443,G,NONSYN,0.4522640708552875,1.2382304294881619,0.09253674508972311,-1.9225,100.0,2.0,6.0,0.9814923837308641,0.11694335643382801,0.058179739325175346,0.9815,0.11694335643382801,0.9814923837308641,0.11694335643382801,,0.11694335643382801,0.08269144034907526,1.0337,0.052238600003266744,0.5121927261352539,0.9828,0.0816,0.956,,,,60.505195768590575,,,,
9293,P35557,E,443,Y,NONSYN,0.4671477233180428,1.0219924159300964,0.07419209116245094,-2.2137666666666664,100.0,2.0,6.0,1.35479039922697,0.0868494692923467,0.00526821075187683,1.3548,0.0868494692923467,1.35479039922697,0.0868494692923467,,0.0868494692923467,0.06141184867907117,0.824,0.5307982660864061,0.4035738706588745,1.3428,0.0607,0.9990000000000001,,,,60.505195768590575,,,,
9294,P35557,E,443,N,NONSYN,0.4945297857128286,0.37510671700344983,0.14135949471028855,-0.6558999999999999,100.0,2.0,6.0,0.8912377174463131,0.0915442531465806,0.09847449861643685,0.8912,0.0915442531465806,0.8912377174463131,0.0915442531465806,,0.0915442531465806,0.06473156217860508,0.6975,0.19375978070162314,0.5286362767219543,0.8884,0.0643,0.637,,,,60.505195768590575,,,,
9295,P35557,E,443,C,NONSYN,0.4263241553322161,1.4464032282763366,0.15720912772567391,-2.5622,100.0,2.0,6.0,1.77901852843353,0.4211188579286121,0.00026752746539339937,1.779,0.4211188579286121,1.77901852843353,0.4211188579286121,,0.4211188579286121,0.2977760001268559,1.0099,0.7691277336795017,0.682100772857666,1.6559,0.2729,0.9990000000000001,,,,60.505195768590575,,,,
9296,P35557,E,443,P,NONSYN,0.2784783599621833,0.30251907521583604,0.06634665813624017,-1.2109666666666667,100.0,2.0,6.0,0.3740305261482821,0.444315643947482,0.7052172905483046,0.374,0.444315643947482,0.3740305261482821,0.444315643947482,,0.444315643947482,0.3141786048225321,0.6036,0.22960561944345376,0.4357013404369354,0.4526,0.2548,0.889,,,,60.505195768590575,,,,
9297,P35557,E,443,E,SYN,,,,,100.0,2.0,6.0,0.665514830429809,0.05,0.3037319482683803,0.6655,0.05,0.665514830429809,0.05,,0.05,0.035355339059327376,,,,0.6655,0.0354,,,,,60.505195768590575,,,,
9298,P35557,E,443,M,NONSYN,0.4318399535430367,0.9268330569808167,0.04096872005991383,-1.9440333333333335,100.0,2.0,6.0,1.9156845012528998,0.37094310297693894,9.788869643454891e-05,1.9157,0.37094310297693894,1.9156845012528998,0.37094310297693894,,0.37094310297693894,0.2622963835493733,0.8385,1.0772276321275336,0.40807557106018066,1.6007,0.2206,0.991,,,,60.505195768590575,,,,
9299,P35557,E,443,W,NONSYN,0.3886512979012191,1.1665558325669083,0.09050415348655882,-2.4843333333333333,100.0,2.0,6.0,1.16430728057913,0.6026693963151021,0.01857162113216006,1.1643,0.6026693963151021,1.16430728057913,0.6026693963151021,,0.6026693963151021,0.42615161694801157,0.8813,0.2829688034444253,0.4164852499961853,1.0196,0.2979,1.0,,,,60.505195768590575,,,,
9300,P35557,E,443,H,NONSYN,0.3874690850586482,0.658065165515723,0.09867744554498116,-0.6659666666666667,100.0,2.0,6.0,0.0423623719094934,0.43908448278496703,0.9364627976136601,0.0424,0.43908448278496703,0.0423623719094934,0.43908448278496703,,0.43908448278496703,0.31047961529103807,0.6993,0.6569042406202612,0.45486122369766235,0.2511,0.2564,0.996,,,,60.505195768590575,,,,
9301,P35557,E,443,Q,NONSYN,0.4979236622050323,0.5637958079390906,0.2098387421720553,-0.02876666666666668,100.0,2.0,6.0,2.18119868462099,0.169824113879159,1.3055591063672864e-05,2.1812,0.169824113879159,2.18119868462099,0.169824113879159,,0.169824113879159,0.1200837825329498,0.7402,1.4409809393168822,0.5110478401184082,2.1058,0.1169,0.946,,,,60.505195768590575,,,,
9302,P35557,E,443,*,STOP,,,,,100.0,2.0,6.0,0.638847110636803,0.05,0.33853118694986506,0.6388,0.05,0.638847110636803,0.05,,0.05,0.035355339059327376,,,,0.6388,0.0354,,,,,60.505195768590575,,,,
9303,P35557,G,444,S,NONSYN,0.36837526824294986,0.3567857845026437,0.11483376557398815,-0.9379,100.0,2.0,6.0,0.22374420556904898,0.0827012214917809,0.847061766423808,0.2237,0.0827012214917809,0.22374420556904898,0.0827012214917809,,0.0827012214917809,0.05847859452924891,0.3643,0.1405233224880494,0.42128321528434753,0.2264,0.0579,1.0,,,,17.787949760149434,,,,
9304,P35557,G,444,A,NONSYN,0.4089269105168704,0.10815697431823834,0.1109211433177853,-1.0059,100.0,2.0,6.0,0.969630636122265,0.150793827107805,0.06245405696837477,0.9696,0.150793827107805,0.969630636122265,0.150793827107805,,0.150793827107805,0.10662733770900075,0.274,0.6955868376756097,0.39420878887176514,0.9222,0.1029,1.0,,,,17.787949760149434,,,,
9305,P35557,G,444,V,NONSYN,0.3988573139738447,0.141002461210186,0.10564295736581843,-2.7219333333333338,100.0,2.0,6.0,0.836924310822954,0.24698602516181498,0.1328746674178527,0.8369,0.24698602516181498,0.836924310822954,0.24698602516181498,,0.24698602516181498,0.1746454932502306,0.242,0.59495880832242,0.390555202960968,0.7378,0.1594,1.0,,,,17.787949760149434,,,,
9306,P35557,G,444,R,NONSYN,0.3362652746103357,0.21212143970703354,0.1612541912153949,-1.9470333333333334,100.0,2.0,6.0,0.05243313708224,0.0840722425627476,0.9332132492503732,0.0524,0.0840722425627476,0.05243313708224,0.0840722425627476,,0.0840722425627476,0.05944805282567912,0.2654,0.21300530037961302,0.4065036475658417,0.0569,0.0588,1.0,,,,17.787949760149434,,,,
9307,P35557,G,444,D,NONSYN,0.3623286966209139,0.3574400227264843,0.13825490667392945,-1.5976,,,,,,,,,,,,,,0.3434,,0.43092280626296997,0.3434,0.4309,1.0,,,,17.787949760149434,,,,
9308,P35557,G,444,F,NONSYN,0.3709207412708021,0.46189780610189707,0.10211600803074318,-2.717866666666667,100.0,2.0,6.0,-0.12576172385217899,0.272381520725501,0.9724567579861483,-0.1258,0.272381520725501,-0.12576172385217899,0.272381520725501,,0.272381520725501,0.19260282037490586,0.4042,0.5299466613292908,0.44991302490234375,-0.0437,0.1771,1.0,,,,17.787949760149434,,,,
9309,P35557,G,444,T,NONSYN,0.21962954488217865,0.039421522680190994,0.1323674964894861,-1.7053,100.0,2.0,6.0,1.00648863722112,0.189068542161144,0.050031082106517355,1.0065,0.189068542161144,1.00648863722112,0.189068542161144,,0.189068542161144,0.13369164827119956,0.141,0.8655073206546526,0.36538761854171753,0.9043,0.1256,1.0,,,,17.787949760149434,,,,
9310,P35557,G,444,I,NONSYN,0.29686370150880703,0.141002461210186,0.10564295736581843,-2.721933333333333,100.0,2.0,6.0,-0.107880561378985,0.28513589778868104,0.9699007597378269,-0.1079,0.28513589778868104,-0.107880561378985,0.28513589778868104,,0.28513589778868104,0.20162152688609064,0.242,0.34984606387951905,0.390555202960968,-0.0343,0.1792,1.0,,,,17.787949760149434,,,,
9311,P35557,G,444,L,NONSYN,0.33670580158540125,0.33335805446738503,0.1148372251095902,-2.6893,100.0,2.0,6.0,0.259857531051357,0.156567326372684,0.8194130907341399,0.2599,0.156567326372684,0.259857531051357,0.156567326372684,,0.156567326372684,0.11070981819037223,0.3434,0.08356285526303509,0.40770870447158813,0.2656,0.1068,1.0,,,,17.787949760149434,,,,
9312,P35557,G,444,K,NONSYN,0.4007452768135149,0.33202680414581526,0.1381103227003,-1.7154,100.0,2.0,6.0,0.12867279282424698,0.0882461651528061,0.9028626302499714,0.1287,0.0882461651528061,0.12867279282424698,0.0882461651528061,,0.0882461651528061,0.06239946179325719,0.3434,0.2147475934901451,0.4293525815010071,0.1331,0.0618,1.0,,,,17.787949760149434,,,,
9313,P35557,G,444,G,SYN,,,,,100.0,2.0,6.0,0.927506357547149,0.05,0.08000947912726186,0.9275,0.05,0.927506357547149,0.05,,0.05,0.035355339059327376,,,,0.9275,0.0354,,,,,17.787949760149434,,,,
9314,P35557,G,444,Y,NONSYN,0.28089736795090275,0.323673372674044,0.09419457319395957,-2.6748999999999996,100.0,2.0,6.0,0.28891157643138,0.31966044393653603,0.7942767689473149,0.2889,0.31966044393653603,0.28891157643138,0.31966044393653603,,0.31966044393653603,0.22603406758462682,0.3434,0.0545088098830121,0.39349865913391113,0.3024,0.196,1.0,,,,17.787949760149434,,,,
9315,P35557,G,444,N,NONSYN,0.382875509440285,0.4406825448385203,0.045561713943365695,-0.891,100.0,2.0,6.0,-0.0279460754385809,0.4547923954160129,0.9552014570024745,-0.0279,0.4547923954160129,-0.0279460754385809,0.4547923954160129,,0.4547923954160129,0.32158678683073644,0.3999,0.42785095238598386,0.417354941368103,0.1314,0.2547,1.0,,,,17.787949760149434,,,,
9316,P35557,G,444,C,NONSYN,0.3672992043124827,0.18553653580283877,0.06416376140512182,-2.438433333333333,100.0,2.0,6.0,0.312078468915763,0.21578056486122899,0.7723189007872795,0.3121,0.21578056486122899,0.312078468915763,0.21578056486122899,,0.21578056486122899,0.15257990066163865,0.2464,0.0656340647905494,0.34118181467056274,0.3011,0.1393,1.0,,,,17.787949760149434,,,,
9317,P35557,G,444,P,NONSYN,0.2021261040610908,0.017764799917130567,0.10630645401439658,-1.8968333333333334,100.0,2.0,6.0,0.6355030564519489,0.5212499192508521,0.3430182039771253,0.6355,0.5212499192508521,0.6355030564519489,0.5212499192508521,,0.5212499192508521,0.3685793525952178,0.1067,0.5288465646955097,0.2879050374031067,0.3071,0.2269,1.0,,,,17.787949760149434,,,,
9318,P35557,G,444,E,NONSYN,0.4108810729254607,0.22419231859481473,0.15373759841174295,-1.9435333333333331,100.0,2.0,6.0,0.0162205004188964,0.22290381852652,0.9441936100306091,0.0162,0.22290381852652,0.0162205004188964,0.22290381852652,,0.22290381852652,0.15761680163247788,0.2626,0.24636502032542734,0.4065036475658417,0.0484,0.147,1.0,,,,17.787949760149434,,,,
9319,P35557,G,444,M,NONSYN,0.2878381921366005,0.30097008433989875,0.133720107789588,-2.275,100.0,2.0,6.0,-0.23564343106642202,0.0975049371709794,0.9839764520725548,-0.2356,0.0975049371709794,-0.23564343106642202,0.0975049371709794,,0.0975049371709794,0.06894640227276778,0.3107,0.5463793123950048,0.4194963574409485,-0.2213,0.068,1.0,,,,17.787949760149434,,,,
9320,P35557,G,444,W,NONSYN,0.355895468841822,0.3044531162240984,0.08064688516743855,-2.4539666666666666,100.0,2.0,6.0,-0.0446712723480157,0.0599706561562562,0.9587806727354462,-0.0447,0.0599706561562562,-0.0446712723480157,0.0599706561562562,,0.0599706561562562,0.04240565764029553,0.3241,0.36880147964820187,0.35803917050361633,-0.0396,0.0421,1.0,,,,17.787949760149434,,,,
9321,P35557,G,444,H,NONSYN,0.3218287257213429,0.23471889798436177,0.1350834582771894,-1.9332999999999998,100.0,2.0,6.0,-0.0153592377497447,0.38296849046473397,0.9523048658443257,-0.0154,0.38296849046473397,-0.0153592377497447,0.38296849046473397,,0.38296849046473397,0.270799616588389,0.2585,0.27384121711986187,0.4065036475658417,0.0688,0.2254,1.0,,,,17.787949760149434,,,,
9322,P35557,G,444,Q,NONSYN,0.29754150588632416,0.3583807582407521,0.07168649644969309,-1.7754,100.0,2.0,6.0,-0.06284136186591399,0.5482018302143731,0.9623453677419768,-0.0628,0.5482018302143731,-0.06284136186591399,0.5482018302143731,,0.5482018302143731,0.38763723160345953,0.3434,0.4062617481803061,0.3736461400985718,0.1478,0.269,1.0,,,,17.787949760149434,,,,
9323,P35557,G,444,*,STOP,,,,,100.0,2.0,6.0,0.23345968290191102,0.05,0.8400032174687938,0.2335,0.05,0.23345968290191102,0.05,,0.05,0.035355339059327376,,,,0.2335,0.0354,,,,,17.787949760149434,,,,
9324,P35557,S,445,S,SYN,,,,,100.0,2.0,6.0,0.9524906281782181,0.05,0.0691316212834867,0.9525,0.05,0.9524906281782181,0.05,,0.05,0.035355339059327376,,,,0.9525,0.0354,,,,,29.097684011614433,,,,
9325,P35557,S,445,A,NONSYN,0.4563330621977513,-0.048313443629047347,0.04511689597839009,-0.01466666666666668,100.0,2.0,6.0,0.0351225865149668,0.0437860383898257,0.9387030477653947,0.0351,0.0437860383898257,0.0351225865149668,0.0437860383898257,,0.0437860383898257,0.030961404666740248,0.2187,0.18359585282562463,0.34023773670196533,0.0366,0.0308,0.998,,,,29.097684011614433,,,,
9326,P35557,S,445,V,NONSYN,0.3566796973350173,-0.5569229497488003,0.033452929565840984,-1.3498999999999999,100.0,2.0,6.0,-0.24594935721646902,0.0628510604790365,0.9847640576395513,-0.2459,0.0628510604790365,-0.24594935721646902,0.0628510604790365,,0.0628510604790365,0.04444241106949253,0.0981,0.34408706373464226,0.27426838874816895,-0.2371,0.0439,1.0,,,,29.097684011614433,,,,
9327,P35557,S,445,R,NONSYN,0.5078165034060199,-0.2945917293100892,0.03868908708123668,-0.9542999999999999,100.0,2.0,6.0,-0.06990215696727099,0.189651233536152,0.9636455328963531,-0.0699,0.189651233536152,-0.06990215696727099,0.189651233536152,,0.189651233536152,0.13410367329380662,0.1197,0.18957496203814805,0.28635361790657043,-0.0358,0.1214,1.0,,,,29.097684011614433,,,,
9328,P35557,S,445,D,NONSYN,0.26426002389568154,-0.02047313183842599,0.06804946915502243,-0.6365333333333334,100.0,2.0,6.0,-0.451943524383218,0.21395706853157398,0.9943288581365716,-0.4519,0.21395706853157398,-0.451943524383218,0.21395706853157398,,0.21395706853157398,0.15129049404147082,0.2046,0.6565186755882808,0.3628377914428711,-0.3547,0.1396,1.0,,,,29.097684011614433,,,,
9329,P35557,S,445,F,NONSYN,0.4400921079880442,-0.1891154827561542,0.05618176676481602,-1.7383,100.0,2.0,6.0,-0.46110548239971705,0.0492969298843146,0.9945676400050807,-0.4611,0.0492969298843146,-0.46110548239971705,0.0492969298843146,,0.0492969298843146,0.03485819341287662,0.0778,0.5389531121852548,0.2832309305667877,-0.4531,0.0346,1.0,,,,29.097684011614433,,,,
9330,P35557,S,445,T,NONSYN,0.5032644910640633,0.061008109241569596,0.04268831780146196,-0.06083333333333333,100.0,2.0,6.0,-0.292842072096884,0.0758654732140248,0.9878737695089229,-0.2928,0.0758654732140248,-0.292842072096884,0.0758654732140248,,0.0758654732140248,0.05364499056756331,0.279,0.5718608020220397,0.35887181758880615,-0.2803,0.0531,0.988,,,,29.097684011614433,,,,
9331,P35557,S,445,I,NONSYN,0.40690641070991895,-0.31944833374151566,0.03372637406539412,-1.7275666666666665,100.0,2.0,6.0,-0.0701069294436327,0.196903007244507,0.9636825577085045,-0.0701,0.196903007244507,-0.0701069294436327,0.196903007244507,,0.196903007244507,0.13923145165861478,0.0778,0.14795455922917042,0.27641618251800537,-0.0402,0.1243,1.0,,,,29.097684011614433,,,,
9332,P35557,S,445,L,NONSYN,0.393745075519064,-0.3390676845305576,0.04956143674728867,-1.7093,100.0,2.0,6.0,-0.0112488770765069,0.122601694827239,0.9513191819139031,-0.0112,0.122601694827239,-0.0112488770765069,0.122601694827239,,0.122601694827239,0.08669248979730436,0.0875,0.09871449115693598,0.27641618251800537,-0.0024,0.0827,1.0,,,,29.097684011614433,,,,
9333,P35557,S,445,K,NONSYN,0.33912790346884786,0.11413475638878673,0.056957682136171854,-0.6167666666666666,100.0,2.0,6.0,-0.31230184150790197,0.22440144916527,0.9889639314563905,-0.3123,0.22440144916527,-0.31230184150790197,0.22440144916527,,0.22440144916527,0.15867578641285074,0.2759,0.5881632835969828,0.36615341901779175,-0.2193,0.1456,1.0,,,,29.097684011614433,,,,
9334,P35557,S,445,G,NONSYN,0.4188135801978989,-0.4042279428539966,0.08153980319741135,-0.6509999999999999,100.0,2.0,6.0,0.699320908663494,0.0972289083409075,0.2624523841273449,0.6993,0.0972289083409075,0.699320908663494,0.0972289083409075,,0.0972289083409075,0.06875122041522096,0.1984,0.5009584091880148,0.35891205072402954,0.6816,0.0675,1.0,,,,29.097684011614433,,,,
9335,P35557,S,445,Y,NONSYN,0.3987520148682556,-0.35546778973003557,0.049723780136647584,-1.6658,100.0,2.0,6.0,-0.485990641748323,0.0548914079455932,0.995164586830923,-0.486,0.0548914079455932,-0.485990641748323,0.0548914079455932,,0.0548914079455932,0.03881408678720608,0.0981,0.5841283482664963,0.27641618251800537,-0.4747,0.0384,1.0,,,,29.097684011614433,,,,
9336,P35557,S,445,N,NONSYN,0.3577198430860929,-0.10726468432738899,0.05315540764722298,-0.23683333333333337,100.0,2.0,6.0,0.0563799180360058,0.0740674395316819,0.9318961232965779,0.0564,0.0740674395316819,0.0563799180360058,0.0740674395316819,,0.0740674395316819,0.05237358875797683,0.201,0.14464613420055122,0.36076438426971436,0.0594,0.0518,0.998,,,,29.097684011614433,,,,
9337,P35557,S,445,C,NONSYN,0.4413057931247456,-0.10136336491540587,0.05221924848231804,-0.9221333333333334,100.0,2.0,6.0,-0.649587250151321,0.117590434262188,0.9977136524158946,-0.6496,0.117590434262188,-0.649587250151321,0.117590434262188,,0.117590434262188,0.08314899346946407,0.1269,0.7764797572275844,0.2978920340538025,-0.5935,0.0801,1.0,,,,29.097684011614433,,,,
9338,P35557,S,445,P,NONSYN,0.3754690196139504,-0.333369691230583,0.05464050572603541,-0.9290666666666666,100.0,2.0,6.0,0.0464317287942103,0.0957615844640791,0.9351687110291711,0.0464,0.0957615844640791,0.0464317287942103,0.0957615844640791,,0.0957615844640791,0.06771366575171867,0.1197,0.07324107627666678,0.29203367233276367,0.0502,0.066,1.0,,,,29.097684011614433,,,,
9339,P35557,S,445,E,NONSYN,0.32956968841657797,0.15951363010977607,0.06880226612422582,-0.6321,100.0,2.0,6.0,-0.44843846267086995,0.15343947841546,0.9942346273750535,-0.4484,0.15343947841546,-0.44843846267086995,0.15343947841546,,0.15343947841546,0.10849809568929863,0.2994,0.7478372425399495,0.3748471140861511,-0.3906,0.1042,1.0,,,,29.097684011614433,,,,
9340,P35557,S,445,M,NONSYN,0.4679817126368144,-0.397681827121503,0.0228442914892297,-1.5591333333333335,100.0,2.0,6.0,-0.535190957346757,0.0574734377034177,0.9961514011134676,-0.5352,0.0574734377034177,-0.535190957346757,0.0574734377034177,,0.0574734377034177,0.04063985753818925,0.0981,0.6333286638649303,0.27263498306274414,-0.5214,0.0402,1.0,,,,29.097684011614433,,,,
9341,P35557,S,445,W,NONSYN,0.3832492129242465,-0.18082042963995223,0.055892832542117216,-1.7880333333333336,100.0,2.0,6.0,-0.367052073553041,0.0448179967335724,0.9915181246326743,-0.3671,0.0448179967335724,-0.367052073553041,0.0448179967335724,,0.0448179967335724,0.03169110940950558,0.0778,0.4448997033385787,0.2788439095020294,-0.3614,0.0315,1.0,,,,29.097684011614433,,,,
9342,P35557,S,445,H,NONSYN,0.2629764798769622,-0.22435255944146057,0.05723508135110889,-0.9429,100.0,2.0,6.0,-0.28061966657315696,0.0628126338899298,0.9871325408102848,-0.2806,0.0628126338899298,-0.28061966657315696,0.0628126338899298,,0.0628126338899298,0.04441523936775731,0.1197,0.40029247164403403,0.29203367233276367,-0.2716,0.0439,1.0,,,,29.097684011614433,,,,
9343,P35557,S,445,Q,NONSYN,0.3963611118941722,-0.02047313183842599,0.06804946915502243,-0.6365333333333333,100.0,2.0,6.0,0.0915218231737362,0.159367693791058,0.919007420358843,0.0915,0.159367693791058,0.0915218231737362,0.159367693791058,,0.159367693791058,0.11268997698171836,0.2201,0.12856597327592506,0.3628377914428711,0.1028,0.1076,1.0,,,,29.097684011614433,,,,
9344,P35557,S,445,*,STOP,,,,,100.0,2.0,6.0,-0.556914109897594,0.05,0.996517538764782,-0.5569,0.05,-0.556914109897594,0.05,,0.05,0.035355339059327376,,,,-0.5569,0.0354,,,,,29.097684011614433,,,,
9345,P35557,G,446,S,NONSYN,0.36837526824294986,0.29601791080979173,0.1335706015952058,-0.8648000000000001,100.0,2.0,6.0,2.9045150810919904,0.0527834331478818,3.5847728716085634e-08,2.9045,0.0527834331478818,2.9045150810919904,0.0527834331478818,,0.0527834331478818,0.037323523513174015,0.3505,2.553971760913005,0.44848912954330444,2.8869,0.0372,1.0,,,,4.145526447386265,,,,
9346,P35557,G,446,A,NONSYN,0.4089269105168704,0.9322121542740575,0.13221908244241315,-0.9328,100.0,2.0,6.0,0.9959323506991931,0.0961875672294759,0.05333587330035491,0.9959,0.0961875672294759,0.9959323506991931,0.0961875672294759,,0.0961875672294759,0.06801488105379934,0.7074,0.28855479771304804,0.49712809920310974,0.9906,0.0674,1.0,,,,4.145526447386265,,,,
9347,P35557,G,446,V,NONSYN,0.3988573139738447,0.6323596900704305,0.026068252812715745,-2.7219333333333338,100.0,2.0,6.0,0.749664342248687,0.0669620723271539,0.2076762810030898,0.7497,0.0669620723271539,0.749664342248687,0.0669620723271539,,0.0669620723271539,0.04734933542483458,0.6159,0.1337860582711785,0.42758631706237793,0.748,0.0471,1.0,,,,4.145526447386265,,,,
9348,P35557,G,446,R,NONSYN,0.3362652746103357,-0.09193152459140498,0.04456502555433559,-1.9470333333333334,100.0,2.0,6.0,-0.20052176408610797,0.0935460539689891,0.9809627535887662,-0.2005,0.0935460539689891,-0.20052176408610797,0.0935460539689891,,0.0935460539689891,0.06614704911471493,0.0872,0.287700262592654,0.2669934630393982,-0.1839,0.0642,1.0,,,,4.145526447386265,,,,
9349,P35557,G,446,D,NONSYN,0.3623286966209139,0.8966761800147153,0.09029850804191823,-1.5976,100.0,2.0,6.0,-0.61149860383088,0.5551787922630991,0.9972850557717725,-0.6115,0.5551787922630991,-0.61149860383088,0.5551787922630991,,0.5551787922630991,0.3925706887801949,0.7518,1.363305280218667,0.44879186153411865,-0.0205,0.2955,1.0,,,,4.145526447386265,,,,
9350,P35557,G,446,F,NONSYN,0.3709207412708021,1.0026590771313668,0.025395712409297524,-2.717866666666667,100.0,2.0,6.0,-0.36123381893412204,0.0714627725261303,0.9912786399180696,-0.3612,0.0714627725261303,-0.36123381893412204,0.0714627725261303,,0.0714627725261303,0.050531811055618436,0.7846,1.1457913402773532,0.4047873318195343,-0.3437,0.0501,1.0,,,,4.145526447386265,,,,
9351,P35557,G,446,T,NONSYN,0.21962954488217865,-0.07456239387075475,0.15831777099679614,-1.5144,100.0,2.0,6.0,2.30221711782553,0.0618947681178005,5.074265517330397e-06,2.3022,0.0618947681178005,2.30221711782553,0.0618947681178005,,0.0618947681178005,0.043766210256065655,0.1392,2.1630273380670766,0.3630349040031433,2.2712,0.0435,1.0,,,,4.145526447386265,,,,
9352,P35557,G,446,I,NONSYN,0.29686370150880703,0.6323596900704305,0.026068252812715745,-2.721933333333333,100.0,2.0,6.0,1.55154533148991,0.0547882244834378,0.001358909583076321,1.5515,0.0547882244834378,1.55154533148991,0.0547882244834378,,0.0547882244834378,0.0387411250614097,0.6159,0.9356670475124014,0.42758631706237793,1.5439,0.0386,1.0,,,,4.145526447386265,,,,
9353,P35557,G,446,L,NONSYN,0.33670580158540125,0.1413623525748728,0.026576902303685618,-2.6893,100.0,2.0,6.0,2.22265635473536,0.0632607015927836,9.46273120774338e-06,2.2227,0.0632607015927836,2.22265635473536,0.0632607015927836,,0.0632607015927836,0.04473207107887591,0.2403,1.982309595177636,0.3575196862220764,2.1921,0.0444,1.0,,,,4.145526447386265,,,,
9354,P35557,G,446,K,NONSYN,0.4007452768135149,0.7048721837976469,0.1329399748415864,-1.5245,100.0,2.0,6.0,-0.0360866151796753,0.36996972439049497,0.9569807527948878,-0.0361,0.36996972439049497,-0.0360866151796753,0.36996972439049497,,0.36996972439049497,0.261608100950237,0.6186,0.6546505652414734,0.5101651549339294,0.1002,0.2328,1.0,,,,4.145526447386265,,,,
9355,P35557,G,446,G,SYN,,,,,100.0,2.0,6.0,1.00328794059093,0.05,0.05101271783061511,1.0033,0.05,1.00328794059093,0.05,,0.05,0.035355339059327376,,,,1.0033,0.0354,,,,,4.145526447386265,,,,
9356,P35557,G,446,Y,NONSYN,0.28089736795090275,0.8703622926833083,0.02748005676190932,-2.6748999999999996,100.0,2.0,6.0,0.0356565344100534,0.0558849198049462,0.9385404967003372,0.0357,0.0558849198049462,0.0356565344100534,0.0558849198049462,,0.0558849198049462,0.03951660576014385,0.7363,0.7006055486435354,0.40610456466674805,0.0422,0.0393,1.0,,,,4.145526447386265,,,,
9357,P35557,G,446,N,NONSYN,0.382875509440285,1.0963162759867677,0.13338782850585132,-0.8179,100.0,2.0,6.0,0.503619985561062,0.0605339699743486,0.5318697838714468,0.5036,0.0605339699743486,0.503619985561062,0.0605339699743486,,0.0605339699743486,0.04280398066100475,0.7671,0.2634656858638037,0.4977492392063141,0.5056,0.0426,1.0,,,,4.145526447386265,,,,
9358,P35557,G,446,C,NONSYN,0.3672992043124827,0.7374066213944346,0.06671304538367434,-2.438433333333333,100.0,2.0,6.0,0.550353614040421,0.0603178473648029,0.4636661602057095,0.5504,0.0603178473648029,0.550353614040421,0.0603178473648029,,0.0603178473648029,0.04265115889822725,0.6974,0.14705857878108164,0.4036778211593628,0.552,0.0424,1.0,,,,4.145526447386265,,,,
9359,P35557,G,446,P,NONSYN,0.2021261040610908,-0.19591127416406898,0.04417757596871663,-1.8968333333333334,100.0,2.0,6.0,0.111417484631884,0.0967975378226761,0.9107069763871003,0.1114,0.0967975378226761,0.111417484631884,0.0967975378226761,,0.0967975378226761,0.06844619539657558,0.0778,0.03356985484634628,0.2686800956726074,0.1094,0.0663,1.0,,,,4.145526447386265,,,,
9360,P35557,G,446,E,NONSYN,0.4108810729254607,-0.12378112236175297,0.04746102397232297,-1.9435333333333331,100.0,2.0,6.0,-0.10497297077506401,0.0628787159856024,0.969462938039039,-0.105,0.0628787159856024,-0.10497297077506401,0.0628787159856024,,0.0628787159856024,0.044461966465722425,0.0833,0.18824131517737724,0.2669934630393982,-0.0999,0.0439,1.0,,,,4.145526447386265,,,,
9361,P35557,G,446,M,NONSYN,0.2878381921366005,0.12769051770388734,0.029067556625891864,-2.275,100.0,2.0,6.0,1.74125506749526,0.27097384242741,0.0003518570233045449,1.7413,0.27097384242741,1.74125506749526,0.27097384242741,,0.27097384242741,0.1916074415045966,0.239,1.502302728799734,0.36500653624534607,1.4167,0.1697,1.0,,,,4.145526447386265,,,,
9362,P35557,G,446,W,NONSYN,0.355895468841822,1.0137576745947896,0.06730898285805438,-2.4539666666666666,100.0,2.0,6.0,-0.278699545560643,0.0469106089102846,0.9870118997512212,-0.2787,0.0469106089102846,-0.278699545560643,0.0469106089102846,,0.0469106089102846,0.033170809670052315,0.8086,1.0873388335092513,0.4027181565761566,-0.2714,0.0331,1.0,,,,4.145526447386265,,,,
9363,P35557,G,446,H,NONSYN,0.3218287257213429,-0.06469241674309599,0.03501932836599706,-1.9332999999999998,100.0,2.0,6.0,-0.28223908763103495,0.14975062869759198,0.9872333873341679,-0.2822,0.14975062869759198,-0.28223908763103495,0.14975062869759198,,0.14975062869759198,0.1058896850390161,0.1048,0.38702458958797464,0.2669934630393982,-0.2296,0.0984,1.0,,,,4.145526447386265,,,,
9364,P35557,G,446,Q,NONSYN,0.29754150588632416,0.6655741276547861,0.03030911071088413,-1.7754,100.0,2.0,6.0,0.423898037398291,0.0778473551047148,0.6429074205875227,0.4239,0.0778473551047148,0.423898037398291,0.0778473551047148,,0.0778473551047148,0.05504639269198103,0.6159,0.19198024657921753,0.43635642528533936,0.4269,0.0546,1.0,,,,4.145526447386265,,,,
9365,P35557,G,446,*,STOP,,,,,100.0,2.0,6.0,-0.0664386645570444,0.05,0.9630135127921784,-0.0664,0.05,-0.0664386645570444,0.05,,0.05,0.035355339059327376,,,,-0.0664,0.0354,,,,,4.145526447386265,H,463.0,,
9366,P35557,R,447,S,NONSYN,0.4030125793742561,0.2897914790446307,0.04404472065362545,-0.8416666666666667,100.0,2.0,6.0,-0.0699533780210895,0.110800990660387,0.9636547977128838,-0.07,0.110800990660387,-0.0699533780210895,0.110800990660387,,0.110800990660387,0.07834813185814696,0.3459,0.41585546332534973,0.38073933124542236,-0.0531,0.0767,0.9990000000000001,,,,48.88713594806673,,,,
9367,P35557,R,447,A,NONSYN,0.3189859929557896,0.9541373339061109,0.03913438747844044,-1.0746,100.0,2.0,6.0,0.5664930901756821,0.124722690935144,0.44015387650283894,0.5665,0.124722690935144,0.5664930901756821,0.124722690935144,,0.124722690935144,0.08819226052807426,0.7875,0.22104788205713655,0.41897323727607727,0.5759,0.0863,0.9990000000000001,,,,48.88713594806673,,,,
9368,P35557,R,447,V,NONSYN,0.398009908378716,2.2671826693323895,0.029256065001996512,-1.9711666666666667,100.0,2.0,6.0,2.9774223481935604,0.0418596936732916,1.9136572594919523e-08,2.9774,0.0418596936732916,2.9774223481935604,0.0418596936732916,,0.0418596936732916,0.02959927325477611,1.5655,1.411878935031329,0.8175552487373352,2.9756,0.0296,1.0,,,,48.88713594806673,,,,
9369,P35557,R,447,R,SYN,,,,,100.0,2.0,6.0,1.31281220305995,0.05,0.006987746053654109,1.3128,0.05,1.31281220305995,0.05,,0.05,0.035355339059327376,,,,1.3128,0.0354,,,,,48.88713594806673,,,,
9370,P35557,R,447,D,NONSYN,0.1122725979085614,0.29930367824170734,0.04394180137248199,-1.7069333333333334,100.0,2.0,6.0,-0.0756382330465874,0.0896785899595677,0.9646684292572824,-0.0756,0.0896785899595677,-0.0756382330465874,0.0896785899595677,,0.0896785899595677,0.06341233908765816,0.3107,0.38637411437517016,0.37055885791778564,-0.0646,0.0625,1.0,,,,48.88713594806673,,,,
9371,P35557,R,447,F,NONSYN,0.3436253892885596,2.284317157511651,0.06779322275546626,-2.1555666666666666,100.0,2.0,6.0,2.8604408859446204,0.0194629265506753,5.223627301849641e-08,2.8604,0.0194629265506753,2.8604408859446204,0.0194629265506753,,0.0194629265506753,0.013762367345718203,1.5655,1.294897472782389,0.8217729330062866,2.8601,0.0138,1.0,,,,48.88713594806673,,,,
9372,P35557,R,447,T,NONSYN,0.292232657128476,0.8807960371467775,0.04469465694478777,-1.0614333333333332,100.0,2.0,6.0,0.7865169804536819,0.0846506483395819,0.17298341933262512,0.7865,0.0846506483395819,0.7865169804536819,0.0846506483395819,,0.0846506483395819,0.059857047472756116,0.7589,0.027609781547737078,0.42218467593193054,0.786,0.0593,0.9990000000000001,,,,48.88713594806673,,,,
9373,P35557,R,447,I,NONSYN,0.35928103966798514,2.115425933822898,0.01624428521927991,-2.1296999999999997,100.0,2.0,6.0,3.36711455701088,0.27992070662436197,6.025926671578842e-10,3.3671,0.27992070662436197,3.36711455701088,0.27992070662436197,,0.27992070662436197,0.19793382984861646,1.2632,2.103935731632462,0.8659816980361938,3.2627,0.193,1.0,,,,48.88713594806673,,,,
9374,P35557,R,447,L,NONSYN,0.3775202648814329,1.3590382512152115,0.031227854992772284,-1.8647666666666665,100.0,2.0,6.0,3.4419306514915,0.091151059276392,3.0412580407300644e-10,3.4419,0.091151059276392,3.4419306514915,0.091151059276392,,0.091151059276392,0.06445353212667373,1.0029,2.4390311239417564,0.5315006971359253,3.4066,0.064,0.9990000000000001,,,,48.88713594806673,,,,
9375,P35557,R,447,K,NONSYN,0.4996982892545154,-0.01923389723415118,0.04173785231103178,-0.31583333333333335,100.0,2.0,6.0,0.9140879319632891,0.0524051322426573,0.08645443607864198,0.9141,0.0524051322426573,0.9140879319632891,0.0524051322426573,,0.0524051322426573,0.03705602437776076,0.3129,0.6011582420791033,0.3791532814502716,0.9084,0.0369,0.5489999999999999,,,,48.88713594806673,,,,
9376,P35557,R,447,G,NONSYN,0.4710347881166008,2.3399563115253623,0.03261096041824644,-1.865,100.0,2.0,6.0,0.49917647056104797,0.0819706715361873,0.5383004766324153,0.4992,0.0819706715361873,0.49917647056104797,0.0819706715361873,,0.0819706715361873,0.05796201770165315,1.5655,1.0663669426011835,0.8200159072875977,0.5045,0.0578,1.0,,,,48.88713594806673,,,,
9377,P35557,R,447,Y,NONSYN,0.3907391645635834,0.07391895559583621,0.04327966425920712,-1.6721666666666666,100.0,2.0,6.0,0.6005159348910261,0.0952984561657623,0.3913444783975748,0.6005,0.0952984561657623,0.6005159348910261,0.0952984561657623,,0.0952984561657623,0.06738618459141947,0.1573,0.44323921508244757,0.32495296001434326,0.5822,0.066,1.0,,,,48.88713594806673,,,,
9378,P35557,R,447,N,NONSYN,0.4070897773431755,-0.0057826855658671865,0.03591013095778058,-0.6592999999999999,100.0,2.0,6.0,0.10393805215881599,0.11965336993525501,0.9139179592867371,0.1039,0.11965336993525501,0.10393805215881599,0.11965336993525501,,0.11965336993525501,0.08460770927304138,0.2279,0.12394197871162163,0.35183632373809814,0.1107,0.0823,0.9990000000000001,,,,48.88713594806673,,,,
9379,P35557,R,447,C,NONSYN,0.3945781846907973,2.2453233367620045,0.06722811518495814,-2.1973999999999996,100.0,2.0,6.0,0.5953576649445649,0.0766470408819427,0.3986517788033285,0.5954,0.0766470408819427,0.5953576649445649,0.0766470408819427,,0.0766470408819427,0.054197642365504214,1.467,0.8716559325438384,0.8217729330062866,0.5991,0.0541,1.0,,,,48.88713594806673,,,,
9380,P35557,R,447,P,NONSYN,0.180066694070857,0.34135139080182886,0.03639538755636756,-1.7161666666666668,100.0,2.0,6.0,-0.201781370726952,0.137676750403925,0.9810803306695477,-0.2018,0.137676750403925,-0.201781370726952,0.137676750403925,,0.137676750403925,0.0973521638223431,0.3434,0.5452017570413441,0.37055885791778564,-0.1666,0.0942,1.0,,,,48.88713594806673,,,,
9381,P35557,R,447,E,NONSYN,0.2774716424939038,0.20015925477113616,0.048390505325763604,-0.8858,100.0,2.0,6.0,0.19894329479939396,0.0710365746868454,0.8638672131055295,0.1989,0.0710365746868454,0.19894329479939396,0.0710365746868454,,0.0710365746868454,0.05023044367333303,0.3001,0.1011920792698199,0.376473069190979,0.2007,0.0498,0.998,,,,48.88713594806673,,,,
9382,P35557,R,447,M,NONSYN,0.37044865400284027,0.42768556420275816,0.0440948103709736,-1.0532666666666668,100.0,2.0,6.0,2.14584839928574,0.0901355274239529,1.715179451617494e-05,2.1458,0.0901355274239529,2.14584839928574,0.0901355274239529,,0.0901355274239529,0.0637354426673031,0.3874,1.7584544478697244,0.41970276832580566,2.1062,0.063,1.0,,,,48.88713594806673,,,,
9383,P35557,R,447,W,NONSYN,0.38841440406711497,3.06832593038302,0.06686912651732524,-2.1376333333333335,100.0,2.0,6.0,0.5084145673305129,0.05117365510491599,0.5249128733481214,0.5084,0.05117365510491599,0.5084145673305129,0.05117365510491599,,0.05117365510491599,0.03618523854278768,2.2911,1.7826911798923875,1.393151044845581,0.5096,0.0362,1.0,,,,48.88713594806673,,,,
9384,P35557,R,447,H,NONSYN,0.3580838527509595,0.09585985885761548,0.041173375971607744,-0.45376666666666665,100.0,2.0,6.0,-0.14633797347590602,0.0767373482909476,0.9751264553664776,-0.1463,0.0767373482909476,-0.14633797347590602,0.0767373482909476,,0.0767373482909476,0.054261499346802966,0.2744,0.42077090084597746,0.3617926239967346,-0.1371,0.0537,1.0,,,,48.88713594806673,,,,
9385,P35557,R,447,Q,NONSYN,0.3675437003413988,0.05218112449410131,0.03745496889067735,-0.5823,100.0,2.0,6.0,-0.0153017703853635,0.10559981117448,0.9522912225269565,-0.0153,0.10559981117448,-0.0153017703853635,0.10559981117448,,0.10559981117448,0.07467034257349377,0.228,0.24328759950027745,0.3553677797317505,-0.005,0.0731,1.0,,,,48.88713594806673,,,,
9386,P35557,R,447,*,STOP,,,,,100.0,2.0,6.0,-0.16290319292266697,0.05,0.9770830718812659,-0.1629,0.05,-0.16290319292266697,0.05,,0.05,0.035355339059327376,,,,-0.1629,0.0354,,,,,48.88713594806673,,,,
9387,P35557,G,448,S,NONSYN,0.36837526824294986,-0.2226743968616983,0.09594579203357079,-0.8648000000000001,100.0,2.0,6.0,0.0121512816239473,0.11201132045832099,0.945310775330687,0.0122,0.11201132045832099,0.0121512816239473,0.11201132045832099,,0.11201132045832099,0.07920396426573822,0.1872,0.17509253761280807,0.3492918610572815,0.0207,0.0772,1.0,,,,2.009606181321005,,,,
9388,P35557,G,448,A,NONSYN,0.4089269105168704,-0.06689672256533491,0.05128858355181789,-0.9328,100.0,2.0,6.0,-0.45518174126514294,0.36179815867741794,0.9944144839989251,-0.4552,0.36179815867741794,-0.45518174126514294,0.36179815867741794,,0.36179815867741794,0.25582993142160876,0.2071,0.6622798676765809,0.3512151837348938,-0.2256,0.2068,1.0,,,,2.009606181321005,,,,
9389,P35557,G,448,V,NONSYN,0.3988573139738447,0.11203365344318296,0.09482867282212619,-2.7219333333333338,100.0,2.0,6.0,-0.474968656485774,0.0871586877153396,0.994909141312371,-0.475,0.0871586877153396,-0.474968656485774,0.0871586877153396,,0.0871586877153396,0.061630499122837266,0.1914,0.6663530017788191,0.36466270685195923,-0.4565,0.0608,1.0,,,,2.009606181321005,,,,
9390,P35557,G,448,R,NONSYN,0.3362652746103357,-0.05144404692668966,0.04056498286101514,-1.9470333333333334,100.0,2.0,6.0,-0.26712615196927997,0.0468477348912109,0.9862595371460076,-0.2671,0.0468477348912109,-0.26712615196927997,0.0468477348912109,,0.0468477348912109,0.03312635102480485,0.1067,0.3737826437257192,0.2669934630393982,-0.2615,0.0329,1.0,,,,2.009606181321005,,,,
9391,P35557,G,448,D,NONSYN,0.3623286966209139,-0.13938286390594698,0.044174884748391624,-1.5976,100.0,2.0,6.0,0.138120387362143,0.129049050091035,0.8982985478424363,0.1381,0.129049050091035,0.138120387362143,0.129049050091035,,0.129049050091035,0.09125145842505329,0.1036,0.03456196622719426,0.2779863774776459,0.1348,0.0867,1.0,,,,2.009606181321005,,,,
9392,P35557,G,448,F,NONSYN,0.3709207412708021,-0.11623115119939836,0.07463578053002874,-2.717866666666667,100.0,2.0,6.0,0.20982575744197,0.263044161718306,0.8567037124620857,0.2098,0.263044161718306,0.20982575744197,0.263044161718306,,0.263044161718306,0.18600031050254504,0.0851,0.12475842565104592,0.2712279260158539,0.1699,0.1534,1.0,,,,2.009606181321005,,,,
9393,P35557,G,448,T,NONSYN,0.21962954488217865,-0.17000251636455865,0.043346285311466365,-1.5144,100.0,2.0,6.0,0.229979344737978,0.134011257697068,0.8425632629420007,0.23,0.134011257697068,0.229979344737978,0.134011257697068,,0.134011257697068,0.0947602690729347,0.0981,0.13184163821980477,0.2779863774776459,0.2163,0.0897,1.0,,,,2.009606181321005,,,,
9394,P35557,G,448,I,NONSYN,0.29686370150880703,0.11203365344318295,0.09482867282212619,-2.721933333333333,100.0,2.0,6.0,-0.20395446377226398,0.0684254188762318,0.9812814260768009,-0.204,0.0684254188762318,-0.20395446377226398,0.0684254188762318,,0.0684254188762318,0.048384077692913495,0.1914,0.39533880906530905,0.36466270685195923,-0.1971,0.048,1.0,,,,2.009606181321005,,,,
9395,P35557,G,448,L,NONSYN,0.33670580158540125,-0.10796957493421838,0.0674539217370899,-2.6893,100.0,2.0,6.0,0.18504102864643,0.295906502481989,0.8725552693834311,0.185,0.295906502481989,0.18504102864643,0.295906502481989,,0.295906502481989,0.20923749450220838,0.0851,0.09997369685550592,0.2690693736076355,0.1474,0.1652,1.0,,,,2.009606181321005,,,,
9396,P35557,G,448,K,NONSYN,0.4007452768135149,0.08016242795642332,0.04924064274664667,-1.5245,100.0,2.0,6.0,-0.520515488224968,0.0901980550186798,0.9958813379696658,-0.5205,0.0901980550186798,-0.520515488224968,0.0901980550186798,,0.0901980550186798,0.0637796563535458,0.1678,0.6882710324106064,0.32652318477630615,-0.4952,0.0626,1.0,,,,2.009606181321005,,,,
9397,P35557,G,448,G,SYN,,,,,,,,,,,,,,,,,,,,,,,,,,,2.009606181321005,,,,
9398,P35557,G,448,Y,NONSYN,0.28089736795090275,-0.026700623465791346,0.09555380278189694,-2.6748999999999996,100.0,2.0,6.0,-0.0587658257588511,0.0714961550049767,0.9615737243188551,-0.0588,0.0714961550049767,-0.0587658257588511,0.0714961550049767,,0.0714961550049767,0.050555416032783546,0.1067,0.1654223175152903,0.29179662466049194,-0.0539,0.0498,1.0,,,,2.009606181321005,,,,
9399,P35557,G,448,N,NONSYN,0.382875509440285,-0.10163669075968422,0.09430980297302233,-0.8179,100.0,2.0,6.0,-0.350961836682095,0.13471876338995,0.990838505256789,-0.351,0.13471876338995,-0.350961836682095,0.13471876338995,,0.13471876338995,0.09526055114609965,0.1269,0.47785434375835845,0.30120307207107544,-0.3075,0.0908,1.0,,,,2.009606181321005,,,,
9400,P35557,G,448,C,NONSYN,0.3672992043124827,-0.33154132088503235,0.06766896547870109,-2.438433333333333,100.0,2.0,6.0,0.5654253094838261,0.0703004577288935,0.44170461618207923,0.5654,0.0703004577288935,0.5654253094838261,0.0703004577288935,,0.0703004577288935,0.04970993038061883,0.0778,0.48757767969828836,0.2646900415420532,0.5488,0.0489,1.0,,,,2.009606181321005,,,,
9401,P35557,G,448,P,NONSYN,0.2021261040610908,-0.07823481259685465,0.03306360885388486,-1.8968333333333334,100.0,2.0,6.0,-0.186753854958785,0.110165290076906,0.9796276094844251,-0.1868,0.110165290076906,-0.186753854958785,0.110165290076906,,0.110165290076906,0.0778986236647633,0.0872,0.273932353465331,0.2686800956726074,-0.1655,0.0748,1.0,,,,2.009606181321005,,,,
9402,P35557,G,448,E,NONSYN,0.4108810729254607,-0.19101442076033268,0.03396379749396592,-1.9435333333333331,100.0,2.0,6.0,0.15158496953164902,0.10512050019809199,0.8914485604785167,0.1516,0.10512050019809199,0.15158496953164902,0.10512050019809199,,0.10512050019809199,0.07433141853179266,0.0778,0.0737373397461113,0.2669934630393982,0.1463,0.0716,1.0,,,,2.009606181321005,,,,
9403,P35557,G,448,M,NONSYN,0.2878381921366005,-0.008090117126967297,0.06862007801579101,-2.275,100.0,2.0,6.0,-0.11671350026338,0.0845496110429834,0.9711921601403241,-0.1167,0.0845496110429834,-0.11671350026338,0.0845496110429834,,0.0845496110429834,0.05978560331517856,0.1067,0.22336999201981922,0.2646900415420532,-0.1059,0.0583,1.0,,,,2.009606181321005,,,,
9404,P35557,G,448,W,NONSYN,0.355895468841822,-0.008752282421775984,0.033071830854026256,-2.4539666666666666,100.0,2.0,6.0,-0.402941805905943,0.260150584142065,0.9928515939573312,-0.4029,0.260150584142065,-0.402941805905943,0.260150584142065,,0.260150584142065,0.18395424217649567,0.1067,0.5095982976623822,0.2612617611885071,-0.234,0.1504,1.0,,,,2.009606181321005,,,,
9405,P35557,G,448,H,NONSYN,0.3218287257213429,-0.10076501246547198,0.03755101786167652,-1.9332999999999998,100.0,2.0,6.0,-0.11916325535293301,0.0802035555423464,0.9715402571416366,-0.1192,0.0802035555423464,-0.11916325535293301,0.0802035555423464,,0.0802035555423464,0.05671247799926504,0.0851,0.20423058714385708,0.2669934630393982,-0.1103,0.0555,1.0,,,,2.009606181321005,,,,
9406,P35557,G,448,Q,NONSYN,0.29754150588632416,0.03814605410011568,0.04163602007335863,-1.7754,100.0,2.0,6.0,-0.127612448230851,0.0950308457654858,0.9727083871781853,-0.1276,0.0950308457654858,-0.127612448230851,0.0950308457654858,,0.0950308457654858,0.0671969554626679,0.1067,0.2342689399872902,0.2775508761405945,-0.1146,0.0653,1.0,,,,2.009606181321005,,,,
9407,P35557,G,448,*,STOP,,,,,100.0,2.0,6.0,-0.242895279342557,0.05,0.984534909777012,-0.2429,0.05,-0.242895279342557,0.05,,0.05,0.035355339059327376,,,,-0.2429,0.0354,,,,,2.009606181321005,,,,
9408,P35557,A,449,S,NONSYN,0.46929375853615796,0.538545576765587,0.08695481454182796,-0.41050000000000003,100.0,2.0,6.0,0.4219542126550949,0.173603230833048,0.6454593952050347,0.422,0.173603230833048,0.4219542126550949,0.173603230833048,,0.173603230833048,0.12275602175794176,0.5753,0.15336197806450957,0.46062731742858887,0.4321,0.1186,1.0,,,,5.569673141397349,,,,
9409,P35557,A,449,A,SYN,,,,,100.0,2.0,6.0,0.9093918434365459,0.05,0.08881496816193639,0.9094,0.05,0.9093918434365459,0.05,,0.05,0.035355339059327376,,,,0.9094,0.0354,,,,,5.569673141397349,,,,
9410,P35557,A,449,V,NONSYN,0.41129671784225785,0.3816717891365233,0.04200263904150029,-0.6206999999999999,100.0,2.0,6.0,0.7411700736709699,0.276143949810326,0.2163268400131757,0.7412,0.276143949810326,0.7411700736709699,0.276143949810326,,0.276143949810326,0.19526325949451911,0.3751,0.3660711597629651,0.3781852126121521,0.6641,0.1735,1.0,,,,5.569673141397349,,,,
9411,P35557,A,449,R,NONSYN,0.3190441200491768,0.05075267691930735,0.02798847413266108,-1.2165666666666668,100.0,2.0,6.0,-0.223377187190296,0.0803248840344446,0.9829840643830464,-0.2234,0.0803248840344446,-0.223377187190296,0.0803248840344446,,0.0803248840344446,0.05679827019877882,0.1441,0.3674334179737585,0.3151101768016815,-0.2118,0.0559,1.0,,,,5.569673141397349,,,,
9412,P35557,A,449,D,NONSYN,0.4810824638550644,-0.1681084711777143,0.05541646076758169,-1.3432333333333333,100.0,2.0,6.0,-0.32354579809493894,0.0771489060989948,0.9895470096784789,-0.3235,0.0771489060989948,-0.32354579809493894,0.0771489060989948,,0.0771489060989948,0.05455251466372341,0.0981,0.42168350461311216,0.27994847297668457,-0.3081,0.0535,1.0,,,,5.569673141397349,,,,
9413,P35557,A,449,F,NONSYN,0.3975861635372093,-0.3577512373061133,0.04014383724305971,-1.7862,100.0,2.0,6.0,-0.532503062430179,0.159009762406564,0.9961033639585949,-0.5325,0.159009762406564,-0.532503062430179,0.159009762406564,,0.159009762406564,0.11243688127254316,0.0778,0.6103506922157167,0.2754695415496826,-0.4453,0.1041,1.0,,,,5.569673141397349,,,,
9414,P35557,A,449,T,NONSYN,0.4593194656393701,0.5310920950746295,0.07658028827917675,-0.5557333333333333,100.0,2.0,6.0,-0.0572450850745419,0.21030989902231798,0.9612817414296919,-0.0572,0.21030989902231798,-0.0572450850745419,0.21030989902231798,,0.21030989902231798,0.14871155574933909,0.5659,0.6231601331969479,0.4399595260620117,0.0067,0.1409,1.0,,,,5.569673141397349,,,,
9415,P35557,A,449,I,NONSYN,0.2533067127168299,0.10601590042737873,0.05355432782572239,-1.3021,100.0,2.0,6.0,-0.22808873334219198,0.0783278964230307,0.9833725301866371,-0.2281,0.0783278964230307,-0.22808873334219198,0.0783278964230307,,0.0783278964230307,0.055386186716802524,0.2051,0.4332004455595229,0.3586851954460144,-0.218,0.0547,1.0,,,,5.569673141397349,,,,
9416,P35557,A,449,L,NONSYN,0.33775241979079834,0.06021418396941902,0.04021593832576929,-1.2974666666666668,100.0,2.0,6.0,-0.0906835839683129,0.169259142618733,0.9672156542722858,-0.0907,0.169259142618733,-0.0906835839683129,0.169259142618733,,0.169259142618733,0.11968428752352707,0.1427,0.23337579225841298,0.3194963335990906,-0.062,0.1121,1.0,,,,5.569673141397349,,,,
9417,P35557,A,449,K,NONSYN,0.13783323133742972,0.030082724369985204,0.035263111804548324,-0.7036666666666666,100.0,2.0,6.0,0.275893324394612,0.068069397285225,0.8058665347726025,0.2759,0.068069397285225,0.275893324394612,0.068069397285225,,0.068069397285225,0.048132332411663765,0.1623,0.11357476689377277,0.32567131519317627,0.2735,0.0476,1.0,,,,5.569673141397349,,,,
9418,P35557,A,449,G,NONSYN,0.5077306515769983,0.20143981948300457,0.08633822454835823,-0.48503333333333326,100.0,2.0,6.0,0.9317117417003331,0.124959118324519,0.07807859279903698,0.9317,0.124959118324519,0.9317117417003331,0.124959118324519,,0.124959118324519,0.08835943993835955,0.3083,0.6234556222106633,0.3872669041156769,0.9009,0.0861,1.0,,,,5.569673141397349,,,,
9419,P35557,A,449,Y,NONSYN,0.2413102682766479,-0.447956487906039,0.04505888765893626,-1.7924666666666667,100.0,2.0,6.0,-0.261887310630402,0.133214646898347,0.9859042920875801,-0.2619,0.133214646898347,-0.261887310630402,0.133214646898347,,0.133214646898347,0.09419698017519264,0.0778,0.3397349404159397,0.2731638550758362,-0.2258,0.0891,1.0,,,,5.569673141397349,,,,
9420,P35557,A,449,N,NONSYN,0.2596281291448914,-0.22180117930182033,0.03168397567870076,-1.1920666666666666,100.0,2.0,6.0,0.594284381473087,0.0498270372943991,0.4001771028063018,0.5943,0.0498270372943991,0.594284381473087,0.0498270372943991,,0.0498270372943991,0.035233035957304606,0.0981,0.4961466749549138,0.29460540413856506,0.5873,0.035,1.0,,,,5.569673141397349,,,,
9421,P35557,A,449,C,NONSYN,0.4521425054357098,0.02441078054930554,0.0369432510758279,-0.7297666666666668,100.0,2.0,6.0,0.292909155856651,0.0494948625653742,0.7906101212950017,0.2929,0.0494948625653742,0.292909155856651,0.0494948625653742,,0.0494948625653742,0.03499815295387229,0.2162,0.0767429874053418,0.35183632373809814,0.2922,0.0348,1.0,,,,5.569673141397349,,,,
9422,P35557,A,449,P,NONSYN,0.3737321559264451,0.1630656500346162,0.03397274393657592,-0.7215666666666666,100.0,2.0,6.0,-0.123055452599281,0.0790035307492794,0.9720845524259982,-0.1231,0.0790035307492794,-0.123055452599281,0.0790035307492794,,0.0790035307492794,0.055863932330495386,0.2853,0.408319169773811,0.3606693744659424,-0.1135,0.0552,1.0,,,,5.569673141397349,,,,
9423,P35557,A,449,E,NONSYN,0.3924454343376217,0.1485823425506607,0.027207782932657965,-0.73,100.0,2.0,6.0,-0.15769356161673997,0.0801152168991719,0.9764852844857079,-0.1577,0.0801152168991719,-0.15769356161673997,0.0801152168991719,,0.0801152168991719,0.05665001314563554,0.2561,0.4137727585466716,0.35475265979766846,-0.1474,0.0559,1.0,,,,5.569673141397349,,,,
9424,P35557,A,449,M,NONSYN,0.19919007049311416,0.04760615364686636,0.028934869389661094,-1.2075333333333333,100.0,2.0,6.0,-0.21393761737297304,0.07404317195629201,0.9821774151376425,-0.2139,0.07404317195629201,-0.21393761737297304,0.07404317195629201,,0.07404317195629201,0.05235642899085568,0.1535,0.36747220857094054,0.32244911789894104,-0.2045,0.0517,1.0,,,,5.569673141397349,,,,
9425,P35557,A,449,W,NONSYN,0.17944660888741126,-0.37264539038517336,0.052165442158746085,-1.6895,100.0,2.0,6.0,-0.48782060319299897,0.072865644677228,0.9952056814569462,-0.4878,0.072865644677228,-0.48782060319299897,0.072865644677228,,0.072865644677228,0.05152379146679738,0.0896,0.5774419980656644,0.2879545986652374,-0.4699,0.0507,1.0,,,,5.569673141397349,,,,
9426,P35557,A,449,H,NONSYN,0.3663343704598138,-0.21410603846848128,0.047572091742928625,-1.3876666666666668,100.0,2.0,6.0,-0.185553096222638,0.14315654897350302,0.9795067025087771,-0.1856,0.14315654897350302,-0.185553096222638,0.14315654897350302,,0.14315654897350302,0.10122696655042807,0.0981,0.2836908027408112,0.2757413983345032,-0.1519,0.095,1.0,,,,5.569673141397349,,,,
9427,P35557,A,449,Q,NONSYN,0.3707092191809771,0.1485823425506607,0.027207782932657965,-0.73,100.0,2.0,6.0,-0.0796055301474144,0.117010545179927,0.9653588891112314,-0.0796,0.117010545179927,-0.0796055301474144,0.117010545179927,,0.117010545179927,0.08273894996706127,0.3012,0.38081995690331955,0.36676204204559326,-0.0612,0.0807,1.0,,,,5.569673141397349,,,,
9428,P35557,A,449,*,STOP,,,,,100.0,2.0,6.0,-0.46319483377610604,0.05,0.9946206057383697,-0.4632,0.05,-0.46319483377610604,0.05,,0.05,0.035355339059327376,,,,-0.4632,0.0354,,,,,5.569673141397349,,,,
9429,P35557,A,450,S,NONSYN,0.46929375853615796,-0.005290600073236691,0.051489614816191666,-0.41050000000000003,100.0,2.0,6.0,-0.242404330286599,0.15301152785737102,0.9844977434563574,-0.2424,0.15301152785737102,-0.242404330286599,0.15301152785737102,,0.15301152785737102,0.10819548894766136,0.2201,0.4624921267362603,0.3529595732688904,-0.2027,0.1034,1.0,,,,0.7417601622333411,,,,
9430,P35557,A,450,A,SYN,,,,,100.0,2.0,6.0,1.33027691771883,0.05,0.006214857720534463,1.3303,0.05,1.33027691771883,0.05,,0.05,0.035355339059327376,,,,1.3303,0.0354,,,,,0.7417601622333411,,,,
9431,P35557,A,450,V,NONSYN,0.41129671784225785,0.11608558011970567,0.043280189800660986,-0.6206999999999999,100.0,2.0,6.0,-0.34752867692376505,0.0886921150916677,0.9906863004072548,-0.3475,0.0886921150916677,-0.34752867692376505,0.0886921150916677,,0.0886921150916677,0.06271479601909596,0.2759,0.6233901190128459,0.36420080065727234,-0.3296,0.0618,1.0,,,8.4702e-06,0.7417601622333411,,,,
9432,P35557,A,450,R,NONSYN,0.3190441200491768,-0.19542372256161533,0.03974021990808332,-1.2165666666666668,100.0,2.0,6.0,-0.35166260499354196,0.10459165197042501,0.9908692537716141,-0.3517,0.10459165197042501,-0.35166260499354196,0.10459165197042501,,0.10459165197042501,0.07395746636379084,0.1073,0.4590119113385279,0.27426838874816895,-0.3205,0.0714,1.0,,,,0.7417601622333411,,,,
9433,P35557,A,450,D,NONSYN,0.4810824638550644,-0.10913083340307617,0.035164097515613446,-1.3432333333333333,100.0,2.0,6.0,-0.305256849661037,0.127336075751758,0.9885814963139605,-0.3053,0.127336075751758,-0.305256849661037,0.127336075751758,,0.127336075751758,0.09004020265375198,0.1054,0.41061425818459657,0.27426838874816895,-0.2653,0.0855,1.0,,,,0.7417601622333411,,,,
9434,P35557,A,450,F,NONSYN,0.3975861635372093,-0.22446736877309426,0.04146723224216305,-1.7862,100.0,2.0,6.0,-0.355141850742633,0.0858784185421546,0.991020335472927,-0.3551,0.0858784185421546,-0.355141850742633,0.0858784185421546,,0.0858784185421546,0.06072521210873405,0.0778,0.4329894805281707,0.2754695415496826,-0.3351,0.0593,1.0,,,,0.7417601622333411,,,,
9435,P35557,A,450,T,NONSYN,0.4593194656393701,0.11037520619748431,0.045356498028794434,-0.5557333333333333,100.0,2.0,6.0,-0.140422608890243,0.17718524039799102,0.9743871380202063,-0.1404,0.17718524039799102,-0.140422608890243,0.17718524039799102,,0.17718524039799102,0.12528888501158805,0.2759,0.4162840509793238,0.3617926239967346,-0.0958,0.1184,1.0,,,,0.7417601622333411,,,,
9436,P35557,A,450,I,NONSYN,0.2533067127168299,-0.17968928487953417,0.04549010491355445,-1.3021,100.0,2.0,6.0,-0.11283654307138,0.0686753042089538,0.9706324074429947,-0.1128,0.0686753042089538,-0.11283654307138,0.0686753042089538,,0.0686753042089538,0.04856077330620028,0.0981,0.21097424958955321,0.27426838874816895,-0.1064,0.0478,1.0,,,,0.7417601622333411,,,,
9437,P35557,A,450,L,NONSYN,0.33775241979079834,-0.19542651490586435,0.039697793912946346,-1.2974666666666668,100.0,2.0,6.0,-0.0656248529923895,0.116610993782911,0.9628634107699842,-0.0656,0.116610993782911,-0.0656248529923895,0.116610993782911,,0.116610993782911,0.0824564244647987,0.0981,0.16376255951056273,0.27426838874816895,-0.0521,0.079,1.0,,,,0.7417601622333411,,,,
9438,P35557,A,450,K,NONSYN,0.13783323133742972,-0.11972293003048266,0.042196007568588566,-0.7036666666666666,100.0,2.0,6.0,0.0440734959188724,0.0870214828632741,0.935921745341088,0.0441,0.0870214828632741,0.0440734959188724,0.0870214828632741,,0.0870214828632741,0.06153348064153005,0.1407,0.0966559016164517,0.3201174736022949,0.0475,0.0604,1.0,,,,0.7417601622333411,,,,
9439,P35557,A,450,G,NONSYN,0.5077306515769983,-0.09379215863069601,0.05771774074489761,-0.48503333333333326,100.0,2.0,6.0,0.47207948559429797,0.0919801452283514,0.5770443891825325,0.4721,0.0919801452283514,0.47207948559429797,0.0919801452283514,,0.0919801452283514,0.06503978442549074,0.2024,0.26968407624867113,0.3539992570877075,0.4633,0.064,1.0,,,,0.7417601622333411,,,,
9440,P35557,A,450,Y,NONSYN,0.2413102682766479,-0.22875681424877958,0.038702724389921526,-1.7924666666666667,100.0,2.0,6.0,-0.342273514315577,0.106604180567744,0.9904482074426363,-0.3423,0.106604180567744,-0.342273514315577,0.106604180567744,,0.106604180567744,0.07538053898228696,0.0778,0.42012114410111473,0.2731638550758362,-0.3125,0.0727,1.0,,,,0.7417601622333411,,,,
9441,P35557,A,450,N,NONSYN,0.2596281291448914,-0.20447395839254467,0.03304811444161192,-1.1920666666666666,100.0,2.0,6.0,-0.324511897500754,0.140382845980011,0.9895955936835525,-0.3245,0.140382845980011,-0.324511897500754,0.140382845980011,,0.140382845980011,0.09926566235473243,0.0981,0.4226496040189272,0.29720646142959595,-0.2821,0.0942,1.0,,,,0.7417601622333411,,,,
9442,P35557,A,450,C,NONSYN,0.4521425054357098,0.005100753661508468,0.04413877717053758,-0.7297666666666668,100.0,2.0,6.0,-0.330397555157101,0.067480543587373,0.9898865549650031,-0.3304,0.067480543587373,-0.330397555157101,0.067480543587373,,0.067480543587373,0.047715949968785844,0.2162,0.5465637236084102,0.35183632373809814,-0.3205,0.0473,1.0,,,,0.7417601622333411,,,,
9443,P35557,A,450,P,NONSYN,0.3737321559264451,-0.0265830831054362,0.04270671186434594,-0.7215666666666666,100.0,2.0,6.0,-0.235346044856267,0.0824151392407803,0.983953111739336,-0.2353,0.0824151392407803,-0.235346044856267,0.0824151392407803,,0.0824151392407803,0.058276303829589274,0.1863,0.42166661794777394,0.32171058654785156,-0.2219,0.0573,1.0,,,,0.7417601622333411,,,,
9444,P35557,A,450,E,NONSYN,0.3924454343376217,-0.1738900346981652,0.03241965917519771,-0.73,100.0,2.0,6.0,-0.121555137309292,0.148016855386124,0.9718760083932604,-0.1216,0.148016855386124,-0.121555137309292,0.148016855386124,,0.148016855386124,0.10466372217343682,0.1232,0.2447917040912897,0.2843737006187439,-0.0924,0.0982,1.0,,,,0.7417601622333411,,,,
9445,P35557,A,450,M,NONSYN,0.19919007049311416,-0.2630036818552253,0.044323968005497344,-1.2075333333333333,100.0,2.0,6.0,-0.148922727112712,0.0632731424581627,0.9754426366847385,-0.1489,0.0632731424581627,-0.148922727112712,0.0632731424581627,,0.0632731424581627,0.0447408680991493,0.1168,0.265750393872203,0.303838312625885,-0.1433,0.0443,1.0,,,,0.7417601622333411,,,,
9446,P35557,A,450,W,NONSYN,0.17944660888741126,-0.33422407157308237,0.044066887463944514,-1.6895,100.0,2.0,6.0,-0.0258717423426688,0.0580744073967281,0.9547364459077319,-0.0259,0.0580744073967281,-0.0258717423426688,0.0580744073967281,,0.0580744073967281,0.04106480728361663,0.0896,0.1154931372153342,0.27641618251800537,-0.0234,0.0406,1.0,,,,0.7417601622333411,,,,
9447,P35557,A,450,H,NONSYN,0.3663343704598138,-0.16123941524160215,0.043798083080254596,-1.3876666666666668,100.0,2.0,6.0,-0.14893110414545901,0.0627919285764169,0.975443654715283,-0.1489,0.0627919285764169,-0.14893110414545901,0.0627919285764169,,0.0627919285764169,0.04440059850016574,0.1036,0.25248952528040775,0.2757413983345032,-0.1425,0.0438,1.0,,,,0.7417601622333411,,,,
9448,P35557,A,450,Q,NONSYN,0.3707092191809771,-0.1738900346981652,0.03241965917519771,-0.73,100.0,2.0,6.0,0.20657480992192,0.143885982799529,0.8588776858789453,0.2066,0.143885982799529,0.20657480992192,0.143885982799529,,0.143885982799529,0.10174275415523788,0.1908,0.015767228974044034,0.3362310826778412,0.2053,0.0974,1.0,,,,0.7417601622333411,,,,
9449,P35557,A,450,*,STOP,,,,,100.0,2.0,6.0,-0.0028995259612405,0.05,0.9492543043756044,-0.0029,0.05,-0.0028995259612405,0.05,,0.05,0.035355339059327376,,,,-0.0029,0.0354,,,,,0.7417601622333411,,,,
9450,P35557,L,451,S,NONSYN,0.3696688568840947,0.0658095694745847,0.04949724226182992,-1.8501333333333332,100.0,2.0,6.0,-0.24174935403357503,0.0943379593180425,0.9844480163010937,-0.2417,0.0943379593180425,-0.24174935403357503,0.0943379593180425,,0.0943379593180425,0.06670701075708849,0.1318,0.3735351938296413,0.2787474989891052,-0.2215,0.0649,1.0,,,,12.611333453659634,,,,
9451,P35557,L,451,A,NONSYN,0.2800117097075371,0.26973510336231993,0.06643065816853538,-1.3620666666666665,100.0,2.0,6.0,-0.47998164659877396,0.0488232725696175,0.9950270310399398,-0.48,0.0488232725696175,-0.47998164659877396,0.0488232725696175,,0.0488232725696175,0.03452326711369569,0.2895,0.7694534218921242,0.3706945776939392,-0.4734,0.0344,1.0,,,,12.611333453659634,,,,
9452,P35557,L,451,V,NONSYN,0.45006845647116095,1.0718905644653853,0.035667119608397024,0.4434,100.0,2.0,6.0,-0.0014948707742514,0.047465549371127,0.9488984886957347,-0.0015,0.047465549371127,-0.0014948707742514,0.047465549371127,,0.047465549371127,0.03356321183306876,0.8466,0.8481249672097982,0.4007755517959595,0.0044,0.0334,0.997,,,,12.611333453659634,,,,
9453,P35557,L,451,R,NONSYN,0.2792328090176149,0.005679469109521995,0.05162483800185572,-1.8351333333333333,100.0,2.0,6.0,-0.0613590529383869,0.0709013838993603,0.9620665326171441,-0.0614,0.0709013838993603,-0.0613590529383869,0.0709013838993603,,0.0709013838993603,0.05013484935074837,0.1067,0.1680155446948261,0.272847980260849,-0.0559,0.0493,1.0,,,,12.611333453659634,,,,
9454,P35557,L,451,D,NONSYN,0.15709418040401155,-0.21541337287486564,0.06001452286311795,-2.512333333333333,100.0,2.0,6.0,-0.274334632090708,0.18322828684239,0.9867332789336293,-0.2743,0.18322828684239,-0.274334632090708,0.18322828684239,,0.18322828684239,0.12956196413144783,0.0778,0.35218226187624574,0.2690693736076355,-0.208,0.1167,1.0,,,,12.611333453659634,,,,
9455,P35557,L,451,F,NONSYN,0.463424518412456,0.3277642673271349,0.023932188468056406,0.48950000000000005,100.0,2.0,6.0,2.2308840206405,0.121828019561623,8.87511931558127e-06,2.2309,0.121828019561623,2.2308840206405,0.121828019561623,,0.121828019561623,0.08614541877055097,0.3606,1.8702497831126528,0.45093846321105957,2.165,0.0846,1.0,,,,12.611333453659634,,,,
9456,P35557,L,451,T,NONSYN,0.3205067496312658,0.07605066127271094,0.06373311107478687,-1.3817666666666666,100.0,2.0,6.0,0.10107167967005301,0.0932948235338562,0.91511923638923,0.1011,0.0932948235338562,0.10107167967005301,0.0932948235338562,,0.0932948235338562,0.065969402370392,0.1573,0.05620504013852548,0.3322032392024994,0.1032,0.0647,1.0,,,,12.611333453659634,,,,
9457,P35557,L,451,I,NONSYN,0.3599458773266949,0.8530234367908088,0.03536599834989279,0.27723333333333333,100.0,2.0,6.0,0.655106512249478,0.0513613750872612,0.31709694391732435,0.6551,0.0513613750872612,0.655106512249478,0.0513613750872612,,0.0513613750872612,0.03631797661526819,0.7589,0.1038006866564668,0.40398699045181274,0.6559,0.0362,0.9990000000000001,,,,12.611333453659634,,,,
9458,P35557,L,451,L,SYN,,,,,100.0,2.0,6.0,0.9358952263336692,0.05,0.07619875546091,0.9359,0.05,0.9358952263336692,0.05,,0.05,0.035355339059327376,,,,0.9359,0.0354,,,,,12.611333453659634,,,,
9459,P35557,L,451,K,NONSYN,0.16637828819819184,-0.16239444584646565,0.05273957844743535,-1.8327,100.0,2.0,6.0,0.442862691929576,0.0541562553093209,0.6175480285969878,0.4429,0.0541562553093209,0.442862691929576,0.0541562553093209,,0.0541562553093209,0.03829425537289077,0.0816,0.36127215867304524,0.2788439095020294,0.4362,0.0379,1.0,,,,12.611333453659634,,,,
9460,P35557,L,451,G,NONSYN,0.3375782897720982,-0.403209683835735,0.05113468744096075,-2.5354666666666663,100.0,2.0,6.0,0.28905430079190003,0.226579711372511,0.7941467341369386,0.2891,0.226579711372511,0.28905430079190003,0.226579711372511,,0.226579711372511,0.16021605039079323,0.0778,0.2112066710063623,0.26338931918144226,0.232,0.1369,1.0,,,,12.611333453659634,,,,
9461,P35557,L,451,Y,NONSYN,0.3932294491632085,-0.17793627397823997,0.06685747414722615,-1.3710666666666667,100.0,2.0,6.0,0.8630324854229058,0.0368741218315406,0.11526263259623519,0.863,0.0368741218315406,0.8630324854229058,0.0368741218315406,,0.0368741218315406,0.026073941597381273,0.0981,0.7648947789047326,0.2814214527606964,0.8565,0.026,1.0,,,,12.611333453659634,,,,
9462,P35557,L,451,N,NONSYN,0.1790631080953343,-0.034293331883634835,0.06547991505025884,-2.4369,100.0,2.0,6.0,-0.45329732794458794,0.0903427618436745,0.994364821609086,-0.4533,0.0903427618436745,-0.45329732794458794,0.0903427618436745,,0.0903427618436745,0.06388197953078352,0.1067,0.5599538197010272,0.2646900415420532,-0.4225,0.0621,1.0,,,,12.611333453659634,,,,
9463,P35557,L,451,C,NONSYN,0.3444819501115762,0.046750295469829596,0.029964884455522683,-1.3948999999999998,100.0,2.0,6.0,-0.15489885500599898,0.263383669284232,0.9761580592068775,-0.1549,0.263383669284232,-0.15489885500599898,0.263383669284232,,0.263383669284232,0.18624037860467543,0.1325,0.2873574822299675,0.28121060132980347,-0.0673,0.1553,1.0,,,,12.611333453659634,,,,
9464,P35557,L,451,P,NONSYN,0.3101239067988947,-0.3897290593606453,0.0614464013386059,-2.2839666666666667,100.0,2.0,6.0,0.0900627950291045,0.143204707976268,0.9195862809835027,0.0901,0.143204707976268,0.0900627950291045,0.143204707976268,,0.143204707976268,0.10126102010785837,0.0778,0.012215165243566778,0.2646900415420532,0.0885,0.0946,1.0,,,,12.611333453659634,,,,
9465,P35557,L,451,E,NONSYN,0.22335052551716408,-0.024726744041194477,0.066669903508822,-2.4328000000000003,100.0,2.0,6.0,-0.481997091471909,0.0730150187124913,0.9950736190362681,-0.482,0.0730150187124913,-0.481997091471909,0.0730150187124913,,0.0730150187124913,0.05162941486006526,0.1067,0.5886535832283482,0.2646900415420532,-0.4604,0.0507,1.0,,,,12.611333453659634,,,,
9466,P35557,L,451,M,NONSYN,0.4855550162170784,0.9614985540385756,0.03311011558946938,0.15566666666666665,100.0,2.0,6.0,0.329681160506178,0.0736106268123908,0.7544860739729031,0.3297,0.0736106268123908,0.329681160506178,0.0736106268123908,,0.0736106268123908,0.05205057338643383,0.8296,0.49987369531733883,0.40051740407943726,0.338,0.0516,0.997,,,,12.611333453659634,,,,
9467,P35557,L,451,W,NONSYN,0.28885364138641745,0.04658476165253802,0.030604608218975288,-1.8677333333333335,100.0,2.0,6.0,-0.18407493056743499,0.19010439137353,0.9793568519740463,-0.1841,0.19010439137353,-0.18407493056743499,0.19010439137353,,0.19010439137353,0.13442410427356447,0.1146,0.29862948479144924,0.27472782135009766,-0.1264,0.1207,1.0,,,,12.611333453659634,,,,
9468,P35557,L,451,H,NONSYN,0.29725486605293433,0.15718881134009785,0.03976842313426083,-1.9786333333333335,100.0,2.0,6.0,-0.23389275866543902,0.23338568229272802,0.9838385456291677,-0.2339,0.23338568229272802,-0.23389275866543902,0.23338568229272802,,0.23338568229272802,0.1650285985810371,0.242,0.4758582611659731,0.3460119664669037,-0.1457,0.149,1.0,,,,12.611333453659634,,,,
9469,P35557,L,451,Q,NONSYN,0.3225298006389851,-0.27298514405740265,0.07742177012584062,-1.5422,100.0,2.0,6.0,-0.24279995241464303,0.11143915201820402,0.9845277004385056,-0.2428,0.11143915201820402,-0.24279995241464303,0.11143915201820402,,0.11143915201820402,0.0787993800817506,0.0981,0.34093765893281625,0.2860949635505676,-0.2188,0.076,1.0,,,,12.611333453659634,,,,
9470,P35557,L,451,*,STOP,,,,,100.0,2.0,6.0,0.28474495299360203,0.05,0.7980444622919811,0.2847,0.05,0.28474495299360203,0.05,,0.05,0.035355339059327376,,,,0.2847,0.0354,,,,,12.611333453659634,,,,
9471,P35557,V,452,S,NONSYN,0.33699392667600697,1.9758996235921167,0.05882061487575659,-1.4466,100.0,2.0,6.0,0.746932958918875,0.38458095886025606,0.21043126808782858,0.7469,0.38458095886025606,0.746932958918875,0.38458095886025606,,0.38458095886025606,0.2719398039253117,1.2329,0.486004257839853,0.7376678586006165,0.8051,0.2552,0.961,,,,11.355144738269415,,,,
9472,P35557,V,452,A,NONSYN,0.4716545268994549,1.5788842326848034,0.05346464832351888,-0.7901333333333334,100.0,2.0,6.0,3.52752148679093,0.11212588197626899,1.3800742204616184e-10,3.5275,0.11212588197626899,3.52752148679093,0.11212588197626899,,0.11212588197626899,0.07928497149194229,1.1276,2.399892206700598,0.6463457942008972,3.4919,0.0787,0.52,,,,11.355144738269415,,,,
9473,P35557,V,452,V,SYN,,,,,100.0,2.0,6.0,0.855891434312136,0.05,0.11987567474028715,0.8559,0.05,0.855891434312136,0.05,,0.05,0.035355339059327376,,,,0.8559,0.0354,,,,,11.355144738269415,,,,
9474,P35557,V,452,R,NONSYN,0.17643841508486408,-0.027928434314052644,0.07966591106005676,-1.9857333333333334,100.0,2.0,6.0,-0.211401344811288,0.0724440695644972,0.9819540470985003,-0.2114,0.0724440695644972,-0.211401344811288,0.0724440695644972,,0.0724440695644972,0.05122569284580594,0.1328,0.34425035265621295,0.28197160363197327,-0.2004,0.0504,0.9790000000000001,,,,11.355144738269415,,,,
9475,P35557,V,452,D,NONSYN,0.27348180848279724,0.11172891444409828,0.038263586011461244,-2.3809,100.0,2.0,6.0,-0.15284747497367998,0.13918123063068802,0.9759149115144244,-0.1528,0.13918123063068802,-0.15284747497367998,0.13918123063068802,,0.13918123063068802,0.09841599199284831,0.2735,0.4263878823928847,0.342544823884964,-0.1203,0.0946,0.9790000000000001,,,,11.355144738269415,,,,
9476,P35557,V,452,F,NONSYN,0.4053248813429461,2.100987113990792,0.09501997580326171,-0.9184666666666667,100.0,2.0,6.0,1.06618911954139,0.11117749040013,0.03463498008972428,1.0662,0.11117749040013,1.06618911954139,0.11117749040013,,0.11117749040013,0.07861435737723421,1.279,0.21285240916039228,0.6696615219116211,1.0691,0.0781,0.945,,,,11.355144738269415,,,,
9477,P35557,V,452,T,NONSYN,0.3185872156759129,2.7777818667824667,0.03665836806801607,-0.1374,100.0,2.0,6.0,1.6419566822504499,0.19247961889990098,0.0007175043433848588,1.642,0.19247961889990098,1.6419566822504499,0.19247961889990098,,0.19247961889990098,0.13610364376432232,2.0989,0.4569300460362933,0.628363847732544,1.6624,0.133,0.584,,,,11.355144738269415,,,,
9478,P35557,V,452,I,NONSYN,0.4306262074024321,2.1492602652689734,0.051996387359698915,-0.1123,100.0,2.0,6.0,1.1063042124908202,0.0431010730314906,0.02691305497070234,1.1063,0.0431010730314906,1.1063042124908202,0.0431010730314906,,0.0431010730314906,0.030477061016983626,1.2653,0.15903122814486093,0.5635501146316528,1.1068,0.0304,0.0,,,,11.355144738269415,,,,
9479,P35557,V,452,L,NONSYN,0.4667115524229356,2.229904742262567,0.053792561347242196,-0.29109999999999997,100.0,2.0,6.0,3.28558805581015,0.0956657565061342,1.2602682950856417e-09,3.2856,0.0956657565061342,3.28558805581015,0.0956657565061342,,0.0956657565061342,0.06764590515282856,1.4699,1.8157072364894713,0.7179385423660278,3.2696,0.0673,0.012,,,,11.355144738269415,,,,
9480,P35557,V,452,K,NONSYN,0.1909141340536438,0.9595037302200443,0.05236721054668389,-1.7571333333333332,100.0,2.0,6.0,-0.14670944542310901,0.27758631771525505,0.975172150173689,-0.1467,0.27758631771525505,-0.14670944542310901,0.27758631771525505,,0.27758631771525505,0.1962831676210603,0.8457,0.9924134048881359,0.45338818430900574,0.0099,0.1801,0.955,,,,11.355144738269415,,,,
9481,P35557,V,452,G,NONSYN,0.3807983932718594,0.06479048652577234,0.04965784919006888,-2.365066666666667,100.0,2.0,6.0,-0.0120321912187021,0.0365925602928297,0.9515085721344301,-0.012,0.0365925602928297,-0.0120321912187021,0.0365925602928297,,0.0365925602928297,0.025874847524037476,0.1775,0.1895023686307352,0.30358606576919556,-0.0107,0.0258,0.9840000000000001,,,,11.355144738269415,,,,
9482,P35557,V,452,Y,NONSYN,0.33250944557826595,0.9595037302200443,0.05236721054668388,-1.7571333333333332,100.0,2.0,6.0,2.83773967510447,0.0868510975342716,6.33599105838261e-08,2.8377,0.0868510975342716,2.83773967510447,0.0868510975342716,,0.0868510975342716,0.06141300001997768,0.8457,1.9920357156394433,0.45338818430900574,2.8018,0.0609,0.9790000000000001,,,,11.355144738269415,,,,
9483,P35557,V,452,N,NONSYN,0.2445312890805706,-0.0253201198064513,0.0447462507471438,-2.1033666666666666,100.0,2.0,6.0,0.13735104582000698,0.12531669471309598,0.8986775615144041,0.1374,0.12531669471309598,0.13735104582000698,0.12531669471309598,,0.12531669471309598,0.08861228462751453,0.1934,0.05607165911506687,0.32070761919021606,0.1413,0.0854,0.907,,,,11.355144738269415,,,,
9484,P35557,V,452,C,NONSYN,0.4349501020449153,1.7802145217503984,0.0979895577482341,-0.9503666666666666,100.0,2.0,6.0,2.02850689626257,0.0452061622227965,4.199946739946484e-05,2.0285,0.0452061622227965,2.02850689626257,0.0452061622227965,,0.0452061622227965,0.031965583859158535,1.2127,0.8158515904001433,0.7294980883598328,2.0269,0.0319,0.996,,,,11.355144738269415,,,,
9485,P35557,V,452,P,NONSYN,0.17175025849116904,-0.082520809938469,0.0687293348504039,-1.883333333333333,100.0,2.0,6.0,-0.0744269033390559,0.14656532732535998,0.9644548596058345,-0.0744,0.14656532732535998,-0.0744269033390559,0.14656532732535998,,0.14656532732535998,0.10363733683858803,0.1255,0.19989944896283518,0.2809920310974121,-0.0505,0.0972,0.907,,,,11.355144738269415,,,,
9486,P35557,V,452,E,NONSYN,0.32079411141973807,0.662536330375457,0.0823788204072753,-1.7854,100.0,2.0,6.0,0.744192754110653,0.0652927881174738,0.21322055557144556,0.7442,0.0652927881174738,0.744192754110653,0.0652927881174738,,0.0652927881174738,0.046168973240442154,0.7877,0.043501580873172685,0.427201509475708,0.7447,0.0459,0.9079999999999999,,,,11.355144738269415,,,,
9487,P35557,V,452,M,NONSYN,0.4348220015603004,2.818355408283843,0.05714142011453215,-0.2969,100.0,2.0,6.0,1.52023605774632,0.0496477261567472,0.001691401918164035,1.5202,0.0496477261567472,1.52023605774632,0.0496477261567472,,0.0496477261567472,0.035106243835928676,2.1273,0.6070656352163264,0.6784062385559082,1.5219,0.0351,0.9420000000000001,,,,11.355144738269415,,,,
9488,P35557,V,452,W,NONSYN,0.20407639127029992,0.8737511282726781,0.08289596212750544,-1.7649666666666668,100.0,2.0,6.0,0.11054836041899001,0.0521984620830996,0.9110858406223197,0.1105,0.0521984620830996,0.11054836041899001,0.0521984620830996,,0.0521984620830996,0.0369098865064686,0.7589,0.6483588384869549,0.43249431252479553,0.1152,0.0368,0.9990000000000001,,,,11.355144738269415,,,,
9489,P35557,V,452,H,NONSYN,0.2484595230317529,-0.07563259132165366,0.04733088734804142,-2.2657666666666665,100.0,2.0,6.0,0.20986788873099,0.0964911748172712,0.8566753464949648,0.2099,0.0964911748172712,0.20986788873099,0.0964911748172712,,0.0964911748172712,0.06822956403794908,0.1014,0.10850628618620545,0.25900998711586,0.2028,0.066,0.997,,,,11.355144738269415,,,,
9490,P35557,V,452,Q,NONSYN,0.31633139311143543,0.23601055636884463,0.06833007773005181,-1.7866,100.0,2.0,6.0,2.02377007613049,0.20584950255936701,4.353116443640737e-05,2.0238,0.20584950255936701,2.02377007613049,0.20584950255936701,,0.20584950255936701,0.14555757916360598,0.3999,1.623903614376645,0.4121027886867523,1.8437,0.1372,0.9790000000000001,,,,11.355144738269415,,,,
9491,P35557,V,452,*,STOP,,,,,100.0,2.0,6.0,0.115775609504636,0.05,0.908784091506451,0.1158,0.05,0.115775609504636,0.05,,0.05,0.035355339059327376,,,,0.1158,0.0354,,,,,11.355144738269415,,,,
9492,P35557,S,453,S,SYN,,,,,100.0,2.0,6.0,1.5913150873168302,0.05,0.0010273205408989092,1.5913,0.05,1.5913150873168302,0.05,,0.05,0.035355339059327376,,,,1.5913,0.0354,,,,,2.8791958614854,,,,
9493,P35557,S,453,A,NONSYN,0.4563330621977513,0.7577104939744966,0.0922899613335415,-0.01466666666666668,100.0,2.0,6.0,4.26159261791758,0.0461161735015996,1.1151899662829364e-13,4.2616,0.0461161735015996,4.26159261791758,0.0461161735015996,,0.0461161735015996,0.03260905900535645,0.7757,3.485920062947792,0.4299185276031494,4.2417,0.0325,0.997,,,,2.8791958614854,,,,
9494,P35557,S,453,V,NONSYN,0.3566796973350173,0.44057822657293966,0.0444516084770366,-1.3498999999999999,100.0,2.0,6.0,0.34618316878390404,0.0736758298753426,0.7368710343133593,0.3462,0.0736758298753426,0.34618316878390404,0.0736758298753426,,0.0736758298753426,0.05209667891440118,0.3999,0.053721708163498916,0.40962380170822144,0.347,0.0517,1.0,,,,2.8791958614854,,,,
9495,P35557,S,453,R,NONSYN,0.5078165034060199,0.4788275030149385,0.05818038930543323,-0.9542999999999999,100.0,2.0,6.0,-0.0720233060412808,0.108412385857913,0.9640272216851403,-0.072,0.108412385857913,-0.0720233060412808,0.108412385857913,,0.108412385857913,0.07665913320474284,0.4042,0.47620824351839264,0.41157642006874084,-0.0561,0.0754,1.0,,,,2.8791958614854,,,,
9496,P35557,S,453,D,NONSYN,0.26426002389568154,0.7099036583430284,0.03904357835701393,-0.6365333333333334,100.0,2.0,6.0,0.127211993070809,0.075303759423348,0.9035510061742447,0.1272,0.075303759423348,0.127211993070809,0.075303759423348,,0.075303759423348,0.053247798937089745,0.6568,0.5296103903329691,0.4379012882709503,0.1349,0.0529,1.0,,,,2.8791958614854,,,,
9497,P35557,S,453,F,NONSYN,0.4400921079880442,0.24918172982196904,0.12293115397804244,-1.7383,100.0,2.0,6.0,-0.323570471963038,0.0678145016475753,0.9895482534245901,-0.3236,0.0678145016475753,-0.323570471963038,0.0678145016475753,,0.0678145016475753,0.04795209397778679,0.2639,0.5875018059817453,0.39377355575561523,-0.315,0.0476,1.0,,,,2.8791958614854,,,,
9498,P35557,S,453,T,NONSYN,0.5032644910640633,1.7885415482927363,0.08438638319567042,-0.06083333333333333,100.0,2.0,6.0,1.16909945496286,0.16511043804748002,0.018005620742502695,1.1691,0.16511043804748002,1.16909945496286,0.16511043804748002,,0.16511043804748002,0.11675071038805446,1.1269,0.04221833237374861,0.546596348285675,1.1673,0.1142,0.758,,,,2.8791958614854,,,,
9499,P35557,S,453,I,NONSYN,0.40690641070991895,0.10211677737974933,0.06692809924998525,-1.7275666666666665,100.0,2.0,6.0,0.117624385363621,0.442704611810788,0.9079566308156676,0.1176,0.442704611810788,0.117624385363621,0.442704611810788,,0.442704611810788,0.3130394330739663,0.1898,0.07214118718429159,0.34558379650115967,0.1501,0.232,1.0,,,,2.8791958614854,,,,
9500,P35557,S,453,L,NONSYN,0.393745075519064,0.024759294931661346,0.10756957364542948,-1.7093,100.0,2.0,6.0,0.349696832707885,0.261408118901758,0.733009325523265,0.3497,0.261408118901758,0.349696832707885,0.261408118901758,,0.261408118901758,0.18484345353265239,0.1163,0.23342235665655442,0.3002758324146271,0.2856,0.1574,1.0,,,,2.8791958614854,,,,
9501,P35557,S,453,K,NONSYN,0.33912790346884786,0.984951610938793,0.05216571782342216,-0.6167666666666666,100.0,2.0,6.0,-0.0744612019561212,0.140719476409139,0.964460924659542,-0.0745,0.140719476409139,-0.0744612019561212,0.140719476409139,,0.140719476409139,0.09950369601392259,0.7846,0.8590187232993524,0.45613548159599304,-0.0354,0.0972,1.0,,,,2.8791958614854,,,,
9502,P35557,S,453,G,NONSYN,0.4188135801978989,0.008871832857771364,0.04236299775419051,-0.6509999999999999,100.0,2.0,6.0,2.23030746952658,0.0284015838091245,8.915102437794972e-06,2.2303,0.0284015838091245,2.23030746952658,0.0284015838091245,,0.0284015838091245,0.020082952507869987,0.2237,2.0065863825476677,0.36376407742500305,2.2242,0.0201,1.0,,,,2.8791958614854,,,,
9503,P35557,S,453,Y,NONSYN,0.3987520148682556,-0.10625348412406965,0.11220217752891166,-1.6658,100.0,2.0,6.0,0.28022397139440103,0.0877248948954692,0.8020704469530127,0.2802,0.0877248948954692,0.28022397139440103,0.0877248948954692,,0.0877248948954692,0.06203086805946341,0.1054,0.17486656287084146,0.293643981218338,0.2728,0.0607,1.0,,,,2.8791958614854,,,,
9504,P35557,S,453,N,NONSYN,0.3577198430860929,1.6620466604024597,0.052863960410007536,-0.23683333333333337,100.0,2.0,6.0,0.3533493711294571,0.291044562993227,0.7289540379070472,0.3533,0.291044562993227,0.3533493711294571,0.291044562993227,,0.291044562993227,0.2057995841199861,1.0867,0.733393506830748,0.4961964190006256,0.461,0.1901,1.0,,,,2.8791958614854,,,,
9505,P35557,S,453,C,NONSYN,0.4413057931247456,0.0700447096354416,0.06273084385042461,-0.9221333333333334,100.0,2.0,6.0,1.15432507409721,0.0430072800723605,0.019805588143105197,1.1543,0.0430072800723605,1.15432507409721,0.0430072800723605,,0.0430072800723605,0.03041073937955518,0.1788,0.97551328553825,0.33073025941848755,1.1461,0.0303,1.0,,,,2.8791958614854,,,,
9506,P35557,S,453,P,NONSYN,0.3754690196139504,0.3438699153033489,0.03756560620883936,-0.9290666666666666,100.0,2.0,6.0,0.33284945709348807,0.21744272382744897,0.7511711538303526,0.3328,0.21744272382744897,0.33284945709348807,0.21744272382744897,,0.21744272382744897,0.15375522453806284,0.3453,0.012419567278612764,0.380118191242218,0.3346,0.1425,1.0,,,,2.8791958614854,,,,
9507,P35557,S,453,E,NONSYN,0.32956968841657797,0.9688429744672106,0.05866765715859799,-0.6321,100.0,2.0,6.0,-0.0261352925413737,0.0826474270188504,0.9547957927527659,-0.0261,0.0826474270188504,-0.0261352925413737,0.0826474270188504,,0.0826474270188504,0.05844055609264941,0.7754,0.8015727667921672,0.42828986048698425,-0.0115,0.0579,1.0,,,,2.8791958614854,,,,
9508,P35557,S,453,M,NONSYN,0.4679817126368144,0.1009455560717557,0.03137815210013926,-1.5591333333333335,100.0,2.0,6.0,-0.11281436577279198,0.16131254014452803,0.9706291739418318,-0.1128,0.16131254014452803,-0.11281436577279198,0.16131254014452803,,0.16131254014452803,0.11406519102662294,0.2051,0.3179260779901229,0.35008710622787476,-0.0823,0.1085,1.0,,,,2.8791958614854,,,,
9509,P35557,S,453,W,NONSYN,0.3832492129242465,0.04791691536948933,0.12222938012423952,-1.7880333333333336,100.0,2.0,6.0,-0.212072552815672,0.0567128715559762,0.9820134386501352,-0.2121,0.0567128715559762,-0.212072552815672,0.0567128715559762,,0.0567128715559762,0.040102056057792435,0.1146,0.3266271070396863,0.2944422960281372,-0.2061,0.0397,1.0,,,,2.8791958614854,,,,
9510,P35557,S,453,H,NONSYN,0.2629764798769622,0.4717170750498057,0.058158886629706856,-0.9429,100.0,2.0,6.0,-0.0506920221458825,0.10861986149157599,0.9599978598782624,-0.0507,0.10861986149157599,-0.0506920221458825,0.10861986149157599,,0.10861986149157599,0.07680584063223692,0.4042,0.4548769596229943,0.41157642006874084,-0.0354,0.0755,1.0,,,,2.8791958614854,,,,
9511,P35557,S,453,Q,NONSYN,0.3963611118941722,0.7099036583430284,0.03904357835701393,-0.6365333333333333,100.0,2.0,6.0,0.7506826558311729,0.20333585746958,0.20665564416083249,0.7507,0.20333585746958,0.7506826558311729,0.20333585746958,,0.20333585746958,0.1437801636751213,0.6568,0.09386027242739481,0.4379012882709503,0.7415,0.1366,1.0,,,,2.8791958614854,,,,
9512,P35557,S,453,*,STOP,,,,,100.0,2.0,6.0,0.102032855453112,0.05,0.9147182005018314,0.102,0.05,0.102032855453112,0.05,,0.05,0.035355339059327376,,,,0.102,0.0354,,,,,2.8791958614854,,,,
9513,P35557,A,454,S,NONSYN,0.46929375853615796,0.33097648969307,0.03784145070415444,-0.41050000000000003,100.0,2.0,6.0,0.594048594882484,0.130641051461282,0.40051241502484203,0.594,0.130641051461282,0.594048594882484,0.130641051461282,,0.130641051461282,0.09237717338961321,0.3654,0.2286222929263072,0.38392239809036255,0.5815,0.0898,1.0,,,,1.4902676413958376,,,,
9514,P35557,A,454,A,SYN,,,,,100.0,2.0,6.0,0.93743773250099,0.05,0.07551582068691902,0.9374,0.05,0.93743773250099,0.05,,0.05,0.035355339059327376,,,,0.9374,0.0354,,,,,1.4902676413958376,,,,
9515,P35557,A,454,V,NONSYN,0.41129671784225785,0.4397514134212827,0.032123165951888195,-0.6206999999999999,100.0,2.0,6.0,0.561735663836636,0.046352341904709,0.4470691844390826,0.5617,0.046352341904709,0.561735663836636,0.046352341904709,,0.046352341904709,0.032776055284697105,0.3999,0.16183078688923302,0.41117531061172485,0.5607,0.0327,1.0,,,,1.4902676413958376,,,,
9516,P35557,A,454,R,NONSYN,0.3190441200491768,0.915122226279998,0.042919720634472636,-1.2165666666666668,100.0,2.0,6.0,0.0303373387871293,0.0566168536093406,0.9401411712743355,0.0303,0.0566168536093406,0.0303373387871293,0.0566168536093406,,0.0566168536093406,0.040034161116610796,0.7553,0.7250113436164352,0.42218467593193054,0.0368,0.0399,1.0,,,,1.4902676413958376,,,,
9517,P35557,A,454,D,NONSYN,0.4810824638550644,0.9995235436706199,0.04177450369229538,-1.3432333333333333,100.0,2.0,6.0,-0.148713739183029,0.467519082565474,0.9754172251925601,-0.1487,0.467519082565474,-0.148713739183029,0.467519082565474,,0.467519082565474,0.33058591361616,0.8086,0.9573530271316374,0.41897323727607727,0.2186,0.2595,1.0,,,,1.4902676413958376,,,,
9518,P35557,A,454,F,NONSYN,0.3975861635372093,0.23544555092755634,0.11503714051435755,-1.7862,100.0,2.0,6.0,0.7203748211457579,0.0857226554366848,0.23852820494824584,0.7204,0.0857226554366848,0.7203748211457579,0.0857226554366848,,0.0857226554366848,0.06061507096059768,0.2599,0.4604482040002196,0.39169222116470337,0.7096,0.0599,1.0,,,,1.4902676413958376,,,,
9519,P35557,A,454,T,NONSYN,0.4593194656393701,0.3176104577576353,0.03090393411315093,-0.5557333333333333,100.0,2.0,6.0,0.276000183700979,0.11522527811039801,0.8057735748684346,0.276,0.11522527811039801,0.276000183700979,0.11522527811039801,,0.11522527811039801,0.08147657551596829,0.3654,0.08942611825519775,0.3813213109970093,0.2799,0.0797,1.0,,,,1.4902676413958376,,,,
9520,P35557,A,454,I,NONSYN,0.2533067127168299,0.5346660489759045,0.035343447120198206,-1.3021,100.0,2.0,6.0,1.1885109573113,0.140764728974334,0.01587704023493075,1.1885,0.140764728974334,1.1885109573113,0.140764728974334,,0.140764728974334,0.09953569440963805,0.5753,0.6131947665916955,0.433748722076416,1.1578,0.097,1.0,,,,1.4902676413958376,,,,
9521,P35557,A,454,L,NONSYN,0.33775241979079834,0.7142659093331281,0.042978985116075875,-1.2974666666666668,100.0,2.0,6.0,0.6497113762396299,0.095132006140754,0.32413647816962154,0.6497,0.095132006140754,0.6497113762396299,0.095132006140754,,0.095132006140754,0.06726848665000743,0.691,0.04127549547973042,0.42218467593193054,0.6507,0.0664,1.0,,,,1.4902676413958376,,,,
9522,P35557,A,454,K,NONSYN,0.13783323133742972,0.47045172628129733,0.0376969682083095,-0.7036666666666666,100.0,2.0,6.0,-0.0337673769162877,0.10037963244776599,0.9564811440175516,-0.0338,0.10037963244776599,-0.0337673769162877,0.10037963244776599,,0.10037963244776599,0.07097911879682853,0.4042,0.43795231439339954,0.4102449417114258,-0.021,0.0699,1.0,,,,1.4902676413958376,,,,
9523,P35557,A,454,G,NONSYN,0.5077306515769983,0.3578793118107633,0.03343124667153852,-0.48503333333333326,100.0,2.0,6.0,0.155193621541595,0.101735700368354,0.8895415855364998,0.1552,0.101735700368354,0.155193621541595,0.101735700368354,,0.101735700368354,0.07193800361922585,0.4086,0.2534231596931462,0.411368191242218,0.1627,0.0709,0.9990000000000001,,,,1.4902676413958376,,,,
9524,P35557,A,454,Y,NONSYN,0.2413102682766479,0.5574467799202497,0.11511007623566509,-1.7924666666666667,100.0,2.0,6.0,-0.245628865832322,0.0839418042242725,0.9847401765089067,-0.2456,0.0839418042242725,-0.245628865832322,0.0839418042242725,,0.0839418042242725,0.05935581899201666,0.6093,0.8549330555143289,0.48952826857566833,-0.2332,0.0589,1.0,,,,1.4902676413958376,,,,
9525,P35557,A,454,N,NONSYN,0.2596281291448914,0.9939218481333231,0.037620695410263895,-1.1920666666666666,100.0,2.0,6.0,-0.20606152677284603,0.10434371396509401,0.9814743146504453,-0.2061,0.10434371396509401,-0.20606152677284603,0.10434371396509401,,0.10434371396509401,0.07378214771890743,0.8086,1.0147008147214545,0.41897323727607727,-0.1755,0.0727,1.0,,,,1.4902676413958376,,,,
9526,P35557,A,454,C,NONSYN,0.4521425054357098,0.1498097570333421,0.0422449423535729,-0.7297666666666668,100.0,2.0,6.0,0.928158530827578,0.059428471694108004,0.07970730261047936,0.9282,0.059428471694108004,0.928158530827578,0.059428471694108004,,0.059428471694108004,0.042022275330456556,0.3012,0.6269441040716729,0.36936309933662415,0.9201,0.0418,1.0,,,,1.4902676413958376,,,,
9527,P35557,A,454,P,NONSYN,0.3737321559264451,0.37676441393532184,0.031885278834888835,-0.7215666666666666,100.0,2.0,6.0,0.24729456012163897,0.131738748716173,0.8294733286437052,0.2473,0.131738748716173,0.24729456012163897,0.131738748716173,,0.131738748716173,0.0931533625622365,0.3685,0.12118358905400495,0.38019806146621704,0.2542,0.0905,1.0,,,,1.4902676413958376,,,,
9528,P35557,A,454,E,NONSYN,0.3924454343376217,0.3805619046776431,0.041474832912093244,-0.73,100.0,2.0,6.0,-0.0859998635094468,0.3528890001622029,0.9664432132192914,-0.086,0.3528890001622029,-0.0859998635094468,0.3528890001622029,,0.3528890001622029,0.24953020502083434,0.3654,0.45137845194748083,0.3827991485595703,0.0486,0.209,1.0,,,,1.4902676413958376,,,,
9529,P35557,A,454,M,NONSYN,0.19919007049311416,0.3375955897751944,0.043402373002117293,-1.2075333333333333,100.0,2.0,6.0,1.76291724830154,0.0495532438988015,0.0003007416523679149,1.7629,0.0495532438988015,1.76291724830154,0.0495532438988015,,0.0495532438988015,0.035039434790633456,0.3524,1.4105558672476155,0.38593408465385437,1.7514,0.0349,1.0,,,,1.4902676413958376,,,,
9530,P35557,A,454,W,NONSYN,0.17944660888741126,0.1086774053768023,0.1137660105251137,-1.6895,100.0,2.0,6.0,1.10067925779802,0.112176055821518,0.027888317663947466,1.1007,0.112176055821518,1.10067925779802,0.112176055821518,,0.112176055821518,0.07932044975815607,0.1989,0.9017524215458075,0.3744869828224182,1.062,0.0776,1.0,,,,1.4902676413958376,,,,
9531,P35557,A,454,H,NONSYN,0.3663343704598138,0.563169531455967,0.1172459191610249,-1.3876666666666668,100.0,2.0,6.0,1.1603482974609298,0.0504693703318621,0.019051980072152582,1.1603,0.0504693703318621,1.1603482974609298,0.0504693703318621,,0.0504693703318621,0.03568723400387484,0.6093,0.551044107778923,0.4927805960178375,1.1575,0.0356,1.0,,,,1.4902676413958376,,,,
9532,P35557,A,454,Q,NONSYN,0.3707092191809771,0.38056190467764317,0.041474832912093244,-0.73,100.0,2.0,6.0,0.23590208789467498,0.0685001040624683,0.8381854759233445,0.2359,0.0685001040624683,0.23590208789467498,0.0685001040624683,,0.0685001040624683,0.04843688809455551,0.3751,0.13919682601332978,0.37465375661849976,0.2382,0.048,1.0,,,,1.4902676413958376,,,,
9533,P35557,A,454,*,STOP,,,,,100.0,2.0,6.0,0.129000658223358,0.05,0.9027074987544175,0.129,0.05,0.129000658223358,0.05,,0.05,0.035355339059327376,,,,0.129,0.0354,,,,,1.4902676413958376,,,,
9534,P35557,V,455,S,NONSYN,0.33699392667600697,2.7327998041533568,0.059188153104426745,-1.4146999999999998,100.0,2.0,6.0,1.2494418655630901,0.11811034211578,0.010651140651127792,1.2494,0.11811034211578,1.2494418655630901,0.11811034211578,,0.11811034211578,0.08351662383833111,2.0077,0.7582125629189655,0.7558802962303162,1.2586,0.083,0.078,,,,39.0360764007148,,,,
9535,P35557,V,455,A,NONSYN,0.4716545268994549,1.9388885975664998,0.08876596258460749,-0.4381666666666666,100.0,2.0,6.0,1.8160077055395,0.327275105040955,0.0002042278303447673,1.816,0.327275105040955,1.8160077055395,0.327275105040955,,0.327275105040955,0.23141844608799894,1.2256,0.5903967340886944,0.6504548788070679,1.7497,0.218,0.026000000000000002,,,,39.0360764007148,,,,
9536,P35557,V,455,V,SYN,,,,,100.0,2.0,6.0,1.26545778236401,0.05,0.009580390624516651,1.2655,0.05,1.26545778236401,0.05,,0.05,0.035355339059327376,,,,1.2655,0.0354,,,,,39.0360764007148,,,,
9537,P35557,V,455,R,NONSYN,0.17643841508486408,1.92160104277354,0.039586753061257036,-1.9857333333333334,100.0,2.0,6.0,3.76910959242346,0.032205078136830004,1.4180313499515387e-11,3.7691,0.032205078136830004,3.76910959242346,0.032205078136830004,,0.032205078136830004,0.022772429139195118,1.2256,2.5434986209726542,0.7715438604354858,3.7669,0.0228,0.524,,,,39.0360764007148,,,,
9538,P35557,V,455,D,NONSYN,0.27348180848279724,2.81890237779197,0.07170183934331556,-2.3809,100.0,2.0,6.0,1.30993892682191,0.32472600928615303,0.007123505953588032,1.3099,0.32472600928615303,1.30993892682191,0.32472600928615303,,0.32472600928615303,0.22961596319388458,1.8493,0.5393363045394792,0.7616991400718689,1.3549,0.2198,0.172,,,,39.0360764007148,,,,
9539,P35557,V,455,F,NONSYN,0.4053248813429461,1.6997902810216734,0.082248973502882,-0.9184666666666667,,,,,,,,,,,,,,1.2085,,0.7125537395477295,1.2085,0.7126,0.355,,,,39.0360764007148,,,,
9540,P35557,V,455,T,NONSYN,0.3185872156759129,2.30446782292268,0.11204443011619052,-0.1374,100.0,2.0,6.0,1.16379685155271,0.308037575780075,0.018632898312207543,1.1638,0.308037575780075,1.16379685155271,0.308037575780075,,0.308037575780075,0.21781545869435603,1.5434,0.3795694614279419,0.6649761199951172,1.2006,0.207,0.064,,,,39.0360764007148,,,,
9541,P35557,V,455,I,NONSYN,0.4306262074024321,2.0870642049270836,0.10897230317684997,-0.1123,100.0,2.0,6.0,1.17381297228604,0.112676586823683,0.017465001286490447,1.1738,0.112676586823683,1.17381297228604,0.112676586823683,,0.112676586823683,0.07967437862398104,1.2653,0.09152246834964117,0.5193788409233093,1.1759,0.0788,0.005,,,,39.0360764007148,,,,
9542,P35557,V,455,L,NONSYN,0.4667115524229356,1.819417550378797,0.12351909033030654,-0.29109999999999997,100.0,2.0,6.0,2.61894766918436,0.215018472892689,3.951385172418864e-07,2.6189,0.215018472892689,2.61894766918436,0.215018472892689,,0.215018472892689,0.15204102026279623,1.2212,1.3977888070704072,0.6838867664337158,2.5531,0.1484,0.0,,,,39.0360764007148,,,,
9543,P35557,V,455,K,NONSYN,0.1909141340536438,1.9044290769665204,0.10449431569363288,-1.7571333333333332,100.0,2.0,6.0,1.4856248418800801,0.0755683058484085,0.0021513975387598347,1.4856,0.0755683058484085,1.4856248418800801,0.0755683058484085,,0.0755683058484085,0.053434861508188686,1.2205,0.26515345973896687,0.8030891418457031,1.4845,0.0533,0.069,,,,39.0360764007148,,,,
9544,P35557,V,455,G,NONSYN,0.3807983932718594,2.47515654328437,0.10210212293052956,-2.365066666666667,100.0,2.0,6.0,2.34117643034471,0.101688572397279,3.7298968796249755e-06,2.3412,0.101688572397279,2.34117643034471,0.101688572397279,,0.101688572397279,0.07190467911129515,1.8714,0.4697378078700396,0.7538212537765503,2.3369,0.0716,0.298,,,,39.0360764007148,,,,
9545,P35557,V,455,Y,NONSYN,0.33250944557826595,1.9044290769665204,0.10449431569363288,-1.7571333333333332,100.0,2.0,6.0,4.27414245593586,0.0873781610527238,9.820860196234663e-14,4.2741,0.0873781610527238,4.27414245593586,0.0873781610527238,,0.0873781610527238,0.06178569020799127,1.2205,3.053671073794747,0.8030891418457031,4.2562,0.0616,0.691,,,,39.0360764007148,,,,
9546,P35557,V,455,N,NONSYN,0.2445312890805706,2.6385047990425803,0.06322533770181937,-2.1033666666666666,100.0,2.0,6.0,3.1241520923837296,0.12996310756190899,5.31176702113461e-09,3.1242,0.12996310756190899,3.1241520923837296,0.12996310756190899,,0.12996310756190899,0.09189779466110251,1.9967,1.127472547934877,0.7889212369918823,3.1091,0.0913,0.071,,,,39.0360764007148,,,,
9547,P35557,V,455,C,NONSYN,0.4349501020449153,1.4097488075517666,0.10953086713259828,-0.7521,100.0,2.0,6.0,2.0339212719624298,0.0266277724702126,4.031330379104295e-05,2.0339,0.0266277724702126,2.0339212719624298,0.0266277724702126,,0.0266277724702126,0.01882867848157979,1.0758,0.9580898586933868,0.5251131653785706,2.0327,0.0188,0.9329999999999999,,,,39.0360764007148,,,,
9548,P35557,V,455,P,NONSYN,0.17175025849116904,2.9190613146701168,0.021298734986924955,-1.883333333333333,100.0,2.0,6.0,1.15502619405681,0.0748800383736951,0.019716426824965858,1.155,0.0748800383736951,1.15502619405681,0.0748800383736951,,0.0748800383736951,0.0529481829095487,2.0167,0.8616468940169204,0.7750199437141418,1.159,0.0528,0.134,,,,39.0360764007148,,,,
9549,P35557,V,455,E,NONSYN,0.32079411141973807,2.29280334538289,0.058614833203120435,-1.7854,100.0,2.0,6.0,0.32050203663097104,0.37471470345332897,0.7639089942534397,0.3205,0.37471470345332897,0.32050203663097104,0.37471470345332897,,0.37471470345332897,0.2649633078221551,1.5314,1.2109354795814924,0.8346710801124573,0.4314,0.2525,0.0,,,,39.0360764007148,,,,
9550,P35557,V,455,M,NONSYN,0.4348220015603004,1.86625074209219,0.11743297997797571,-0.2969,100.0,2.0,6.0,2.47844809404418,0.26949812558984904,1.243600362815665e-06,2.4784,0.26949812558984904,2.47844809404418,0.26949812558984904,,0.26949812558984904,0.19056395212164606,1.2212,1.2572892319302276,0.6846499443054199,2.388,0.1836,0.22899999999999998,,,,39.0360764007148,,,,
9551,P35557,V,455,W,NONSYN,0.20407639127029992,1.2321541876909439,0.10562932330656967,-1.7649666666666668,100.0,2.0,6.0,3.50244950970681,0.0376525445379295,1.7409971983341479e-10,3.5024,0.0376525445379295,3.50244950970681,0.0376525445379295,,0.0376525445379295,0.02662436957169845,1.0821,2.420307871904686,0.5449510812759399,3.4967,0.0266,0.07,,,,39.0360764007148,,,,
9552,P35557,V,455,H,NONSYN,0.2484595230317529,2.734400203876367,0.08278974624240021,-2.2657666666666665,100.0,2.0,6.0,2.9913786106474705,0.255557806944962,1.695824792100271e-08,2.9914,0.255557806944962,2.9913786106474705,0.255557806944962,,0.255557806944962,0.18070665827594518,2.0422,0.9491594486601658,0.7491839528083801,2.9392,0.1757,0.858,,,,39.0360764007148,,,,
9553,P35557,V,455,Q,NONSYN,0.31633139311143543,1.769525462739287,0.0905352576940472,-1.7866,100.0,2.0,6.0,1.89033568456178,0.23391086577317002,0.00011814785725910187,1.8903,0.23391086577317002,1.89033568456178,0.23391086577317002,,0.23391086577317002,0.16539995938142482,1.2118,0.6785527522802859,0.7530834674835205,1.8591,0.1615,0.155,,,,39.0360764007148,,,,
9554,P35557,V,455,*,STOP,,,,,100.0,2.0,6.0,0.294866123101909,0.05,0.7887966135898706,0.2949,0.05,0.294866123101909,0.05,,0.05,0.035355339059327376,,,,0.2949,0.0354,,,,,39.0360764007148,,,,
9555,P35557,A,456,S,NONSYN,0.46929375853615796,3.057445775970647,0.025018837329332518,-0.41050000000000003,100.0,2.0,6.0,2.31605788157108,0.14845343321603602,4.5495607218526206e-06,2.3161,0.14845343321603602,2.31605788157108,0.14845343321603602,,0.14845343321603602,0.10497242931748332,2.0858,0.23024578974368737,0.6355769634246826,2.3099,0.1036,0.001,,,,22.37295443921256,,,,
9556,P35557,A,456,A,SYN,,,,,100.0,2.0,6.0,1.41364321300046,0.05,0.003531065431744408,1.4136,0.05,1.41364321300046,0.05,,0.05,0.035355339059327376,,,,1.4136,0.0354,,,,,22.37295443921256,,,,
9557,P35557,A,456,V,NONSYN,0.41129671784225785,2.2685679626393966,0.05211937865793611,-0.4836666666666667,100.0,2.0,6.0,3.7486622149426503,0.0311637470578432,1.7236516021640323e-11,3.7487,0.0311637470578432,3.7486622149426503,0.0311637470578432,,0.0311637470578432,0.022036096871783244,1.577,2.1716852004010243,0.7403304576873779,3.7467,0.022,0.741,,,,22.37295443921256,,,,
9558,P35557,A,456,R,NONSYN,0.3190441200491768,3.5287527620908974,0.03589279672134386,-1.2165666666666668,100.0,2.0,6.0,2.07212651709686,0.145415967160624,3.0162310170545667e-05,2.0721,0.145415967160624,2.07212651709686,0.145415967160624,,0.145415967160624,0.10282461647207752,2.274,0.20184265633453657,0.9489350914955139,2.0745,0.1022,0.973,,,,22.37295443921256,,,,
9559,P35557,A,456,D,NONSYN,0.4810824638550644,3.6967963256500433,0.033432471766192455,-1.3432333333333333,100.0,2.0,6.0,0.7075661151447421,0.0855647400898549,0.2529133298056596,0.7076,0.0855647400898549,0.7075661151447421,0.0855647400898549,,0.0855647400898549,0.06050340794800084,2.2691,1.5615431339702481,0.9237669706344604,0.7142,0.0604,0.877,,,,22.37295443921256,,,,
9560,P35557,A,456,F,NONSYN,0.3975861635372093,1.9227368499337576,0.02257973460506511,-1.6604,,,,,,,,,,,,,,1.2256,,0.6966066956520081,1.2256,0.6966,0.986,,,,22.37295443921256,,,,
9561,P35557,A,456,T,NONSYN,0.4593194656393701,2.363155002210313,0.04956517847655742,-0.5641666666666666,100.0,2.0,6.0,3.4649010962299003,0.0751411204844542,2.462167447230866e-10,3.4649,0.0751411204844542,3.4649010962299003,0.0751411204844542,,0.0751411204844542,0.05313279584051296,1.648,1.8168913191608085,0.7097289562225342,3.4548,0.053,0.401,,,,22.37295443921256,,,,
9562,P35557,A,456,I,NONSYN,0.2533067127168299,3.109271749779044,0.03676545169512257,-1.3021,100.0,2.0,6.0,4.17199899890799,0.0537798652933049,2.748806774830378e-13,4.172,0.0537798652933049,4.17199899890799,0.0537798652933049,,0.0537798652933049,0.03802810744019494,2.2975,1.8744745466985178,1.0800725221633911,4.1697,0.038,0.973,,,,22.37295443921256,,,,
9563,P35557,A,456,L,NONSYN,0.33775241979079834,3.2734219785870606,0.024590076167160076,-1.2974666666666668,100.0,2.0,6.0,3.67954831248394,0.127823130046482,3.3221544304192635e-11,3.6795,0.127823130046482,3.67954831248394,0.127823130046482,,0.127823130046482,0.09038460204835734,2.2856,1.393952895461235,0.9911513328552246,3.6681,0.09,0.91,,,,22.37295443921256,,,,
9564,P35557,A,456,K,NONSYN,0.13783323133742972,3.2012138406634167,0.04760563082299968,-0.7044333333333334,100.0,2.0,6.0,1.2168998991068702,0.11090393338487099,0.013192657115638075,1.2169,0.11090393338487099,1.2168998991068702,0.11090393338487099,,0.11090393338487099,0.0784209233567034,2.2283,1.0113763536397118,0.7315266132354736,1.2284,0.078,0.9470000000000001,,,,22.37295443921256,,,,
9565,P35557,A,456,G,NONSYN,0.5077306515769983,2.8651973620404836,0.050120587717040956,-0.49346666666666666,100.0,2.0,6.0,1.95877401673939,0.0681879231628618,7.097886546908051e-05,1.9588,0.0681879231628618,1.95877401673939,0.0681879231628618,,0.0681879231628618,0.048216142863486834,2.0276,0.0688739553675437,0.6833944320678711,1.9591,0.0481,0.09,,,,22.37295443921256,,,,
9566,P35557,A,456,Y,NONSYN,0.2413102682766479,1.9227368499337576,0.02257973460506511,-1.6604,,,,,,,,,,,,,,1.2256,,0.6966066956520081,1.2256,0.6966,0.986,,,,22.37295443921256,,,,
9567,P35557,A,456,N,NONSYN,0.2596281291448914,3.4163198440248537,0.045479770931605795,-1.1920666666666666,100.0,2.0,6.0,2.40942527129499,0.0842834667657332,2.1662288605079256e-06,2.4094,0.0842834667657332,2.40942527129499,0.0842834667657332,,0.0842834667657332,0.05959741089196095,2.1862,0.223269952081123,0.7996801137924194,2.4082,0.0594,0.358,,,,22.37295443921256,,,,
9568,P35557,A,456,C,NONSYN,0.4521425054357098,2.11586362966614,0.05368157871933629,-0.6650333333333333,,,,,,,,,,,,,,1.279,,0.6563358902931213,1.279,0.6563,0.986,,,,22.37295443921256,,,,
9569,P35557,A,456,P,NONSYN,0.3737321559264451,3.146170882049407,0.028375517099306764,-0.7223333333333333,100.0,2.0,6.0,1.3820287749489,0.19646870620402698,0.0043802127212022885,1.382,0.19646870620402698,1.3820287749489,0.19646870620402698,,0.19646870620402698,0.13892435444781498,2.1543,0.7722928955833266,0.6619539260864258,1.4146,0.136,0.015,,,,22.37295443921256,,,,
9570,P35557,A,456,E,NONSYN,0.3924454343376217,1.5570183970508769,0.06326550686633621,-0.8705666666666666,100.0,2.0,6.0,4.4729505320987,0.0349599470942646,1.2801730625896677e-14,4.473,0.0349599470942646,4.4729505320987,0.0349599470942646,,0.0349599470942646,0.024720415660277436,1.0865,3.3864992400607363,0.49915897846221924,4.4647,0.0247,0.8690000000000001,,,,22.37295443921256,,,,
9571,P35557,A,456,M,NONSYN,0.19919007049311416,2.884516929099947,0.041594457554313215,-1.2075333333333333,100.0,2.0,6.0,4.004834016069711,0.11486206830637499,1.443762451541555e-12,4.0048,0.11486206830637499,4.004834016069711,0.11486206830637499,,0.11486206830637499,0.08121974740055017,2.2447,1.7601092655509119,0.9879090785980225,3.993,0.0809,0.9990000000000001,,,,22.37295443921256,,,,
9572,P35557,A,456,W,NONSYN,0.17944660888741126,2.5419853643956274,0.036929507824464254,-1.4119666666666666,100.0,2.0,6.0,1.82180276909833,0.0311088118558711,0.00019574140034030023,1.8218,0.0311088118558711,1.82180276909833,0.0311088118558711,,0.0311088118558711,0.02199725181794292,2.1599,0.33812340697283694,0.7257295846939087,1.8221,0.022,0.9990000000000001,,,,22.37295443921256,,,,
9573,P35557,A,456,H,NONSYN,0.3663343704598138,2.8530378088455577,0.038407429281679846,-1.3876666666666668,100.0,2.0,6.0,3.2388416655582004,0.0298012842895191,1.917384619713007e-09,3.2388,0.0298012842895191,3.2388416655582004,0.0298012842895191,,0.0298012842895191,0.02107269020918708,2.1016,1.1372391112369113,0.7257295846939087,3.2379,0.0211,0.996,,,,22.37295443921256,,,,
9574,P35557,A,456,Q,NONSYN,0.3707092191809771,2.11586362966614,0.05368157871933629,-0.6650333333333333,,,,,,,,,,,,,,1.279,,0.6563358902931213,1.279,0.6563,0.973,,,,22.37295443921256,,,,
9575,P35557,A,456,*,STOP,,,,,100.0,2.0,6.0,0.0704268429919039,0.05,0.9270010034911436,0.0704,0.05,0.0704268429919039,0.05,,0.05,0.035355339059327376,,,,0.0704,0.0354,,,,,22.37295443921256,,,,
9576,P35557,C,457,S,NONSYN,0.3604904794435106,0.697951050714698,0.03810522437991569,-0.9790999999999999,100.0,2.0,6.0,1.36137328414224,0.0836159728378592,0.005038818073106045,1.3614,0.0836159728378592,1.36137328414224,0.0836159728378592,,0.0836159728378592,0.0591254214091604,0.865,0.49637780455849967,0.40590882301330566,1.3511,0.0585,0.004,,,,27.014703359114453,,,,
9577,P35557,C,457,A,NONSYN,0.3068439069280049,0.9648692744186453,0.036692150972786323,-0.9634666666666667,100.0,2.0,6.0,1.3275881911396499,0.0749777421852961,0.00632820602582435,1.3276,0.0749777421852961,1.3275881911396499,0.0749777421852961,,0.0749777421852961,0.05301726993727954,0.9153,0.4123179818272109,0.39261773228645325,1.3202,0.0525,0.0,,,,27.014703359114453,,,,
9578,P35557,C,457,V,NONSYN,0.3179103570647324,0.9298056289626803,0.036340120966623625,-0.9982333333333333,100.0,2.0,6.0,0.665809549398293,0.0967310607342311,0.3033577723421566,0.6658,0.0967310607342311,0.665809549398293,0.0967310607342311,,0.0967310607342311,0.06839918899654258,0.8996,0.2337487563420635,0.39261773228645325,0.6727,0.0674,0.084,,,,27.014703359114453,,,,
9579,P35557,C,457,R,NONSYN,0.23801989209795835,2.156827341703691,0.028966046325387924,-2.6622333333333335,100.0,2.0,6.0,1.12795851152641,0.0831018498129441,0.02345138337370144,1.128,0.0831018498129441,1.12795851152641,0.0831018498129441,,0.0831018498129441,0.0587618815318788,1.0613,0.06663606088859253,0.5184014439582825,1.1271,0.0584,0.079,,,,27.014703359114453,,,,
9580,P35557,C,457,D,NONSYN,0.10680431653988344,1.3896217998882008,0.0327576629812645,-2.6273,100.0,2.0,6.0,3.42957513697288,0.0518973009460082,3.406342293026222e-10,3.4296,0.0518973009460082,3.42957513697288,0.0518973009460082,,0.0518973009460082,0.036696933424201425,1.0803,2.349283150507426,0.5016117691993713,3.4171,0.0366,0.8190000000000001,,,,27.014703359114453,,,,
9581,P35557,C,457,F,NONSYN,0.3827796558639093,0.8851461228414056,0.03963235358831652,-1.5911666666666668,100.0,2.0,6.0,0.39962240477600103,0.11697039743508199,0.6740895913731937,0.3996,0.11697039743508199,0.39962240477600103,0.11697039743508199,,0.11697039743508199,0.08271056122443202,0.8974,0.49774465540847773,0.4050089716911316,0.4195,0.081,0.535,,,,27.014703359114453,,,,
9582,P35557,C,457,T,NONSYN,0.21098713877231906,0.8626004821903103,0.03744822738322595,-0.9784999999999999,100.0,2.0,6.0,0.867424989715403,0.0887982091586553,0.11249952785917712,0.8674,0.0887982091586553,0.867424989715403,0.0887982091586553,,0.0887982091586553,0.06278981585330655,0.8913,0.023880933746511013,0.40353599190711975,0.868,0.062,0.061,,,,27.014703359114453,,,,
9583,P35557,C,457,I,NONSYN,0.3827538054181146,0.9648692744186453,0.036692150972786323,-0.9634666666666667,100.0,2.0,6.0,0.560618613030398,0.0943086750528984,0.44869505512526126,0.5606,0.0943086750528984,0.560618613030398,0.0943086750528984,,0.0943086750528984,0.06668630365462304,0.9102,0.34956112119964355,0.39261773228645325,0.5704,0.0657,0.542,,,,27.014703359114453,,,,
9584,P35557,C,457,L,NONSYN,0.4158145620941803,0.817496565844427,0.04649673843584399,-1.554,100.0,2.0,6.0,0.602571075766937,0.0551366997572941,0.3884444311488359,0.6026,0.0551366997572941,0.602571075766937,0.0551366997572941,,0.0551366997572941,0.03898753429062932,0.8814,0.2788714710775454,0.4050089716911316,0.6051,0.0388,0.386,,,,27.014703359114453,,,,
9585,P35557,C,457,K,NONSYN,0.0,1.85967818781217,0.03179098228949437,-2.5341,100.0,2.0,6.0,1.03435008536647,0.0903710684394217,0.042191926606332926,1.0344,0.0903710684394217,1.03435008536647,0.0903710684394217,,0.0903710684394217,0.06390199531658868,1.1582,0.1238990544192966,0.6001043319702148,1.0357,0.0635,0.883,,,,27.014703359114453,,,,
9586,P35557,C,457,G,NONSYN,0.4785067081693568,0.793334577123391,0.033414767773297036,-2.4234666666666667,100.0,2.0,6.0,1.82201376141004,0.0752156516150073,0.0001954390192187798,1.822,0.0752156516150073,1.82201376141004,0.0752156516150073,,0.0752156516150073,0.053185497308336556,0.8859,0.9360748785822812,0.3830765187740326,1.8043,0.0527,0.036000000000000004,,,,27.014703359114453,,,,
9587,P35557,C,457,Y,NONSYN,0.18775280364475316,0.8851461228414056,0.03963235358831652,-1.5911666666666668,100.0,2.0,6.0,1.18740551910118,0.107125946456401,0.015991497913352536,1.1874,0.107125946456401,1.18740551910118,0.107125946456401,,0.107125946456401,0.07574948318034815,0.9077,0.27972631892875577,0.3940907120704651,1.1774,0.0744,0.003,,,,27.014703359114453,,,,
9588,P35557,C,457,N,NONSYN,0.3555954207344509,0.937073953884939,0.029821638244947327,-1.6354333333333333,100.0,2.0,6.0,1.03162202597058,0.154081305109487,0.042906065505755,1.0316,0.154081305109487,1.03162202597058,0.154081305109487,,0.154081305109487,0.10895193569699169,0.89,0.14158532381451305,0.4024079144001007,1.022,0.1052,0.907,,,,27.014703359114453,,,,
9589,P35557,C,457,C,SYN,,,,,100.0,2.0,6.0,0.7083818946101139,0.05,0.25198131209842994,0.7084,0.05,0.7083818946101139,0.05,,0.05,0.035355339059327376,,,,0.7084,0.0354,,,,,27.014703359114453,,,,
9590,P35557,C,457,P,NONSYN,0.23278771184927005,1.32810745276764,0.0339364125167168,-2.5291333333333337,100.0,2.0,6.0,2.6290622905000602,0.0750245712987001,3.635168199384923e-07,2.6291,0.0750245712987001,2.6290622905000602,0.0750245712987001,,0.0750245712987001,0.053050383120924464,1.0758,1.5532308772310173,0.4905259609222412,2.6111,0.0527,0.941,,,,27.014703359114453,,,,
9591,P35557,C,457,E,NONSYN,0.09400502805141753,1.6564594153791408,0.030166026014210767,-2.6934333333333336,100.0,2.0,6.0,0.0832094956872576,0.14430949189635098,0.9222527234635188,0.0832,0.14430949189635098,0.0832094956872576,0.14430949189635098,,0.14430949189635098,0.10204222030949489,1.083,0.9997753094198591,0.5016117691993713,0.1229,0.1,0.872,,,,27.014703359114453,,,,
9592,P35557,C,457,M,NONSYN,,0.6779385021711727,0.047412596849647604,-1.5635333333333332,100.0,2.0,6.0,1.0212452667866998,0.0386253527196763,0.045725889306354676,1.0212,0.0386253527196763,1.0212452667866998,0.0386253527196763,,0.0386253527196763,0.027312248833805366,0.7249,0.29629912554371884,0.42365768551826477,1.02,0.0273,0.956,,,,27.014703359114453,,,,
9593,P35557,C,457,W,NONSYN,0.3650350897967528,1.1791317865333015,0.036514295736348006,-2.438333333333333,100.0,2.0,6.0,0.6646221331803089,0.0419040173236903,0.304866775869043,0.6646,0.0419040173236903,0.6646221331803089,0.0419040173236903,,0.0419040173236903,0.02963061480853997,0.9751,0.31045156200249135,0.4401867389678955,0.666,0.0296,0.96,,,,27.014703359114453,,,,
9594,P35557,C,457,H,NONSYN,0.2472156663565278,2.39553197966645,0.029086015718103164,-2.6413333333333333,100.0,2.0,6.0,0.411844597638132,0.0823441374416362,0.6585805738292457,0.4118,0.0823441374416362,0.411844597638132,0.0823441374416362,,0.0823441374416362,0.058226097975938036,0.9726,0.560745848834036,0.47123146057128906,0.4203,0.0578,0.608,,,,27.014703359114453,,,,
9595,P35557,C,457,Q,NONSYN,0.31620129737801284,1.1736619933189398,0.02942058135105888,-2.441966666666667,100.0,2.0,6.0,0.6810315128233941,0.10087102665004401,0.2843652736805098,0.681,0.10087102665004401,0.6810315128233941,0.10087102665004401,,0.10087102665004401,0.07132658696949506,0.9812,0.30017216244668643,0.43317562341690063,0.689,0.0704,0.932,,,,27.014703359114453,,,,
9596,P35557,C,457,*,STOP,,,,,100.0,2.0,6.0,0.8761677248638001,0.05,0.10716547228059228,0.8762,0.05,0.8761677248638001,0.05,,0.05,0.035355339059327376,,,,0.8762,0.0354,,,,,27.014703359114453,,,,
9597,P35557,K,458,S,NONSYN,0.39799365034538775,1.5014712200528748,0.07083630803446349,-0.8266,100.0,2.0,6.0,1.85467415515475,0.205603026543523,0.00015374849755628783,1.8547,0.205603026543523,1.85467415515475,0.205603026543523,,0.205603026543523,0.14538329430140284,1.0452,0.809468085208461,0.511833131313324,1.7942,0.1399,0.997,,,,97.3253376117805,,,,
9598,P35557,K,458,A,NONSYN,0.4253782567817681,1.87130279796198,0.07194425071436145,-0.8658,100.0,2.0,6.0,0.7678290056916541,0.0617108613685409,0.18999956922719252,0.7678,0.0617108613685409,0.7678290056916541,0.0617108613685409,,0.0617108613685409,0.04363616854655821,1.2191,0.45125382664477165,0.6997566819190979,0.7696,0.0436,0.997,,,,97.3253376117805,,,,
9599,P35557,K,458,V,NONSYN,0.4018371367991864,1.238433442531978,0.03743312743187647,-1.8981333333333332,100.0,2.0,6.0,1.26984000334745,0.0743795531351036,0.00930599631236397,1.2698,0.0743795531351036,1.26984000334745,0.0743795531351036,,0.0743795531351036,0.05259428640345688,1.0337,0.2361090196133191,0.4981209337711334,1.2672,0.0523,0.98,,,,97.3253376117805,,,,
9600,P35557,K,458,R,NONSYN,0.4425642104838123,1.2368534737228372,0.10870589490957257,0.014233333333333356,100.0,2.0,6.0,0.590353666658074,0.125598874682606,0.40577695936709113,0.5904,0.125598874682606,0.590353666658074,0.125598874682606,,0.125598874682606,0.08881181599747008,1.08,0.48959678519281713,0.47859659790992737,0.6067,0.0873,0.39299999999999996,,,,97.3253376117805,,,,
9601,P35557,K,458,D,NONSYN,0.3868073539125079,1.5014712200528748,0.07083630803446349,-0.8266,100.0,2.0,6.0,1.8773237394189701,0.0815824647764596,0.00013008750989138305,1.8773,0.0815824647764596,1.8773237394189701,0.0815824647764596,,0.0815824647764596,0.05768751406934723,1.0064,0.8708821462488041,0.5162331461906433,1.8666,0.0573,0.9990000000000001,,,,97.3253376117805,,,,
9602,P35557,K,458,F,NONSYN,0.39391394066408775,0.9227276882172916,0.04060562521850778,-1.9194666666666667,100.0,2.0,6.0,0.5734151776080861,0.121511109166043,0.43012276420597617,0.5734,0.121511109166043,0.5734151776080861,0.121511109166043,,0.121511109166043,0.08592132928080785,0.8057,0.23228327677194927,0.4092780351638794,0.5832,0.0841,0.998,,,,97.3253376117805,,,,
9603,P35557,K,458,T,NONSYN,0.4423640368257771,1.3358746746896515,0.038763607911714563,-0.8377,100.0,2.0,6.0,2.37411337550864,0.264440301081675,2.871413380031767e-06,2.3741,0.264440301081675,2.37411337550864,0.264440301081675,,0.264440301081675,0.18698753011386468,1.0452,1.328907305562351,0.5098804831504822,2.2166,0.1756,0.997,,,,97.3253376117805,,,,
9604,P35557,K,458,I,NONSYN,0.4603939774498695,0.7767148895975436,0.047129421506117604,-1.9278666666666666,100.0,2.0,6.0,1.0114535734673298,0.066800968201704,0.04854263179324297,1.0115,0.066800968201704,1.0114535734673298,0.066800968201704,,0.066800968201704,0.04723541760525183,0.7841,0.2273678228874958,0.4092780351638794,1.0085,0.0469,0.9740000000000001,,,,97.3253376117805,,,,
9605,P35557,K,458,L,NONSYN,0.4356747906628182,1.4994169477020967,0.024799871573204495,-1.8765,100.0,2.0,6.0,0.48688948783709496,0.14029973311337302,0.5559806285176045,0.4869,0.14029973311337302,0.48688948783709496,0.14029973311337302,,0.14029973311337302,0.09920689268312886,1.0838,0.596944445039492,0.47163185477256775,0.5122,0.0971,0.915,,,,97.3253376117805,,,,
9606,P35557,K,458,K,SYN,,,,,,,,,,,,,,,,,,,,,,,,,,,97.3253376117805,,,,
9607,P35557,K,458,G,NONSYN,0.3929842999811576,1.3245622524920184,0.03821885158738383,-1.8229999999999997,100.0,2.0,6.0,2.2866243616213198,0.0884174496228459,5.736715281288446e-06,2.2866,0.0884174496228459,2.2866243616213198,0.0884174496228459,,0.0884174496228459,0.06252057820353428,1.0452,1.2414182916750307,0.5062776207923889,2.268,0.062,0.997,,,,97.3253376117805,,,,
9608,P35557,K,458,Y,NONSYN,0.3944793974738757,1.347784617601955,0.042839479736745095,-1.7455,100.0,2.0,6.0,2.21695726629151,0.0328011899721807,9.891961223878382e-06,2.217,0.0328011899721807,2.21695726629151,0.0328011899721807,,0.0328011899721807,0.023193943860317152,1.0452,1.171751196345221,0.532954216003418,2.2147,0.0232,0.9840000000000001,,,,97.3253376117805,,,,
9609,P35557,K,458,N,NONSYN,0.4560364383708069,1.3435722469152847,0.1073090504173989,-0.5051666666666667,100.0,2.0,6.0,0.903600559992492,0.204136011055656,0.09180311467628736,0.9036,0.204136011055656,0.903600559992492,0.204136011055656,,0.204136011055656,0.1443459577018264,1.0064,0.10284103317767401,0.5385493040084839,0.9105,0.1394,0.9990000000000001,,,,97.3253376117805,,,,
9610,P35557,K,458,C,NONSYN,0.4535515939759026,0.6910169829153133,0.04467415846829841,-2.2871333333333332,100.0,2.0,6.0,1.11864342484047,0.0411484880037707,0.024885376830301884,1.1186,0.0411484880037707,1.11864342484047,0.0411484880037707,,0.0411484880037707,0.029096374903039565,0.6715,0.4471197942214209,0.40172523260116577,1.1163,0.029,1.0,,,,97.3253376117805,,,,
9611,P35557,K,458,P,NONSYN,0.27870648767165224,1.87130279796198,0.07194425071436143,-0.8658,100.0,2.0,6.0,2.78993010747696,0.043056041312079,9.496245195228314e-08,2.7899,0.043056041312079,2.78993010747696,0.043056041312079,,0.043056041312079,0.03044521878281919,1.2068,1.5830841087129217,0.6908636093139648,2.7869,0.0304,0.9990000000000001,,,,97.3253376117805,,,,
9612,P35557,K,458,E,NONSYN,0.4020218445230145,1.385673665474604,0.07218215638903878,-0.16533333333333333,100.0,2.0,6.0,1.40821357989945,0.40148891204117404,0.0036645449657275605,1.4082,0.40148891204117404,1.40821357989945,0.40148891204117404,,0.40148891204117404,0.28389553227552344,1.0452,0.3630075099531609,0.4976193904876709,1.3191,0.2466,0.988,,,,97.3253376117805,,,,
9613,P35557,K,458,M,NONSYN,0.43998119930382734,2.34712240746819,0.06601270672657425,-0.9419333333333334,,,,,,,,,,,,,,1.5864,,0.7909269332885742,1.5864,0.7909,0.998,,,,97.3253376117805,,,,
9614,P35557,K,458,W,NONSYN,0.4169292295856069,0.9011707253052954,0.03409180177472091,-2.216833333333333,100.0,2.0,6.0,0.48818219767052395,0.129215822652895,0.5541283851842028,0.4882,0.129215822652895,0.48818219767052395,0.129215822652895,,0.129215822652895,0.09136938443446034,0.7827,0.29452895059149997,0.3985137939453125,0.5029,0.0891,1.0,,,,97.3253376117805,,,,
9615,P35557,K,458,H,NONSYN,0.4436698866414692,1.673088706873088,0.06683005054531832,-0.8412999999999999,100.0,2.0,6.0,1.3624712789583302,0.128775705783921,0.00500151141865284,1.3625,0.128775705783921,1.3624712789583302,0.128775705783921,,0.128775705783921,0.09105817481189424,1.1799,0.1825764740038014,0.6235583424568176,1.3587,0.0901,1.0,,,,97.3253376117805,,,,
9616,P35557,K,458,Q,NONSYN,0.4867518824335938,0.9673892688500053,0.11021190065386098,0.19553333333333334,100.0,2.0,6.0,1.3987462812765699,0.0991999550600614,0.003909104477746486,1.3987,0.0991999550600614,1.3987462812765699,0.0991999550600614,,0.0991999550600614,0.07014496091637018,0.8553,0.5434813791617017,0.4382650554180145,1.3852,0.0693,0.992,,,,97.3253376117805,,,,
9617,P35557,K,458,*,STOP,,,,,100.0,2.0,6.0,1.10903063018043,0.05,0.02645201972583879,1.109,0.05,1.10903063018043,0.05,,0.05,0.035355339059327376,,,,1.109,0.0354,,,,,97.3253376117805,,,,
9618,P35557,K,459,S,NONSYN,0.39799365034538775,1.6685817998556667,0.07597890996545495,-0.8266,100.0,2.0,6.0,3.3058441508522005,0.224145905028705,1.0499171200204361e-09,3.3058,0.224145905028705,3.3058441508522005,0.224145905028705,,0.224145905028705,0.15849508942099316,1.2085,2.097309671710965,0.6810374855995178,3.1981,0.1544,0.027000000000000003,,,,126.52386211301149,,,,
9619,P35557,K,459,A,NONSYN,0.4253782567817681,1.8187582542219165,0.059547209184268673,-0.8658,100.0,2.0,6.0,2.20003226155611,0.21933121013048898,1.128242816763475e-05,2.2,0.21933121013048898,2.20003226155611,0.21933121013048898,,0.21933121013048898,0.15509058600912035,1.2212,0.9788733994421572,0.6997566819190979,2.1542,0.1514,0.006,,,,126.52386211301149,,,,
9620,P35557,K,459,V,NONSYN,0.4018371367991864,0.9821681352050144,0.04013807897960375,-1.8981333333333332,100.0,2.0,6.0,-0.0392677394814429,0.104357750913033,0.9576567192695326,-0.0393,0.104357750913033,-0.0392677394814429,0.104357750913033,,0.104357750913033,0.07379207333998225,0.9178,0.9571036307282386,0.38524365425109863,-0.0054,0.0725,0.0,,,,126.52386211301149,,,,
9621,P35557,K,459,R,NONSYN,0.4425642104838123,2.7340873679733533,0.0698389569642578,0.014233333333333356,100.0,2.0,6.0,2.30992217875686,0.20577330235651395,4.77524438645354e-06,2.3099,0.20577330235651395,2.30992217875686,0.20577330235651395,,0.20577330235651395,0.14550369748344077,2.0769,0.2330197892304926,0.5380447506904602,2.294,0.1405,0.009000000000000001,,,,126.52386211301149,,,,
9622,P35557,K,459,D,NONSYN,0.3868073539125079,1.6685817998556667,0.07597890996545495,-0.8266,100.0,2.0,6.0,2.65056162465486,0.0895630295101661,3.0433867937187103e-07,2.6506,0.0895630295101661,2.65056162465486,0.0895630295101661,,0.0895630295101661,0.06333062551024932,1.2085,1.4420271455136247,0.6810374855995178,2.6382,0.0631,0.11800000000000001,,,,126.52386211301149,,,,
9623,P35557,K,459,F,NONSYN,0.39391394066408775,0.3628854151263834,0.04387529747502499,-1.9194666666666667,100.0,2.0,6.0,0.33679149156521404,0.23455340572480002,0.7470020698834203,0.3368,0.23455340572480002,0.33679149156521404,0.23455340572480002,,0.23455340572480002,0.16585430373840565,0.6818,0.34498771423388874,0.41248947381973267,0.3848,0.1539,0.026000000000000002,,,,126.52386211301149,,,,
9624,P35557,K,459,T,NONSYN,0.4423640368257771,1.9441982302558465,0.07641266537888289,-0.8377,100.0,2.0,6.0,1.8237123334543202,0.0826542447866009,0.00019302132478639212,1.8237,0.0826542447866009,1.8237123334543202,0.0826542447866009,,0.0826542447866009,0.05844537698245833,1.2256,0.5981013620035145,0.6717251539230347,1.8192,0.0582,0.003,,,,126.52386211301149,,,,
9625,P35557,K,459,I,NONSYN,0.4603939774498695,0.41289413655872603,0.06649389308499193,-1.9278666666666666,100.0,2.0,6.0,0.18676532726818598,0.10040005245878801,0.8715053276366687,0.1868,0.10040005245878801,0.18676532726818598,0.10040005245878801,,0.10040005245878801,0.0709935579250941,0.7142,0.5273913599914881,0.4144420623779297,0.2018,0.07,0.0,,,,126.52386211301149,,,,
9626,P35557,K,459,L,NONSYN,0.4356747906628182,0.6553593361803977,0.03815878862412971,-1.8765,100.0,2.0,6.0,0.941158657592407,0.11696170486121,0.07389071572002091,0.9412,0.11696170486121,0.941158657592407,0.11696170486121,,0.11696170486121,0.08270441464650118,0.849,0.0921182685314329,0.4097622334957123,0.9376,0.0811,0.0,,,,126.52386211301149,,,,
9627,P35557,K,459,K,SYN,,,,,,,,,,,,,,,,,,,,,,,,,,,126.52386211301149,,,,
9628,P35557,K,459,G,NONSYN,0.3929842999811576,0.8937615188870698,0.06019627903933556,-1.5884666666666665,100.0,2.0,6.0,3.4506872358186604,0.0447731371208134,2.8061672640908067e-10,3.4507,0.0447731371208134,3.4506872358186604,0.0447731371208134,,0.0447731371208134,0.031659388873122286,0.8951,2.555579132066524,0.406961590051651,3.4353,0.0316,0.11800000000000001,,,,126.52386211301149,,,,
9629,P35557,K,459,Y,NONSYN,0.3944793974738757,1.4508593846432083,0.03842396126500768,-1.7455,100.0,2.0,6.0,1.81858042075445,0.0723807016914328,0.00020041675366880472,1.8186,0.0723807016914328,1.81858042075445,0.0723807016914328,,0.0723807016914328,0.05118088499305274,1.0499,0.7686935980539495,0.532954216003418,1.8116,0.0509,0.022000000000000002,,,,126.52386211301149,,,,
9630,P35557,K,459,N,NONSYN,0.4560364383708069,2.764351701882523,0.08230044356873534,-0.5051666666666667,100.0,2.0,6.0,2.4549925245037403,0.24448506728507602,1.5026293768520174e-06,2.455,0.24448506728507602,2.4549925245037403,0.24448506728507602,,0.24448506728507602,0.17287704897612657,2.0769,0.3780901349773731,0.6338299512863159,2.4288,0.1668,0.092,,,,126.52386211301149,,,,
9631,P35557,K,459,C,NONSYN,0.4535515939759026,0.7376107490086766,0.061044739431370044,-2.2871333333333332,,,,,,,,,,,,,,0.878,,0.385029137134552,0.878,0.385,0.32,,,,126.52386211301149,,,,
9632,P35557,K,459,P,NONSYN,0.27870648767165224,1.7920819444991274,0.05960444169997331,-0.9779666666666667,100.0,2.0,6.0,2.8783897636558597,0.111622798874909,4.4822935374709786e-08,2.8784,0.111622798874909,2.8783897636558597,0.111622798874909,,0.111622798874909,0.07892923801947027,1.2212,1.657230901541907,0.8009084463119507,2.8624,0.0785,0.29,,,,126.52386211301149,,,,
9633,P35557,K,459,E,NONSYN,0.4020218445230145,2.9069758538443335,0.079743706609218,-0.16533333333333333,100.0,2.0,6.0,2.7871786932392597,0.153534907205328,9.719209399572837e-08,2.7872,0.153534907205328,2.7871786932392597,0.153534907205328,,0.153534907205328,0.10856557403373474,2.0969,0.6902827600880146,0.6108522415161133,2.766,0.1069,0.03,,,,126.52386211301149,,,,
9634,P35557,K,459,M,NONSYN,0.43998119930382734,2.4508879072550136,0.03895361177445596,-0.9419333333333334,100.0,2.0,6.0,0.9019718753882021,0.221574253987906,0.09265903063872877,0.902,0.221574253987906,0.9019718753882021,0.221574253987906,,0.221574253987906,0.15667665753119875,1.6646,0.7625994098596006,0.7889743447303772,0.9309,0.1537,0.0,,,,126.52386211301149,,,,
9635,P35557,K,459,W,NONSYN,0.4169292295856069,0.48823849214193565,0.06615449555349408,-2.0029999999999997,100.0,2.0,6.0,1.6892754281926299,0.0445063270733449,0.0005116618403064496,1.6893,0.0445063270733449,1.6892754281926299,0.0445063270733449,,0.0445063270733449,0.031470725679268605,0.6953,0.9939824189114714,0.41198140382766724,1.6835,0.0314,0.89,,,,126.52386211301149,,,,
9636,P35557,K,459,H,NONSYN,0.4436698866414692,2.22476873988843,0.05914175070379964,-0.8412999999999999,100.0,2.0,6.0,0.9820008045565699,0.22129708934631,0.058002608686726694,0.982,0.22129708934631,0.9820008045565699,0.22129708934631,,0.22129708934631,0.15648067253362108,1.2653,0.28333463607911125,0.6867218613624573,0.996,0.1526,0.373,,,,126.52386211301149,,,,
9637,P35557,K,459,Q,NONSYN,0.4867518824335938,2.5173644654999534,0.08356254072338144,0.19553333333333334,100.0,2.0,6.0,2.96009088617706,0.066698744526875,2.2228245366162977e-08,2.9601,0.066698744526875,2.96009088617706,0.066698744526875,,0.066698744526875,0.047163134551582435,2.0912,0.8688457117691009,0.6854204535484314,2.956,0.0471,0.012,,,,126.52386211301149,,,,
9638,P35557,K,459,*,STOP,,,,,100.0,2.0,6.0,3.2741344756955,0.05,1.3970648628964853e-09,3.2741,0.05,3.2741344756955,0.05,,0.05,0.035355339059327376,,,,3.2741,0.0354,,,,,126.52386211301149,,,,
9639,P35557,A,460,S,NONSYN,0.46929375853615796,2.3114425599274404,0.07795185997943564,-0.41050000000000003,100.0,2.0,6.0,1.0212687485329899,0.12284880199924901,0.0457193193776488,1.0213,0.12284880199924901,1.0212687485329899,0.12284880199924901,,0.12284880199924901,0.08686722095431247,1.5434,0.522097564447662,0.6898092031478882,1.0294,0.0862,0.066,,,,55.45063400761919,,,,
9640,P35557,A,460,A,SYN,,,,,100.0,2.0,6.0,0.961177212092479,0.05,0.06567121918379375,0.9612,0.05,0.961177212092479,0.05,,0.05,0.035355339059327376,,,,0.9612,0.0354,,,,,55.45063400761919,,,,
9641,P35557,A,460,V,NONSYN,0.41129671784225785,2.2301442149609367,0.05137489192343605,-0.6206999999999999,100.0,2.0,6.0,2.12367814464827,0.0614687724633568,2.0338500797881975e-05,2.1237,0.0614687724633568,2.12367814464827,0.0614687724633568,,0.0614687724633568,0.04346498584005251,1.4699,0.6537973253275915,0.7097289562225342,2.1212,0.0434,0.248,,,,55.45063400761919,,,,
9642,P35557,A,460,R,NONSYN,0.3190441200491768,3.39905108444017,0.023037255604003826,-1.2165666666666668,100.0,2.0,6.0,3.01896192874603,0.0358169331077211,1.3346515687008988e-08,3.019,0.0358169331077211,3.01896192874603,0.0358169331077211,,0.0358169331077211,0.02532639628177455,2.2975,0.7214374765365572,1.036232352256775,3.0185,0.0253,0.943,,,,55.45063400761919,,,,
9643,P35557,A,460,D,NONSYN,0.4810824638550644,3.3114164023636,0.02732782051837609,-1.3432333333333333,100.0,2.0,6.0,1.68537625291921,0.221692009776599,0.0005261702007420938,1.6854,0.221692009776599,1.68537625291921,0.221692009776599,,0.221692009776599,0.15675992344790754,2.2975,0.6121481992902627,1.013329267501831,1.6997,0.1549,0.9109999999999999,,,,55.45063400761919,,,,
9644,P35557,A,460,F,NONSYN,0.3975861635372093,2.5765197252179033,0.07885104204421244,-1.5574333333333332,100.0,2.0,6.0,1.8724877024330402,0.0323938792755172,0.00013481961808064038,1.8725,0.0323938792755172,1.8724877024330402,0.0323938792755172,,0.0323938792755172,0.022905931704656577,2.1023,0.22976668828351254,0.6887288093566895,1.8727,0.0229,0.804,,,,55.45063400761919,,,,
9645,P35557,A,460,T,NONSYN,0.4593194656393701,2.2515408768710903,0.05115014001840278,-0.5557333333333333,100.0,2.0,6.0,2.61120346171244,0.26796163705180204,4.211631556126367e-07,2.6112,0.26796163705180204,2.61120346171244,0.26796163705180204,,0.26796163705180204,0.18947749065717764,1.5889,1.022297769611915,0.7073208093643188,2.5428,0.183,0.519,,,,55.45063400761919,,,,
9646,P35557,A,460,I,NONSYN,0.2533067127168299,3.3608933596382564,0.020284120917138295,-1.3021,100.0,2.0,6.0,3.11691231858831,0.0851681272433972,5.6617975371966905e-09,3.1169,0.0851681272433972,3.11691231858831,0.0851681272433972,,0.0851681272433972,0.0602229603147649,2.2691,0.8478030694733198,0.9440688490867615,3.1135,0.0601,0.804,,,,55.45063400761919,,,,
9647,P35557,A,460,L,NONSYN,0.33775241979079834,3.38942034167694,0.025932701715961737,-1.2974666666666668,100.0,2.0,6.0,3.03133137247226,0.0505424541727473,1.1983992988170208e-08,3.0313,0.0505424541727473,3.03133137247226,0.0505424541727473,,0.0505424541727473,0.03573891208335993,2.2236,0.8077617408957218,0.8067333698272705,3.0297,0.0357,0.006999999999999999,,,,55.45063400761919,,,,
9648,P35557,A,460,K,NONSYN,0.13783323133742972,2.728917289171033,0.036559003892068044,-0.7036666666666666,100.0,2.0,6.0,3.2961101210920902,0.0493667412573948,1.146282813398914e-09,3.2961,0.0493667412573948,3.2961101210920902,0.0493667412573948,,0.0493667412573948,0.03490755750818557,2.1389,1.157181946119556,0.6597140431404114,3.2929,0.0349,0.943,,,,55.45063400761919,,,,
9649,P35557,A,460,G,NONSYN,0.5077306515769983,2.3887933396347,0.06875984218228581,-0.48503333333333326,100.0,2.0,6.0,2.19944607342161,0.18383420687383,1.1333873221799092e-05,2.1994,0.18383420687383,2.19944607342161,0.18383420687383,,0.18383420687383,0.1299904142945358,1.6646,0.5348747881738074,0.6984696984291077,2.1815,0.1278,0.085,,,,55.45063400761919,,,,
9650,P35557,A,460,Y,NONSYN,0.2413102682766479,2.4479564904608266,0.054686549726842275,-1.5637,100.0,2.0,6.0,2.25817740670427,0.24317275629126,7.170884968031287e-06,2.2582,0.24317275629126,2.25817740670427,0.24317275629126,,0.24317275629126,0.17194910497337362,1.6982,0.5599953006862037,0.7303197383880615,2.2288,0.1674,0.943,,,,55.45063400761919,,,,
9651,P35557,A,460,N,NONSYN,0.2596281291448914,3.316923997218087,0.023116457887922853,-1.1920666666666666,100.0,2.0,6.0,3.26534319041228,0.0348863019806439,1.5119007739359055e-09,3.2653,0.0348863019806439,3.26534319041228,0.0348863019806439,,0.0348863019806439,0.024668340701034984,2.2691,0.9962339412972896,0.9440688490867615,3.2647,0.0247,0.613,,,,55.45063400761919,,,,
9652,P35557,A,460,C,NONSYN,0.4521425054357098,3.1411246098957935,0.03519942423953174,-0.7297666666666668,100.0,2.0,6.0,2.05948815891781,0.0647547567404694,3.320631453244754e-05,2.0595,0.0647547567404694,2.05948815891781,0.0647547567404694,,0.0647547567404694,0.04578852760527121,2.2975,0.23803629329166265,0.9314364194869995,2.0601,0.0457,0.981,,,,55.45063400761919,,,,
9653,P35557,A,460,P,NONSYN,0.3737321559264451,2.5956988975177633,0.029954494086910546,-0.7215666666666666,100.0,2.0,6.0,3.6957652960518996,0.10170682393413599,2.849490019585503e-11,3.6958,0.10170682393413599,3.6957652960518996,0.10170682393413599,,0.10170682393413599,0.07191758489677381,2.1652,1.5305657778481643,0.6585582494735718,3.6777,0.0715,0.9109999999999999,,,,55.45063400761919,,,,
9654,P35557,A,460,E,NONSYN,0.3924454343376217,3.0171211920206,0.030708786018971174,-0.73,100.0,2.0,6.0,0.74779714293546,0.06263323956633099,0.20955688036804387,0.7478,0.06263323956633099,0.74779714293546,0.06263323956633099,,0.06263323956633099,0.044288388425034214,2.1305,1.3827093725674697,0.6619539260864258,0.754,0.0442,0.861,,,,55.45063400761919,,,,
9655,P35557,A,460,M,NONSYN,0.19919007049311416,3.13373914591554,0.023277930250293042,-1.2075333333333333,100.0,2.0,6.0,3.81489774431992,0.0328969399750726,9.143648976803902e-12,3.8149,0.0328969399750726,3.81489774431992,0.0328969399750726,,0.0328969399750726,0.023261649336660646,2.2975,1.5173732921104475,1.036232352256775,3.8141,0.0233,0.9390000000000001,,,,55.45063400761919,,,,
9656,P35557,A,460,W,NONSYN,0.17944660888741126,1.93868045401884,0.07793505131254164,-1.6895,,,,,,,,,,,,,,1.2256,,0.772716224193573,1.2256,0.7727,0.995,,,,55.45063400761919,,,,
9657,P35557,A,460,H,NONSYN,0.3663343704598138,2.6112066479932596,0.05723028373293452,-1.3876666666666668,100.0,2.0,6.0,3.78600551603023,0.0602862037714321,1.2063901393956945e-11,3.786,0.0602862037714321,3.78600551603023,0.0602862037714321,,0.0602862037714321,0.04262878349877365,2.1652,1.6208059978264946,0.7383920550346375,3.7806,0.0426,0.995,,,,55.45063400761919,,,,
9658,P35557,A,460,Q,NONSYN,0.3707092191809771,3.0171211920206,0.030708786018971174,-0.73,100.0,2.0,6.0,2.43149841254339,0.0975737527471283,1.8150300289711638e-06,2.4315,0.0975737527471283,2.43149841254339,0.0975737527471283,,0.0975737527471283,0.06899506223331393,2.1589,0.27257669394597794,0.6619539260864258,2.4286,0.0686,0.981,,,,55.45063400761919,,,,
9659,P35557,A,460,*,STOP,,,,,,,,,,,,,,,,,,,,,,,,,,,55.45063400761919,,,,
9660,P35557,C,461,S,NONSYN,0.3604904794435106,1.1147833805689908,0.04657142340325715,-0.9790999999999999,100.0,2.0,6.0,1.6094481708983002,0.28260107178342303,0.0009037367819960334,1.6094,0.28260107178342303,1.6094481708983002,0.28260107178342303,,0.28260107178342303,0.1998291342286447,0.9372,0.6722798111418304,0.39375922083854675,1.4718,0.1782,0.0,,,,92.1982244692001,,,,
9661,P35557,C,461,A,NONSYN,0.3068439069280049,1.4136436825066268,0.07763303688387718,-0.9634666666666667,100.0,2.0,6.0,1.00620004006908,0.138313877004705,0.05011887702859912,1.0062,0.138313877004705,1.00620004006908,0.138313877004705,,0.138313877004705,0.09780268036222897,1.0881,0.08190110853626664,0.48671701550483704,1.0094,0.0959,0.002,,,,92.1982244692001,,,,
9662,P35557,C,461,V,NONSYN,0.3179103570647324,1.1431555956228974,0.0769881133966279,-0.9982333333333333,100.0,2.0,6.0,1.5243315257365802,0.110519082039894,0.0016437747474511225,1.5243,0.110519082039894,1.5243315257365802,0.110519082039894,,0.110519082039894,0.07814879236092141,0.9572,0.5670854605968096,0.4120899736881256,1.5046,0.0768,0.0,,,,92.1982244692001,,,,
9663,P35557,C,461,R,NONSYN,0.23801989209795835,1.4498758622620744,0.04223117559545938,-2.6622333333333335,100.0,2.0,6.0,1.40966720693742,0.25584009766188304,0.003628336550761072,1.4097,0.25584009766188304,1.40966720693742,0.25584009766188304,,0.25584009766188304,0.18090626795614606,1.0846,0.3251080047432062,0.49297603964805603,1.3711,0.1698,0.069,,,,92.1982244692001,,,,
9664,P35557,C,461,D,NONSYN,0.10680431653988344,1.3255157101277377,0.07017170690466144,-2.6273,100.0,2.0,6.0,1.78274766334043,0.0944638710425128,0.0002603624827814616,1.7827,0.0944638710425128,1.78274766334043,0.0944638710425128,,0.0944638710425128,0.06679604379129234,1.0846,0.6981884611462161,0.49492862820625305,1.7703,0.0662,0.006,,,,92.1982244692001,,,,
9665,P35557,C,461,F,NONSYN,0.3827796558639093,1.1964029046908067,0.055712083889584436,-1.5911666666666668,100.0,2.0,6.0,0.242445946592552,0.142358683733951,0.8332284578595509,0.2424,0.142358683733951,0.242445946592552,0.142358683733951,,0.142358683733951,0.1006627906290678,1.0387,0.7962616673524553,0.5114825367927551,0.2721,0.0988,0.036000000000000004,,,,92.1982244692001,,,,
9666,P35557,C,461,T,NONSYN,0.21098713877231906,1.2822156539067575,0.07546057180816565,-0.9784999999999999,100.0,2.0,6.0,1.107151350885,0.128086526288137,0.026768997711339143,1.1072,0.128086526288137,1.107151350885,0.128086526288137,,0.128086526288137,0.09057085131697065,1.0858,0.021340689569081972,0.48458412289619446,1.1064,0.089,0.005,,,,92.1982244692001,,,,
9667,P35557,C,461,I,NONSYN,0.3827538054181146,1.4136436825066268,0.07763303688387718,-0.9634666666666667,100.0,2.0,6.0,0.7128672650853921,0.102076093621355,0.2468951195547369,0.7129,0.102076093621355,0.7128672650853921,0.102076093621355,,0.102076093621355,0.072178697996693,1.0881,0.37523388351995457,0.48671701550483704,0.7209,0.0714,0.02,,,,92.1982244692001,,,,
9668,P35557,C,461,L,NONSYN,0.4158145620941803,0.762306090234854,0.06090931700094007,-1.554,100.0,2.0,6.0,1.54473638996041,0.09672662468445098,0.0014253017616095733,1.5447,0.09672662468445098,1.54473638996041,0.09672662468445098,,0.09672662468445098,0.06839605223566138,0.8859,0.6587975071326513,0.406961590051651,1.5266,0.0675,0.02,,,,92.1982244692001,,,,
9669,P35557,C,461,K,NONSYN,0.0,1.62661682272687,0.06553407781920566,-2.5341,100.0,2.0,6.0,1.42980458282294,0.14165131690222102,0.0031611325282652437,1.4298,0.14165131690222102,1.42980458282294,0.14165131690222102,,0.14165131690222102,0.1001626067455651,1.1437,0.2861088707334014,0.61028653383255,1.4223,0.0988,0.047,,,,92.1982244692001,,,,
9670,P35557,C,461,G,NONSYN,0.4785067081693568,1.0975222473865227,0.16557045776053833,-2.4234666666666667,100.0,2.0,6.0,1.00423633305419,0.0509799035584009,0.05072002524376183,1.0042,0.0509799035584009,1.00423633305419,0.0509799035584009,,0.0509799035584009,0.03604823551038148,0.9373,0.06691121308196091,0.5085142254829407,1.0039,0.036,0.0,,,,92.1982244692001,,,,
9671,P35557,C,461,Y,NONSYN,0.18775280364475316,1.1964029046908067,0.055712083889584436,-1.5911666666666668,100.0,2.0,6.0,1.1793153017676201,0.237588823448402,0.01685352332335748,1.1793,0.237588823448402,1.1793153017676201,0.237588823448402,,0.237588823448402,0.16800066819449844,1.0387,0.1406076878226128,0.5114825367927551,1.1656,0.1596,0.0,,,,92.1982244692001,,,,
9672,P35557,C,461,N,NONSYN,0.3555954207344509,1.46694343474548,0.06146192002743565,-1.6354333333333333,100.0,2.0,6.0,0.36769371160360004,0.210526210313817,0.7126287534111596,0.3677,0.210526210313817,0.36769371160360004,0.210526210313817,,0.210526210313817,0.14886451093040526,1.0881,0.7204074370017466,0.48254871368408203,0.4303,0.1422,0.0,,,,92.1982244692001,,,,
9673,P35557,C,461,C,SYN,,,,,100.0,2.0,6.0,1.5816335178716103,0.05,0.0010999075139813093,1.5816,0.05,1.5816335178716103,0.05,,0.05,0.035355339059327376,,,,1.5816,0.0354,,,,,92.1982244692001,,,,
9674,P35557,C,461,P,NONSYN,0.23278771184927005,1.2812360409381833,0.0699675328351178,-2.5291333333333337,100.0,2.0,6.0,2.465946928189,0.0961861230250027,1.3756556840660101e-06,2.4659,0.0961861230250027,2.465946928189,0.0961861230250027,,0.0961861230250027,0.06801385984702292,1.0858,1.380136266873082,0.4838428199291229,2.4392,0.0674,0.012,,,,92.1982244692001,,,,
9675,P35557,C,461,E,NONSYN,0.09400502805141753,1.097782621844881,0.07004160857352432,-2.6934333333333336,100.0,2.0,6.0,1.3768327877001003,0.0988025928406865,0.004537553598313252,1.3768,0.0988025928406865,1.3768327877001003,0.0988025928406865,,0.0988025928406865,0.06986398339646285,0.9339,0.4429569289163784,0.3895209729671478,1.363,0.0688,0.018000000000000002,,,,92.1982244692001,,,,
9676,P35557,C,461,M,NONSYN,,0.7182920160521874,0.06409338672177549,-1.5635333333333332,100.0,2.0,6.0,1.6767786125084099,0.0468158957173475,0.0005595959954829173,1.6768,0.0468158957173475,1.6767786125084099,0.0468158957173475,,0.0468158957173475,0.03310383732905866,0.8555,0.8212618807693657,0.4093344211578369,1.6714,0.033,0.41200000000000003,,,,92.1982244692001,,,,
9677,P35557,C,461,W,NONSYN,0.3650350897967528,1.0162510424957258,0.16459608059148947,-2.438333333333333,100.0,2.0,6.0,1.24804994772658,0.0915951517930829,0.010749460603469842,1.248,0.0915951517930829,1.24804994772658,0.0915951517930829,,0.0915951517930829,0.06476755295670007,0.9159,0.33219257305845873,0.5024641156196594,1.2426,0.0642,0.6659999999999999,,,,92.1982244692001,,,,
9678,P35557,C,461,H,NONSYN,0.2472156663565278,1.88612059948895,0.06816212241029115,-2.6413333333333333,100.0,2.0,6.0,0.10093299525679301,0.118014008762621,0.915176952125968,0.1009,0.118014008762621,0.10093299525679301,0.118014008762621,,0.118014008762621,0.08344850587105794,1.109,1.0080883107811098,0.6027529239654541,0.1199,0.0827,0.115,,,,92.1982244692001,,,,
9679,P35557,C,461,Q,NONSYN,0.31620129737801284,1.2273636212012367,0.04153560586275828,-2.441966666666667,100.0,2.0,6.0,0.614712211610048,0.681901465962997,0.3714555599279792,0.6147,0.681901465962997,0.614712211610048,0.681901465962997,,0.681901465962997,0.48217715068348294,1.0811,0.46637347030523524,0.4705670177936554,0.8536,0.3368,0.115,,,,92.1982244692001,,,,
9680,P35557,C,461,*,STOP,,,,,,,,,,,,,,,,,,,,,,,,,,,92.1982244692001,,,,
9681,P35557,M,462,S,NONSYN,0.31494457442558743,0.9161811756296929,0.09286303176284204,-1.5281333333333336,100.0,2.0,6.0,1.1518391432363702,0.0683728059865657,0.020124829016116792,1.1518,0.0683728059865657,1.1518391432363702,0.0683728059865657,,0.0683728059865657,0.04834687476185277,0.8996,0.2522808374960137,0.4290114641189575,1.1487,0.048,0.11599999999999999,,,,71.00347913402432,,,,
9682,P35557,M,462,A,NONSYN,0.38040172866410704,1.3712322582998435,0.10230785766737739,-1.2302,100.0,2.0,6.0,1.17828653691833,0.276658452455474,0.016966272954861344,1.1783,0.276658452455474,1.17828653691833,0.276658452455474,,0.276658452455474,0.1956270678038417,1.0881,0.09018538831298328,0.5019156336784363,1.1664,0.1823,0.012,,,,71.00347913402432,,,,
9683,P35557,M,462,V,NONSYN,0.43335182923768345,1.3271672844243234,0.07978866878294659,-0.17053333333333334,100.0,2.0,6.0,1.2859951665220302,0.14635324230479702,0.008358472292909142,1.286,0.14635324230479702,1.2859951665220302,0.14635324230479702,,0.14635324230479702,0.10348737008235986,1.0881,0.19789401791668348,0.47432687878608704,1.277,0.1011,0.0,,,,71.00347913402432,,,,
9684,P35557,M,462,R,NONSYN,0.4133638176812908,1.14407228987388,0.11253549255457392,-1.2179,100.0,2.0,6.0,1.85976644219622,0.192322102533323,0.00014808675160135997,1.8598,0.192322102533323,1.85976644219622,0.192322102533323,,0.192322102533323,0.13599226287336716,0.9619,0.8979098385737834,0.4804874062538147,1.7932,0.1309,0.41200000000000003,,,,71.00347913402432,,,,
9685,P35557,M,462,D,NONSYN,,1.258488492091304,0.03731944931515652,-1.9705666666666666,100.0,2.0,6.0,1.91286548502105,0.0721285060887639,9.996165438775542e-05,1.9129,0.0721285060887639,1.91286548502105,0.0721285060887639,,0.0721285060887639,0.051002555772220126,1.0825,0.8303399933065725,0.4813312590122223,1.9036,0.0507,0.48200000000000004,,,,71.00347913402432,,,,
9686,P35557,M,462,F,NONSYN,0.3024433202519795,1.13826857269602,0.08207965524098483,-0.4272,100.0,2.0,6.0,1.93788393729651,0.129324151508276,8.29708303403547e-05,1.9379,0.129324151508276,1.93788393729651,0.129324151508276,,0.129324151508276,0.09144598450269843,0.9572,0.9806378721567395,0.40918776392936707,1.8912,0.0892,0.11599999999999999,,,,71.00347913402432,,,,
9687,P35557,M,462,T,NONSYN,0.4428972613017431,1.3551272422410567,0.10112703974013366,-0.9479666666666667,100.0,2.0,6.0,1.10148180395741,0.17115919019013698,0.02774715943552784,1.1015,0.17115919019013698,1.10148180395741,0.17115919019013698,,0.17115919019013698,0.12102782404584385,1.0881,0.013380655352063231,0.4983021020889282,1.1007,0.1176,0.02,,,,71.00347913402432,,,,
9688,P35557,M,462,I,NONSYN,0.5092966528428504,1.4086091106813468,0.05359834714229813,0.1806,100.0,2.0,6.0,1.01628916836784,0.165272251955673,0.0471322045894213,1.0163,0.165272251955673,1.01628916836784,0.165272251955673,,0.165272251955673,0.116865130099828,1.0881,0.07181198023750679,0.44795554876327515,1.0209,0.1131,0.0,,,,71.00347913402432,,,,
9689,P35557,M,462,L,NONSYN,0.4802407566174219,1.4133894240621265,0.060304286268778234,0.0198,100.0,2.0,6.0,1.0019482282255,0.11647352917505,0.05142881834062825,1.0019,0.11647352917505,1.0019482282255,0.11647352917505,,0.11647352917505,0.08235922230840703,1.0881,0.08615292037984679,0.44525980949401855,1.0048,0.081,0.0,,,,71.00347913402432,,,,
9690,P35557,M,462,K,NONSYN,0.4908604207297649,1.3869414650956966,0.08729803874406013,-1.2170333333333332,100.0,2.0,6.0,1.13115891653077,0.3574451040506479,0.022977052010714698,1.1312,0.3574451040506479,1.13115891653077,0.3574451040506479,,0.3574451040506479,0.25275185697614416,1.0881,0.043057767925423374,0.4895111322402954,1.1221,0.2246,0.16699999999999998,,,,71.00347913402432,,,,
9691,P35557,M,462,G,NONSYN,0.2313069645088376,1.362690467269814,0.03752807867804614,-2.044633333333333,100.0,2.0,6.0,1.6002595594855202,0.0701530065868407,0.0009644283135897881,1.6003,0.0701530065868407,1.6002595594855202,0.0701530065868407,,0.0701530065868407,0.049605666678179595,1.0881,0.5121584108801736,0.4614068865776062,1.5944,0.0493,0.209,,,,71.00347913402432,,,,
9692,P35557,M,462,Y,NONSYN,,1.0513925954580174,0.09155587692818284,-1.5137666666666665,100.0,2.0,6.0,0.7462048837513969,0.0949420550875185,0.21116990411715844,0.7462,0.0949420550875185,0.7462048837513969,0.0949420550875185,,0.0949420550875185,0.06713417097217109,0.9145,0.16827925950574418,0.4252602159976959,0.7503,0.0663,0.48200000000000004,,,,71.00347913402432,,,,
9693,P35557,M,462,N,NONSYN,0.3182579182514713,1.2844595787097841,0.09880441610919398,-1.7266666666666666,100.0,2.0,6.0,1.28177934417312,0.0763402331358403,0.008596340464979787,1.2818,0.0763402331358403,1.28177934417312,0.0763402331358403,,0.0763402331358403,0.05398069652771465,1.0838,0.1979454112965331,0.4944925308227539,1.2794,0.0537,0.7390000000000001,,,,71.00347913402432,,,,
9694,P35557,M,462,C,NONSYN,,1.0543979040268858,0.029425162510015465,-1.5218999999999998,100.0,2.0,6.0,0.737188958044792,0.37988614771863,0.2204651141118724,0.7372,0.37988614771863,0.737188958044792,0.37988614771863,,0.37988614771863,0.26862007113067776,0.9145,0.1772951852123491,0.3914896547794342,0.7939,0.2215,0.48200000000000004,,,,71.00347913402432,,,,
9695,P35557,M,462,P,NONSYN,0.29396488881585514,1.146785200627094,0.03499538699028864,-1.7313666666666665,100.0,2.0,6.0,1.6948024784211901,0.399381109684285,0.0004917641592962911,1.6948,0.399381109684285,1.6948024784211901,0.399381109684285,,0.399381109684285,0.2824050909355662,0.9577,0.7370888744478015,0.4019029438495636,1.4512,0.2311,0.7390000000000001,,,,71.00347913402432,,,,
9696,P35557,M,462,E,NONSYN,0.3715633530173947,1.4139105025624001,0.09638735248479384,-1.7125666666666666,100.0,2.0,6.0,0.8934265726152719,0.119666485788419,0.0972637800095001,0.8934,0.119666485788419,0.8934265726152719,0.119666485788419,,0.119666485788419,0.08461698358175469,1.0881,0.19467457599007476,0.49098411202430725,0.899,0.0834,0.209,,,,71.00347913402432,,,,
9697,P35557,M,462,M,SYN,,,,,,,,,,,,,,,,,,,,,,,,,,,71.00347913402432,,,,
9698,P35557,M,462,W,NONSYN,0.17309253470131644,1.3809215006544535,0.0970193663745924,-1.278,100.0,2.0,6.0,1.12277141617254,0.153783503003976,0.024239939760184667,1.1228,0.153783503003976,1.12277141617254,0.153783503003976,,0.153783503003976,0.10874135780873323,1.0838,0.038937483295953035,0.4930195212364197,1.121,0.1062,0.914,,,,71.00347913402432,,,,
9699,P35557,M,462,H,NONSYN,,0.878410995010853,0.09369048322689945,-1.4892,100.0,2.0,6.0,1.26514968509289,0.0435464002486635,0.009599973126305283,1.2651,0.0435464002486635,1.26514968509289,0.0435464002486635,,0.0435464002486635,0.03079195491209352,0.8818,0.38336536521526554,0.43389442563056946,1.2632,0.0307,0.7390000000000001,,,,71.00347913402432,,,,
9700,P35557,M,462,Q,NONSYN,0.13890249407095925,1.44178696925865,0.061209783206338665,-0.3912,100.0,2.0,6.0,1.02732874760862,0.26561723694246697,0.04405264337950821,1.0273,0.26561723694246697,1.02732874760862,0.26561723694246697,,0.26561723694246697,0.18781974944205232,1.0838,0.056505185267966995,0.48753124475479126,1.0346,0.1753,0.7390000000000001,,,,71.00347913402432,,,,
9701,P35557,M,462,*,STOP,,,,,100.0,2.0,6.0,1.95998977404023,0.05,7.033585137669303e-05,1.96,0.05,1.95998977404023,0.05,,0.05,0.035355339059327376,,,,1.96,0.0354,,,,,71.00347913402432,,,,
9702,P35557,L,463,S,NONSYN,0.3696688568840947,1.217571638909887,0.08640501146500006,-1.8501333333333332,100.0,2.0,6.0,1.33057457534186,0.20253570283786,0.006202430977274865,1.3306,0.20253570283786,1.33057457534186,0.20253570283786,,0.20253570283786,0.14321436890903427,1.0768,0.25375610915533664,0.4954030513763428,1.311,0.1376,0.687,,,,84.51846993393906,,,,
9703,P35557,L,463,A,NONSYN,0.2800117097075371,1.0158445208803235,0.016722838801640244,-1.3620666666666665,100.0,2.0,6.0,1.41978183326723,0.190032522192466,0.0033858458298124563,1.4198,0.190032522192466,1.41978183326723,0.190032522192466,,0.190032522192466,0.13437328508827578,0.9167,0.503106504058856,0.3872663378715515,1.3657,0.1269,0.239,,,,84.51846993393906,,,,
9704,P35557,L,463,V,NONSYN,0.45006845647116095,0.8687674111413791,0.18525649292498347,0.4434,100.0,2.0,6.0,0.923760586951734,0.0761982237582373,0.0817646649496216,0.9238,0.0761982237582373,0.923760586951734,0.0761982237582373,,0.0761982237582373,0.05388028073381949,0.8994,0.024333769057752086,0.47980669140815735,0.9235,0.0535,0.001,,,,84.51846993393906,,,,
9705,P35557,L,463,R,NONSYN,0.2792328090176149,1.1999149494995,0.09662581076136406,-1.8351333333333333,100.0,2.0,6.0,1.38354464357302,0.0857188867262707,0.004335317271964618,1.3835,0.0857188867262707,1.38354464357302,0.0857188867262707,,0.0857188867262707,0.060612406079907546,1.073,0.3105616170685035,0.4954030513763428,1.379,0.0602,0.7709999999999999,,,,84.51846993393906,,,,
9706,P35557,L,463,D,NONSYN,0.15709418040401155,1.3196725164381,0.051874772197322255,-2.512333333333333,100.0,2.0,6.0,1.8715845275374299,0.031434349012586,0.00013572186925298404,1.8716,0.031434349012586,1.8715845275374299,0.031434349012586,,0.031434349012586,0.022227441348984214,1.0838,0.787750594660843,0.474322110414505,1.8699,0.0222,0.8170000000000001,,,,84.51846993393906,,,,
9707,P35557,L,463,F,NONSYN,0.463424518412456,0.7996088169682171,0.1842635325405518,0.48950000000000005,100.0,2.0,6.0,1.13123636947122,0.11140335157281699,0.022965686343210022,1.1312,0.11140335157281699,1.13123636947122,0.11140335157281699,,0.11140335157281699,0.07877406534404792,0.8631,0.26815914617028613,0.4884999096393585,1.1244,0.0778,0.687,,,,84.51846993393906,,,,
9708,P35557,L,463,T,NONSYN,0.3205067496312658,1.0853655954123003,0.04632775624016136,-1.3817666666666666,100.0,2.0,6.0,1.2112186096713,0.0501340363317288,0.013692365284014178,1.2112,0.0501340363317288,1.2112186096713,0.0501340363317288,,0.0501340363317288,0.035450117058418176,0.924,0.2872139357134753,0.3952322006225586,1.2089,0.0353,0.385,,,,84.51846993393906,,,,
9709,P35557,L,463,I,NONSYN,0.3599458773266949,0.8958294780274055,0.18523580476138105,0.27723333333333333,100.0,2.0,6.0,0.842574386293655,0.0770982217611667,0.12888712839827005,0.8426,0.0770982217611667,0.842574386293655,0.0770982217611667,,0.0770982217611667,0.05451667542474521,0.9077,0.06510481387876932,0.47980669140815735,0.8434,0.0542,0.002,,,,84.51846993393906,,,,
9710,P35557,L,463,L,SYN,,,,,100.0,2.0,6.0,1.09594221043711,0.05,0.028735403503366706,1.0959,0.05,1.09594221043711,0.05,,0.05,0.035355339059327376,,,,1.0959,0.0354,,,,,84.51846993393906,,,,
9711,P35557,L,463,K,NONSYN,0.16637828819819184,1.3004449538005034,0.05392454001529164,-1.8327,100.0,2.0,6.0,1.08195463067001,0.350805032391689,0.03138033264391971,1.082,0.350805032391689,1.08195463067001,0.350805032391689,,0.350805032391689,0.2480566172785297,1.0838,0.0018793022065768383,0.4828047752380371,1.0823,0.2206,0.8170000000000001,,,,84.51846993393906,,,,
9712,P35557,L,463,G,NONSYN,0.3375782897720982,1.5551809062724533,0.050982594086021994,-2.5354666666666663,100.0,2.0,6.0,1.16505935803437,0.0513802095359385,0.018481684225774914,1.1651,0.0513802095359385,1.16505935803437,0.0513802095359385,,0.0513802095359385,0.03633129458164782,1.0865,0.07860806599640613,0.4818902313709259,1.1646,0.0362,0.8170000000000001,,,,84.51846993393906,,,,
9713,P35557,L,463,Y,NONSYN,0.3932294491632085,1.1323488719729404,0.04720948277125916,-1.3710666666666667,100.0,2.0,6.0,1.07026877998938,0.0320762345644717,0.033763702539744894,1.0703,0.0320762345644717,1.07026877998938,0.0320762345644717,,0.0320762345644717,0.022681322975468262,0.9509,0.11935690044989022,0.3952322006225586,1.0699,0.0226,0.8170000000000001,,,,84.51846993393906,,,,
9714,P35557,L,463,N,NONSYN,0.1790631080953343,1.492330948084603,0.05975214126480197,-2.4369,100.0,2.0,6.0,1.1024257109747602,0.0620255494128637,0.02758200036150064,1.1024,0.0620255494128637,1.1024257109747602,0.0620255494128637,,0.0620255494128637,0.043858686596657204,1.0758,0.026594297705717196,0.4725196361541748,1.1022,0.0437,0.9309999999999999,,,,84.51846993393906,,,,
9715,P35557,L,463,C,NONSYN,0.3444819501115762,1.1304458598525766,0.04968031317730629,-1.3948999999999998,100.0,2.0,6.0,0.766046172980291,0.0386193430005676,0.19168483663536004,0.766,0.0386193430005676,0.766046172980291,0.0386193430005676,,0.0386193430005676,0.02730799932067058,0.9116,0.14554797947027054,0.3940907120704651,0.7667,0.0272,0.9440000000000001,,,,84.51846993393906,,,,
9716,P35557,L,463,P,NONSYN,0.3101239067988947,1.3661362266550734,0.051583570190246585,-2.2839666666666667,100.0,2.0,6.0,1.62040100591427,0.140267757854945,0.0008362521080801666,1.6204,0.140267757854945,1.62040100591427,0.140267757854945,,0.140267757854945,0.09918428276106422,1.0838,0.536567073037683,0.4619312882423401,1.5968,0.097,0.9109999999999999,,,,84.51846993393906,,,,
9717,P35557,L,463,E,NONSYN,0.22335052551716408,1.2959620249744668,0.03812416746309793,-2.4328000000000003,100.0,2.0,6.0,1.69153248030517,0.20481884951710103,0.0005034430498571606,1.6915,0.20481884951710103,1.69153248030517,0.20481884951710103,,0.20481884951710103,0.14482879740836915,1.0838,0.607698547428583,0.4619312882423401,1.6371,0.1382,0.8170000000000001,,,,84.51846993393906,,,,
9718,P35557,L,463,M,NONSYN,0.4855550162170784,0.9658571142388697,0.03663711827906919,0.15566666666666665,100.0,2.0,6.0,0.6324914776592622,0.774212234813665,0.34708080116543893,0.6325,0.774212234813665,0.6324914776592622,0.774212234813665,,0.774212234813665,0.5474507213143341,0.9124,0.279879502126657,0.37392690777778625,0.8233,0.3088,0.08900000000000001,,,,84.51846993393906,,,,
9719,P35557,L,463,W,NONSYN,0.28885364138641745,1.26535794986163,0.09759115659416161,-1.8677333333333335,100.0,2.0,6.0,1.18721564248663,0.0630314986326444,0.016011237148306125,1.1872,0.0630314986326444,1.18721564248663,0.0630314986326444,,0.0630314986326444,0.04457000011149345,1.0363,0.1509097380982023,0.5121927261352539,1.1861,0.0444,0.981,,,,84.51846993393906,,,,
9720,P35557,L,463,H,NONSYN,0.29725486605293433,1.3619667600524334,0.0913135447499982,-1.9786333333333335,100.0,2.0,6.0,1.3044504886852901,0.0457999448342599,0.00738995679720419,1.3045,0.0457999448342599,1.3044504886852901,0.0457999448342599,,0.0457999448342599,0.03238545157027496,1.0452,0.25924441873900106,0.5097320675849915,1.3034,0.0323,0.981,,,,84.51846993393906,,,,
9721,P35557,L,463,Q,NONSYN,0.3225298006389851,1.1243478829113835,0.048060600035847466,-1.5422,100.0,2.0,6.0,0.9012869663011199,0.0853531428738808,0.09302102713541062,0.9013,0.0853531428738808,0.9012869663011199,0.0853531428738808,,0.0853531428738808,0.060353786121705354,0.9466,0.045269959472500676,0.3952322006225586,0.9023,0.0597,0.9109999999999999,,,,84.51846993393906,,,,
9722,P35557,L,463,*,STOP,,,,,100.0,2.0,6.0,0.717087977268596,0.05,0.24216860978870572,0.7171,0.05,0.717087977268596,0.05,,0.05,0.035355339059327376,,,,0.7171,0.0354,,,,,84.51846993393906,,,,
9723,P35557,G,464,S,NONSYN,0.36837526824294986,0.9987004806321029,0.03093001295159678,-0.8648000000000001,100.0,2.0,6.0,1.05205268988376,0.132995668700417,0.037819387268882294,1.0521,0.132995668700417,1.05205268988376,0.132995668700417,,0.132995668700417,0.09404213920650434,0.9167,0.13537736067538608,0.39184024930000305,1.0447,0.0914,0.0,,,,79.81211744435359,,,,
9724,P35557,G,464,A,NONSYN,0.4089269105168704,0.9500789694884629,0.04353604396080329,-0.9328,100.0,2.0,6.0,1.1979172233146798,0.0281222738552939,0.01493433983837781,1.1979,0.0281222738552939,1.1979172233146798,0.0281222738552939,,0.0281222738552939,0.01988545054546347,0.912,0.2858963612121712,0.39261773228645325,1.1972,0.0199,0.0,,,,79.81211744435359,,,,
9725,P35557,G,464,V,NONSYN,0.3988573139738447,0.9181418629694349,0.01934073702586549,-2.7219333333333338,100.0,2.0,6.0,0.560748354851902,0.14659172233490697,0.4485061766860504,0.5607,0.14659172233490697,0.560748354851902,0.14659172233490697,,0.14659172233490697,0.10365600092882819,0.9077,0.3469308453205223,0.3807529807090759,0.5847,0.1,0.012,,,,79.81211744435359,,,,
9726,P35557,G,464,R,NONSYN,0.3362652746103357,1.1785462505407567,0.05449576436304829,-1.9470333333333334,100.0,2.0,6.0,1.1184351683920501,0.0799044228118394,0.024918366527945202,1.1184,0.0799044228118394,1.1184351683920501,0.0799044228118394,,0.0799044228118394,0.056500959217048695,1.0256,0.0928838492697357,0.5000735521316528,1.1173,0.0561,0.077,,,,79.81211744435359,,,,
9727,P35557,G,464,D,NONSYN,0.3623286966209139,0.8770942274528272,0.02970012032513405,-1.5976,100.0,2.0,6.0,0.901503629143163,0.09853390298899199,0.0929063817113909,0.9015,0.09853390298899199,0.901503629143163,0.09853390298899199,,0.09853390298899199,0.06967399098029366,0.8994,0.002076811249181021,0.39752495288848877,0.9014,0.0686,0.012,,,,79.81211744435359,,,,
9728,P35557,G,464,F,NONSYN,0.3709207412708021,0.803764479398866,0.039101780829354525,-2.717866666666667,100.0,2.0,6.0,0.903880505563609,0.0264801862020832,0.0916566882682564,0.9039,0.0264801862020832,0.903880505563609,0.0264801862020832,,0.0264801862020832,0.01872431923057548,0.8718,0.032124547960154404,0.39447322487831116,0.9038,0.0187,0.1,,,,79.81211744435359,,,,
9729,P35557,G,464,T,NONSYN,0.21962954488217865,0.9405330313437767,0.027930032034628984,-1.5144,100.0,2.0,6.0,0.7111872174703141,0.10744821208350001,0.2487926027140865,0.7112,0.10744821208350001,0.7111872174703141,0.10744821208350001,,0.10744821208350001,0.07597735939061319,0.9077,0.1964919827021102,0.3914896547794342,0.7183,0.0746,0.0,,,,79.81211744435359,,,,
9730,P35557,G,464,I,NONSYN,0.29686370150880703,0.9181418629694349,0.01934073702586549,-2.721933333333333,100.0,2.0,6.0,0.9989457161574801,0.0882625438920242,0.05237268290857717,0.9989,0.0882625438920242,0.9989457161574801,0.0882625438920242,,0.0882625438920242,0.0624110433108256,0.9077,0.09126651598505575,0.3807529807090759,0.9966,0.0616,0.016,,,,79.81211744435359,,,,
9731,P35557,G,464,L,NONSYN,0.33670580158540125,0.7702096659166823,0.0362935215946879,-2.6893,100.0,2.0,6.0,1.00454494601016,0.0671738955129699,0.05062511381790994,1.0045,0.0671738955129699,1.00454494601016,0.0671738955129699,,0.0671738955129699,0.04749911703593761,0.8859,0.1186060631824013,0.38745585083961487,1.0028,0.0471,0.002,,,,79.81211744435359,,,,
9732,P35557,G,464,K,NONSYN,0.4007452768135149,0.9283871960004357,0.035605117580128465,-1.5245,100.0,2.0,6.0,0.747624723500337,0.0526083598682957,0.20973113347098193,0.7476,0.0526083598682957,0.747624723500337,0.0526083598682957,,0.0526083598682957,0.03719972800997411,0.9077,0.16005447667208728,0.3940907120704651,0.749,0.037,0.016,,,,79.81211744435359,,,,
9733,P35557,G,464,G,SYN,,,,,100.0,2.0,6.0,0.9443582773265129,0.05,0.07251823602842268,0.9444,0.05,0.9443582773265129,0.05,,0.05,0.035355339059327376,,,,0.9444,0.0354,,,,,79.81211744435359,,,,
9734,P35557,G,464,Y,NONSYN,0.28089736795090275,0.8230579354752238,0.038515989145057127,-2.6748999999999996,100.0,2.0,6.0,0.8460001373345358,0.0389823223651686,0.12651741396187752,0.846,0.0389823223651686,0.8460001373345358,0.0389823223651686,,0.0389823223651686,0.027564664490810728,0.8836,0.0376335954611795,0.38745585083961487,0.8462,0.0275,0.183,,,,79.81211744435359,,,,
9735,P35557,G,464,N,NONSYN,0.382875509440285,1.0504911807805342,0.03957246532776386,-0.8179,100.0,2.0,6.0,0.896680589438466,0.0819767668081071,0.09548756423175324,0.8967,0.0819767668081071,0.896680589438466,0.0819767668081071,,0.0819767668081071,0.05796632770976082,0.9167,0.019994739769908065,0.39444130659103394,0.8971,0.0574,0.016,,,,79.81211744435359,,,,
9736,P35557,G,464,C,NONSYN,0.3672992043124827,0.6188474628733013,0.037175524499759985,-2.438433333333333,100.0,2.0,6.0,0.39494737772523797,0.0692794408921066,0.6799149044737105,0.3949,0.0692794408921066,0.39494737772523797,0.0692794408921066,,0.0692794408921066,0.04898796245162117,0.8393,0.44434967847288215,0.39731132984161377,0.4016,0.0486,0.39,,,,79.81211744435359,,,,
9737,P35557,G,464,P,NONSYN,0.2021261040610908,1.1459742193204834,0.025846191651389194,-1.8968333333333334,100.0,2.0,6.0,1.21615126205287,0.218669718013901,0.013257488824605167,1.2162,0.218669718013901,1.21615126205287,0.218669718013901,,0.218669718013901,0.15462284044777955,0.964,0.25210341287455584,0.40373924374580383,1.1839,0.1444,0.1,,,,79.81211744435359,,,,
9738,P35557,G,464,E,NONSYN,0.4108810729254607,1.1284141268805268,0.055783157310893415,-1.9435333333333331,100.0,2.0,6.0,1.2688315393727398,0.0618806534858129,0.00936846187883941,1.2688,0.0618806534858129,1.2688315393727398,0.0618806534858129,,0.0618806534858129,0.043756229704073266,0.9572,0.31158547423296934,0.3917234539985657,1.265,0.0435,0.016,,,,79.81211744435359,,,,
9739,P35557,G,464,M,NONSYN,0.2878381921366005,0.7258755566978531,0.05495918856459603,-2.275,100.0,2.0,6.0,0.7292660034525509,0.0404237962622165,0.22885923776815986,0.7293,0.0404237962622165,0.7292660034525509,0.0404237962622165,,0.0404237962622165,0.0285839404583167,0.8758,0.14652018181203652,0.385029137134552,0.7301,0.0285,0.003,,,,79.81211744435359,,,,
9740,P35557,G,464,W,NONSYN,0.355895468841822,0.561653912009897,0.039386163173608844,-2.4539666666666666,100.0,2.0,6.0,0.5665280303154511,0.0418704768496483,0.44010314700890313,0.5665,0.0418704768496483,0.5665280303154511,0.0418704768496483,,0.0418704768496483,0.029606898111900662,0.7989,0.23235719593424375,0.4007655382156372,0.5678,0.0295,0.721,,,,79.81211744435359,,,,
9741,P35557,G,464,H,NONSYN,0.3218287257213429,1.2011393232725533,0.05677948457605452,-1.9332999999999998,100.0,2.0,6.0,1.05065595019666,0.0425503131730153,0.038148425133718945,1.0507,0.0425503131730153,1.05065595019666,0.0425503131730153,,0.0425503131730153,0.0300876149862504,1.0771,0.026470075956904537,0.4832838773727417,1.0508,0.03,0.45899999999999996,,,,79.81211744435359,,,,
9742,P35557,G,464,Q,NONSYN,0.29754150588632416,1.0328179750783681,0.034768320782530726,-1.7754,100.0,2.0,6.0,1.1724707413878301,0.0395599651658218,0.01761734939595522,1.1725,0.0395599651658218,1.1724707413878301,0.0395599651658218,,0.0395599651658218,0.027973119632256196,0.9167,0.2557954121794561,0.3952254354953766,1.1712,0.0279,0.1,,,,79.81211744435359,,,,
9743,P35557,G,464,*,STOP,,,,,100.0,2.0,6.0,0.821794480607112,0.05,0.14404645723247786,0.8218,0.05,0.821794480607112,0.05,,0.05,0.035355339059327376,,,,0.8218,0.0354,,,,,79.81211744435359,C,465.0,,
9744,P35557,Q,465,S,NONSYN,0.4409447200841817,1.095388262830503,0.13938994411328096,-0.6639,100.0,2.0,6.0,0.8049420855645458,0.37944923101254097,0.15735729321192754,0.8049,0.37944923101254097,0.8049420855645458,0.37944923101254097,,0.37944923101254097,0.2683111243649885,0.9294,0.12448363083560066,0.5062879920005798,0.8322,0.2371,0.342,,,,138.62399022375,,,,
9745,P35557,Q,465,A,NONSYN,0.4409062194732345,0.6975666081335682,0.10724447050306622,-0.6258333333333334,100.0,2.0,6.0,1.99840704965535,0.535433432007732,5.2711640407718484e-05,1.9984,0.535433432007732,1.99840704965535,0.535433432007732,,0.535433432007732,0.37860861064665347,0.8377,1.16072873640004,0.4721953570842743,1.5442,0.2954,0.17600000000000002,,,,138.62399022375,,,,
9746,P35557,Q,465,V,NONSYN,0.3518917047261823,1.541483818694357,0.05404322871072858,-1.6304999999999998,100.0,2.0,6.0,1.5376213035667898,0.170681141605183,0.0014980573546557068,1.5376,0.170681141605183,1.5376213035667898,0.170681141605183,,0.170681141605183,0.12068979264968625,1.0885,0.44909410096058866,0.48254871368408203,1.5112,0.1171,0.513,,,,138.62399022375,,,,
9747,P35557,Q,465,R,NONSYN,0.4495753804079927,1.2184747370536961,0.1001296636131867,-0.09426666666666667,100.0,2.0,6.0,1.6629138241318402,0.396486849731661,0.0006179173678966005,1.6629,0.396486849731661,1.6629138241318402,0.396486849731661,,0.396486849731661,0.28035854009654915,1.0811,0.581828142216557,0.4779603183269501,1.514,0.2418,0.281,,,,138.62399022375,,,,
9748,P35557,Q,465,D,NONSYN,0.3761251669021567,0.987964912840705,0.1621516153848079,-0.5979333333333333,100.0,2.0,6.0,1.12721213553394,0.14295839107945002,0.02356333176513071,1.1272,0.14295839107945002,1.12721213553394,0.14295839107945002,,0.14295839107945002,0.10108684775979755,0.9157,0.2115376875206343,0.5037693381309509,1.119,0.0991,0.342,,,,138.62399022375,,,,
9749,P35557,Q,465,F,NONSYN,0.46856681542106005,1.1628309583914096,0.126237678225004,-2.0619666666666667,100.0,2.0,6.0,0.399762621455265,0.093359790359737,0.6739139445707254,0.3998,0.093359790359737,0.399762621455265,0.093359790359737,,0.093359790359737,0.06601534085352449,0.983,0.5832777113389245,0.5111044645309448,0.4093,0.0655,0.787,,,,138.62399022375,,,,
9750,P35557,Q,465,T,NONSYN,0.4922881604041325,1.3101870902512787,0.1583083805965103,-0.6848333333333333,,,,,,,,,,,,,,1.0916,,0.6080858707427979,1.0916,0.6081,0.342,,,,138.62399022375,,,,
9751,P35557,Q,465,I,NONSYN,0.4593577312581562,0.9833831736114083,0.12433674260498871,-2.0460000000000003,100.0,2.0,6.0,0.938105975795269,0.13149112370187502,0.07522164989466168,0.9381,0.13149112370187502,0.938105975795269,0.13149112370187502,,0.13149112370187502,0.09297826523543498,0.9103,0.027764832187175736,0.46661123633384705,0.937,0.0912,0.787,,,,138.62399022375,,,,
9752,P35557,Q,465,L,NONSYN,0.47697605168164703,1.30087841855378,0.11480411707822451,-1.5785,100.0,2.0,6.0,1.70533641955058,0.10075311191216599,0.0004559138662833181,1.7053,0.10075311191216599,1.70533641955058,0.10075311191216599,,0.10075311191216599,0.07124320865873969,1.0881,0.6172352709452333,0.5178719758987427,1.6939,0.0706,0.281,,,,138.62399022375,,,,
9753,P35557,Q,465,K,NONSYN,0.3813325671505154,1.247307164508137,0.1462052528165563,0.13763333333333333,100.0,2.0,6.0,1.7539902775509502,0.364625955640791,0.00032086041803712083,1.754,0.364625955640791,1.7539902775509502,0.364625955640791,,0.364625955640791,0.2578294858302286,1.0821,0.6718486397488261,0.5478119850158691,1.6322,0.2333,0.139,,,,138.62399022375,,,,
9754,P35557,Q,465,G,NONSYN,0.4132083883745238,1.54811291291199,0.056028485565517004,-1.6385666666666667,100.0,2.0,6.0,1.51773402091389,0.158740923660266,0.0017211578309965384,1.5177,0.158740923660266,1.51773402091389,0.158740923660266,,0.158740923660266,0.11224678357199014,1.0907,0.42701551314716646,0.48254871368408203,1.4958,0.1093,0.342,,,,138.62399022375,,,,
9755,P35557,Q,465,Y,NONSYN,0.4840075968099441,1.541483818694357,0.05404322871072858,-1.6304999999999998,100.0,2.0,6.0,0.9835202191288499,0.44138288896981,0.05747617040599919,0.9835,0.44138288896981,0.9835202191288499,0.44138288896981,,0.44138288896981,0.3121048338902616,1.0885,0.10500698347735127,0.48254871368408203,1.0145,0.2621,0.47700000000000004,,,,138.62399022375,,,,
9756,P35557,Q,465,N,NONSYN,0.4518295354764143,0.8761338376662017,0.1382006384839742,-0.35083333333333333,100.0,2.0,6.0,1.74088833030792,0.0700646019156425,0.0003527916831481026,1.7409,0.0700646019156425,1.74088833030792,0.0700646019156425,,0.0700646019156425,0.04954315513568677,0.8913,0.8495824068460058,0.5062441229820251,1.7328,0.0493,0.342,,,,138.62399022375,,,,
9757,P35557,Q,465,C,NONSYN,0.4511413301447636,0.9584966336057746,0.05534639312148552,-1.9530666666666667,100.0,2.0,6.0,1.01276559581217,0.4903316811643761,0.048156155614181496,1.0128,0.4903316811643761,1.01276559581217,0.4903316811643761,,0.4903316811643761,0.3467168567819304,0.8553,0.1575006936973018,0.3981662094593048,0.9448,0.2615,0.977,,,,138.62399022375,,,,
9758,P35557,Q,465,P,NONSYN,0.4853050517411639,1.3634125514326765,0.11110361632314808,-1.5269000000000001,,,,,,,,,,,,,,1.0881,,0.5178719758987427,1.0881,0.5179,0.001,,,,138.62399022375,,,,
9759,P35557,Q,465,E,NONSYN,0.4564313440073604,1.7192641439969034,0.12803275578683723,0.09383333333333334,100.0,2.0,6.0,0.338119339084651,0.471865125506243,0.7455866268099915,0.3381,0.471865125506243,0.338119339084651,0.471865125506243,,0.471865125506243,0.33365903005090575,1.2085,0.8704151400565843,0.5943853855133057,0.5467,0.291,0.139,,,,138.62399022375,,,,
9760,P35557,Q,465,M,NONSYN,0.4050622568485636,1.5147458218426053,0.15555987190881854,-0.5147333333333333,100.0,2.0,6.0,0.16054560330221898,0.206412101550905,0.8866566007975712,0.1605,0.206412101550905,0.16054560330221898,0.206412101550905,,0.206412101550905,0.1459553967256112,1.0873,0.9267375311582302,0.6085857152938843,0.2109,0.1419,0.9179999999999999,,,,138.62399022375,,,,
9761,P35557,Q,465,W,NONSYN,0.4710687255935087,1.58689724801042,0.05985256074729169,-1.6665666666666665,100.0,2.0,6.0,1.4013810156186,0.131233379313886,0.003839495367511731,1.4014,0.131233379313886,1.4013810156186,0.131233379313886,,0.131233379313886,0.09279601243087518,1.0938,0.307588815530099,0.5667484998703003,1.3934,0.0916,0.977,,,,138.62399022375,,,,
9762,P35557,Q,465,H,NONSYN,0.4843682171858765,1.2516744802558137,0.1687882641730822,0.3949666666666667,,,,,,,,,,,,,,1.0882,,0.5690442323684692,1.0882,0.569,0.001,,,,138.62399022375,,,,
9763,P35557,Q,465,Q,SYN,,,,,,,,,,,,,,,,,,,,,,,,,,,138.62399022375,,,,
9764,P35557,Q,465,*,STOP,,,,,100.0,2.0,6.0,0.73176223995055,0.05,0.22619187707952815,0.7318,0.05,0.73176223995055,0.05,,0.05,0.035355339059327376,,,,0.7318,0.0354,,,,,138.62399022375,,,,
